0.0253718959269296
0.0278372059419725
0.0103890300729153
-0.0158843067399147
0.0144112985618339
0.00895009240623734
0.0170375536416703
0.00913742168100562
-0.00514473868256782
0.00468874029296518
0.00857868327464972
0.00544357622410852
0.00460210492021185
0.00626511039793698
-0.0255071107152409
-0.0254877167558082
0.0234049478996849
-0.00130882415525002
0.00889783442951675
-0.00184592871139866
-0.00815069863013695
0.00704374017048193
0.00281151336746177
-0.0102571112466797
0.00310900224164001
0.00206627864086673
0.000618578575208639
-0.000893014138027115
0.00178762465014004
0.00940220255428326
-6.79562133810707e-05
0.00958719611674463
0.0239762735446194
0.00795847839850916
0.00606846982055465
-0.00324296291802273
0.029737162989069
-0.00638227488151666
0.0122106266786242
0.00684842908146699
0.00474255850234018
-0.0248431782138743
0.0161773650142465
0.00745848936148241
-0.00553688548161979
-0.00256492952524512
0.0109759155672866
-0.0059557415974224
-0.00143541163166472
0.00762500625000007
-0.00738123057076523
-0.00468662128779995
-0.00452034784354816
-0.0131811114175217
-0.000703010157199313
0.0214888716967965
0.00876530172323253
-0.00508932488484737
-0.00854653758178658
-0.0325300335223697
-0.019055626270019
-0.0186302324652891
0.01337654334883
0.0177333599999998
0.00451986101087765
0.0208020011424062
-0.00485495102839317
0.0221465979082462
-0.00125602590607365
0.00169781803243296
0.00602631501519801
-0.00786219293217871
-0.0190565974842768
0.00705267675160171
-0.00381999091653451
0.0235828144463295
0.0114884862265614
-0.00777774691358024
0.0134377810925164
-0.00313072448609175
-0.0675534273511511
-0.00832118621478262
0.000466116130364513
0.0199028494948505
0.000326347733152765
0.0116786974181851
0.0136720948493756
-0.00496245727660771
-0.000959040957507873
-0.00556796799999992
-0.00289620276431335
-0.0010326535030567
-0.00193837948081987
-0.0235644395444782
0.0112046806178521
-0.0226199640015745
-0.0052325348049389
-0.0118685958802359
0.00545965335057441
0.0135071266747149
0.00194209741766227
0.0100928680563273
-0.00741129590429113
-0.00646667333333328
0.00107362947778045
0.018231798133497
-0.0157988870831706
0.0100327740630317
-0.0150983317362536
0.00457209721164786
0.013252091205352
0.00455778456012812
-0.0157154127338848
-0.0396820223170282
0.00159997217391306
0.0121544662357123
0.00672484064296541
0.0143138906673219
-0.00510715012575969
0.0145220800839834
-0.00679097217292224
-0.000871363494433175
0.0035558469596273
0.00280784860532357
-0.00133331333333331
0.0173564148727019
0
-0.00583988868136043
-0.031813036493071
0.0130888197820054
-0.0243590335484892
-0.00337957778537901
0.00110729411764687
-0.0114752105219076
0.0163636083916086
0.000756852917485951
-0.010037758886994
0.000694430144648095
0.00305366793125583
0.0015913374496046
0.00518098940249345
0.0111333245527223
0.0152925978626861
0.00321325467889766
0.0117442545592934
0.00171487936007408
0.00697917411840998
-0.0198771280256685
0.0507005090340431
0.0171428380952381
-0.0137328154881301
-0.00493670253164558
-0.00553361528092078
-0.0200192189311461
0.000652695466305309
0.0133054650851927
0.00753088306172178
0.000447243342792003
0.00504465497913187
-0.000508297862051421
0.000699256254519831
0.0181044723428341
0.00162223119430394
0.00423601821613406
-0.0179269268315334
0.00461088913418251
-0.000377227279901415
0.00792499503349275
0.00156006240249607
0.017196230529595
0.00385890003242984
-0.00286778328676418
0.0047729715429321
0.000487222907805673
-0.0325663868551643
0.00226514827821078
0.0210936100675199
-0.00331996938161572
0.0080809141442173
0.000673118353605728
-0.0216473675878883
0.0130008246452646
0.0125871161343258
0.031686045751715
-0.0124032309066593
0.00753539828510386
0.00528283964336196
0.00200753423472166
-0.00595165007575105
-0.00687653676120048
0.00411867727642012
0.00101056948632405
-0.000475093535691418
0.000178230647950084
0.0116431451026053
0.0162066644238403
-0.00300476716751141
0.00967899656747973
-0.00229613101387449
0.0074219435869276
0.000970862331095557
-0.0144348658769928
0.00584690847959624
-0.000517962589928089
-0.0100196128061819
0.000465344351621155
0.091802284883721
-0.00404704205937112
-0.0125113458403002
0.00584764734584819
0.0111427676989231
-0.0180472693366115
-0.0374627493217037
-0.0213472634303867
-0.014561145323741
0.00140174044269514
0.0278198343943845
0.00141860072447608
-0.00696960577900285
-0.0150071611982883
0.0152358074161687
-0.0114693009985735
-0.00640729605150947
0.018532515583207
-0.00228159356621527
-0.000228635950475953
-0.000228779728134176
0.000915145296617403
0.0105714628571429
0.00983878960117202
-0.00173580271539964
-0.0256899373215725
0.00604492238419563
-0.00177395135908442
0.00819762086450782
-0.00608399403206894
0.0116704403031389
-0.0307622829848968
-0.00507581698048365
0.111417346574898
0.0132432544359375
-0.00182249017265912
-0.00271273407363204
-0.000366124395732803
-0.00392464665856684
-0.0157604407955731
0.0115825883667171
0.00928659224806694
-0.00224797679970712
-0.0198061246065667
0.0186026400266293
0.00131199158259787
0.00314460686879547
0.0114420170775973
-0.00743841122864641
-0.00145718974105202
0.000364866846429113
0.00265705426011209
0.00426088341274444
0.00522582386866399
0.0164710573217575
0.00481059863906408
0.00982720389452418
-0.00838410998143257
0.00322093110046717
0.00501655473094331
-0.00808622857315033
-0.0192230625039097
-0.00405332490672106
0.00288494666485506
-0.154261053621627
-0.0183430759131625
0.016087155552752
-0.000791651438365237
0.0021330124232557
-0.0125882204744804
0.00277152191819696
-0.00122842397371969
0.00350514707616378
0.00680189341501447
0.00328662805928248
-0.0128002915020697
-0.00239660793699026
-0.0271652279700686
-0.0199455083873776
0.00678384162542867
-0.0295835265406723
-0.00886123522773941
0.022217786822198
-0.00946421208635539
-0.0191749413275877
-0.00833056734979232
0.0579906303232123
0.0297753029362273
-0.0481905214691354
-0.0228653546739565
0.000534779676783614
-0.0121616576877376
0.00832034081958555
0.00046965652045694
0.00952187991947029
0.0109597739430134
-0.00525626160163462
-0.00587846126334712
0.011494319696177
-0.0068313712942929
-0.0264550269799277
0.0110734037582896
-0.0219714033196076
0.0102363631524645
0.00693644324509135
-0.039913572773722
-0.00590881384612219
0.0210160334905729
0.00228707475230094
-0.00850502034659872
0.00285936259752684
0.00438101520762824
0.00200794858447439
0.0466417907224863
0.000330118173036853
-0.0195354139510185
0.0234922256797554
0.0186780397498578
-0.0195622572119714
-0.0258132422901802
-0.000608327692194988
-0.0264457479967909
-0.0172989090273876
0.000353503012092693
-0.020706664310954
-0.00115467267025549
0.017050790635047
0.0371527729728558
-0.017739698630137
-0.000627550362525486
0.00216297784579367
0.0295202245519659
-0.00216400899993252
0.0194509992656522
-0.00226031115889247
-0.000199886724415177
-0.0107297631976723
0.033077364146088
-0.00769486764806526
0.0112374779685547
-0.00981290584179551
-0.00557846707286425
-0.012143683681529
0.0273250346824909
0.0154775960076061
0.0154980025167342
0.00485583001834655
-0.0047696373734063
0.00239629836806277
-0.00641673977782342
-0.00297581989393669
0.00723947413958559
-0.00264799821796868
0.0183323469456687
0.00453169667966224
-0.000370856491187732
0.00785116245830753
0.00466168192763106
-0.0210635395777812
0.000498952238965789
-0.00741804023710302
0.00778750883093648
-0.00367667474495736
-0.025331516595837
0.00179682343840315
-0.00858367171492114
0.0111778507158273
0.0254952396166135
0.00280389423627958
0.00155337390886823
-0.00155096468079952
-0.000932080266781599
-0.0149262647209645
-0.00795500983619535
0.008082409212677
-0.00637623130212994
0.00565474303103608
0.0062547700673159
-0.0213474534727833
0.00147565925051851
-0.00409992937476256
0.00353781020992749
-0.00108966736394034
-0.0455594916724716
0.0119671839462423
0.00671003835476913
0.00501546891714821
-0.0273162268777568
0.012624012265442
-0.0296000133333333
0.0177246567425755
-0.0274064872917947
-0.00187398664805682
-0.00187751202110442
0.0198551354255674
-0.00355218255039402
0.0237883123256433
0.0280568040191991
0.0203869277690805
-0.00223417586533436
-0.0158019450553636
-0.00325013008970698
-0.00776054539612758
-0.0094642593281995
-0.00311858521776853
0.00978435803433308
0.0119306368498158
0.0212349851163371
-0.0239826191094694
-0.0030715003771663
0.000524431323675634
0.00661727030671311
0.00195263604499241
0.00396258926903226
0.00666450326759294
-0.00732741988266594
-0.0082879952306657
0.0115564700559816
-0.00264628553878521
-0.00478905630885174
0.0208089284745021
0.0256720544189593
0.0038507547310962
0.0167048005721462
-0.0191078924224684
0.00161297224873791
-0.00198198826847906
0.0230869539164975
-0.00703672403869982
-0.000855269095787481
-0.00391317021253745
0.0125836532420687
-0.0022430345798905
-0.00115439579936572
-0.00425788944980132
0.000305455106391905
0.00207631145038167
0.0118227987524602
0.00385471904989876
-0.00263995923249483
-0.00902364215902407
0.0340557283811262
-0.00281786433762743
-0.00800659950543636
-0.0112166112759643
0.0122441209276505
0.00907203708527859
0.00182167124663124
-0.00944336883560992
-0.0140928761815231
0.000900864864864737
0.000360114024366531
-0.00425893449815518
0.0106023795180723
-0.0438722056471211
-0.0146508172562649
-0.0039228724342385
0.00387473815107153
0.00272088091018818
-0.0033444752739038
0.015322267755828
-0.00112252431327942
-0.0209139165089113
0.00535609251602254
-0.00640574625998291
0.0045959465186789
0.0087685217699669
-0.00119669945819789
0.00990093921103252
0.0108655302289593
-0.0185940814617594
-0.0372001522376834
0.0026803607559982
-0.0142792076116321
-0.0030426777437409
-0.0118099720554009
-0.00557272048378232
0.00222808046568024
-0.0171786780223838
0.00301599152111875
0.019271454667239
0.000603493152001144
0.00576253666032778
0.00606255138990464
-0.0133103441265593
-0.0151677516778523
0.0162190944453082
-0.0146190522605637
-0.00272226074966286
0.0163095408364049
-0.00147711012112928
-0.00390022172482296
-0.000472605128177817
-0.00878024461407867
0.00817669692616163
-0.00797518210444526
-0.000953808427264113
-0.0229814172325519
-0.00195434488855051
-0.00531511975260091
-0.0065386558824061
0.0044585278600453
-0.00584786191034325
0.0192061791974694
0.00104310550091236
-0.0329258528029941
0.00703918972102291
-0.000855884469098678
-0.00207030979339928
-0.011803377084367
0.00513976404473571
-0.0191573920421726
0.0099125558423887
0.000945215985287851
0.0193215953994568
0.0391221044805514
-0.00548623619254118
-0.0146187418392294
0.1499650727767
-0.00821521319034613
0.0204933800587406
-0.0225468965979541
0.0266345993329506
0.0203115585492473
0.00440425175189252
-0.0010523386773057
-0.000526729483046218
-0.00568016031667951
-0.000471154290851317
0.0061277044182908
-0.00363080357316725
0.00229222994176714
0.0163021111610984
0.0200219320295647
-0.00147072633482703
-0.00532518682698413
-0.0146941677332935
-0.00653182080924863
-0.00209460644948523
0.00822111271124459
-0.00584081663012748
0.011110481970555
0.0104130590674756
-0.0120708873179159
-0.0179816499908263
0.00293444452687619
0.0055591140825042
-0.00826348948471822
-0.000821493965749154
-0.00681233266861847
0.00875124789354453
0.00820629513928628
-0.000697645348837095
-0.0130905278947367
-0.000589553717221247
0.00230047190644989
0.02065675047854
0.00599670208139824
0.00183408034714239
-0.0102408208231921
0.00566471676300573
-0.0129899704101615
-0.0012811611851784
-0.0216909679300291
0.00303965909548021
-0.00469423633525268
-0.0119402985074627
-0.00682782477341393
0.00158185805140421
-0.00236894847934932
-0.0222236293770204
0.010897316418141
0.00252558833375849
-0.0152380706605223
-0.00680109173766541
0.0223018165354487
0.0129048488393007
-0.00473214214970408
-0.0101188903970945
0.0121928444620534
-0.00298101852470078
-0.0176348542337427
0.00366480515358703
-0.00266126992621285
-0.0091219426294239
-0.0122744995360815
-0.00247273013902649
-0.00247886604615954
-0.00210272075821683
0.000446919095543397
0.00434010741882029
-0.0127732269142525
-0.00708082367244978
-0.014651507293355
0.0211856167778928
-0.000386656770139826
-0.00760549819937473
0.00246804570716352
-0.00414641383298697
-0.00513960681818193
0.0032043291028554
-0.00658372970252963
0.000262519695374719
-0.0080031552348051
0.00033066393115555
-0.00323927405991209
-0.00696380824355891
-0.0128898220233706
0.00378889031551655
0.00882985300060746
-0.00668136576042444
-0.00275780591589159
-0.0186159118648291
-0.016907264604811
-0.00209723164625719
-0.00126108304395811
-0.00357740605467749
0.00556137263861944
0.00434059799329578
-0.0119894180682704
-0.00599693784404765
-0.000354908086840022
0.000497074708806222
0.0107160170118228
0.0290689513982441
0.00191046672912765
0.00177070285400993
-0.00972133203040126
0.000755138336721917
-0.0177664770048462
-0.00733293515841982
-0.0113268609211119
0.0143741835506594
0.00189410027581682
0.0139335590426066
0.00117393828014545
0.0137260660429319
-0.00578353401521725
0.000273809207288922
-0.00143682946259349
-0.00637199739031169
0.00572336213699187
-0.00411385653285479
-0.00475044406196212
0.0273242740360302
0.0199313588287442
-0.0270681057168541
-0.0455315954920131
-0.0543153688521151
-0.00789357215776365
0.0165947032159224
-0.008720922518756
0.00481239172823567
0.0259672294407232
0.00510574011207554
-0.0161828443501558
-0.0314966716790094
-0.00517904024724214
-0.0359822169645618
0.019377406597481
0.0201775941089311
0.00519288289865338
-0.00790100251078774
0.00428821515547018
-0.00754853256035992
-0.00430238155186269
-0.0464506459976554
-0.0280789848182718
0.00491213050610173
-0.00795359588948452
0.0171204529333633
0.0013958288743261
-0.0430469009761143
-0.00565500818828724
0.00465310629935956
0.0156103273217369
-0.111477109653674
-0.0194847925053206
-0.0119232643690087
-0.00745611694300008
-0.00909358523462667
0.00688281296758109
0.022587665492616
-0.011431892933231
-0.0029400528916107
-0.0141536763151892
0.00568295097658167
0.0233964501815271
0.0197616384841139
-0.0199486944034015
0.0205486385683558
0.0133915470282879
0.034114330856073
-0.00117814939924421
0.0163324835888983
0.0182126681865429
0.0037702760954772
-0.0345038775025188
0.00434273956702014
-0.0136924959248267
-0.000913316301275224
-0.00191972759776693
-0.0279355468034439
0.0114011027438359
0.0184460972031337
-0.2034394255397
0.0508727595114205
0.0146431643614213
0.00441576746183658
0.0206948312096327
0.00640824652992444
-0.0235908343343163
-0.00470390202369153
0.0290011284425591
-0.011899780420675
0.0048594863782172
0.0177669779930516
0.01125920899203
0.00163427984403919
-0.0135630739050188
-0.0115786412205529
-0.0217550672340229
0.00534587838496603
0.00393494633558378
0.0302966095276143
0.0292000405264232
-0.000799210805178974
-0.00509893036689457
-0.00934579420468717
-0.0378373293195916
-0.0010542751935535
-0.0112928759894458
0.0203885140905209
0.0245842253199802
-0.00357367768891825
0.0178297578780513
0.0017114466583823
-0.00301510552763828
0.00161294359716568
-0.00382445648324825
-0.0409173861108085
-0.00632042557674095
-0.000424053844502059
-0.0336196623860467
0.00790159104801602
-0.0265678800769983
-0.031767381839656
-0.0121302683024553
