0.00888463104405934
0.0194866220627059
0.0345524903510384
0.0108367558920457
0.0460456574324901
0.0129368447580644
0.00331731624950549
0.00727389627132102
-0.0155916625635976
0.0200066688896299
0.0372670644001307
-0.00330915542560917
-0.0093280632411068
-0.00191508139163743
0.00271822829040258
-0.0192951525959999
0.0372357886178862
0.000940539254733697
-0.00140955368549889
-0.00203884887198402
0.00581485139376303
0.0162500156250001
0.0155289358006006
-0.0083270700229946
-0.00473279389312964
0.0332872976442
0.00623512461052389
0.00413099740529632
0.00940345311206148
0.00727802069627459
-0.00130052028759475
0.00231509184900758
-0.0111158803716997
0.0156204379562044
0.00201234727612487
-0.00416010621374407
-0.00403340547488928
-0.0225628727590813
-0.00813854666651226
-0.0262569301246744
0.00536243321720997
-0.00563857029997383
0.0202298850574711
0.0202793750938863
-0.00309185815935997
-0.0109289323723074
-0.0391220391351046
0.0289044453427953
0.0116297237823551
0.00238871294168219
-0.0125111112974547
-0.0129713568791241
0.00687648206367708
-0.0188191989500561
-0.00494972915855452
0.040416569550239
0.010458643358733
-0.0273546958755595
-0.000303998180358755
-0.0360401905097265
0.00489039288358395
-0.0127158867705511
0.0262363177967295
-0.0168887509003912
-0.0118203307829735
0.00446569370868111
-0.00873293108923467
0.00640720807304174
0.00429724640148832
-0.0198098263014208
0.0205335657407781
-0.0438846806699094
0.00579955280197364
0.0156507575675329
-0.0768856747157932
0.0189773677736778
-0.0187963435490138
-0.0249560975410863
0.0254145457822641
-0.00351555639858603
0.00635032644823297
0.0175284840934002
0.0115418089843551
0.00885560271022467
-0.00405135030211501
0.038983033898305
-0.011908629884317
0.00495293049364376
-0.00410711358809124
-0.0016496041182712
-0.000330469266358269
-0.000661173553718974
-0.0138934835245367
0.0109023987068502
-0.0565787124605941
-0.0214562430275018
-0.00179723223934647
0.00540149432118309
0.0139684634670487
0.0243730311616572
0
0.019310327586207
0.0103180143829162
0.00267870416875948
0.0217064622091578
-0.0129105574915926
0.00132447015481874
-0.0140542162698413
-0.0236458154679554
-0.0163174335912498
0.00663527152086596
0.0102341713708873
0.00515108155387778
-0.0245986159105122
-0.00157618219181022
0.0105245223828985
0.0140600066991841
0.00667584754111084
0.0256758880177539
0.0278514588859415
-0.0129032096774193
0.00849673188730837
0.00502265059911444
0.00902790599754821
-0.00479308196197481
0.0200674262310576
0.00110166822314017
0.0143058636329845
-0.00418470261243198
0.0283268482490271
-0.0158922809141818
0.0226084445989747
-0.0129342912598673
-0.0147797203160013
-0.00525833558562738
0.00559701492537346
-0.0126777829313545
0.00125270903143271
0.011886112165876
0.00834622913506489
-0.000613136131610625
-0.0059815800298274
0.00756063902362736
0.0102603058073365
0.000303122626904351
-0.00575840296282482
0.0018290199385913
0.00243413955115757
-0.0036423888851479
-0.00258947440702295
0.00946846321922123
0.0193645845496093
0.00133576734947005
-0.0130429077657787
0.00510593212830357
-0.00463165994322445
0.00585408259438247
0.00611842990244948
-0.000296588558190147
0.00578633513987148
-0.0017702168200292
0.00842323063168982
-0.00293078847980033
-0.0145502349419424
-0.00208797902663782
-0.00209246736855673
0.0149767866546406
0.0178545972194744
0.00724847750441526
0.00921128342495892
-0.00142621214662519
-0.0114252504181057
0.0086680004526436
0.00916641363506154
-0.0465512212113428
0.00014888359630838
0.0196457800373335
-0.00437896644638847
0.000146635392854977
0.00498383164784766
-0.0131271007329958
0.00458168758015431
0.0185376192652991
0.00491112213298606
0.00330606583297421
-0.000716375327376451
0.00344083154121866
0
0.0115731536383241
-0.00367234447716058
0.000283484543755375
-0.000566907612440493
-0.0346000440130479
0.0185075493975457
0.027257097043963
-0.00645803707182202
-0.00861937298089754
-0.00213799873785636
-0.00399941425512318
0.00315494034899144
0.00500365997156527
-0.0150783066111676
-0.0089542896867213
0.00859801769463631
-0.0138708136666784
0.0073260073260073
-0.0030545309090908
0.00160491681346775
0.0104879967811218
-0.00735190972962763
-0.00392107168281919
-0.01618301596052
-0.0234143587693675
-0.0371775557760985
-0.0431836399813452
0.0400263554608196
0.0216978622378501
-0.00821581124737836
-0.0245389184120037
-0.0306040698605992
0.00793388429752051
0.00983932436864543
-0.0293926914779898
0.0133846411243097
-0.0216279016014528
0.00540000018224762
-0.00386042283113719
-0.00690815524543065
0.00441129970158305
0.00523643572235755
0.00588141508591544
0.0227196788720403
-0.0298922242748738
-0.0277824049129889
-0.00536892949882473
-0.0149747518718439
-0.0146720523245537
-0.0581270520944724
0.00552382857142852
0.0306876107087022
0.013232879985297
0.0125158532103056
0.0154066642780366
-0.0282286167960479
0.00998545715375965
0.00737012390130998
-0.00713779430517847
0.00233646661280495
-0.0353236686390533
0.00260223053163999
0.0407860593397491
0.00694691854198282
-0.00654517966646351
-0.0236823005698005
-0.0182381901062123
-0.103288162612366
0.042883778744562
0.0303933055224472
0.0136881244204381
0.0129325974540664
0.0157716866605966
0.100739393742676
0.0643157357567714
-0.0149889710478232
0.0219445619093384
-0.0161441852060217
0.0216663533535129
-0.0140339473273328
-0.0147082239443301
-0.0231139329552799
-0.0103516429452573
-0.00614310144446284
0.00250579681747753
0.00616568925731342
0.0101026994020752
-0.0072143463776243
0.0092485880965909
0.000654573708810835
-0.000327080937789659
-0.013741207038423
-0.00481010109785862
-0.0308333
0.0149612720563621
-0.0220264147746526
-0.0277200618898119
0.018888115090665
-0.0159146554739419
0.00710854807179673
-0.0112934360788226
-0.00446189549280551
-0.0311939410396906
0.0259066982622744
0.0171356424447267
0.0219897503456241
-0.0216900915896219
-0.0113515251622646
0.00825258312692578
0.0247330778517247
0.0171905191873589
-0.00204853185221809
0.00496067404996015
0.0119149106382979
0.00588726651156835
-0.00936449848435617
-0.0275152083890882
-0.00416597805648355
0.000174341993626426
-0.00296273957889959
-0.027267908185071
-0.0318059467455185
0.017817353047191
-0.0667396061269148
0.0660414419695194
0.0509530599165495
-0.040983571677712
0.0392798676384847
0.0211723352170661
0.0080534782718733
-0.00305966333300478
-0.00664968434272173
-0.0197390497679043
-0.0220627381883604
-0.0170097767953367
-0.00928967179272588
-0.00808968575270619
0.0535680990997573
-0.00140749472202673
-0.0641296534224685
-0.00432981935861854
0.0111552469494278
-0.0142109012715033
-0.0102428108831031
0.00766581065542349
0.0176872568395872
0.0280321445723097
-0.00836209810442101
-0.00476623290130584
0.0182353652931411
-0.00379882423659228
-0.00326858543671682
0.023865950516778
-0.00355873659148154
-0.0248214107142858
0.0316791607456666
-0.0113595846645368
0.00412924588636909
0.00393352404791703
0.00445235959207979
-0.0191489709521642
0.0193419920462763
-0.00283736483130648
0.0266761515205407
-0.00900746578901768
-0.0277923444816002
0.0124056456743193
-0.0175812641168307
0.0225958062183658
-0.00989927523422307
0.0266024290877496
-0.0198260695652175
-0.00425837465829704
-0.000178153958983573
0.0167527710434368
-0.000876406676185937
0.00210524561403513
0.00525208342528161
0.0311738255372285
-0.0113156225521978
0.0230611202073605
-0.00985139438723326
-0.0139965938279357
0.000513066521069527
0.0237606666666668
-0.013858707862059
0.00372499147096184
0.00387987523414113
0.00621749306729935
0.00484296919099925
0.00515210254785115
0.014715591931217
0.000814714042931541
-0.00732655510669333
-0.00065607674830126
-0.00377480715575251
0.00823723215424654
-0.00326799014267987
0.00721309836065576
0.00537111011346214
-0.00501863364092603
0.0143182722798287
0.00272694898941284
0.0190370026887539
0.000627959173815418
-0.0163163000842077
-0.00334926629427013
-0.00784128635489556
0.0072580806451612
-0.0352281979947446
0.00348546058091292
-0.0195170363797063
0.00691632940142273
-0.00653375785782806
0.0236088030962698
0.00856672144041659
0.0111074973683845
0.0130855730828572
0.00350822840867848
-0.00158903543619893
0.0359699813474461
-0.0013826395073061
-0.0335384615384615
0.00445714740528502
-0.0217115379306352
-0.0158755872347318
0.00411522633744865
-0.0175409836065574
-0.000500550642416164
0.00834724513030904
0.00827814542125349
-0.0146141867121777
0.00166643898238417
-0.00216271831371284
0.0068355951983996
0.0152343436866094
-0.0236503013594798
-0.0197126792563869
0.0223245057941377
0.0303383720507295
0.00161784498272377
0.0129219673719918
-0.012597687969984
0.0234173295677431
0.00094683605723267
0.0115088128645751
0.0029612529325902
0.0178710495064818
-0.0111450839694656
-0.017755103493366
-0.0047154826267759
0.00379028742893239
-0.0037759753968537
0.00142135186355019
0.00756976817536681
-0.00125212085227933
0.0079924618712981
0.00202109763681602
0.00698223461515446
-0.00277351301160211
0.023331303718614
0.0107202018396406
-0.00239024492410389
-0.00314463916059671
-0.00706026738771204
0.00665662652516263
-0.00300578594821488
0.00633111283274723
-0.00494310949840882
0.0078277434893872
0.00358483959304756
0.00297658868948969
-0.00964536295660134
0.00134857660619048
-0.000897875178875296
0.004942354572818
-0.0013412220966087
-0.0125355017897179
-0.0167749740599964
-0.00522589933064543
-0.00169962914555577
-0.00154773252518592
-0.00542548425281397
-0.000935255552664938
-0.00109202811519582
0.0014056536218281
0.00764188984832082
0.00557189280959758
-0.0140065104816607
-0.0109272092078428
0.0113636519671141
-0.0115480957694101
0
0.000157846542469198
-0.00126279404144569
-0.00568990042674267
0.00588140200286125
0.0129582650593911
0.0152886744239835
-0.00153655496199889
-0.0140043545396574
0.00780396441392228
-0.00542045841722161
-0.0218000775179059
0.00397962432346377
0.00253686380212459
-0.00363751383836786
0.00619046031746029
-0.00883415379135755
0.00159156448857023
0.0060384713173367
-0.0145317009235238
-0.0189132876889452
-0.000980182992651346
-0.0160262300563784
-0.000498570732875847
0.0234452947031143
-0.00194961822826345
0.00537193553638282
-0.0126295017043233
0.00229581830108239
0.00703534042924314
-0.00861086935192312
0.00721073418551299
-0.0628050937651334
-0.0315972059582363
0.0120115097169509
0.00602302912270969
-0.0158478954772336
0.00268387909615098
0.0512134002281692
-0.00169748769309108
0.0651249436299108
0.0217113828497986
-0.01406253125
-0.00206017439176454
-0.00158808954124046
-0.0211547323231229
0.00259993495937705
-0.0191248133042979
-0.00165237937871787
-0.0246606760893967
0.0212116069913457
0.00548351611831177
-0.0173524877657408
0.0358224190350223
-0.01282677382692
-0.0269736682068038
0.00456389452332662
0.0240619384149419
0.0124876435674064
-0.0264524022468745
0.0151691943600869
0.0105090144332014
0.00812479674805333
-0.000805915525372125
-0.00516218728303952
0.00567540151371504
0.00322478232828116
0
-0.000964336210795058
-0.0114221203346203
0.00341739620150694
0.011028219266948
0.00256657042027575
-0.00367999999999991
0.00738718484021184
-0.00175356288856998
-0.003353545246783
0.0141003204614645
0.00758412059434166
0.000313642778736023
0.0065840726354589
-0.00218033020059705
-0.0457312470735132
0.00228982666486455
0.0115862110245792
-0.00209712850146382
-0.00323312312911217
-0.00454101524489126
-0.00374713255543935
-0.0031071626130118
-0.00623354669018295
0.0132056614986575
-0.00179213095809494
-0.0207279255753224
0.00716666666666677
0.0112527056097964
-0.00360009812469142
0
-0.0036130892365428
-0.000329586297332596
-0.00148394059409929
-0.000660518483148631
0.00528750826173163
-0.00690338593030904
0.00148957303838371
0.00512315336715097
0.0136468595856627
-0.00275753437931769
0.00471698113207553
0.00097137769143596
-0.00760150387832759
0.00945237924621289
0.0024217146015777
0.00209375100660325
-0.00610737695102259
0.0160090879689521
0.00668467271415962
0.0014229249011859
0.00331542469213764
0.00220298980649858
0.0070654734976523
0.00561273784865501
0.0213953023255815
-0.000455358247815396
-0.0027334852766433
0.0134004115547559
-0.0097671069977262
-0.00318664633727928
0.00167454706425496
-0.00683898145111028
0.00260136197708838
0.00198420338755501
-0.000456953527587123
0.00731476650496354
-0.00181535557686408
-0.00318287345334001
-0.00471336497096098
-0.00458287510820155
-0.00199516562337831
0.00123023221944063
-0.00230382426195941
0.00184733685109806
0.00706820814172704
-0.00869697881145903
-0.0121594734160461
0.00296047055157356
-0.00372853796511385
0.00280681441478925
-0.0102627277332522
-0.00314219942993876
0.00520091402362621
0.000627171536957905
0.0131620808523973
0.00680473202568921
-0.000921612931539473
0.0158363927454428
-0.00196757983956386
0.00818927788324886
0.00225622733500797
0.00165092308198656
0.00734199902133637
-0.00356990910739652
-0.0116435143049266
-0.000604153460264989
-0.00287131639326954
-0.0103061529112085
0.0116385140135444
0.00923402994956213
0.00269986508774145
-0.0221390432951097
0.00397726767734752
-0.000761770566590325
-0.0021347971291612
0.00611237756380256
0.00136701101865211
0.00591536478082788
-0.00392041616405303
-0.000605525298380871
0
0.0104514091389611
0.00809475353162581
0.00386620074349442
0.00533255798155663
0.0129659195683254
0.000145483636363686
0.0132343800688082
-0.00200945893525073
0.00201350499084585
0.0122003591847382
0.00113444417758557
0.00637400867915039
0.00408153395855582
-0.00168201579377725
0.00168484973764604
0.0257920395734255
-0.00737907898332879
0.0013766382348106
-0.00481164434455983
0.00732143952647379
-0.00603394147103531
0.0004138934707274
-0.00124126323979401
0.000828569478833696
-0.0103476816909072
0.00418229454137919
-0.00277657924165753
0.000139134062672186
0.000556806823875711
0.0104340571967469
0.00660889466923686
-0.00560804259871373
-0.00646484208245568
0.00747603457804114
0.0170400584185815
0.00837717853324738
-0.00964750139277104
-0.0188067504366526
0.000965237215881265
-0.0118472661163944
-0.0179841202571815
-0.00752410540817428
0.00672282896736776
0.00468886067159091
0.00395982186338317
0
0.00323993529341982
0.00351024988050752
0.00769548051356561
-0.0219382819468875
0.00269726000291715
0.00269011762806648
-0.00677780288054208
0.00113736145222432
-0.00809429162437647
0.0015748175110899
0.0105774444050521
0.0148515282115218
-0.00320561672473862
0.00824949699033106
0.00513107744929853
0.0115893621030894
0.00777412711402081
0.000405995404060056
0.0186688993146347
0.00159355903345726
-0.00225401756176136
0.0239203056478405
0.0613886543262043
0.0435313896249863
0.0194516531263957
0.00862068965517238
0.00820513960113955
0.00847744988722221
-0.0207352385033037
-0.0234634649148404
0.0123066455696204
0.0120412291753655
0
0.000800812227396808
-0.0104024116231455
-0.0140926648954602
-0.0070298537089597
0.0496755044247787
-0.00112407825004579
0.0172180731800802
-0.00763360999705298
0.00222971021949991
0.00311454943015477
0.00343754712796618
0.00320478512995437
0.00429608949433891
0.0132718989420182
-0.0103918492225108
-0.00820389429455026
