0.0109304056623729
-0.0046149527750502
0.014968936679532
0.000130435912407911
0.0105703384015532
0.0108470684182058
0.0149463210902696
0.0025173695097811
0.00112989325474211
0.0639578395775731
0.00671862360766728
0.0174452397871332
0.0148446486802154
-0.00430892381655701
-0.00466912662952113
-0.00766589227309178
0.0112993885172585
0.00250827730598902
0.00887068122370049
0.00417092778909844
-0.00280646603487955
0.00202634240625144
0.00842601935903797
-0.0049019829567295
-0.00470217196596501
-0.00179981998200629
0.0146495721129045
0.00310971786861702
-0.00254654561558898
0.0106560888292193
-0.0023065018460241
0.0132100952536369
-0.000543274657287318
-0.000434840753013255
0.00282764555174486
0.00379567296167083
-0.00507780909848332
-0.0127049413706131
0.0179279040459284
-0.0169638027996607
-0.00318752462560357
-0.0138935050414929
0.0126355585374034
0.00795054125332473
0.00438213194984804
0.0028359729493892
-0.00565590590263421
0.00196893463069192
-0.000982489104421114
0.00131127742735715
-0.00381968800020804
-0.0122698840082153
0.00332736231910546
-0.00851201645491939
0.00546323992723297
0.019960113107119
0.00228309407643756
0.00878618052313307
-0.022258064516129
0.00780819311558334
0.00501963122020554
-0.00760039104452526
0.0111596934100724
0.000216446661251757
0.00367802891220181
0.0147661458802129
0.00616039285904635
0.01182302295504
0.000730307787800033
0.00469146173251578
-0.00031137282417637
-0.0133900047079096
0.00105206729977692
0.00514973189385737
0.00240489337520788
0.00490239892868272
0.00726598535461842
-0.0152514734619593
0.0141273129788053
0.018883437462246
0.0110391333003672
0.00510862455957883
0.00259120998968343
0.000596481125178627
0.00347703145332678
0.00960301931287955
0.00764854851004459
0.00204358695905826
0.00310770124203463
-0.00300123920029793
-0.00213634680123287
0.00330864143034959
-0.000581930176177026
0.00427020570389924
0.00154615380132928
-0.0133152934515177
0.010561255416365
-0.00396744741503563
0.00884092101428147
0.01483051867606
0.00730693700816865
0.0374940642959196
0.00208847731104544
0.0121420441088977
0.00599826336611264
0.00970006203523899
0.00158646220330039
0.00219992962161153
-0.0153657038841488
-0.000445897988638366
0.00981359656752967
0.0026503754280347
0.00158604285110675
-0.0144277208485567
0.00321342500413668
0.00133465612007
0.00124399323579172
0.00496980830670912
0.00229602617972491
0.0162995418502203
-0.0117902039322099
8.77445405340627e-05
-0.00333330701754386
0.00184825730025717
-0.0107177455729114
0.00515052832652052
0.00618426528519711
-0.000702440957963346
0.0122133294475588
0.00243060770218606
-0.0118635431625335
-0.00131453859158237
-0.0133379871300279
0.0165421644158277
0.00271214341087989
0.00558414618633507
-0.00477226030368771
-0.00557976474925281
8.7690690648623e-05
0.0107828789339881
-0.00338247172465389
0.00121833604670307
-0.00651890465400506
0.00314961496545196
-0.00418632464028168
-0.00761956559817845
0.0158856502671547
-0.00347495436126355
-0.00671255345403665
-0.00122870807041064
-0.00702990315386898
0.00522120353982292
-0.00431374255880768
-0.00477453589344901
0.00621894111973953
-0.00688680016092535
-0.000889100260781372
-0.00791954995336053
8.97120834104648e-05
-0.0114798116591929
-0.00998002168408618
-0.00339078986278984
0.0152644045977011
-0.00235487719029515
0.00435764858179488
0.0049715539628914
0.0029681777298074
0.00367676434980257
-0.00402070235919783
0.0028707275242601
0.00017888004133737
-0.0197656742646574
-0.018156907265637
0.00213730134618251
-0.0161349968892803
0.00226199815762484
0.0128832335107478
-0.0056633646426828
0.00868348288858045
0.00555399431226511
-0.00736440230224811
0.00955206325601288
0.00551164793761116
0.00557282117278302
0.00299811029344976
0.00117750903663927
0.0122138606008673
0.0117983556971315
0.0137809632627464
-0.0057511675540054
0.00744959697545311
-0.0420182177125241
-0.0126225931904488
-0.0125080471118906
0.00586753266645612
-0.00203704629629631
-0.0307106887243523
0.0122523115511408
0.000661938534278983
0.00368549423549425
0.00979193117213017
-0.0233100233100233
-0.00372314081145586
0.00277885202396666
-0.00133779261657352
-0.00124394792375948
-0.00479018982918733
0.000577637675519105
0.00654224540038006
0.00315421516476166
0.0113387521106838
-0.0260975694940416
-0.0151881585995504
-0.0321218458117334
-0.0113670456852436
0.0328508045231164
0.0053672696017566
-0.00276815614892434
-0.0082284323913423
-0.00769696113857499
0.0101742926415118
-0.00279217194647163
-0.01010002
0.0208102337773559
-0.00296885691334425
0.0127047047146402
0.02264037070117
0.00268360178967231
0.00898484967544877
0.00691552684569019
0.00461001030567298
-0.00636824317632745
-0.00772854868479822
-0.019091964467059
-0.00435748051779272
-0.00826686442326396
-0.0208885454458316
-0.0365584349582706
-0.0118515331770136
-0.000631299296224186
-0.00505312148759074
0.00423237743662308
0.000842840550296486
-0.0206337408281659
-0.00096739762407172
0.00645576702268635
-0.00748348292192136
0.00947872725026833
0.00458814549095021
-0.011895942392014
0.0111792003781488
0.0105240565536302
-0.00284027988302704
-0.0169849243909175
-0.00504401159047019
0.000970812220589146
0.00355596971263039
0.00536883942989919
0.041760163679168
-0.000410098416956162
-0.00697435897435905
-0.00320179714934921
0.0136773388524021
-0.00163553098976721
-0.00204768100845065
0.00430899759609127
-0.00286033305608679
-0.00215140864510388
0.0150924124211003
-0.00637205401925589
-0.0135382128163317
-0.00330211522847534
0.00735073019363219
0.0192188586057906
0.0114954121507593
-0.0111653476456054
-0.00090738983955263
-0.00373355204305859
-0.00232961605399729
0.00436548223350264
0.000606469220661099
-0.00353570064725117
0.00871858281344862
-0.00653268341708546
-0.00141627721631321
0.0119542094210741
0.000901031143267783
0.00490096004498008
0.00199061409385282
0.0127148010870128
0.00127518395120685
0.00440827773494767
-0.00819269490093333
-0.000983439846918399
0.00738261668993467
-0.00449481158861875
0.00991364379408055
0.00262421034720783
0.00756105050170408
9.61612450227634e-05
0.00230885047548401
0.00556670495121026
0.00238617931811147
-0.0124737958238563
-0.0177417415653431
0.0146264646718426
-0.0152863969109288
-0.0319316175273298
-0.0057850401480265
-0.0398121788465923
0.00127580270626848
-0.0110426948396688
0.00622720642288166
-0.0101366196101512
-0.00247920672025026
-0.0177220551359191
-0.00363038495862744
0.00474770895439991
0.00296699999999994
-0.000109510247929601
-0.0118343411826792
-0.032047005988024
0.0260052351242381
-0.00625276923297824
-0.00966293258426965
-0.0017018493499189
-0.0408000463870904
0.00355444304373354
-0.0127508150915283
0.0135134771521115
0.0100294749262537
-0.0122662970155676
0.0125369362789969
0
0.0219600160967175
-0.00914385664976236
0.00173023412780626
0.00990328235390514
-0.00399086672716753
-0.00309096744341086
0.00597147436905221
-0.000684897275910812
-0.0105094584131888
0.00935115414392218
0.00228751000800642
0.00673289992238613
-0.00249377689306529
0.00113634090909098
-0.00317818395410185
-0.00284673195171947
-0.0158730158730157
0.0391042353214202
-0.0177554879590569
-0.0188721693823575
0.00892232877442645
-0.0136671988055587
0.0186307179307423
-0.00400098294463924
0.000344393446954916
0.00126196644047893
-0.0126045495337876
0.00359759785534619
-0.000693859827918697
0.00775281202853062
-0.00620040216789075
-0.000462172138804062
0.00751360518983679
-0.0168655568212227
0.0215894381703947
-0.0100525130220184
-0.0155781899109999
-0.0101980543945153
0.00544765501071387
0.00318016482496675
0.017964060536904
0.0130335067947003
0.00945009656267581
0.0093615380391816
0.0264834400823206
-0.00032657304238437
0.000653348564666478
-0.00413534665508053
-0.00251341924350512
-0.0070113935912729
-0.046557822667231
-0.0152742424270828
0.00152767336140247
0.00293323936642365
-0.0139214080280272
-0.0746233352162377
-0.0189743974358973
0.0111082858510827
-0.00891822377207341
-0.0119978873239438
-0.0129356253184892
-0.0149771999863226
0.0126254676825703
-0.000804357195568151
0.0083188381634085
-0.00133065864722126
-0.00306466343512357
-0.0117615343491043
0.00540971042981564
-0.0040354454686814
-0.00472716093021119
0.00461388235543803
0.0128326896235673
0.00880229359286644
0.0190375861850551
-0.00700572114671183
-0.00117590800658607
-0.00300845008535444
0.000393584355896426
-0.00104920655737695
0.00380728643316997
-0.000653871313809451
-0.0117785885732973
0.00807841324120218
-0.00157649757318057
-0.00394740789473691
0.00885080616317602
0.0026187899979524
0.0073135301031737
0.00544543000565656
-0.02720826458253
-0.0210764045313786
0.0199052408911371
0.0257567976633033
0.0266631885409476
0.0105900655572366
0.00249497243039065
0.0103285339680372
-0.00246340676281798
0.0114828994069121
0.00317385261654923
0.0243368216110975
0.00890947968638622
0.0120098551748498
-0.0046537988826223
0.00561070699202659
-0.00127863537462081
0.00837990010195289
-0.00957988238203944
0.000582717645559283
-0.00524105514510764
0.0035124105602431
-0.00338351421518501
-0.00702409288279326
0.00436220231077589
0.00410845159975448
0.0454757885728807
0.00514367661858439
-0.0101234398723267
0.00415818147365088
-0.00761052059564671
-0.000563832199477532
-0.00812458785405368
0.0119453353368524
-0.000449612156816603
0.00539866132499567
0.000783085365064107
-0.00581262023041151
0.000337294797901899
-0.00134880295213213
-0.00112546991841234
0.00270420281690131
-0.00674231951325588
-0.032582837793674
0.00280666582138545
0.00653058892128278
-0.00312822391677026
0.0108089259552657
0.0020696906741442
0.0033275960223158
0.00217286134096839
0.00136942832486908
-0.00547011965811961
-0.0224590244915445
0.0192239952930253
-0.0195514325319642
-0.0164223108504399
0.0041741086266931
-0.00106883614259512
-0.0101058018058994
-0.0141724714347233
0.0114521805201713
0.00686580366896417
-0.00311034827660484
-0.00732030463649813
0.00640714450668356
-0.000600636636636676
-0.0234374647874085
-0.0057846276923077
-0.0081702897768049
0.00511727389725647
-0.00620886633812079
0.00137448458546152
-0.00935862252755959
0.00314901125014511
-0.000376670019797576
0.0125612358678402
-0.00285329360062891
-0.00734008487211069
-0.000626682533817813
0.0169299979164785
-0.00912563862994886
0.00485376489990696
-0.00891752561103598
0.000249987512496386
0.00437278855106471
-0.0126880956921023
0.00163786059073234
-0.130314477987421
0.0170668356532662
-0.00753695961319667
0.0884080514628449
-0.0479199453385986
-0.0255807383849557
0.0207180215592733
-0.0403169887390519
0.0953209053356643
0.0526384730506748
-0.00841811827707584
0.0305373043724606
-0.0221320909349048
-0.00842446885985759
0.0164849478000895
-0.011851359189054
-0.00959477350832938
-0.000509789694446927
0.0036984183803892
-0.00165180438316925
0.00610924016800318
-0.017963389577607
0.00463739551606568
-0.00243614572217321
0.0128534699413829
0.00939083720593259
-0.00842340949932863
-0.0315710143944079
0.00654621654410392
0.0262747799014611
-0.0105196702022898
0.0124247598309211
-0.0251770998838929
-0.00493192712789381
0.00926045413487553
0.0134401788617284
0.0112216911813743
-0.00567471605265901
-0.0131896008418416
0.00963886414699555
0.00330959784393059
-0.00596297893935538
0.0126355842408572
-0.0144945053942276
0.0565289536634106
0.0248154336664395
-0.011575761324084
0.0133843570745698
0.00801886764084192
-0.00760412935409005
-0.0389013665236032
0.0285784622663861
0.00906274732813328
0.0161899663369192
-0.00558199803656234
-0.000467793229615432
-0.0201240315885803
0.0134925014925373
-0.00553714675555428
0.0168226268535658
-0.0284283227676028
-0.0115121598694347
0.01443652796312
0.0437693837442221
0.0152383365632256
-0.00631980581966129
0.0139692897000809
0.00784054668280176
0.00388974203523862
0.00819216189101812
0.00636874931371478
-0.0052373594056222
-0.00756822436258042
0.00375770323526625
0.00396388460691499
-0.00943189295898239
0.00487158990256864
0.00275451734785115
0.00362590916106131
0.00295604348395195
0.00600374406720072
-0.00466580925929649
-0.00239835378616526
0.0078680033249261
-0.00314432387040031
0.00315424182827395
-0.0242871617384638
-0.0167795869936568
0.00678118195814248
-0.00527616737143766
-0.00338565620826481
0.00939872062957137
-0.00370205299194593
0.00754425194334551
-0.0165400419130518
-0.00534092045454537
-0.00708322868825806
-0.011506155263783
-0.0003492841182966
0.0012808686986796
0.00662867790740029
0.0106285238130435
0.000228589384021927
0.0229714514285715
-0.00413364977916097
-0.00717970616086727
-0.0132203163841809
-0.00458035029015558
0.00287587714252857
0.00527642807983475
-0.000228160659837551
0.00935858219498131
-0.00644503603697355
-0.011949504542523
-0.00172773554480521
-0.000346129003025997
-0.0470914248279252
-0.00859980640987901
0.00635314615401694
-0.0134757916665367
-0.00393797676746299
0.00679510731912258
-0.00294512217315313
0.0107077292307691
-0.00085241107455869
0.00536252265584913
0.00206092864737362
0.000120904905835717
0.0466916788845211
-0.00739627883273175
0.00814992441669493
0.0109713020427904
0.00685398667061921
0.00816884511196769
-0.00123791355797975
0.0131830760563381
-0.00889674174592403
-0.0318671892324779
0.00475200515475205
0.0284923514017221
0.00358904201036148
-0.00324095876483144
0.0087453636339192
0.0126708901559309
-0.0012073427592213
0.000329659340659427
0.00812916629824412
0.0149286481942459
0.00472410355082764
-0.00277839275959835
-0.0174667595370765
0.00261749367177466
-0.00391602306102479
0.00578789996723827
0.00282305109279157
0.00692939576732998
0.00967744086021516
0.00564428102994086
-0.0201207349359314
0.013184923950988
-0.0053333333333333
0.025415581769437
0.00784354712894131
-0.00570720123356228
0.00177413901064494
-0.00479215553270451
0.00889770761957198
-0.00643281821226871
-0.0128446425888754
0.0017983497492684
0.00549106669982269
-0.0284603966765343
0.015133520373289
-0.0151209236451528
-0.00335169214729569
0.011173779561727
-0.00375494049731728
0.00107686839245247
-0.00268932877247552
-0.0144536297535717
-0.00218895691619914
0.00855543508951251
-0.00358884187891817
0.0164810516323604
0.0163213255552881
-0.00464873735554705
-0.0151788559089147
0.0128260617894596
-0.00159626474836372
-0.00895328288211461
-0.0183911157757222
-0.104744147192204
-0.0107697590352437
-0.00309291097134945
-0.00310250674851065
-0.00659777152750463
-0.0115288968096906
0.0144523332068585
0.000749875059355309
-0.000999025949075194
0.00037498750000009
-0.00112454081125246
-0.0167626215470948
-0.00712464394719192
0.0152486158989156
-0.0137574650855433
0.003327399581871
-0.00382658153503623
0.00717037150244226
-0.00127137039047198
-0.00292764773237397
0.024511655189285
-0.000124635514018645
-0.00685438701032859
0.0129250718302152
0.022794808934653
-0.000726719978844881
0.0229090787878787
-0.00580633968250199
0.00500593551833273
-0.0430502609108158
0.0112776797303833
-0.011397059102869
-0.0172306809775798
0.00277498742148063
0.011069144654088
0.00833548177415344
-0.000863664372720674
0.0125956651298222
0.00524390243902451
-0.0174693922115735
0.0217311031418965
0.00664656193353474
-0.0050420886539464
-0.00168917718469519
0.0166788135527873
-0.04327151533744
-0.0264662639239712
0.0153159544432917
0.00967940881158724
0.0059761329681276
-0.0168316949196152
