0.00617204186022202
-0.00234926902835009
0.0194923856752385
-0.00603106634158879
0.00800416999747178
0.00345794048519621
0.00855135950354469
0.00569481165634556
0.00100669433740164
0.0134506594550348
0.00620193477293718
-0.00184913701248257
0.00222305789523225
0.0163894142602732
0.00921429403924745
0.00288328935327464
0.00814567531819566
-0.00261409208107921
0.00214440071135558
0.00380407737265553
0.00236851012864725
0.000118182893645846
-0.00413466026852538
-0.00782922866562652
-0.00239116454317501
0.0076701819829772
0.0101093955730402
0.00459201695513944
-0.00199247538677905
0.0138578975018697
-0.0038225644892258
-0.000232523255814021
0.00628046035308949
-0.00208045545817581
-0.00173724816943466
-0.0141547856095886
0.00247144871753036
-0.0170227400798311
0.00179140086738094
-0.0236050914498721
-0.000244261288296355
0.0120909384009869
0.029323035019077
0.0520515222021738
0.00858038797816785
0.00740247470108346
0.00263213423996489
-0.00109383069555535
-0.000657008322382802
-0.00810875502720232
-0.00364554806602568
-0.00975722342261409
-0.00526259109310467
-0.0168842871177076
-0.00721315581466253
0.020989505489442
0.0152490456935395
-0.00111257235578233
-0.00300731792166764
0.00357501947100825
-0.0116887785441661
-0.00687092821436053
0.00816605439868545
-0.00303741706645766
-0.00315963654390761
0.0131311303206307
-0.00312848044692737
-0.00156914367216832
-0.0327795008356645
-0.02089139875156
0.0151730439168678
-0.0187996265623497
0.0214209570560626
0.0243504130408854
-0.00659692917645438
0.0129380015084957
-0.00361703398194824
-0.0089620077376743
0.00183145602299173
0.00502744532772303
0.0128467145616953
0.00785727950868931
-0.00545715552447756
0.00145573343373795
0.00939278765514917
0.00243714420418106
0.000884097709892728
0.00309150932980029
-0.00275178872320947
-0.00331120316360267
-0.00299007742004176
0.012773531187088
-0.00372893178328593
0.000770673745956518
0.0125398630496156
-0.014991906083914
0.00132351387059693
-0.030069423614171
-0.0136270386924151
0.0154270778790344
-0.00374142869868799
0.0118356773016157
-0.000787402956364702
0.0235254850754385
-0.00813810623556577
0.0143031485906828
0.000655859182689511
-0.0232684834687734
-0.0134213728477185
0.067566025026256
-0.00244234899527129
0.00510960176475184
-0.00773137063612306
-0.00138759736604566
0.00662678509249237
0.0160331492885963
0.00731525744978034
-0.0131755992652309
0.0036795415155737
-0.00817009523232315
-0.012672974703285
0.00342282604391531
0.0037310095668055
-0.00106208576626665
-0.0177546144536384
0.00952481880641654
-0.00289478941443522
0.00408598924731196
0.00492609782371267
-0.00468876831580423
0.00385438963909235
0.00703920633448796
-0.00815500970461791
-0.0106780563656582
0.00766323782702116
0.0115681339806328
-0.00836509935694418
-0.00694075799379057
0.0160214838709678
0.0148163935827368
0.00125146523361619
-0.00614523474335515
0.00272481665740543
0.013586987876254
0.000412394295347784
0.00453516814683042
-0.00287296329645959
-0.00133769294093433
-0.00226688297990074
-0.00454407715492966
-0.00311238720938267
0.00707670962958518
0.00144680173959277
-0.00897743229893988
0.00156185962555333
0.00145545271950387
0.00674764856747334
-0.0108270052332334
-0.00552484102991768
-0.00660382585736208
0.00179386942472948
0.0166420367254678
0.00414422930410985
-0.00846058622493995
-0.00322577530126478
0.00949990594529782
0.00237852127337712
0.00392033426183835
-0.00298017681595253
0.0161822206611695
-0.00344858518910984
-0.00488552671755726
0.0174900895210215
-0.00482512048175143
-0.0234343434343434
0.00103432974762097
0.0132258629182254
-0.00744438114306301
0.000102681596575005
0.0137662220573751
-0.01074176124848
0.00133166355260195
0.010537074168798
0.0179186476808935
0.00188955737773577
-0.00784197950847687
0.0150075042023263
-0.00956130141630263
0.0023885150560754
-0.00327642967358577
0.0193246640036324
0.000879468369403558
-0.0122046477681048
-0.00770978566195091
0.0129495269742956
0.00747364524587169
0.0020498487667111
0.00438337212611062
0.000969818630881303
0.00203467689211023
0.0104428739207671
-0.0133971483253589
0.00620756559083535
0.0140736362844349
-0.0153991924543496
0.00183428264463648
-0.0036619255178354
0.000580307578879058
0.000290053174192062
0.00367218775592804
-0.00953204304321165
-0.0281909391992533
-0.0284085622845996
-0.0459178331900906
-0.00571920806559212
0.0314738661978931
0.00726012197748171
0.0012534732710705
-0.0164841005004507
-0.0210034588205196
0.0231877665707252
0.0124960393942601
-0.0121326638203885
0.0282689897809103
-0.0164745258502514
0.0135050360187929
0.00557793627885417
-0.00862861856453245
0.0179255617464396
0.0073290005563722
-0.00434519001965628
-0.0101491932421516
0.0092279402156048
-0.00772124352331605
0.00194535685359587
-0.00091972204251245
-0.00848926076984535
-0.0102125539465123
0.0067743722805953
0.0171843067740023
0.00183187458107326
0.00965051788601134
0.0224369053469855
-0.00118089939438393
0.0110345123152709
0.0232897966296104
-0.00219029612055432
0.00257686583867978
-0.0149452637331197
-0.0101469169845307
-0.00126913013765506
0.00694036147779964
0.00087366273422651
0.00358877795516532
-0.00918144380804631
0.0384315461889839
0.014371585707041
-0.00018517455662892
-0.000926164666794849
0.0172429771787435
-0.0162216891582515
-0.00694766114722545
0.00373135271636249
-0.00269516733634145
-0.00736185830513192
-0.00403681010242618
-0.000848298646368151
-0.0105660660377358
0.0018116228588374
0.00028550490149426
-0.00742148444189317
-0.0112154716257667
0.03082888936832
-0.000376196738903323
0.0149590364572487
-0.00556171687694795
0.00643178604056471
-0.00120408445675568
-0.0045437501685367
-0.00232883097026237
0.00336135393765358
-0.00223337057726936
0.00848718514748015
-0.00499399810396739
-0.0154289066057777
0.0299254035683942
-0.00146650781790103
-0.000275362579853833
-0.0148746941557362
0.00288933728316398
-0.0213754186129259
0.0100664574529974
0.00338473107009474
0.0221139521915859
-0.0533553345552743
-0.0128801275831856
0.0103992740115766
0.00747649300857356
0.00636079401771794
-0.00181952694540377
-0.00143913456473754
0.0119138929301712
0.0051272407899734
-0.0128471659470322
-0.0255502200956939
0.00520474309722596
-0.00195385891018107
-0.0293656997116014
-0.00968139331660378
0.0104888597909021
0.0179381129314287
-0.0173250169819816
0.0263952745034199
-0.025618375312673
0.0212551633299636
-0.022884188879982
-0.00777303670044482
0.0401871702086969
-0.00479262528937063
0.00766583783783781
-0.00555934853759243
0.0109847294133456
0.0238649490907072
0.00701154058166065
-0.0231463965294167
-0.0165671546908109
0.00617047024819728
-0.0366008166085617
-0.0394058902757817
-0.0184074892184706
0.00953706600943005
-0.00827936533573248
0.0135930322166327
0.0233369278776219
0.0216695688094286
-0.00494904545098385
0.0043645961540173
0.014148570413802
-0.0069755457294578
-0.00100350223776213
0.0136614862784081
0.00208105234045974
-0.00850475647236681
0.0318172245797481
-0.00763647194692518
0.0013637151231749
0.00369646876372176
-0.00755958519092859
0.00214844722366303
0.00760084756575186
0.00174081234543877
0.0202741645052296
0.00605601816805446
0.00705417607223469
0.00485659848697129
0.00901572670380979
-0.00727709114364561
0.00361888290671475
-0.00305105388124804
-0.00157653711255601
0.0616756339708107
-0.00113740154495001
0.00954720170880607
0.000954372705979978
0.00026002426297933
0.0082322008971889
-0.00730552655445682
-0.0118614978354978
0.00473145548229548
-0.0224121395728987
0.00651207861752146
0.0023929450962874
0.0114058445871945
0.00498295309889807
-0.00182671365541676
0.000610021786492387
0.00670611391743603
-0.00423910387539073
0.00382278894566102
-0.00917429453717944
-0.00462968191920821
0.00131637563799147
0.00446978973654311
0.00759097803340913
-0.00995844276173086
-0.0123327558412881
0.0131066598141456
-0.00961537570602489
0.00220653127431958
0.00466753840596534
0.0128857027895215
-0.000692358268480575
0.0127305879212734
-0.00820932943031771
0.00327640964106535
-0.00790648841606656
0.0148128895562563
-0.00793854873344346
0.00258127686644927
-0.00420526958990564
0.00379213999648487
-0.00248992012973359
0.0253055861594078
-0.00478509054436471
-0.00118092784864798
0.00447595627139763
0.000252219602283166
0.000336227617582452
0.00193257706188432
-0.00285135865232067
0.00588726651156835
0.00041809365247647
-0.00275806096518083
0.00100571572242725
-0.00979575502686281
-0.0100616811548579
0.00862652872178815
-0.005419586939439
0.00723717345007691
-0.00617077752736839
0.0125882708173854
0.00319191088134629
-0.00334925060705016
-0.001008107208335
-0.0627365801787375
-0.0193808529218713
0.0116204317721618
0.0108538713975013
0.0136900409146379
0.00203015268752615
-0.00369977987226344
0.00371351907539386
-0.00722339694917373
0.021384241917948
0.00304055248857127
0.00900745720602347
0.00283263519313293
-0.000513609509310675
-0.0143872659344164
-0.00825438381282062
-0.00674606629355246
0.0183469519710606
-0.0267647993096093
0.00444998216046644
0.00186070351000622
0.0105244715662864
-0.00481360922783813
-0.0143346848503623
0.00651316904865862
0.000620503512463566
-0.00044290398058755
0.00691304605312348
0.000880186595544563
0.00782691942508951
-0.00802790589926528
-0.00703732406755808
0.003012083708684
0.00150148382351634
-0.00317488317466164
0.00504290015962927
-0.00545770256087508
-0.00044258274625808
-0.00513594261932182
0.00623057420971218
0.00628039788729584
0.0151195584542974
-0.00788017818115228
0.00410230426813318
0.00139078580154028
-0.0030381858430083
0.0043535046469918
-0.00303422632048944
0.000521721739130454
0.00521472284398961
-0.00259383528985524
-0.00208042647295048
-0.0244961772629557
-0.0170080494120735
0.02146936336144
-0.0197765427496178
-0.00660450562385329
0.00837885223008583
-0.00758674126095782
0.00564254656832586
0.00180992760180998
0.00903342391237816
0.0175470640343884
-0.00501502709783475
0.00565927157694834
0.0211025581349893
0.00447778363414586
0.042777513197128
0.0043571111834686
-0.0107227389821191
-0.0216779991587125
-0.000253712791842275
0.00262243467238332
-0.0212622094480817
0.0125861982758619
-0.00417161590474724
0.00555699747322391
0.0041659410602124
0.00118532722728548
-0.0118393403805497
0.00581943527290441
-0.00604100234868554
-0.00659131141927738
-0.00396386891950362
0.00181682677798523
-0.00457690834429425
0.00156155118144041
8.66349091372953e-05
0.00181880306442772
0.00492781196382475
-0.000860280469034413
0.0212674532569954
-0.0139954808701165
0.00239423691477314
0.0233728391186683
-0.00133369174515552
-0.0217010186411989
0.026618914995469
-0.00955706790397948
-0.016193992280584
-0.0107462857142857
0.0114665231738342
0.00894990623934544
0.000506859833398821
0.0105547580849448
-0.00167109792780762
0.00284563936611204
0.00767816725087633
0.000165678319789198
0.00149055976332302
-0.0124855463455342
-0.0148203633927825
-0.0031446794783383
0.00366612666326094
0.00586139138751784
0.0266869005426265
0.00139835485728401
0.0128963366666064
0.00243291707781879
0.0144810370157671
-0.0139553426801381
0.00727861694656506
-0.012444825071582
0.00528456910569108
0.00363927208023829
-0.0499596784844428
-0.000933002528702209
-0.00263178535841946
0.000595846086248519
-0.00799661400263862
0.00343024609012743
0.0010255106225876
-0.00572012308682979
0.00240425040704317
-0.014990577608199
0.0113923386623591
-0.0111780134691828
0.000521721739130454
0.00921262835412184
-0.00292803988301649
0.0101053550708701
-0.00786659276271717
-0.000689494102296795
-0.00388095740959782
-0.00372294372294379
-0.0021725905970279
0.0144574377286186
0.00935780367382022
-0.0139491366845282
-0.00500303631501775
-0.00624188133926107
-0.00662997487472683
-0.00579611822790593
0.00379825107144471
0.0074797519137606
-0.00270764263617151
0.0152390786477492
-0.00422703595974872
0.0134280776228015
0.00530000841254896
0.0084183504833053
0.0118897381529552
-0.000583333333333269
0.00658718419077786
0.00422466861974269
0.00717640005337628
0.000900909105665981
0.00220934458889888
0.00775634370289824
-0.00518511707040425
-0.0023617639680612
0.0128163265306123
0.00225677440154759
-0.00570968244004311
-0.00323520707890013
0.00730283199128268
0.00257773483629564
-0.0102844207800451
0.00608865075499265
0.000887605906560118
-0.00104802482225075
0.00718262425364791
-0.0056090142882449
0.00902500417445617
-0.00662835005088358
0.00200980787852556
0.0147625482570808
-0.0452245482631748
-0.0147399716008617
0.00344592359776641
0.0164167770869987
-0.00304899057353103
-0.00380233086950732
-0.00531032207045279
-0.0186853358029363
0.00340022104216442
-0.00338869871747971
-0.00705543188588442
0.00539340819096679
0.00340594340248734
-0.0149354553610135
-0.00430737415045879
-0.00622946000641178
0.007487375870735
0.00449357929058447
0.00610804380777763
0.0193245152456054
0.000167804715777153
0.00109031281329419
-0.00561326235243575
0.00244334817687508
0.0126911662626199
0.00672259119798468
-0.000412225876037287
-0.00470103092783503
-0.00314879847530658
0.00432250197034478
0.00579371792749561
-0.00337389738414828
-0.000330286513662958
0.00107373420335355
-0.00330028060974286
0.00132447016578285
0.0106646908950454
0.007280155419223
-0.0219262386058652
-0.00033211557070556
0.00481728397313486
0.0142998508604766
-0.00456358083745068
-0.00163737205669467
0.00943010273300793
-0.00170592204233821
0.0071608593633401
0.00565568406695527
0.00658793278229353
0.00359164335867468
0.00668048364371687
-0.00197503551943379
0.00174147863941299
-0.0030028051441453
-0.00277401922444365
0.00381499761564141
0.00609657150997833
0.00141654206342956
-0.00172888801571702
0.00417223493798491
0.00164627628796299
-0.00970492313621951
0.00458390899062588
-0.0395720160524584
0.00540625810278095
-0.00325893764476026
-0.00122604221762435
0.0126851295083863
-0.00606109594409399
0.0056102285650903
0.00202134540750332
0.00096831275720155
-0.00894801268162804
0.0103302178244635
-0.00120764029633402
-0.0016927293518092
0.0130803635539825
0.00207222441960453
0.00771489681742876
-0.00220993691104809
0.00751467343006906
0.00321893687951014
0.00594767573914301
0.00241180190510826
-0.00651929344884938
0.00734319222495072
0.00434275310607424
-0.0104238363996541
0.00187258109011923
0.00327112943634567
0.00807323353118594
-0.00954879093216721
0.0108848472587797
0.00138434851917091
-0.00399388642075005
-0.00424111682362582
0.00379454798286405
-0.0106464284310457
-0.000311977529944718
0.0116225041721334
-0.00239029219846865
0.00502391385747747
-0.0187649236235095
-0.00117559373542098
0.00572815433571616
0.00889443721455008
-0.00734666317139687
0.00241505918966123
0.00559571781449786
-0.00115923951742203
0.00324976001045485
0.0010025373745941
0.00747362703070631
-0.00504733118106948
-0.00253652563244311
0.0104029510548522
0.0237950741227531
-0.00387368877109329
0.0187705278285184
-7.33685700174957e-05
-0.0105711495333199
0.00059357471875332
0.00363343464605181
0.0117472916846415
-0.00167953115700992
0.00950909175214965
-0.00978183500405183
0.00907353990711135
0.00188549681880334
-0.00955419775465538
-0.00146153906640001
-0.00234186184383667
-0.00916960046811033
0.00273928319260386
-0.00878619301851447
0.00677842830540021
0.00784253454150541
0.000220224635000488
0.00543122935779805
0.00386888809880692
-0.00443571831193379
0.0167262649411655
0
