0.026407826496853
0.00247989782144598
0.027056277056277
-0.0209242661448141
0.0135300889678647
0.0165352553560452
0.000298418137638645
0.0199911087571401
-0.00643561475344667
0.00942146327101412
0.022604681347528
-0.00299485155469825
0.0165927039569329
0.00422123258758966
0.0102283167901787
-0.00693481295242204
0.00139663411722446
0
-0.00404453294468055
0.00434108643937337
-0.00418297540179891
-0.0203023948558499
0.0122909959655424
-0.000141211347135073
-0.00536568765885326
0.012492873012695
-0.00140211721817163
0.0109519655861843
0.0136111527777778
0.00959162744896047
0.000950054288816338
-0.00379659661016951
-0.00394720288624995
-0.00204975403115615
-0.00862655085069908
-0.00483424019794909
-0.00666208161018411
-0.0240324437613524
-0.00157480319469727
0.0900487407527601
-0.0392001594001642
-0.00985762582341709
0.0232300884955754
0.0120270135135137
-0.00587531053378709
0.000671631994827449
-0.0016107785234899
0.00484002439526843
-0.000936580169563217
-0.00723183359399582
-0.0141642390731516
-0.00519984933771622
-0.00495187090585436
-0.00497640337165628
-0.0201445393104526
0.00822347948707614
0.0254534801651882
-0.0148107793420401
-0.0100221748341969
-0.00745229158665806
-0.00849975965432836
0.00428636960383977
0.0204865838599149
-0.00334594995067816
0.000699440500753656
0.027117723970957
0.00789323593250257
-0.0178233869247471
-0.0175969072751418
-0.0169325359212501
0.0197864626334521
-0.0210776384851709
0.0139741058309184
0.0113907606329524
0.0050055757787979
0.011344756659446
-0.00766069788401358
-0.002894940682452
0.0059449742583999
0.00343595372633443
0.0216407883402057
0.0257407977337873
0.00810345031751547
0.00777915238347537
0
0.010549337042995
-0.00572889857177983
-0.00537769540019695
0.00502059732234783
0.0114000128090175
0.00177303700320475
0.00872317341904361
-0.0100263565606423
-0.0172173823830202
0.0127528795344407
-0.0136097679874165
0.00490002560025693
-0.0246374695239319
0
0.0182870670099442
0.0028423901074317
0.00914711379230426
0.0169794710333342
-0.0347728453541127
0.00325139814346986
0.00285198344376436
-0.0130558814237864
-0.0117878326597992
-0.0307488415142017
-0.00218782998172429
0.00465940791202679
0.0039558042274126
0.00461961969075064
0.0152826341551895
0.0081257493006528
0.00726748150105694
-0.00760856588186143
-0.00277594176401996
0.0117974546183071
0.00262016238385554
-0.00666407953304693
-0.000920810349413825
0.00105335093034964
-0.0115743392289142
-0.0266134390788173
0.0105262608195145
0.009469764866606
0.0117930442859939
0.0135098940397351
0.000261421860745736
0.000130676768608895
-0.00692365746870061
0.00828735891689125
-0.00769737748995758
0.00486460701721314
-0.00758866937066605
-0.0112063022071537
-0.00693329333333337
0.00335660566501317
0.0211427129208064
0.00629017183305414
-0.00286496935974789
0.0066605981454877
0.0304877781399124
-0.00642077300767974
0.00620889524097556
0.00264449048510307
-0.000125621698356393
0.0119331363907407
-0.00645477920692095
-0.00849575201779429
0.0100806828366851
-0.00174659422422185
-0.0116221074089768
0.00986227132948647
-0.000626054815598298
0.00388370082686063
-0.0172219774324964
0.00139683809523805
-0.00887645182758745
-0.00332653514193781
0.0213093190934706
0.0011312720244161
0.00263652221879407
-0.0120210241419856
0.0131812417444552
-0.0253940198800596
0.0189962126044816
0.00390474875808966
0.0323714190353108
0.0154351484617787
-0.00179534404086146
0.00647481998861354
-0.0142959729736486
-0.0176456252754562
-0.00332181352512073
-0.000864090831648068
-0.00234744249203267
-0.00309597523219818
0.0011179627329192
-0.00744506799578448
0.00600078774848822
0.00149117681755717
0.0105472892690057
0.00552550330241885
0.00280869462460243
0.00487084736224386
-0.00508966329700666
-0.000121827043162659
-0.0109635040060179
-0.00566570992324911
-0.00111487670822941
0.00421631949672996
-0.0129662010508939
0.00825717502814949
-0.0042188362932789
0.0129595140186916
0.00861110827148348
-0.0071959509012306
0.00810805876884357
0.0160857790905626
-0.0142719482227853
0.00608346499371049
0.011246837314141
0.00334846914559428
-0.000953539905755973
0.00584583631591507
0.0214684502779849
0.00754753805570596
-0.0036879106956752
-0.0112202895738678
-0.0326392244043322
-0.0461966248350074
-0.0583238978702714
0.00403935656547816
0.037012230119351
0.0204319405035061
0.00620958022001883
-0.0104534254293849
-0.0328369861270205
0.0165811558515898
0.013851132686084
-0.0182584397344228
0.0375861625385117
-0.0157934572047312
0.00229240966476341
0.00622623911917053
-0.00921837329919517
0.013637522478174
0.0125738716531356
-0.00273191360650593
0.0117046696975389
0.025476923076923
0.0160826212193952
0.00992199338899158
-0.0185964444444444
-0.00929575691594531
-0.0313966088558862
-0.00856923777580387
0.029938606289901
0.018608598654724
0.00286564776119413
0.0220264084302038
-0.0080381411014977
-0.0528479142020455
0.0199628017368183
0.0189642348902446
0.00119300882844198
-0.00321730226923989
0.00179319780530318
0.0354414545784683
0.021896981280292
-0.00304495326592891
-0.0176471262975764
-0.00817594464191362
0.0270521546633746
-0.0067827041237023
0.0111540517737987
-0.00889231242198607
0.00511069829265076
-0.00429375141242938
0.00612801840235977
0.0140988037853009
0.00500497141563905
0.00719345941574301
-0.00505437852863688
0.0015460960282907
-0.00981363965567017
0.00534516685929276
0.0103012850055524
-0.00405660567982247
-0.0200352166462006
0.00842507330122699
0.00579262579233464
0.0108538707403492
0.00536874127430931
0.000544856134593319
0.00163381988092404
0.000434982605861167
-0.00250003260869558
0.00435873393348807
-0.00770314652713788
0.0119178221289944
-0.00572669889594712
-0.0229297225471546
0.029696339464071
-0.0321884201298678
0.0236607482959987
-0.0235499670349982
-0.00669940836756155
0.0276528667676808
0.0201269310900662
0.00814920634464489
0.0163795048834132
-0.0142319069533676
-0.0306793958815095
0.00339508275972156
0.0240121908749555
0.00937963120869756
-0.00422380161215841
-0.0010605089800475
0.0119958071760873
-0.000524525322049052
-0.0140637805842126
-0.0209708426448619
0.00402299658559313
-0.0142949865408267
-0.0209843557784342
-0.0141398606874664
0.0174160390988285
0.00492283525138171
-0.0169227009574704
0.0169875418917029
-0.00701564564535706
0.000112167771944893
-0.0139044404575017
0.000682260616732711
0.0185226931818183
-0.0319089601219109
0.00138298956032012
-0.0234779724188972
-0.0038892281411721
0.0545433052961419
0.00538543718339857
-0.0185247626545613
0.000454815251443419
-0.018524798693597
-0.0829087994105049
-0.0537878176939829
-0.0145450222966368
0.0227488293229203
-0.00781142602689555
0.023085080782357
0.0288248214118905
0.0376521439269324
-0.0161270498748209
0.00422207878085268
0.0362309866613955
-0.00871125267143502
0.0042132899963887
0.0390793823802298
-0.000922958006460584
-0.0167436031580509
0.037815630350778
0.000226275877799997
-0.0133499266133039
-0.0118105608509408
-0.0124158621489906
-0.00892965563471204
0.0109069237915098
-0.00492551911312966
0.0135533532953058
0.0117442093023257
-0.00206872768489308
0.0154324077984014
0.0203017017194442
0.0384615277730274
-0.00984797708944507
0.000648627027026949
-0.00432145644601234
0.00390617387560011
-0.00129696286090453
0.00887444785986036
0.00600727305291504
0.000213307743797353
0.014498944099181
-0.00693572900648476
-0.00349208465608464
0.013061527302995
-0.0169811631660133
0.00309235447955158
-0.0119060593175294
0.00505649290123178
0.0118818349792729
-0.000952046979287413
0.00762390919898537
0.0146069665991186
-0.000310781968593021
-0.00196845219545549
0.000415249653996641
-0.0163951639598889
0.0106551533847963
0.00365343412358765
-0.00530424325940204
-0.0209117526235022
0.00619395564068714
0.00721716188476806
-0.0130663643189386
-0.00768740091021125
0.00602537107756884
0.00855618181818185
0.00328735938640423
0.020188098296289
-0.00435141953019336
-0.00145680544134874
0.00010423093064027
0.0131291235476803
-0.0133703893848485
0.00802665485249654
-0.00847983480289038
0.0104297041227484
-0.00268367060333419
0.0311529073332777
-0.000200702605662073
-0.00240937654442952
0.00774877706303378
-0.00669061320841446
0.00573037090851147
0.00129945020692279
-0.0146750626869335
0.00425538006855253
-0.00605332911460865
0.00162406622890998
-0.00618159708147559
-0.00999290302844902
-0.00133893300397292
0.00020631188331599
0.000412394295347784
0.00175226762787895
-0.0165654899358888
0.0252144376393715
0.0176548937168057
-0.0572603183186892
0.0234017333602439
-0.0416796803001733
-0.0146420720599373
0.0177215303846237
0.020873891638264
0.0148321010152781
-0.00490657683571805
-0.0061896454049517
0.00475031126094239
-0.000420266862786289
0.0173428843529839
0.00361605534026177
0.0041177888008832
-0.0020504920847807
0.00369838724875238
0.0013306551073895
-0.000408882747441774
0
0.00623786679376348
-0.0209350198996947
0.0178534572494689
-0.00754637992140283
0.00606251541307046
0.00020422836465217
0.0052078219136118
-0.00589192389492244
-0.00143061514990173
-0.0170896232389518
0.00645491911124663
0.00434465717067667
0.0200845100457105
-0.00555334202793478
0.00385831056672381
0.0177000095772224
0.010435251129937
-0.00619648876161094
-0.00108868763768122
-0.00326961260279413
-0.00894633218581176
0.00972919788553273
-0.00347668627151476
-0.000797468102073262
0.00897846187107865
0
0.00543803643897611
0.00363846978781646
0.00235160694398617
-0.0029325805591619
0.00303919607843128
0.00576682642492088
0.00651115633603183
-0.000675871391329519
-0.00483091787439616
-0.0108738155339806
-0.0245386736711427
0.00945867406295031
-0.0154505881180222
0.000202531139086748
0.00840168024697152
-0.00692634992191266
0.00758111796219541
0.00943020666131611
0.0711587734697245
0.00129893302374229
-0.00416972765325674
-0.00195402436071435
0.0227484146420209
-0.00191430269592441
-0.0154351541772793
0.00686454526350988
-0.000829224241485016
-0.000553231919407038
0.00378267371328245
-0.00220592824799837
0.000736928900827882
0.00552281853389935
-0.0171182262379757
0.00633324002049251
-0.000370208226648572
-0.00157398386123542
-0.00324553053581345
0.00865196778587718
-0.000276692497264253
0.00590460380020863
0
0.0163257728728401
-0.0160635234376594
-0.00972207658187729
-0.00833565797595948
0.00495001400952644
-0.000836394067590951
-0.00595292519853174
-0.00917005682127658
0.0120880065359148
-0.00905104990297756
0.0231639083756283
-0.00248486094294642
-0.00488973157016093
-0.0350454196639587
-0.00384321668248999
-0.0121527970679013
0.0121070691682692
0.00405168805511513
0.0166217906106496
-0.00746622261537133
0.00599890514184653
-0.00416472306361149
-0.00950480001430287
0.00777274741169509
-0.00495140939682182
0.00430619138755972
-0.0203906532746256
-0.0320980066549558
0.002210843086909
0.0222600414440979
-0.00392343317087096
0.0178237119303679
0.0013544794760596
0.0078260676328501
0.00814884494581247
0.00941420656469361
-0.00320305222415362
-0.00671014094528188
-0.0147478118886357
0.0168034567801991
0.00455879946282844
-0.00245811673796303
-0.00748745128447637
0.00286474405209391
-0.000380822711316675
-0.0115260617776891
-0.000867273803621615
-0.00704092399691369
0.00514818859101074
0.00637800522676835
0.0169963992413713
0.0225663196084858
0.0024930470223532
-0.00285528230634602
0.00674298897574377
-0.00367007989118417
-0.000552509459527006
-0.00488343319712004
0.00731482407407413
0.00919202124099616
0.00837961555351474
0.00234849609202858
0.0247814722467201
0.00466056098610124
-0.0119912735229759
0.00983346057317847
-0.00149134137189832
-0.00386577930065002
-0.000176362678859565
-0.00176426427519172
0.0177624065831599
-0.00616479128531378
0.00436833832228145
0.0101774357183146
0.00266946532341694
0.0035210923476281
0.00684641860242063
-0.000594985115257463
0.00978058326619191
0.00168446892063168
0.00622213066509714
-0.000334260889684357
-0.00133742375668544
-0.00535698497231951
0.00403935026442226
-0.00444220106348492
-0.00370435261579694
0.016984976068446
-0.00373906113401012
0.00116763133998954
0.000916369535851613
-0.00141488969762982
-0.00316723612684022
0.0025920234547161
0.00984064682376284
0.0058634653848697
-0.00295567316201129
0.00551711947435574
0.00196541641171555
0.0380874873410297
-0.00551140846372089
-0.00981710093923049
0.0091148876629088
0.00522941134006349
0.00654208229190312
0.00430699305341409
0.00343081481481478
0.00691584416946411
0.000231509488632486
0.00401206693918632
-0.00414976545954948
0.00347246711852667
-0.00115344515590687
0.00200165526215756
0.000537894761639457
-0.000460735674545187
-0.00161345262404866
-0.00438624096312967
-0.00255064142252903
0.00728401377875199
-0.00138477569871609
0.0031584855274398
0.00921515121167915
0.000760964857114077
0.0104166283328275
0.00451505760038429
-0.00524392818773201
0.00444319625801914
0.00269905522945502
0.0102437262507955
-0.000814158827517231
-0.0011110666666666
-0.00177979228269365
0.00170860261712646
0.00207652779817624
0.00355247940913572
0.00405595852259766
0.00102827033543629
0.00403553472924467
0.00555400483934543
0.00312494899164473
-0.026805745322073
0.00156324720370371
0.0140478675363094
0.0178113913705178
0.00475301019189822
0.0114678250725966
0.0122591486769825
-0.00672038473698078
0.00366484603329931
-0.00386210929395081
-0.00338358943054007
0.0148535218965369
0.000766657395223413
-0.00389997225154881
0.00412498080210422
-0.00689312097525119
-0.0321110694765804
-0.0057950234162617
0.0134061639344263
-0.00603922657385092
-0.00528026039783003
0.00232687602306947
0.0182095913583746
0.00399001051699255
0.0236321120252045
-0.00381310996210793
0.011970227406636
-0.0030946770347382
-0.0166943562578608
0.00890981522638357
-0.0178707533255095
0.00141600816284315
-0.0214224968690259
0.0202297732756369
-0.00325760907298867
0.0104440568383659
0.00787508783662583
-0.00286035308665711
0.0208494448047722
-0.00589405096582674
0.00765254034500074
0.00164196766168678
0.0101776301985368
0.0069646291633283
0.00684934202053911
-0.00280110707214742
6.68472427274303e-05
-0.00882760655940362
0.0105930229124138
-0.0239017360388686
0.00362516423307446
-0.00163559603722752
0.00593894443515119
-0.00156077631948437
0.00448574714586591
-0.000541213910200344
0.00494208222466619
-0.00424416593581012
0.00365339291865774
-0.0231210506321113
0.0106955770176038
0.0183655559611828
0.00804503196446693
0.00957702840132324
-0.0235178322097925
-0.00175399721389724
0.00871794276733162
0.0200321928189799
-0.00755332676518883
-0.00191931163788306
0.00424374383984794
0.00224493896820621
0.00230585688214613
0.010056520376341
0.00969614120773254
-0.00064453465726888
-0.00503030446317954
-0.003370521152259
0.011121267271113
-0.000836206336680911
0.00984935650442509
-0.0035698158848031
-0.000447783256961043
-0.0082565793568683
-0.00296864800842811
0.00828531917000075
0.00532838145141223
-0.0424010137011107
-0.00440120011464118
-0.00535835890103764
-0.0264645993265993
0.00574107325041484
0.00708389987966584
0.00273174225993444
0.0160048421166676
-0.00831204624067794
0.00446129505933102
-0.00437421920427117
0.0155458130898103
0.00579031613976699
0.00251459113666597
0.00429038943894389
0.00985869246895921
-0.000260286375279528
0.00208314561497835
