0.00762334114902874
0.00845574117614012
0.0308914607237423
-0.0149828977957428
0.00869182963928727
0.00926324899884734
-0.00490926381683088
0.0079365724568119
0.00680993799489515
-0.0065525468917238
0.0557446595744682
0.00201535675161946
-0.00543041018844714
0.011728978529242
0.00379776141910382
0.000398267614530656
0.00358272278731198
-0.00555333223138954
0.00239327886703777
-0.000994807043167789
0.00816570420565021
-0.00533387999474277
0.0180734863187086
-0.00994923956103166
0.00827582266009852
0.00938057492204702
0.00290410443740163
-0.00173745177099316
0.0551151045274627
0.00146623897605869
0.000183071013599267
0.0102469712626909
0.0235464412886512
0.0019465758961803
0.012716372531197
-0.0202302057900244
0.00338196867212526
-0.0129501510191617
0.0109633538994132
-0.00586670222222219
-0.00894134509804523
-0.0115481599259531
0.0220884085813875
0.0191105369133582
-0.00543289510282341
0.0130396828193833
-0.0144373277287414
0.000882439110483801
-0.00758243709367734
-0.00355360702831564
-0.00927248540397696
-0.000719960390209384
0.00036024855907768
-0.0181851275083701
-0.0234732995318778
0.0105164507042252
0.017654654940445
-0.000730405432082026
-0.0100512242315201
-0.0114454314729714
-0.000746984140933327
-0.0145766778014084
0.0182059358998674
0.0130378098908142
0.00349334442900062
0.00311465726952509
-0.00438359817351597
0.0027518254541119
-0.0236004573728503
-0.00824431343909149
0.00566786321556778
-0.0210407476986662
0.00364609472949362
0.0319312051994496
-0.00352051132998876
0.0217553369608654
0.0010918471138881
-0.00818027661080811
0.0179618765036313
0.00144036727691099
0.0197770949258738
0.00581801823310957
0.0308501670613526
-0.00731168156246076
0.00462488858127985
0.00818412589312434
-0.00253680022768821
0.0106816039335369
-0.0104009224894998
-0.00186473972318224
-0.00577445642366758
0.0211820631844539
-0.0173970728905499
-0.00578821907428595
0.000856147230953841
-0.00889650968526079
0.00914895563611262
-0.0215531649256443
0.00157342654591908
0.00384005928015263
0.000347783006356517
0.0220754392851632
-0.000680289127215739
0.0154867261908347
0.00553045099817173
0.0178333333333334
-0.0109709841165875
-0.000662268189991155
-0.0463883358782582
-0.00243229669158618
0.0247300949052629
0.101461556764106
-0.0279277589238622
-0.00682539682539685
-0.0052740610516222
0.0086760440656799
0.00732722216195003
0.00679943052500231
0.00565417011635527
0.00327969706824449
-0.00762761543049861
-0.0185098039215686
0.0217356560652069
0.00281559518223062
-0.0107627981475152
0.00473041642164684
0.0102009100721765
0.00186414470106522
-0.0139556214593153
-0.0166693033495834
0.00223890935933002
0.00877617707918232
-0.00632712739121921
-0.0156001273479783
0.023124191461837
-0.000316105579263537
-0.0233992094861659
-0.00210459770114946
0.00648932521884027
0.0109606703584677
-0.0012755420714996
-0.00893992670721466
0.00257731950459661
0.0186375315347838
-0.00347006298201691
0.00284901867679643
0.00142045452303585
0.0430259882895827
-0.0104261408280448
0.0245839066906064
-0.0037257825253586
0.0215408084230608
0.000292824713825857
-0.00512368628674231
0.0116244998767585
-0.0151272872727273
-0.00620289478958624
-0.00520135227817875
0.0064236777286022
-0.0210777191148411
-0.00394230495567705
0.0309027087561968
-0.00738334306876343
-0.0142814487610614
0.00664043143252546
-0.00104947530957145
0.00900504317897521
0.015915513197285
-0.00571008759692149
0.00161968772671561
-0.00720373451354317
-0.0102177256066597
-0.00374027550809553
-0.0118635387814109
-0.0275076127276166
0.00312548825986925
0.00591989388004666
-0.00294258943781922
-0.0122708455547148
-0.00330239031294233
-0.0227201321754475
-0.0169518891984483
0.0101822796876709
0.00585272332475117
0.012122191888188
0.00479078576797809
-0.0014303242666982
-0.00588895413372736
-0.00752476797189838
0.00145184702526713
-0.055251286879791
0.0238703657674215
-0.0259783018480984
-0.0102582147287326
0.0190016068233132
-0.00339042199049255
0.00051027384741853
-0.00833046582794972
0.00582883573362469
-0.0032384183820835
0.0379617134062928
-0.0301483026334711
0.0125701038316648
0.0248280317928531
-0.0279914715992798
0.00606266409459977
-0.0123870434420139
-0.00271186440677962
0.0112168592794017
-0.0268907226890757
0.00829013788289679
-0.0781089572095074
-0.000743236714975892
-0.0392339352776856
-0.0205147482297174
0.071329775314567
0.0416820169368863
-0.000531143767705355
-0.0104517270070554
-0.0413534185221371
0.0194211208108519
0.0106246198937534
-0.0219321922034508
0.0706078775131185
-0.0259650337545438
-0.00462061489248267
0.0060703447980841
0.0214729910017033
0.0128561151345359
0.00257293314876383
-0.00889650968526079
-0.0217504229242189
-0.00070578791973841
-0.0256048203142359
0.000362468285610706
-0.0217391481568995
0.00814812962962974
-0.0178177446329489
0.0108471664326319
0.0436632940548249
-0.0260592270873958
0.0136512561640199
0.031244407097224
-0.00940276858784606
0.0172262263530711
-0.00259198207347466
-0.017844802185641
-0.00194032460646187
-0.00936732027687093
0.0881356483164255
0.00475482850451447
-0.0177872065565797
0.00049845490112066
0.00298905674212779
0.0223509595248026
0.0267206801619433
0.00346998411766619
-0.032851305137556
-0.00227531289249649
0.00765600273099842
-0.0303912216231617
0.00233409469823287
0.00365936466499273
0.00530328140536951
-0.00280247279920864
-0.00214913201689104
0.0222001321703094
-0.0119935492383541
-0.0162401249383223
-0.00116723359734483
-0.00734562579814269
-0.02236794521305
0.00602097013554159
0.0140218707250344
0.0242833562273752
-0.0159697393490371
-0.00585581395348844
-0.0440928826688954
0.0637323778826122
-0.00281360485976845
0.00331951867219926
0.0195202643586392
-0.000973568051702567
-0.0134805587136593
-0.0278235585174988
0.00270956820846013
-0.0119912010131938
-0.0082051282051282
-0.0236125129265771
0.00882612501937774
-0.00384955367105677
-0.00193219743544704
-0.00475186554030271
0.0173297969465922
-0.0245089522772284
-0.0169280295247333
0.0119630963191262
0.00340315230509947
0.00821135308818266
0.00566570467422101
-0.00616193672820309
0.0152347207221484
-0.0132612456244766
-0.0217506458311343
-0.0159074656543745
-0.00734750197184986
-0.0425610465847327
-0.0255122525893988
-0.00872665643501225
0.0238094837935174
0.00938057492204702
-0.0300097568244044
0.00798407217501285
-0.0134653465346535
-0.00863109193095135
0.0240940073718163
-0.000988592289893564
0.016821729998451
-0.00642277138141745
0.00470131253087769
-0.000195008769838023
0.00936035509673094
0.0405719296975242
-0.0128110469214435
-0.034417868512991
0.000779139072847546
0.00564416104234788
-0.0358041043469752
-0.0132476916900843
0.00305128152969902
-0.00709799214970608
-0.00245096001738077
0.0163799959049959
0.0489524788266011
0.0126752448626848
-0.0130855110942537
0.00115290159198889
0.00978892551972832
-0.0218589997745865
0.0068014381422743
0.0227755448219349
0.0084921113986749
-0.00842060270248135
0.0322702195784028
0.0129798717919585
0.00108285508031059
0.00558857029766391
0.0127286305616463
-0.0203576200970924
-0.00740874593422491
0.0034589295466958
0.0148766330710566
-0.00482661789107286
0.00790377251315855
0.0133666010806166
0.0177628909995975
0.0196993091359825
-0.00271140493853272
-0.00560744284137438
-0.0032467190704033
0.00531453779137547
-0.00545700896072665
0.00823043552812064
0.005272142946805
0.00135337504054522
-0.003547879769351
-0.00373011190233963
-0.00476511248349609
0.0116279069767442
-0.0135226335361731
0.00753937615593947
-0.00340137760886694
0.00341298646460708
0.0170068030103199
-0.00602006699030211
-0.0131224598439176
0.000681912717354294
-0.00800683120942369
0.0163146144599005
-0.00625209530246706
-0.00561130750533401
-0.000854993160054662
0.015403080609276
0.00522496190038901
-0.0298457080792374
-0.0266159864048394
0.0122513849431818
-0.0136817756071489
-0.00711360483727541
-0.00250766603948893
-0.00395040409320169
-0.00432668101087663
0.0157522723157704
-0.00623882375182971
-0.015246600896861
-0.00327870662008345
0.0129751276868579
-0.00108246436947501
0.00812716287027571
-0.00214974919383737
0.0150807896753897
0.0038909974550585
0.0257223934363071
0.000858794214036562
0.000343246953835585
0.00257330584022464
0.00102671117431052
0.00256413675213674
-0.00630866133644814
-0.00291691837537611
-0.017552933788454
0.0122613592573129
-0.000173074923462968
-0.00380751131546397
-0.0104239400551782
-0.00158005620751511
0.00351681033087403
-0.00350448571929207
0.000527571663927695
-0.0159929695608799
0.0142882473910253
0.0047543580779299
-0.00368038899964274
0.0221636419406734
-0.0528308371565852
-0.0452398610966595
0.0334919511606462
0.0241207507987342
0.0183387274063058
-0.000176518364698453
-0.0224262754295201
0.00180632222170662
0.00883523275938036
0.0319928680608959
0.00883266335875788
0.0127038969957081
0.00898453944788824
0.00840053763440851
0.00216597800733087
0.00465499568894434
-0.00264769154393507
0.00696862452297986
-0.0121930797856826
0.00750627176803542
0.00215226814065339
0.038658517076797
0.00731673305736802
0.0140533549959465
-0.00607285882789066
0.00234996075983207
-0.0178180681462956
0.000477387014640396
0.00747575962264624
0.00552571834543736
-0.00392526305425123
0.00598992758496109
-0.000470056408649389
0.00548672197073663
0.0015590739251492
0.0160336088428894
-0.00597518029608612
-0.0104808882774764
-0.00109034273007824
0.000155964454512603
-0.00467725295723809
-0.000626582080200611
-0.017241348232623
0.000318979261260344
0.00382649866348062
-0.00111181704434271
0.000159055496248284
-0.00540542113178311
0.00799232723797427
0.00142722801415762
-0.00665086281390781
-0.017216610871991
-0.00389297635383701
-0.0291483634587201
0.0167728952830073
-0.00280432205219927
0.00777497092183665
0.0283979654759674
-0.00957706274295089
0.00660757464315198
-0.00192121360744824
0.0153994064805902
0.00600317545028717
-0.00706658291457296
-0.0150245294954926
0.0245665064959297
0.00188056727972774
-0.00297196934146726
0.0111389234032342
-0.00310313435701159
-0.000155673151751023
0.00684934641498591
0.000927612863327099
-0.00494284846904058
-0.0166097490409733
-0.0197316501888445
-0.014653768587883
-0.00784441915091383
0.0222368970884022
-0.00580083780533613
0.00713124785848884
-0.00370130356777132
0.0251978840251981
-0.00882308163190371
0.0176442060085837
0.000624820397914005
-0.0096784111669812
-0.00267968163114252
0.00410935672514601
0.00897212354749133
-0.00780031225585998
0.000943427702623456
0.00298457430097399
-0.00657788587557984
0.0146618477061327
0.00761337775616266
0.00185047037318342
-0.0110820530847767
0.0166536964980544
0.0174525260257197
0.0263316284431483
-0.00483802968535441
0.00486155000861288
0.00381178718387032
0.0197166493396137
0.0439701947865943
0.00960347111542692
0.0082891837635104
-0.000538989240120746
0.00498914482259205
-0.00389106405328143
-0.0704471462943735
0.0159397039287146
0.00698897436900614
0.00566575086871812
0.0273239718309861
0.0128872357310876
-0.010016215891292
-0.00328133720647172
0.0027434292800157
-0.00766069788401358
0.0147504822890752
-0.0206494359373802
0.0099875439027628
0.00810333767623517
0.00272474107017051
-0.00203805712059946
0.00530972111544137
0.00636514118987752
-0.0100928545308264
0.000271941279824439
-0.013047009702446
-0.00151474794072914
-0.00206869391618558
-0.0143725951579244
0.00392593942793051
0.00474865935052127
0.00569913801225619
0.00373192823032276
-0.00550815179668884
0.00623091932662834
-0.00536671268382316
0.0100996542625851
-0.00780714949165451
0.00607392307912957
-0.00137209116515191
0.0100302694425702
0.0140116851037495
-0.00456136296536958
0.0367924947490228
-0.00844925256726903
-0.0175668198422498
0.016413076690337
-0.0123407512758502
0.00385476523243011
0.000132441742549227
0.0103270092721699
0.0153322635390452
-0.0125193722566066
0.000261364520680596
0.0181627991397204
-0.00102671973887891
0.0483042419478028
0.004534350601332
0.00622181278245937
0.00412217492281131
-0.00917655155759478
-0.00548375592209982
0.000857725758390826
0.00734572722820759
-0.0042537555208283
0.0223361650189184
-0.001313275995385
-0.00561867290810103
0.00805479682615995
-0.00524739428139276
0.000839215881107025
-0.00371352406396042
-0.0116628715080649
0.00681271314401632
0.0111164569570699
-0.00203152485659663
-0.00945995666483168
0.00652805843172088
-0.0043238048444918
-0.0132689864108809
0.00391198029662654
-0.0070628589723748
0.00122636741198967
-0.00293969871312716
0.00982794816147536
-0.00352789550588417
0.00354038561638936
-0.0030413626414123
-0.00866380751667384
0
-0.0147710121804778
0.00349823833710339
-0.00385953685258955
-0.00849893742034913
-0.0157569641810925
-0.0154969130251815
-0.00468324425588995
-0.00156846159800128
0.0133525986824532
-0.00542573282905401
0.0216912072136954
-0.0130944183526865
0.020481824828616
0.00164096185759965
-0.0172652178264705
-0.00166715818156604
-0.021194618399348
0.000262519695374719
-0.00931512714097182
0.00119184210854617
0.00079373017972828
0.00171817331651214
0.00778461528190233
0.0277559974242994
0.00675157961783435
-0.0074654815571995
0.00242216974956211
0.020094137864459
0.0104725596617949
-0.0324491659796731
0.0262688734065
0.00944327748099116
0.0104628018331561
-0.00158359125757546
0.0019522206192315
0.00267892099322009
0.00570806440165472
0.0240309751003738
0.0113207425240303
-0.0413946235682224
-0.0158131007883846
-0.0266963773725681
0.0171428317460318
0.00911365815514742
0.0199183466554909
-0.0465793778122423
0.014503817162947
0.0186857917904637
-0.00357012174430171
-0.0147022729255678
0.00363637617554868
0.00412296346672947
-0.0145577448839961
0.00984856097911213
0.0167541504093216
0.00282836940482056
-0.0120172037271417
-0.0301601216333621
0.0135653700225924
-0.0184343315063509
0.000771867784200353
-0.0217223899078771
0.0214163313438926
-0.00527393890594141
0.0147420014291477
0.00331339361140071
0.0143528255676555
0.00638620077152274
-0.00124431997346064
0.0159462569806748
-0.00564079684951091
0.000616635867142001
-0.00948972158602079
0.00597231531769382
-0.0233766115863108
-0.00265956183712712
0.00977773968253981
0.0150905941306814
-0.0144945241019012
-0.00389698288257767
-0.00290252405104807
-0.000759460808518964
-0.00164657384344169
-0.0111646536412077
-0.00205289961373112
0.0140139369248384
0.00126788381128873
-0.0125363807453922
-0.0147473833772487
0.0157490429324734
0.0238339438258079
0.00075090110761189
0.00125061282204375
-0.0312265808450307
0.00232078396907642
-0.000514548508220969
0.0189189325193926
-0.00126307948119453
0.00252936638421675
-0.00378448355435168
0.00595163978787361
0.00138470540320479
0.0524198346039031
-0.000597264684695675
0.00848570595161235
-0.0163545514228923
-0.00590359036144583
-0.0170888857813869
-0.00813805198860784
0.0221282813990977
-0.000851362188623583
-0.00109560557283983
0.00341211317114598
0.0182171492940078
0.0158635742301325
0.000821885659783472
-0.0181839046969474
0.00657182443369986
0.00807217493048862
-0.0122468326011972
0.000357737256476032
0.012036633915546
0.00847858003953306
0.00618868526609861
-0.00406171530838395
0.000932206944768144
0.0128055643118612
0.0102298735632185
-0.000227511664893765
-0.00182091720197164
0.00319232702305694
0.00659168102265428
0.00293555379925481
0.00258917026704553
