0.0308084795371082
0.0202247640449438
0.00660790719788951
0.00131284461022219
-0.00480762695837544
0.000878370643865534
-0.0210619341350622
0.0239802784397194
0.00284528349409685
0.0165866870362288
0.00901670206025318
0.00531914893617014
0.0484656296296295
0.0155429952453978
-0.00675809964702634
0.0116069239222147
0.00435214647580917
0.00689381524522359
-0.00802034444484234
0.00197203711244387
0.0106277699148245
0.0124635642634299
0.000384612410671004
0.00403774289704839
0.00670239359053237
0.00266309682328325
0.0045532537384414
-0.000377733703914362
0.00472321934630648
-0.0094020308386612
-0.00417617691723604
0.0162028596302488
0.00750324502901445
-0.0173152116424357
0.00890490733052118
-0.0148356995305163
0.0110560810342371
-0.0333710589485093
-0.0072166569143749
-0.0206287614684181
-0.000401123386203572
-0.0102348380399423
0.00648821978913228
0.0306204881269234
0.0211102814698985
0.00918834191468831
0.00853560302474188
-0.00112839951583232
0.0058368855990043
-0.00542862244210496
-0.00451725946701931
-0.0168273589870932
0.000384615384615428
-0.0346020569011919
-0.0197132811685927
0.0150315051797685
-0.0146087449547981
-0.00852969096142597
-0.0124948996312986
0.00145198094693999
-0.0171913425267469
-0.00505799778592197
0.00995553929158088
-0.0100670931208053
0.0105932201145504
0.00796647782040938
-0.00436778268020876
0.00877380423592644
-0.000207123623791161
-0.0163628213828256
0.00905445318785203
-0.026919804963264
0.0330258839153788
0.0122482878243011
-0.0535274017033389
0.0548211893901975
-0.0230073746918652
-0.0037846929397668
0.00422121139254505
-0.0138714580129694
0.011082715732426
0.0139122895006807
-0.00686066556593201
-0.00125603935524388
0.00146719768323611
0.00774388881841559
0.00228444434955577
0.00808130990805256
-0.0113053232762458
-0.0114344911199372
0.00694010529842504
-0.000626629059594208
-0.00689651021511006
-0.00925921717171718
0.00849613387866888
-0.025905644481887
0.00302700540540557
-0.0187540206672563
-0.000439367311072081
0.0250549230769233
-0.00728988008769049
0.00410373658971341
-0.00516244331415594
0.0198918486486486
-0.0144158581477999
0.00989457905379321
0.0038338657330379
-0.00360708670470844
-0.00532367984079385
-0.00877756387877471
0.00345572361675428
0.020662914779658
-0.000421678634402234
0.000632869171608874
-0.00168673835125444
0.0206970230495047
-0.00351752520101289
0.00352994186046529
-0.00889716495356241
0.00125254692056176
-0.00166801504728975
0.00271505842282682
0.00812339129862072
-0.00206617760057115
-0.000414078683521391
0.000414250215705403
-0.00745341630338336
0.00333748442506221
0.00353434526130347
-0.00124302879635385
0.00829707546768454
0.00349718157792256
0.00348507592220337
-0.00143003061429969
0.0184123973319885
0.0108477503183559
0.000596144674085863
-0.0081429794694331
0.00760915113354321
0.0184817170111287
0.00682922926829277
0.00620155062796712
0.00462253484678476
0.0138037001533744
0.0030257185509508
0.00169683254719399
-0.0114812909564974
-0.00171363290175175
0.00934575624642386
-0.00472411204550693
-0.00987271729154038
0.0195588870734846
-0.00959183786314988
0.00360801367261687
0.00340588470788594
-0.0050914766187341
-0.00568610711471218
-0.0203964929545652
-0.00739445431785279
0
0
0.0235248195853683
-0.00287297458098024
-0.00288130997154612
-0.0123290310152185
0.00351084454846884
-0.00991257512317634
0.00844130366001772
0.00253067943411867
0.00951460194174758
0.000192306205335502
-0.0105769038461538
-0.01457725919189
-0.0222879877260752
-0.0225942909017551
-0.00474716192472313
0.008710037148278
0.000205653787122673
-0.0115108320036656
0.0010396964025785
-0.0130868511235325
-0.00884020243486439
0.00254829050753869
0.00614278767512788
0.00610528421052625
-0.00690525200030845
0.00821742537331271
0.00355281101579163
0.000416513952519626
-0.0114487716184686
0.00400079999996628
0.00713087248322153
-0.0172844856309872
0.00148334396023198
0.023063902795764
-0.00455009325956957
-0.00644090990149782
-0.00836474278544541
0.00590474508244387
0.014884674740363
-0.00392478826688691
-0.00559933625882758
-0.0319082996473764
0.00236968989098174
-0.00988607371343375
0.0177989798133276
0.0132224144427897
-0.00652487924752176
0.00656773291170065
0.00357823631143894
-0.020134207214765
-0.0111301367480707
-0.0233766661606782
-0.0347961000619703
-0.0123995640045823
0.0227854928056495
0.0190952480520461
-0.0040151682348798
0.00761478129385074
-0.0366748594498839
0.00646052145823717
0.00298030726685705
-0.0194285257142857
0.0186479944686249
-0.016247116333018
0.00162826231085078
-0.00557364130112303
0.00256889304063512
0.0125786396459353
0.0165631006081641
0.00135779591214735
-0.0230508474576272
0.00346983576220228
-0.0214384504048305
-0.00918727893551763
-0.000951046101972164
0.01142313184198
-0.0331764705882353
-0.00170357751277683
0.0104827157484153
0.000241206266798466
0.023154824485162
0.0287600437887809
0
0.0153529334407179
0.0185059801736407
0.00642581417181876
0.000440356690460497
-0.0114436842307148
0.000890494251580387
0.0133452405103478
0.00877958716462723
0.000217624025622865
-0.00587339556507738
-0.00897155341418931
0.0311326996879511
0.00406847957026812
-0.0106632546526606
-0.00323339088668673
0.0121106612408883
-0.0271367527165973
0.00285528229420784
0.013578602715725
-0.0676317430343937
-0.00301279244436647
0.00116225011622495
-0.0218249129324356
-0.0144790169836454
-0.0214354287090559
-0.0029535564126616
-0.0493705282335487
-0.0194754619306914
0.0127119710122865
-0.0271966774478725
0.00564513425685109
-0.0261962042234696
-0.0164698874553939
0.0248394906592526
-0.0185185180142018
0.0119311872383134
-0.000274252803009301
0.000822901832772782
0.00575497365004263
-0.00490465926690298
-0.0249178258488502
0.0101095195139143
-0.0155685566981221
-0.0039536853996045
0.00396937907570161
-0.00903699519909607
-0.0247933599316045
-0.00116893626040526
0.0198947045055586
0.015490561804631
-0.0313559586804544
0.0207057153483314
0.00885717142857145
0.0311526187722282
0.00741554517989562
-0.000817829880043641
-0.00409282378756759
0.0161643835616438
-0.00566187651658134
-0.00542302046033027
-0.0229007633587786
0.0111607700892855
-0.0242825869601221
-0.0237556837173165
-0.00376596176129784
-0.00668796181122322
0.00322014051522257
-0.0233440035016049
-0.00328652514829642
-0.0554556638052858
-0.0317359568390987
0.0255654211733858
0.0201341955853565
0.0410401002506264
-0.0240746313572072
0.0370028060437866
0.00327091872521801
0.0284528436008986
0.0187319014774667
0.00311176821000125
-0.0874223938923406
0.0333744736287247
0.0242225186669414
-0.0052554744525547
-0.0226005576753743
0.00840849875100602
-0.0119119111428284
-0.0467149186256781
0.0259248190301871
0.0360554072093866
-0.00654363493586063
0.0149700589838289
-0.0368731541667756
0.0349157405870908
0
0.00177558443990589
0.0227474459525818
0.00491051429550859
0.00488640399866647
0.0148741709060116
0.00986476888387844
0.027909571425645
0.0222644571129809
-0.013545895694773
-0.0298869151827389
0.000832694999519878
-0.00804217947747687
0.0232037461559966
0.00300549196751332
-0.00408602571740746
0.0246170124557712
0.0197544586159759
-0.00340316745017888
0.00262668768058827
-0.0146711299277512
-0.0268546390094485
-0.00355183079518195
-0.00329045782038784
0.0143053928090999
-0.00678058060158881
-0.0084652651137429
0.00440649946553306
-0.0117905124269124
-0.0258046607712358
0.0122472226645622
0.00506471567066091
0.0103583143796664
-0.00249376558603498
0.0230556111111111
0.00841696940445469
-0.0148088049221541
0.0194041814703469
0.0109919573992483
0.013789472654189
0.0167407533350772
-0.013377952492358
0.0331160643085302
-0.00908634550949883
0.0119715237886664
0.00453058142461615
0.0040090202956653
-0.00324434739206392
0.00801199319008505
-0.0288127187686399
-0.00971859384749829
-0.0165288993665058
0.0031512340781914
-0.0123036907773904
0.0177578054598464
-0.011458410861541
0.0152792943961877
-0.0236118312503416
0.000531517392200032
-0.00424966776894209
0.000533368869919171
0.0229272472901758
0.0380506395113536
0.015315013039668
0.039812068244611
0.0102259455463958
0.0138888888888891
0.00371488274901322
-0.0106407587323616
0.00140289922843118
0.0149427730589413
0.00299049912605232
0.001605504660803
-0.000228944365877948
0.00366468163078348
0.000228251939753621
-0.0182524061942777
-0.0281198937513337
-0.000956504065040775
0.00885598393623721
-0.00237255030260741
0.00618316304835109
0.00330891034486158
-0.0120141811068508
0.0014306390422183
0.0169047380952381
-0.0517442999705995
-0.0335802716049381
0.0362800724649992
0.0251479530288967
0.0315054578400453
-0.00652828180294451
-0.0154893213919426
0.00405239561257686
0
0.0322887234636449
-0.00735970561177557
0.00301207136237247
-0.00438907358768592
0.00881675214926925
0.0108095906163754
0.00682591565811341
-0.0174011299435028
-0.00206994020239171
0
0.00760548531010574
-0.00274480780547115
0.00619268377030657
0.000683907013537821
0.0236901355949823
0.0031153316225041
-0.0186335395459832
-0.0178571646538351
0.0110471573982243
-0.00432501707261557
0.0162322580597962
0.00157478061699035
-0.00314463162623546
-0.00157728703070559
-0.00857596459995569
0.00318688823127711
-0.00680735194009519
-0.0068539867489148
0.00368069924820102
-0.00137522343856922
-0.00206564149644262
0.00735968261269559
0.00730593623986153
-0.0181323440193187
-0.0175438365650969
-0.00399440780088323
0.0106157350935536
0.00863676470588226
0.0127285122131107
-0.0141681679235909
0.0157626568326994
0.00273845276129614
0.00182068734230056
-0.0177191731031351
-0.0282146610446501
0.0223702760590194
-0.0223463459577828
-0.000476190476190519
0.00714623630300149
-0.00591296135082686
0.00356890324931958
-0.000711190137505868
0.0156583385215499
0.0039710113531648
-0.0118659609120519
-0.0134212146592604
-0.000238735072136675
-0.00095490572821455
-0.00764633250400637
0.0154105228849151
0.0173109801902291
-0.00256412575458631
0.0112175505674796
-0.00254217702796411
-0.0118164504170527
0.0145368809126902
-0.0214929512364225
0.00118089277279165
-0.00330264221048937
-0.0028402130177515
-0.00664616646935279
0.00310638007676833
0.00571703191996198
-0.00094744194818952
0.00331910858226658
0.00448955576559551
0.000470501080710228
0.0176346112775596
-0.00462100287941314
0.0118383931365649
-0.000458820830465778
0.0729859995409685
0.0109090481283423
0.00359716477347294
-0.0107527303394476
0.00277069491776194
0.0142402128425125
-0.0301760681019266
-0.0237683453709667
-0.0763612217795485
0.0275581356338366
0.0142257692577945
-0.0052886638174906
-0.00601012510449039
0.011395395348837
0.00367900649901109
-0.00320742253345141
-0.00597559209264964
0.00693639306358373
-0.0101032838140823
-0.00788682421974418
0.0107552022445638
0.0249826740689336
-0.00699618580464489
-0.00227268181818185
0.0177676073909974
0.011638339301701
0.0170353978531992
0.0128344569755392
0.00987970339605448
-0.013185835814547
-0.017456938902718
0.00329023908751913
0.016834192530206
-0.00946028851689051
0.00325593661818968
-0.00194720895830369
-0.0205939947844355
-0.000663966356794998
0.0110741966301573
-0.00679084307597611
0.000441133656815085
0.00639331996487402
0.0118290684850353
-0.0017319333563961
-0.0073736931820928
-0.0229407690627048
0.000670818410759777
-0.00648046927374291
-0.01012148020966
-0.012951579775123
0.00276247704333499
0.025941183977475
0.00581790122662573
-0.0100111454947465
0.00516853932584271
-0.000447149564050786
-0.00111829570830468
0.012091379310345
-0.0143805749030846
-0.000673378241826561
-0.0087600853548967
0.00294577378323657
-0.0110708997320786
0.00502631939684695
0
0.000681927679839767
0.0129486597001363
-0.0253420273603947
0.001840819186397
0.00666056484472755
-0.0027379191084681
0.000457584087338869
0.0169220443631375
-0.00832028314998245
0.0133787080897374
0.00268520927914984
-0.00200848020512201
0.0082736804947745
0.00377019294743852
0.0024304243230413
0.0352656388641315
-0.00979354886537043
-0.0221457330529236
-0.00615653034300789
-0.00973457943065081
-0.00670239082673774
-0.0105712328063706
0.00977485747784246
0.0139577448877868
-0.00754884530308952
-0.000671208038675486
0.00761137262643263
-0.00355476576559732
-0.00289848396425785
0.00290690959510487
0.00222972139262967
0.0146829807634485
0
-0.000657728553875692
-0.00504616037533301
0.00815883167183395
0.0113735999262117
-0.00281144018981661
-0.00151810883716963
-0.00521290171127486
-0.00851526219465648
-0.00330328121559109
-0.000220901468002799
-0.00795582320441979
0.0022277345116446
-0.0100022444986777
0.00246971256242245
-0.0082867409502021
0.00903344645513671
0.016338406445837
-0.0178375247742787
0.00672654738684075
-0.00200447652541313
0.0127203746324398
0.00440724979270057
-0.006801272189501
0.0112657168102495
-0.000655286165471392
-0.000437158469945409
-0.0887820249289306
-0.00863923727570137
0.0263858865556552
0.000707499966627445
0.0124911383455104
-0.0139664342170959
-0.00165250232170677
-0.00614807268507744
-0.00166547707983511
0.00428979991157763
-0.00569523032024755
-0.00906925971029782
-0.00505777938342977
0.00459934629389136
0
0.0371084578313252
-0.0113848045681969
0.00164512342291712
-0.00398869084910114
-0.00800942266173332
-0.0125860600193288
0.00577195739432623
0.00956482544237214
-0.00663197521004333
0.000238483553612001
-0.000953539905755973
0.00238601765688395
0.000238086181294284
0.00975725844835784
-0.00164975253358479
-0.00731827178191047
0.00737222371872104
0.00472143520487656
-0.00281959579841173
-0.022620146621587
-0.00554484088717444
-0.0053333575757577
0.00316843780571374
0.00340133624878525
-0.00726389848096609
0.00341460975609764
-0.0123966459017173
0.0184592660974829
0.00193325273240097
0.0082006755475319
-0.016746435807331
0.00340642352342679
-0.0104267938687296
-0.0127419746938993
0.0151402577527859
0.0117359162965323
0.00241660216489592
0.00289291224686594
-0.0100961062546204
0.00242833899951433
0.00339144872556818
-0.00386286836614513
0.0029084586964836
0.0140163843881977
-0.00595805543274674
0.00167825465543636
0
0.00957398299602641
0.0265528449502133
-0.0187066286075435
0.00305947267312434
-0.000703871438382686
-0.00352197698990375
-0.00471246476702325
0.00591856032582583
-0.00870800147291118
-0.0204178779776324
0.0167232921339453
0.002383742493832
0.00237819268438044
-0.0113879947146859
-0.00959918452599873
0.00702692028107577
0.00384985553778017
0.00119844196552155
-0.0165189849174049
0.0163095902478292
0.000479041916167766
-0.000718170936078621
0.0028749160098267
-0.0129001669159061
0.0212972168441432
-0.00616118468812354
0.0109681213869366
0.00448108469428843
-0.00516555529467022
0.00991272149900202
0.00981533045535588
0.00185146961007776
0.00369600361062594
0.00897581107075252
0.00570255474452552
-0.00453619868450894
-0.0129869904986784
-0.000692497691597516
0.00207900203097711
0.0043798754177069
-0.00114757860913461
-0.0107996553308825
-0.00696861804805149
-0.00561408187134493
0.00258765008645723
0.00234636326481397
0.00725650732077443
0.00743664902246466
-0.00807377199878989
-0.00906974418604656
0.00938739710426217
0.00651018398094316
0.00346495718491679
0.0128913677000775
