0.0300218408888799
0.00512084935653445
0.0271596526562567
0.00227487493800571
0.0167069395348836
0.000951581062493823
-0.00160878244972573
0.0271735627860072
-0.0138334456924989
0.0230296271215555
0.00134291620545302
-0.00529380613459385
-0.0132695438012516
0.0212505998301356
0.003380121249142
-0.00480744595100735
0.00486585477588175
-0.00249128399211496
-0.00369349937981389
0.00353069929443328
0.00432741073214826
-0.0160442308708684
0.00398745008566914
-0.00489363475177296
0.0150024662355226
0.000948000605006438
0.00385831629901823
-0.005660464472657
-0.000737901502539606
0.00527481811152408
-0.0149019137178074
0.00490041217821169
-0.00544181085698459
-0.00991297879212738
-0.00150726331002293
0.000287582672785502
-0.00441941279485525
0.000721834071555572
0.00259656308064105
-0.0132729141659326
0.029782672759993
-0.0138412090283269
0.0154354878335174
0.0258059525981698
-0.00234334901234912
-0.000172670120898055
0.000967348379311783
0.00162220336919128
0.00317016871798059
0.000790090010821753
-0.0153423748342055
-0.00289325496909409
-0.00237718241050922
-0.013911767423201
-0.0127220578405557
0.00766685244522369
0.0285050211035534
0.00979407171381408
0.00209797076526219
-0.0130765966369747
-0.0214918910029652
-0.00611295102734755
0.0354013739045529
0.0128820968902958
0.00559197355971075
-0.0016615352583752
0.0139592300299378
0.00706767915988094
-0.0196241281149002
-0.0157760610687022
0.0097552117941011
-0.0139965387566169
0.00931344431352277
0.0128979491694476
-0.0100243565768909
-0.0430692244749432
-0.019018363388975
-0.00470102759081625
0.0231400377698454
0.000751474371947669
0.0188092619805313
0.0059667297607422
-0.0083038767822412
-0.00478491344110732
-0.00332308840320794
0.0016670840693418
-0.00984418930263853
-0.0122666227785321
0.000977548057659261
0.0106344610276718
-0.0031853400827202
0.0135722195406907
-0.0109461791118508
-0.00343847406424913
0.0160652715664633
-0.0125569916628804
0.00365377914237319
-0.0209150765450981
0.00987894404654188
0.0231744324555985
0.00254013395490693
0.0181229326262515
-0.00141712633098323
0.0129798205257026
-0.000888437082096183
0.00701100561582102
0.000679171308710869
-0.00149330734417052
-0.0134257201347047
0.0048232410658291
0.0140231637657111
0.0143702451394758
-0.0125
-0.0056371746835443
-0.0030551769967998
0.0102833664940873
0.00519035368289766
0.00254831687729085
0.00133777257525081
0.00474286248649691
-0.000398893016447355
0.00123044557776719
0.0037532964882816
-0.0075116443079426
-0.0175373591263347
0.0167983906798146
0.0174887860871902
0.0113822809510407
0.00512443507481475
-0.00797006217327534
-0.00894483470631779
-0.0075814663587157
-0.0057874197071992
-0.0110434984691564
0.00430526389495989
0.0065976825291898
0.000432539262926079
-0.0134025008254182
0.00488768617423729
0.0174096919296414
-0.00633031017462482
-0.0156280838869851
0.00360662336304274
0.00356014655606063
-0.00441759388557939
0.0100847112043438
0.0014310203150254
-0.00302417330066573
-0.00933329333333333
0.0104642862531243
-0.00852451805484011
0.0152141024349286
-0.00731107584792601
-0.00679844020532183
-0.00298622287348993
0.00363460303385943
0.00261551538255134
-0.0127424682274248
0.000779196444465002
0.000304640836909176
-0.0067003178674051
0.0210540388411886
0.00306968078351444
0.00306018356351356
-0.00693084756481566
-0.00681218881089196
0.000941426224737807
0.0119918604504456
0.0047797724717944
0.00921677210184968
-0.00432080851063821
-0.00259707416062704
0.00191168453582757
-0.0033555581032485
-0.0379600579121284
0.00168121454735082
0.00315127421284322
0.00976581351665384
0.000608660217067847
0.0103413216020545
-0.0176277400275946
0.00595866385672883
0.0219672046982995
0.00738585450833296
0.00243289712739481
-0.0159724338990969
0.00706594342921019
0.000728118498655395
0.000959119637515604
-0.0102094659326049
0.00707679323851673
-0.0575093834233195
-0.0359780936340731
-0.0259384385432001
0.0142696554307116
0.00753298628213872
-0.00124609123153174
0.00928405895988904
-0.00596282339417753
0.00877832499147746
-0.000870159573755913
-0.0221004392662246
0.00256059300641787
0.000296068991766596
-0.00832593281253446
0.00574651687549976
-0.00226314696791874
0.0180722362228949
-0.00898528748990168
0.00799787315352685
-0.0179896273351723
-0.00722344993646296
-0.0277913357875831
-0.0469485300248881
0.00141668081663604
0.0420776243026102
0.0233504869737442
-0.00598865586875086
-0.019294558627264
-0.0186243942717493
0.0123217158238127
0.00489223523330273
-0.0243807826615992
0.0280239081836329
-0.0226001562931102
0.00015895113419484
0.00750774593811587
-0.00678153596219822
0.0179428721695389
-0.00791638675433737
0.00373432398744478
-0.0144507613600762
0.0172057574949416
-0.0141021130883605
0.00974717073961551
-0.00321767388506788
0.020785701585927
-0.0379097086576031
0.006934685505533
0.0309713936819831
0.0130125679854112
0.0266819128641453
0.0238350950695727
-0.00058020816761184
0.00965133393117101
0.00409679464212731
0.00254103643332693
-0.00399826867053887
-0.0114336989247311
0.00308185347218637
0.00549406845233769
-7.18563538104622e-05
0.00686656231138083
0.00328483228123755
-0.0180077482475441
0.0672634272128581
0.00468608457625352
-0.00321080885542324
-0.00464541211043557
0.0160790365966563
-0.00140806321617559
-0.00181301993997607
0.00373352731985821
0.00727157330430117
0.004258288755558
-0.00914304185813508
-0.00387808183668614
-0.00409464994416586
0.00283084274883127
-0.00954395917999884
-0.0132663924747046
-0.0153703352328163
0.00275889290534881
-0.00922903413514142
0.0112834268790971
-0.0056656410566992
0.00188757292546238
-0.00331454258301567
-0.000735111660923993
0.003328015274352
-0.00303769210274496
0.0046230063552799
0.00805298222653694
-0.0131069613624711
-0.0144373797953076
0.0105600035555558
-0.00478508196191307
-0.00251004397104804
-0.00730107405212277
0.000249948234495312
-0.0430468226292573
0.00704954851810036
-0.00740768204036013
0.0198141654470005
-0.0155140511751504
-0.00787926862320132
0.0134487037278137
0.011717787349713
0.0169893817907469
-0.000538868319622021
-0.000215661385377652
0.00776577580899307
-0.0125936466326212
-0.000722556664191076
-0.0175724622229191
0.00861211246368931
-0.0141214930467356
-0.030165053709214
-0.019158069759791
-0.0151356556112349
0.0164744551294733
-0.0338140335639694
0.0307735392537678
-0.0193568185824545
0.00274594875336653
-0.01984363209968
0.00745028542960569
0.00164785580682336
-0.0153679559611269
0.0171563919359241
-0.011217960467517
-0.193679102183803
0.00396981407035191
0.0338856060723722
-0.0594016514272042
0.00211026823187943
0.0139188856792842
-0.0516184731955124
-0.0185877362536709
-0.0360292250998905
0.0281165940638155
-0.00906100464378901
0.0121917264426443
0.0264988292307309
0.0262413935078831
0.0260900623441596
0.0351010902380977
0.0319534055981923
-0.0210061739343078
0.020827220063012
0.00873036175579722
0.000423311370931767
-0.012036282739797
0.0160852325682854
0.00393429356784925
0.0118031207332927
-0.00304317587967606
0.0172972249685635
-0.0332788132708143
0.0025865453470022
-0.0240630608934466
0.0170143614055018
0.015453633777307
-0.0194070744963716
-0.0159468488269603
-0.00858492347998308
0.0152753406817994
0.00766653580737708
9.51212539925805e-05
-0.00247244191086393
0.00938989977040183
-0.00344718792185505
0.00819755049935011
0.0149927289562866
0.0187071349743011
0.0050908863636363
-0.0289887307568002
-0.0219365974870468
0.0212381285714285
-0.00946569958845522
0.0133691620467171
-0.0398105023494123
-0.0111272522176186
0.0525440573153833
-0.00306778378296813
0.00135214474733569
0.00107089442527553
-0.0157209534883721
0.0297703579475088
-0.0703009918346272
0.0167324723573798
-0.0101461767526051
-0.0108876952688876
0.00614837883299613
-0.00847625180836042
0.0104870826613384
-0.00241006839220959
-0.00848043063128379
-0.00174045743191076
-0.00254044831880451
0.0180782856053165
-0.00274697339965191
0.00536151492334214
0.00102748178006506
-0.0123167347316696
-0.00252372820146751
0.0172147932703104
0.0282871790773032
0.00848989297078151
-0.0338146208480784
0.00472158289795965
-0.00547456507970412
0.0214341096133774
0.0150705985572979
-0.00371167550670326
0.0141947416053563
0.0331535574551618
0.00193524909370124
0.00840000917258132
-0.00396453730757407
0.0127459343628102
-0.0037094105150286
-0.0080670537295906
-0.00527276481035499
-0.0314900272607249
-0.0123841044791067
-0.0185506839330052
-0.00492869662032147
-0.00673235883720635
0.00324375691246059
-0.0309815556848685
-0.00393430273006523
-4.99725026241737e-05
0.00805000500000008
-0.042011814681753
-0.034896992000088
0.00568676520450961
0.0339272365438459
0.0108347483446329
-0.000612469381507386
-0.0108274257789466
0.00996493220649808
0.00828175958140287
0.0189119863897376
0.0469247197030602
0.0132135510870932
-0.0175447062677179
0.0147065945802711
0.00310575039070504
-0.00877231795067146
0.0147184143674621
0.0028450165039875
0.0643196062818416
0.00974435630995796
-0.00302924092929513
0.0113724930251651
0.00201717167381976
0.00158476463106716
-0.00949367532490042
-0.0150677405894943
-0.024284438164984
-0.00121294310100084
-0.0135840405942412
0.0139990513360821
0.00242842565158119
-0.0112601944953533
-0.00753171073135328
0.0054859512323775
-0.00413750564574422
-0.0180796786653868
-0.0149718737861946
-0.0384234069835241
-0.00687255879383475
-0.0107261085534686
0.00199857101028567
0.00493670107986888
-0.0164243438516566
0.0107960851034403
-0.00853467254674256
0.000805456857954967
0.0095065591218404
0.0193323620229053
0.0274220351214973
-0.00137974212493708
0.0151501100090552
0.012295827742671
0.00723225786600268
-0.0395838681668018
0.0375251646213905
-0.0142269893707102
-0.000937149131959192
0.0102715019375239
-0.00427111432510063
0.00727339159405815
-0.0106461214336366
0.00884251874140274
0.0112692711758737
-0.00490687429979708
-0.0255772287760443
0.00960082756715064
0.00346655734545109
-0.00588212482528883
0.00741959155791871
0.0110473827019408
-0.0193175985057888
0.0167833758756823
-0.0103106898941682
-0.0239196913255825
-0.000717915115231893
-0.00253855255550606
9.60576230493171e-05
-0.00686612557034372
0.0141655775317264
-0.0158268910554056
0.0223783485935338
0.0175770686358105
-0.0466058061579561
-0.0235386380126261
0.0327082175450095
-0.0125430332572272
-0.00500239838163008
-0.00157732153052736
0.00626976704452775
0.00313986652465426
-0.0133515722925046
-0.00847628609903128
0.000100004999750158
-0.00124968755936483
0.0199699196200713
-0.0109916584569489
0.0286281513972491
0.011913881519404
0.00919971430667799
-0.00434535233163913
-0.00313094872204545
0.00271251547878792
0.0324616571248086
0.000229846009241363
0.0508271952896913
0.0195049021340872
0.00827903243563477
-0.00153159325847796
-0.0112915291551278
-0.0143509140685072
0.000306029460267698
-0.00262263310876232
-0.0415022626457877
0.0213981612647471
0.0168763374227867
0.0279098251820775
0.0272804925053534
-0.0319756458076383
-0.00689057287110983
0.00901989135247461
-0.0115608908411821
0.00604374090082738
-0.0110208442600734
0.0093082418449657
0.00164525886942846
0.0101149694841354
-0.00864425308331818
0.00854698681607546
0.000299640473804264
-0.0219930676738201
0.00297498787756512
-0.00327153762268262
0.0197373960612692
0.0204712420168929
-0.00824288000775031
0.00212026115324471
0.00537402235266526
-0.00980681442496434
-0.00280536008682652
0.00456092059946478
0.0079772776168141
-0.031782794799628
0.00704345652173899
-0.00604435726716945
0.00143342020053239
-0.00867490771622326
-0.0102384422195786
0.0046416514190728
-0.0244653617984987
0.0029319305764357
0.0262198643700509
0.000876553624927112
0.00880109447409794
-0.0191414688968334
0.00955838144186871
-0.00723237488924511
-0.00609300176402916
0.00288745056688966
0.0127569279933764
-0.00704163753954523
0.00343566490523584
0.00693560868210885
0.00514411266900971
0.00364313212689438
0.0156863961680758
0.0188053698589072
0.00171213558847017
0.0106307710557962
0.00985892261248189
0.0080062334709059
-0.0153584630974841
0.0190962181100702
-0.0148614533329589
0.00282857667599767
0.00335196821011374
-0.001629635383536
0.00465210767616275
0.0070676753152632
0.00108903322560083
-0.00153098309666777
-0.00924060985923547
8.14727327882458e-05
-0.00187337403534871
-0.000326414791732343
-0.00191829725150594
-0.0214688809613239
0.00660287536554027
0.00851082759394761
0.0035814054304415
-0.00147668079222596
0.00521712211526859
0.0025746015844863
0.0144703174135221
0.000482139977456164
0.00534137349397601
0.00255662123951073
-0.00282904728521716
0.0123871416204575
-0.00915696238886576
-0.0134639463601325
-0.0376322694398404
0.00234957627506205
-0.0167015073261157
0.0153249795185395
-0.00213825420607638
0.0110924327731092
0.083028574148224
-0.0042590170412673
0.005240587829348
0.00820337731826926
-0.00258554037544045
-0.00682338310030872
-0.0418745821107267
0.0154227894198855
0.00954709656851982
-0.00636963672613444
-0.00232041133723349
0.00713502069514793
0.00731919043173535
0.0110740059298651
-0.00634100556115846
-0.028852073242977
-0.030386319465082
0.00566806996480862
0.000857635265894219
-0.0280339347754341
-0.014820093078466
0.00217333159169297
0.0131819791060253
-0.00864564135399948
0.0063502813409595
0.0332757888480479
-0.00643270919372818
-0.00774462815199317
-0.00421221980290443
0.00215646742096642
-0.0157665967084608
-0.00559199891678441
0.0158555666960292
-0.00840751703170561
0.0158243364711146
-0.00268581469124862
0.0125538531133831
0.00777443433763425
-0.0120995374749148
0.0276601662706848
0.0194368946410903
0.00984703828592481
0.00268055626928931
0.00325453692550459
0.00281922837090276
0.00608459552855645
-0.00130142009569367
-0.0036411520655989
0.0101554665771626
-0.0170602090542221
-0.00554003187548502
0.00599948961003949
0.00406609594265928
-0.0190913183395992
0.00723473827519561
-0.000507491093424628
0.0128104900980532
0.00366335791437811
0.0165213746560691
-0.00162524847345968
-0.00783678307885316
-0.000267130912084745
0.00583969083969449
-0.0945243581168154
-0.00871679676298698
0.0152616940341246
0.00799505745563334
-0.013673779916072
0.00816724761616783
0.00141247139758516
0.00157639491919026
-0.00646149213117864
0.00237631638754987
-0.00187155629785762
-0.0030001291095435
-0.00125382620046266
-0.0147298990888819
-0.012784009506698
-0.0440113358801296
0.00193507036791551
-0.00103303539810029
0.0181646190699227
0.00958268063037337
-0.0244947560251674
-0.00784682973999051
-0.000542369041580559
0.00782279469562197
-0.00919778784104031
0.00937369008401312
-0.00394791396898819
0.00747675421175109
-0.00017880007712634
0.00648362102702404
0.00182151142781128
-0.00141909977827048
-0.025224234730303
0.00400913439635531
-0.0196478895623947
-0.00800738706770576
0.0227230069099429
0.0110406450016822
0.00383559404433176
-0.0161377860605749
-0.0131127841438475
0.00504627777777777
-0.00939699220409962
-0.0214834221601941
0.0255667213751227
0.00440200643530897
0.00290645882327123
0.00708401493667621
0.00424796980649433
0.00341126169648298
0.00426092196971606
0.00970432846259084
0.00916407254131535
-0.000177156146179414
0.00438611479020512
-0.00211731806948368
0
0.00163555387836833
-0.00789970003794871
-0.0207295548835025
0.0486962934891266
