0.0180397277618705
0.0202795625068013
0.0189115978386722
-0.0104166479245578
0.0248803636363637
0.0168067603512001
0.00587693285809121
0.0242833302903049
-0.00249552593566926
0.0251965694281016
0.00296325610882442
0.00399720187700381
0.00813574519646876
0.00137359198579712
0.0150891803840878
0.00371616547776754
-0.000336519701666704
-0.00690235666995442
-0.00016955415597375
0.0055951339437097
0.00590118013992269
-0.0112302715387194
0.00406845214211038
-0.00219486746581121
-0.011675093457702
0.0606060777264168
-0.0108152056365585
-0.00407963453132565
0.00524330665645278
0.0105949799704965
-0.0240322903225806
0.00380109085444014
0.0116891500925536
-0.00585843765893501
-0.00311013259125881
-0.0131363542483957
0.00116472549633029
-0.0209406355639234
-0.00152775420132401
0.0010200782046923
-0.0113791098610885
-0.0271430686676357
0.00671017116881223
0.0429749357296942
0.00739998330642422
0.00484135209210845
0.00764251549497441
0.00560593551175814
0.000655796010631482
-0.00442407020193447
-0.00411454918086074
-0.00743673797510291
-0.0088245419776134
-0.0146144635413147
-0.0197749744289123
-0.00208693913043478
0.0247472634237145
-0.00901358858866641
-0.0168182426634633
0.000872735191608909
-0.0162190442971749
-0.0124091650416591
0.0204630949643347
0.00439753753377436
0.00788092847218658
0.0125108777152194
-0.00137293633087354
0.000687420530802729
-0.0357203846814356
-0.0277827594734547
0.0141051657812785
-0.0243858919005437
0.00203667846830879
0.0147819477971536
0.027676639755158
-0.00372074776259301
0.0149386448515028
0.00473103206588399
0.0202302057900243
-0.0034188205128205
0.0132075645490148
0.0270864736753005
0.00758205068673323
-0.000327171596153031
0.00572734403980801
0.0148063783730292
-0.00673397477527615
0.00193702983152488
-0.00096668277750922
-0.0161264317408945
0.0529421423682066
-0.00373595902042212
-0.020312484375
-0.00287082930030569
0.00687781509916818
-0.0192215882570043
0.000323874301138005
-0.0343264097903631
0.00402417847123027
0.0043419838954244
0.00565349194635001
0.0168650793650795
-0.00113821138211379
0.00325575451733684
-0.0102223103971717
-0.000327868852459057
-0.0024597900951131
0.00394538865870819
-0.0281644342557721
-0.0106149455978077
0
0.00987734996802869
-0.0111298484170295
0.00170537178897279
0.0183860735993846
-0.00183886659979937
0.0164126614706526
0.0187840339229532
0.0158498943603462
-0.00111445627902473
-0.0154606625610244
0.00388534887485825
-0.00806321587044723
0.00243866045971908
-0.0212455724943237
0.0114333558055792
0.00933813877231104
0.00844018814412939
0.00997905987479375
-0.00175300398406375
-0.0325670662925778
0.000990132045878944
-0.0184635509396637
-0.0455156021915417
0.013373182707261
0.00295186664351443
-0.0176592111377845
-0.00969339056420893
0.00284746401223468
0.0163265666841728
0.00314302427099689
-0.0113142208648526
0.0332746484731452
0.00494123368446475
-0.00305189894879621
-0.00680267018371883
-0.0150685268812147
0.001043150208623
-0.00121576932213374
-0.019474857223956
-0.0230537156065564
0.00726088219277532
-0.0169400426404742
-0.00733266741214789
0.00443207739863061
-0.000735447706112335
0.0108555845761025
-0.0220240084096107
0.0163782058440349
-0.00677529744048166
-0.00589977854351842
0.0194733501288336
-0.00891397109488878
-0.0077092327459618
-0.00924898244082528
-0.00224051526810087
0.00261981666579003
0.0110114964161443
-0.0110762049502013
0.0182938025014001
-0.00843261243689475
-0.00332778702163072
-0.0113151734372101
-0.0206378615504289
-0.0342912062396321
-0.00654628049990069
0.0061900356952862
0.00873195095717305
0.00236079077864293
0.0459273788826815
-0.0151998683580433
-0.000381116615853494
0.000953088085266618
0.00628455556216179
0.00870550719152141
-0.0135083867449979
-0.00152152904064173
-0.00590478095238089
-0.00651467726604094
0.00520734832043779
-0.00230235998277739
0.00673073076923081
-0.0108882334627788
-0.014098107649635
-0.00313418223573314
-0.0157201614407577
0.0101816330604911
-0.000395177881232334
0.0537761346865901
0.0159475237513607
-0.000738707267268546
-0.0216226571498307
0.00170003781072969
0.0254573265219185
-0.00588451625810016
0.0140584348120896
-0.00383070047427947
0.00457791604874713
0.00984325538018127
-0.0146209742014088
-0.00494596079868115
-0.0224595360824742
-0.0252354058469079
-0.0457882359269025
-0.0247013772970517
0.0199294797562581
0.0177081005962121
-0.0496
-0.0162037037037037
-0.0269518288770054
0.0109914262039381
-0.00108725805230447
-0.0124074882979427
0.0317390793859176
-0.0138859428778906
0.00151646447140386
0.00151414665801441
-0.00323967609588927
0.0101841165684022
0.00600607048490076
-0.00255869925122831
-0.00641297576769939
0.0200086058519793
-0.0101244463193418
-0.000213125932239544
0.00277069491776194
-0.00170027633794412
-0.0176708959405814
-0.0195057871587732
-0.024314830932147
-0.0226551885513183
0.0199351186818524
0.00659093181818182
0.0115149692590886
0.0245536389409295
0.030718931123358
0.0900443650381662
-0.000387841768470065
0.0102813387057485
-0.0136329295839889
0.0153786454229832
-0.00230059432515339
0.00768635650103078
-0.00839052266190932
-0.01673075
0.0285546444640203
-0.00380302338847693
0.023286925430176
0.00914002967468708
0.0258780416221087
-0.00792790990990988
0.00236102429420582
0.0308026822033463
0.0182809108504289
-0.00172618677714487
0.097873072873143
0.0061426836937255
-0.0057921570790207
-0.0023617856199587
-0.019570738327482
-0.00595619777778811
-0.0210526153846153
0.00794042997617161
0.00525192844247502
0
0.0186122285714285
-0.0294919062268297
0.035672998111858
0.00590022334396778
-0.00253652496713619
0.00206613166135194
0.00666141168376555
0.0196943434741712
-0.00262666868623795
-0.00216884575512732
0.0136624273459136
-0.0235870880136761
0.00329410196078439
-0.011100672468741
-0.000158071146245109
-0.0338394043694052
-0.00589191508647846
0.0057622322765154
0.01375020461614
-0.0192152107217827
-0.0200856430659978
0.010752688172043
0.0137965757978724
0.0172159200781794
-0.00306258860311748
0.000161729997145699
0.00581959253443931
0.00048214399739388
-0.0212048192771085
-0.0101755949450189
0.00132644667009707
-0.0140751451246093
-0.0597917524388352
-0.0164344230082172
0.00308752264643064
-0.00796666666666668
-0.0715459377341496
0.0349912135834718
-0.0617283927168701
-0.036639715115801
0.00651401554948516
-0.000626367405997197
0.0242322963073385
-0.0216193763332525
0.00938080030475708
-0.039859481200309
-0.026242244515283
0.0342390103821515
0.0177275096112772
-0.0369360530142264
0.0799738958373042
-0.00100893863985185
-0.0674611216910169
-0.0589126514582045
-0.0186421629771654
0.0253283777046993
-0.0105215688352798
0.0383726323796871
-0.00066783173053564
0.0396524624560584
0.0231412480454789
0.0452356020942408
0.00881582849128426
-0.0131082229635838
-0.0102636146158909
0.00487999186661248
0.0358154810123628
0.0107443448084459
0.0496714128460993
0.00184126308522803
0.00698402867120018
0.0266471796560106
0.0341332977777777
-0.0225201486168179
-0.00298983462909186
-0.0130534135306652
0.011796246437958
0.00158982509115302
-0.00670195755375735
0.0115412109375002
0.00157977880323368
0.0131440586550287
0.00622724431366128
-0.00326625419516091
-0.0119006381510866
0.00139636932455289
-0.00453195057577049
0.0196112586305155
-0.0056671475184612
0.00708115692293076
-0.00926086418691707
0.00727019214124969
-0.0185598559642526
0.0117317105282488
-0.0240567674637723
0.0065614294477998
0.00193800218245244
-0.016704783131788
0.0320100333336923
0.00641141927588662
0.00585392541825325
0.0123245639275784
-0.000169056479016882
0.00439705725694139
0.0114497560439426
-0.00882302313967043
0.00755796090765948
0.0170027665610013
0.00639246046197206
-0.000162915304139477
-0.0255741818793644
0.025911049816115
-0.0167834286586838
-0.0266821345707657
-0.00459732674953162
0.00342115982588354
0.00221617797476981
0.0132675452752586
-0.00906498237367814
-0.0164322889451514
-0.00327251113895088
0.0209089860188179
-0.0186188551584681
-0.00379444636081394
-0.00415509017157512
-0.0231224095966621
0.0137035062057931
0.0263342701252505
0.00769758822609612
-0.013580020370056
0.0211667351373821
-0.0180316818335019
0.000514827527029249
0.0078902059672421
-0.00799858774671858
0.00651907691681131
0.000170478955871189
-0.00255625426039541
-0.0126430550596798
-0.0278595080834139
-0.00516199715201138
-0.00322061197388823
0.0161551250431722
0.00282633805288235
-0.00158534437202751
0.0155257762879322
0.00886030213932765
-0.0118821939039091
0.029278493738611
-0.0849983053674517
-0.0647668381797403
0.0185991092481379
0.0337995532245534
0.0172866964057365
0.00369414487798569
-0.0283400993743099
0.00303030308769525
0.0107628400823798
0.0300765931267812
0.00634753366607765
0.0340601717765301
-0.00888814902599955
0.0226833308015355
-0.00309491059147182
0.000517385305277784
-0.0084467853282808
0.013038942976356
-0.011841393512957
0.0208405168169323
-0.00952701615391305
0.00910338356057383
0.0148084936170212
-0.00285135865232067
0
0.00487806551929237
-0.0313023591797
0.0013824434315266
0.00517685927218525
0.0185408068669528
0.000674144592140768
0.0163382350739134
-0.000662926748425607
0.0233830849648937
0.00194462813068585
0.0185993524632264
-0.00523972689742769
0.00223462083847981
0.0113075169404759
0.00377955905511795
-0.0070599464367761
0.00268601670586177
-0.00456982358288416
0.00839010632864046
0.0811617255704595
-0.00798610390651511
-0.00424474531615915
-0.00926057635250011
-0.000445089007564126
0.00949976208253989
-0.00470519027480687
0.0134435806339612
0.00306122457904445
-0.0286295895547038
0.00763019195871895
-0.0233110474628373
-0.00410454551694361
0.0286978620455545
0.0031161745528443
0.00784022212545032
0.00968742153327851
0.0421573042279793
0.00920624887135579
-0.00939875630680731
-0.00823211966602833
0.011536296805394
0.0104311540909277
-0.014590584594891
0.0103367235835576
-0.0158993774118793
0.00337170553526267
0.0250630222644361
-0.00519050683227029
-0.0112590962169683
0.00277735029086656
-0.0282509490133076
0.00228023378310471
-0.0147874444820859
0.00245342758762535
-0.00878204734785548
0.0185911261754867
0.00926853026957919
0.00494487150247069
0.000702980487965021
0.0146108597920762
-0.0119080585446129
-0.00980937486253675
-0.00113221052181101
0.0181354344535156
0.005844670110706
-0.0301605012473783
-0.0202567480815048
-0.0155794845661038
0.0270670163131637
0.0368663295833429
0.00958336111111113
-0.000825491791842325
0.011840851377152
0.004354334041484
-0.00352249027293006
0.0217538944220028
0.0322022346719297
0.0114734949078252
-0.0198827048162465
-0.0179454481678687
-0.00410484656136845
-0.000797726376781327
0.00904856928679787
-0.00857183150278684
0.00106413939877625
-0.035211279957181
-0.0466877834087897
0.0195030190768128
0.00864389967408274
0.0722112953076706
0.0526729035639413
0.0174259655178475
-0.00770732830211229
-0.0337812596007735
0.0165879156595159
-0.0356469947444961
0.0272028627566614
-0.0309173221215744
-0.0101988228216989
0.00409517849782737
-0.0049994078410891
-0.0138833140506407
0.0190399297656227
-0.000263118421052644
-0.0126349823913536
-0.00053311119167343
-0.0129367959614511
0.0293203342975183
0.0175898792333946
-0.00761090070733617
0.0308072663460288
0.00365691032823778
0.00490020127655244
0.0111277815280901
-0.00272042774624348
0.00830747654538166
-0.033202127397934
0.0138641052964599
0.00338732911036677
0.0211302192624325
-0.00159173507020294
0.00564139065929115
0.00792685365853663
-0.0122202416885604
0.00146990447660333
-0.00733852721774642
0.00221774262110674
-0.000737607609422541
0.0182086985507959
0.0199371913983279
-0.0188366772260786
0.0202849553248008
-0.0185798816568047
0.0114554081755698
-0.00774909422087855
0.0126155948834943
0.00308497867922375
-0.00212916959866138
0.00924606437593578
0.0147991897439417
0.00868055535461676
-0.00883539853504534
0.00833527465855322
0.00516653283964486
0.00217013127915022
-0.0164120701256455
0.0304750510842973
-0.018104126841336
-0.0229042601923958
-0.0278949601500232
-0.0104895343503851
0.0169367491166079
0.00934578252271501
0.0223172488679309
0.00661865977872766
-0.00899755429697657
0.0289837956473613
-0.0188913909753079
-0.00588034108565638
0.00115981209510774
-0.0310472775718257
0.0114777500176679
0.0128842083424163
0.00921929025045398
-0.0120259130888327
0.000351111883166721
0.0108810224537146
-0.000925949052640207
0.00173773169601477
-0.0124899038685103
-0.00515285168231472
-0.0165979523224703
0.00634425417351858
0.00856430355656013
0.0102606792043793
0.00385236965433711
-0.00430276786376949
-0.00829244306380128
0.0127192786376502
0.00488435875995719
0.0175905095433164
0.0054589332423518
0.00192283669617299
0.0176111646509107
0.00199690483688597
-0.000996423826394977
0.00443304872770534
-0.00617893653907997
0.0212057621849673
0.0159816694069905
-0.00107008029117428
-0.00107121587726222
-0.000107260053619274
0.00160876236827034
0.0144554986021577
0.0119274332262493
-0.00479815359972391
-0.000209674029570284
0.0129992453401746
0.0144882753126858
-0.0414158731145148
0.0197935615643976
0.146926867433437
0.0313892900959225
-0.00344036694212801
-0.00433741697497192
0.0125355259814495
-0.0075511459087817
0.00115018137795442
-0.0122835538252544
0.0112731684156706
-0.0010616208180273
-0.0179789826240728
0.00514069277978058
-0.00251232846601146
-0.000449716658266097
-0.0465263306373381
0.014063284966398
0.00102383654088167
-0.0125523566931003
-0.00583799451519762
-0.00663009080071797
0.0122044911957806
-0.0115863220954663
0.00724294291432392
0.0103131514748196
0.00908410759584299
-0.0151275823665894
-0.0301545882918981
0.0132141568832911
-0.0277138475998643
-0.00562184639137842
-0.0144812438008332
0.0326086651307502
-0.00536057515322752
0.0124448501976036
0.00406502129307018
0.00539815896275608
0.0228187625267853
0.0036557930258716
0.0155972541328104
-0.0165532097949826
0.00710674196546202
0.0236769087375184
-0.00308386394557825
-0.00145577285212362
0.00965829612756264
0.0130854979349426
0.0162123638658049
-0.0224404361423485
-0.000179313132513848
-0.00636770403587439
0.00532535422578428
-0.0202011138499133
-0.0114542292161889
0.00472749364277414
0.0131931083420342
-0.0133855581861226
-0.00830642378046009
-0.0229873808186333
0.0288626301525254
0.00823997762725726
0.00826447184087287
0.00628410729642681
-0.023531532691312
0.00621001952182798
0.0109616988018
0.0114806560364464
-0.00324295102706151
-0.000361509256909032
0.0394177738051011
-0.0303557273170764
-0.00188379973402042
0.0181540761612495
0.0103274604084431
-0.00655250748342218
0.000527640493603432
0.000175828430407643
0.00228492835675431
0.00341954396967448
0.0178259434144363
-0.0027472440913312
0.000172141867350595
-0.00611119814081607
-0.0116047803619573
-0.00254097088953753
-0.00667598407153847
-0.00309514497532459
-0.00390314901348843
-0.00454182915182266
-0.017534433865937
0.00719359861591706
0.01220502655994
-0.00455521618931065
0.00726787816782082
0.00187064846123919
0.0103138258174285
0.00369625988813493
0.0218325114818279
0.00360389562721886
0.00153898770125682
-0.000768277281614105
0.0129858774971581
0.00354219448427084
0.00537859493030668
