0.00227377451875821
0.0199143191285265
0.000494340101194535
0.00543480731225299
0.00761663371949317
0.00560848600870445
-0.000242531511031485
0.0106717923841864
-0.00623945314324237
0.0282540932141995
-0.0056364957427667
0.0165328530940008
-0.0148698648961462
0.0235849045478818
-0.0225807362866021
0.0209807412060699
0.000230870463383326
-0.00023081717451523
-0.0136227196115741
-0.00772476573677983
-0.00424628460123344
0.0201374560563243
0.00627034356083733
-0.00669284529458369
-0.00882901931159341
0.00398504453820925
-0.00817188848135009
-0.00211866760828605
0.00448226007271191
0.0124471342204258
0.00208768262380699
0.0076388424157674
0.00735122920632292
-0.00615726367878056
-0.00665445127790498
0.0147839913424812
-0.00136583200546325
-0.0182356739967101
0.0067332482006035
-0.0101476704301736
-0.0107175913661505
0.00494580793560528
0.0325756518666815
0.0215614384575253
0.002443923681134
0.0064273272701092
0.00484476987447713
0.0265176194057064
0.0140905209222886
0.00884206315789471
-0.0160683646105327
-0.021633106187355
-0.00303487962204907
-0.0100022391823336
-0.0116406547691775
0.00777773333333331
0.00352811481932158
-0.0112062848255894
-0.004
0.00870145024542612
0.00929002453638628
0.00920442671040056
0.0106406516968653
-0.00601639437008161
0.00432341134126291
-0.0034438227172584
0.000648012972959355
-0.00259017903776471
0
-0.0132006278554562
0.0199561412261466
-0.0264459052438576
0.00287104688319451
0.000440431622990678
-0.0187100594320934
0.0123373480333178
-0.0496344327579341
-0.0160876198668133
0.0270141936726496
-0.0198431010613753
0.00423728813559321
-0.0262540787623066
0.00312944142683103
0.0263979374321066
-0.00607907411737196
0.0108210543787841
0.00349076091480649
-0.00301477279718865
0.00325654788292407
-0.0139114766076635
-0.0028215142915945
-0.00518747936807351
0
-0.0101920125667696
0.00957859241276759
-0.0287001660341555
0.004151355209979
0.00851172199688044
-0.0178442484243009
0.0255340044193471
-0.0153219774958104
0.0182348646186514
-0.00119386339078642
0.0234281365800557
-0.0133146224406769
0.00994313399890467
-0.00586029067041727
-0.0172129214807828
-0.00527833493282137
-0.0123009650820302
0.0107447616423746
0.0166707662882524
0.00285168712682093
0.00402838853013288
-0.00188808123408268
0.00354689043398237
-0.0150801134561761
-0.00191382779698146
-0.00167782833945773
0.0112844412348407
-0.0130579062929227
0.00529230214096699
-0.00095719069257727
-0.0102994011976048
-0.0045982333010649
0.0126428637820846
-0.00240103229766953
0.00312878467217281
0.00551823416506703
0.0097828680505847
-0.00945184310018909
0.00906490978363128
-0.0108746811081484
-0.0215105401529637
0.00635080621276995
0.00946599491587397
-0.0240442414041837
-0.00542007883715212
0.000743200414743628
-0.000247598997643594
-0.00222827438049711
-0.000992580669791021
-0.0106804774307242
0.0107957815317208
0.00695486870118556
0.00592002945436532
-0.000980799435527202
0.00441816374972204
-0.00610948221453966
-0.000491664641832479
-0.00811812998188788
0.00173608630952393
0.00123793021138718
-0.00519285373869582
-0.000248545861297411
-0.0149180006236201
-0.00782428086381326
-0.00559656561697863
-0.0184190585827578
-0.0114672663921623
-0.00158188768784606
-0.00158431480286014
0.0129594812758667
-0.013838094356086
-0.00105904156738168
0.00212035515504905
0.00740542165021374
0.0118141506957206
-0.0072652566874607
0.0013069263620975
-0.0143566427993567
0.000529687528055378
-0.00714666509122974
0.00586515627113582
-0.00503575404187651
0.00372932861669351
0.00796178343949028
0.0136914165350186
0.00155846753246758
0.0269708758565643
-0.00808078323640327
-0.0152749240141273
0.00879007238883145
-0.00281906714505398
-0.00128499100488311
0.00334536790156026
0.0171838411293233
-0.00680789208270283
-0.00685453178102402
-0.0107361454687154
-0.00103361754435105
-0.0100879461976201
0.00679380715965494
0.0127173893775603
0.0082009226037929
0.00788007117437717
0.00302643112098711
0.0329394518481267
0.012414751099574
-0.0139457081029094
0.00853457734867469
0.00797867485544801
0.0103142242819434
-0.00712248354991651
0.00669531324725003
0.013064228649132
-0.000703470072521917
0.00281564999567441
0.0154422079811789
-0.00460831775998538
0.00810180536801375
-0.00551086120576028
-0.0184715534871495
-0.04304864940243
-0.0223697148475909
0.0196127483027406
0.0115906538000161
0.0012189176011701
-0.0189919405892379
-0.0290395128061673
-0.00102241822654447
0.00434999977737971
-0.0175795923566879
0.0108920899664913
-0.0133402001026166
-0.000780005220489044
0.0101483216237315
0.00412158681092212
0.00564394561313497
0.0124999486607156
0.021416024727035
-0.0041934384757415
0.0111469163028715
-0.00783929446349829
0.00740738271604946
0.00612745113057489
0.00779537168807232
0.00410930635990581
0.00361092913791716
0.0139122334831432
-0.0115921693872725
0.0129248686674215
0.00708882325141769
-0.00727353372298301
-0.00236355465933447
0.0215588728158935
0
0.0139147034766862
-0.00160107498625173
-0.00595654039145288
0.0126757320275577
0.00364130640967919
0.00430845824528148
0.000677331210717336
-0.00383569494584834
0.00792747415957074
-0.0114606292134832
0.00954757856114674
0.00180144111686564
-0.010339469078918
-0.014081285806979
0.00621976503109889
0.00549445970695972
-0.00113841079865262
0.00775017113631571
-0.00429764768825258
-0.0333939345751931
0.0138660402788728
0.015530876576979
0.00935859371470915
-0.0162822474834409
-0.00850572413793105
0.0185485504625886
-0.0243569087184157
0.00839943984135716
0.0111059692016202
0.00938215081505378
-0.0174563813770939
-0.00276878172588835
-0.00138826928763858
0.00347546339202975
0.0103901406051687
0.00159972585007884
-0.0228154221850139
-0.0135419559401375
0.0257988165680474
-0.00853712505768345
-0.00535254816493969
-0.00374356557119482
-0.0204321972554158
0.000239798615195408
0.0019174975571068
0.00334928237677712
0.0252742256860807
0.0239534651162789
-0.018850738561225
-0.00787037018818593
0.00793280429461496
0.0150462265035596
-0.00387680747442676
0.00824178113553109
0.00181648497237785
-0.00271983233725825
-0.0175000000000001
-0.00462643997224155
0.0118522428968684
0.00643084505211666
0.000684573254221776
-0.00775370616892612
0.00022987819948872
-0.00321688878676474
-0.00553254943447323
0.0132127958556514
-0.00457563497084501
-0.00137892444858312
-0.0257767312824688
-0.00472480487952731
0.0194635646934829
-0.006519278078713
0.00210921031681321
0.0102900612857839
0.0150462265035596
0.0244013694139735
0.0164737763345404
0.0157687472623742
0.0204829879154165
-0.0169026614450598
-0.000859595978069949
-0.00688328643220959
-0.00194923118688461
0.00260414485225069
-0.0179654108665496
-0.00264489756766362
0.00729286187845313
-0.00592367240352465
0.0214080330741993
-0.0146931939216334
0.0138158339392909
0.00627298291152956
0.0206362854686155
0.0136899957877001
-0.0340743603973747
0.00989457905379321
-0.000426006380702781
0.000639228638397604
0.000851810069246284
0.00744676595744687
-0.00464618815823392
0.0152768297204153
0.00877747163124232
-0.00683656515434028
0.00584067596663917
0.00207380750572761
-0.00289735099337751
0.0051888750518887
0.00970476977080326
0.00163595085333523
-0.00408331972233567
0.00184501848800789
0.00245555560580213
0.00530716451083224
-0.00101520812182743
0.0140243493084482
-0.00280615359403003
0.00703513567839198
0.00878249536057862
0.00573804895650887
-0.0257722201151989
0.000605795638126017
-0.00787081751505192
-0.0077298820179007
-0.00205000004202538
0.000616248972884259
-0.00841716297304795
0.00103517600486902
0.00785940053192968
0.00718247486148171
0.000814934767117581
-0.0311481887448735
-0.023534334944316
0.00172149770343233
0.0090225995493578
-0.00340642956341441
0.00961326619070157
0.00909862501475334
0.00650033563640884
0.0029166458333334
0.00851682610130511
0.00370753869634477
0.00307820644366918
-0.0141162435737267
0.00498030722100662
0.00474912244476555
-0.0104808466913275
-0.000623115238915228
-0.00103904823439416
-0.00353646765134175
-0.0121086007470312
-0.0105663567202029
0.0113199060230671
-0.00232304128080429
-0.0116427387111456
0.0117798888794149
-0.00275192621710729
0.0152834002274804
0.00585404533330358
0.0299313649983088
-0.00242177603273008
-0.0066761480882056
0.0183299803800399
-0.00919998000000011
-0.00121116267236243
0.00404203718674223
0.0243558574879228
0.00137551584546114
-0.00392466648203815
0.010835362917075
-0.00779577065297665
0.00569634649381268
0.0013671679420475
0.00156032767700398
0.000389503423154913
-0.00214134713142577
0.00468205246516007
0.00563108737864071
0.0100405481745405
-0.000573542332755861
0.00420812938424131
0.0205714666666668
0.00317278823543155
0.000186009302325596
0.000186049114064391
-0.0208294216105636
0.00949667580259539
-0.00395113813918579
-0.00906686832389247
0.00800613816252649
-0.0121028552930625
0.0051683765249475
0
-0.00323744061083375
-0.00248377913641573
0.000574660037821362
0.0120596664601966
-0.00321539631578205
-0.009108159219959
-0.00861740695868618
0.0073401970253042
0.00556082433132032
0.00152557211147175
-0.00666416603198783
-0.00996733793242621
0.00367856713732562
-0.0162037037037037
-0.00117649019607846
0
0.00157049473047688
0
0.000587985103880806
-0.0125367093542941
-0.0117040269787739
0.0178642914492173
0.012620765383963
-0.0151898350609478
0.00158200514138818
-0.00454104621753026
-0.00198330035633876
0.00238471780604144
-0.0206184976331978
0.00748983775344803
-0.00944345991561191
0.00243405684450426
-0.00546329443396576
0.0103763576652549
0.0036246476037054
0.00361155698234339
-0.00339868052778891
-0.0359076644295954
0.0166458589961327
-0.0155547070087043
0.00810819160533027
0.00329964927615389
0.0150051175743013
0.0133657348447602
0.00119898079138725
0.0207585038226947
0.00527964421743521
0.00564094534137327
-0.00425533840898773
-0.0178709984459984
-0.00395569612429403
-0.0150914016066044
-0.00846770195434277
-0.0111833875559171
-0.0257042972300165
0.00696492176097685
-0.00251517506843801
-0.00336205085101915
0.00569262070419563
-0.0171907753209481
0.0151450295404219
0.00945578903130895
-0.000208201494417137
0.00312306898028458
0.0151515151515151
-0.00429358004498048
-0.00164275150630899
-0.00308510907209181
0.0037136578561241
0.00781083215577238
0.00142767696160884
-0.00733189439233795
0.00266715212691215
0.0220994888909247
-0.0156156753630495
-0.010575473279458
0.00863305206030618
0.00590994497656405
0.0293760123708264
0.00787242653272147
-0.0421792626865704
-0.025484200315682
-0.000627594155388933
0.0177935733724095
0.0133690047998563
-0.0162370407956159
0.000825190822669963
-0.000618387986740521
0.00742574257425765
0.012080262080262
-0.0072830265021242
0.0187487670674547
0.0218043599998257
-0.00293660912542648
-0.0355389946986059
-0.00427522402840441
0.0153342874667757
-0.0100684655658477
0.00366151342554932
0.0109444872314552
-0.00120290695262815
0.018265756724207
0.0120244431302978
0.0112971951694585
-0.0234976318758718
0.00788948702387593
0.00978473619509734
0.00562017463644104
0.00578146089384202
-0.00459854387044534
0.0088546485302281
0.000763232207594111
0.00209723542235962
-0.0140791663987982
0.0142802199922809
-0.0019026255345771
-0.00152493331156955
0.00114543716789917
0.00495808552551646
0.00759007575730397
-0.0209038802600332
-0.000384708583007765
0.0044256300860952
-0.00459773937552221
0.000192494230032647
0.0111602460811959
-0.0036155661963001
-0.0105042014800573
0.00463227167279934
-0.00134484152439662
0.00153907272027709
-0.00307335760519867
0.00346820795883596
-0.00499235771918749
-0.00250870320339636
0.0185723160876827
-0.017094054431375
0.0162318840579712
0.00190148317170569
-0.000759100412964564
0.000569762561452469
0.00835229688686412
-0.00414150986712181
0.00056706992184985
0.00226712639334981
-0.00754000014213008
-0.00208928766992267
0.0076132088387284
0.00812240287348698
0.00974330166279369
0.00148454261429842
0.00185286266716944
0.00943225448492702
-0.00531331970269999
0.00736780240619272
0.00127992322691406
0.00657416021088975
-0.00417271415407672
0
-0.00127525963336239
-0.0127690806275083
0
-0.00424981530395074
0.00556689563122825
-0.00313709177222898
0.0142539985190668
-0.00803071713760317
0.0128795036938181
-0.00653950965557692
0.0146279578465525
0.00991167742253829
0.000178408276616526
0.00249776989291295
-0.00249154658287143
-0.0132024623229698
-0.00325438432011604
-0.00798117163103262
-0.00182846958911076
-0.00036636746656904
0.00274878138171153
0.00603066509446881
-0.00617620356360038
-0.00347283866702319
0.00348494130594279
0.00146229211226978
0.0109508667466534
-0.00722146609896146
0.0080014181487027
-0.00162366949305426
-0.00813156848572461
-0.006376352821577
0.0100843232474457
0.00617171900526414
-0.00631423416922239
0.00145239646142348
-0.00235679840464109
-0.00617844823148184
-0.0076796307858773
-0.000368527731711921
-0.000184294930875684
0.0105088307334502
-0.000547381854636431
-0.00273818917010193
-0.007688119939811
0.00442726442404107
0
0.00881540846987305
0.00436916075004556
-0.00924411851528439
-0.00420783022319793
0.0159838140731214
0.00542493680696077
0.0147482019693599
0.000708986200247619
-0.00566772946630767
-0.00160313504814991
0.00178417487572125
0.00552087246586397
0.00513639754049589
0.000881039647577131
0.00651406701609281
-0.00507253822188347
-0.00105486988300163
0.0012319429778247
-0.0094920198539642
-0.00106472053468398
-0.00284242311525273
0.00285052551486675
0.00213179957129506
0.00124091473143051
0.0106232648725213
-0.00508060598876647
0.00528260247785539
-0.010860028025924
-0.00354172120521123
-0.00586459925359872
0.00875940308829826
-0.00956939571150095
-0.0100196280196749
-0.0113862457478313
-0.000548500904049343
-0.00987739198380799
-0.00498799177927234
-0.00204235050051327
0.00725579534883725
-0.00350938314572191
-0.00259499531797969
0.0109645231190387
-0.00569856596696439
0.00628581992974664
0.00845120338048866
0.00856261629736954
0.00541905698303724
0.00862376931369035
0.00694691854198282
-0.0107907484661374
-0.00214590494084066
0.0096774374494164
-0.00124245651402199
-0.0019548604940467
-0.00106841168091165
0.0076649022340427
0.00353796220657987
0.00475938656795361
0.00877192982456143
0.00765215652173912
0.00845704191330765
-0.00599003936334075
0.00792009270247607
-0.0100785785774072
0.00862812754740072
0.00650130014540129
0.00526936919023058
-0.00388905992372446
0.00509249702936687
0.000844435075906702
0.010968647012104
0.00567517943582052
0.000165941908713663
0.00182543982162087
0.00331292037954145
-0.00247650652138021
-0.00198608083370011
-0.00514091219139168
-0.00316724443516436
0.00100337794320016
-0.00651520202948197
0.00689423227014907
0.00350699726942238
0.0136461973706106
-0.0239697750779838
-0.00941971388696861
0.011377177982292
0.00419744788117105
-0.00936299934186591
0
-0.00860756118143469
0.0011916751381793
-0.00510122419484393
0.0148693049006769
-0.00404179851731556
-0.0206290331523341
0.00759673714077125
-0.00891022945664433
0.00950897302904563
-0.00787804432056938
0.0107025548075264
0.00495304876094016
-0.00101973147518708
0.00629470919181196
0.0120033639221178
-0.00133648510964779
0.00936769838353468
0.00116009280742446
