0.0124212460589774
0.0137337481462416
0.00361271669774732
0.00647942752916797
-0.0114449038428078
0.0215268093619179
0.00513541694465358
-0.00299503181800675
0.00300402898038521
0.0266032778929979
0.00120130427321086
0.0053137127185463
-0.00886617190567185
0.0276965589592884
-0.0313023591797
0.00777606718120039
0.00102882373113844
-0.00753686180992019
-0.0184673803670586
-0.00984698452342159
-0.00443970867626164
0.020156938634375
0.00104915196798649
-0.000174637554585244
-0.00017473793938716
0.00331990214922251
-0.0107976144478444
-0.00387318668790826
0.00141389178459206
0.015707712672079
0.00799303228484849
0.00603349443314927
0.00257020214924264
-0.00119635963754439
-0.011635883155987
0.0173130199900631
0.00187203886562415
-0.0108713947829352
0.0108191825519492
-0.00288824324009096
-0.0103935425182066
-0.00430440756527517
0.0171191071375028
0.0197211832709963
-0.00150051683894625
0.00434134253366736
-0.000665020759267887
0.0199634001004259
0.0110911921205155
0.0148410706616851
-0.0189158957240502
-0.0162022032371646
0.00708170278192188
-0.0147179390116782
0.00547721161825732
0.0141960543348942
0.00862633477581931
-0.00532518952194305
-0.00129782610801155
0.00503570492144734
0.0143849848777273
0.00637351836754352
0.00649145028499065
-0.000629243353783338
0.00960176309777694
-0.000935406936941274
0.00686633873700582
0.000775000036035145
-0.00495586185535069
-0.0135408404669261
0.00536446820188607
-0.0142812301588006
0.00398025785734335
-0.00475742142788738
-0.00860415897400124
0.00369656053203848
-0.0528422569600919
-0.0153846148644255
0.0183722349460085
-0.0173664134654121
-0.00514754641639581
-0.00258706450500168
0.000691630617616124
0.0216001386141376
-0.0120094555481979
0.00530732751241247
0.00630107278097625
0.00321541716026386
-0.0202428647139484
-0.0115358467101981
0.00296119143006446
-0.0248350112943726
0.0103294386347483
-0.00264406839414766
0.00883704457981471
-0.0362649601869319
0.00309038367898129
0.00144976440739408
-0.00886713749066725
0.0219098228957459
-0.0117920312347324
0.0153679078761904
-0.00462959401709395
0.0295169399099484
-0.00868809745765586
0.0113935497176783
0.00433275555749124
-0.0120793958226161
-0.023406113537118
-0.0103737792881415
0.0103018250387918
0.0121645791712137
-0.00583248477085596
0.00213331555555563
0.00159659396126655
0.0113354412209605
-0.012784571375992
-0.00691855609222214
-0.00339405144694538
0.0107545794810078
-0.0127682392759043
0.00772408865543706
0.00463463474633286
-0.00904902397003149
-0.00214857662125612
0.0161493091692086
-0.0116545998295143
0.00303730564521509
0.0135376382888786
0.017223180413948
-0.00293714576819026
0.00641141927588662
-0.00499312999334955
-0.0159197436248529
0.00281343419752833
0.00578646336641175
-0.0254532596678302
-0.0168157954627622
0.00545849718810953
0.00977200542062984
-0.00663080657044457
-0.00865955258885076
-0.0121929388135954
0.0151068352083057
0.00907441049271918
0.00503602536100822
-0.00143167499227492
0.00215051975180147
-0.00196704227349942
-0.00286685176730239
-0.00575022441149242
0.0131935473271807
0.000713467700437675
0.00338686286584178
-0.00497429374712555
-0.0149973224423254
-0.0143193226144398
-0.00165502019759067
-0.0156566952356475
0.000374251504009271
0
0.00804339708274227
0.00779369099635718
-0.00699688810537857
-0.00519187836083812
0.00149110898448801
0.00614183882374841
0.0142434514568359
-0.0065657666764265
-0.00422248936621106
-0.0165929566153038
-0.00712412823397079
-0.00641993969826171
0.00551123157566002
-0.00207902097902091
0.0032197349094647
0.00604115525691595
0.0176393128609624
0.00553197492163005
0.0284247758742853
-0.000891636915419602
-0.00910224895774125
0.000720479106628202
-0.00395970115263311
-0.00271053487531625
0.00887843828371881
0.012212661637931
-0.0113555711256995
-0.00323043784582855
-0.0117033127169009
0.00582984160739364
-0.0112298317556572
0.000183147096537661
0.0208791949039997
0.00269101174413322
0.000894614437191077
0.00679301048968561
0.00443892045454541
0.00866185257203456
-0.0117420607826487
0.00461079986896262
-0.00688444812411482
0.00906509097280805
-0.00105691386295581
0.00246868281552959
0.0126649432775705
-0.00034742053152681
0.0112945614473425
0.00257726799695424
-0.00137100261768641
0.0090955723356787
-0.0073129252944375
-0.0185026215265141
-0.0429394127607015
-0.0330111605686244
0.0186721614485099
0.0166636184656033
-0.000182079766891219
-0.0111111289212704
-0.0239454591279157
0.000377354203534574
0.00641388441478519
-0.015182699725687
0.0293110196172246
-0.013128753212694
0.000374742371646031
0.00730473885193361
-0.00185940873669399
0.00316687779433678
0.0144847359140106
0.0226981141735656
-0.00698047265044699
0.00216290555155019
-0.0158272847419886
0.00548243776530621
0.00799707379134862
0.00955649133711667
-0.00232186096367704
0.00483351226578033
0.0130055226615797
-0.0126627152187351
0.00320628790891142
0.0202414595170455
-0.0146188655520165
-0.0102436949884087
0.0148108134402067
-0.00228586253360064
0.0144518676611962
0.00156360316949966
0.00867302658549773
0.00980221806355241
-0.00306539504316439
0.000854099746257386
0.00119474313022683
0.00477325264234585
0.00390225659827381
-0.0285617383323218
0.00591510090466252
-0.00259429263230715
-0.0104039885695851
-0.0150692307692307
0.00782784216025334
0.00423648705255131
-0.00246087190122823
-0.000704863436123304
-0.00387933351929715
-0.044786739430457
0.00871017436453236
0.0123093514605916
0.00834851209976462
-0.00431967234845798
-0.00469990961677513
0.0208862691448191
-0.0206368977163655
0.00653952782088152
0.0164230283342357
0.00390626775568181
-0.00972760860050215
-0.00357208417317079
-0.00322638459891766
0.00593414842772622
0.00125132286827534
0.0128548835156179
-0.0246782654680063
-0.0113862457478313
0.020840931977314
0.00734240687679066
-0.00657775999999999
0.0066213134104991
-0.0243555377777778
-0.00583090368383921
-0.000366568908237386
0.0275027497707601
0.0173090111115453
0.00719172100304233
-0.0198536927848727
0.00479744144984795
0.0116710877395418
0.0181786578950998
0.00257514163090122
0.00342458892381536
0.00494882269449914
0.000169859062147282
-0.0106961286690618
0.00102972370001719
0.00822902423353256
0.00374082632646089
-0.0115195834578956
-0.00154241650530984
0.00875389662732218
-0.0102093244852817
-0.00378196677950715
0.0205349090503035
-0.00760906336843192
0.0149940537569271
-0.0276985395333221
-0.00483423704538111
0.015440666471906
-0.0133264823735944
0.00779222510822519
-0.000171855667150278
0.0216532397603237
0.025567703522831
0.0134492371092465
0.00339859195017667
0.0211290483870967
-0.0161111986082578
0.00882965148772441
-0.0055696690006366
-0.00192035519537981
0.00849772340063693
-0.0252782344903583
-0.0115805413214721
0.00808584185101791
0.000163660173514435
0.0220949761733216
-0.00864693340837586
0.0151832983362947
-0.00143198095248942
0.00398342906256954
0.0139660534507555
-0.0378775714177112
0.00455505117040733
-0.000323886639676196
0.00259191641017353
-0.00193890777086614
0.0106847984458474
0.0129745635111325
0.00585071138992066
0.010847382316501
-0.00264395010992458
0.00155942623855099
-0.000155721618135374
0.00295862655000589
0.0111782790760269
0.00460621854473597
-0.0097814305364512
0.000154375672875906
-0.000463055534117851
0.00478624385299864
-0.000307375528353582
-0.000922194925367048
0.0158461384615385
-0.000151476603838852
0.00575590756237077
0.00918674671124253
-0.00641695250210572
-0.0177230394195541
0.00351674301172045
-0.00198075584248469
0.00778629007633591
-0.00499927268597866
0.00959193057247232
-0.00784190945081897
-0.00304005163337817
0.00701337136840197
0.00287653279894617
-0.00603867771855915
-0.0325029637000586
-0.0226060122039872
0.00770966937711748
0.00111569967753589
0.00143290874967517
0.0163751664109646
-0.0136086188018145
0.00697746579483871
0.0135433228346455
0.00217524856781792
0.0137984341085271
-0.00367024015400275
-0.00905608567748017
0.0113073578471923
-0.00367587680079828
0.00245958482123343
0.0069008588698185
-0.000761544272827042
0.00487728997291148
-0.0215379645078114
-0.018756827817181
0.00868876790977513
-0.000783069719125118
-0.013322852873399
0.0108022238156915
-0.00314318712646255
0.0141889011508749
-0.0003109591073851
0.00653094406875909
0.00247174405352646
-0.00323623059387002
0.0174705936920221
-0.00167149374476505
0.00213088289790941
0.00546781624956361
0.0114803932695042
-0.0016427867628851
-0.00448758427786333
0.00420734766909003
-0.0088284300814474
0.00966182094389567
0.00493424065195458
-0.00624904041435848
-0.000299505909574727
-0.00404368746639305
0.00135332330827076
0.0100616615144413
0.0162057087063423
0.00424288234799963
0.00116553032001043
0.01993589901141
0.000713411369006378
0.00955230980257049
0.0064962436519207
-0.0138908101820181
0.00611838369548057
-0.000141450999030512
-0.015841514109258
0.0061799365858024
-0.00899878563065881
0.00374750664806167
0.00445143602026743
-0.00257326672937519
-0.00601976520079262
0.00115359772613122
0.00907385856258092
-0.00413932355521895
-0.000429969919591655
-0.0126182538749141
0.000871289560393951
0.005513711709626
0.000144227987984191
-0.00432832215635026
-0.00811483819403458
0.00277577806175811
-0.0115093387457654
-0.0103168168111073
0.00357404308044562
0.00252261466868386
0.00236830972079072
-0.00251030711000721
-0.0152480526166668
-0.0126277365887434
0.0124847746650425
0.0135338646616541
-0.0152818838195288
0.00225996675034068
-0.00360790755898566
0.000905205203759918
0.000452321402009126
-0.0253126551764656
0.00757455533855134
-0.0131942313593129
0.00388681592039797
-0.00247786897940205
0.0128861038418815
0.0122624620558696
0.000151453662152523
0.000756926536400027
-0.0361573233330506
0.015696123303973
-0.0139081751492531
0.00329095747859331
0.00437372716527928
0.00793149263150106
0.0094121280485151
-0.00626713562418646
0.0181510531256406
0.00619422854829343
0.000900991018047748
-0.00450049477944836
-0.012959629099463
-0.00213738931297713
-0.0131579098354052
-0.00449613953488381
-0.010901744446375
-0.0209415531708882
0
0.00112576391122543
-0.00738954216867471
0.00679718390035311
-0.0139848740393004
0.0107597000326052
0.00854837096774186
-0.00367823450628868
0.0107544464005529
0.00635219935918374
-0.00284046083068423
-0.00443106511205993
-0.00683516134159912
0.00880280089628682
0.00682214829164129
0.00110305706118896
-0.00535180238236732
0.00348157941892024
0.0225515849235136
-0.0225168891127013
-0.0121489426925064
0.00495123774235373
-0.00826439949982194
0.0134615380300789
-0.000158159387787515
-0.0313142495650798
-0.0246530285714286
0.00418480066338134
-0.0211702109961589
0.0126021455619525
-0.00790442327454477
-0.00220378022702894
-0.00713560980061823
0.0150581966984633
-0.00252869184086313
-0.00591512610833622
0.0153009350561035
0.019758891162778
0.00607550062149431
-0.0362330830749144
-0.015071956224758
0.00928474896836318
0.00851788741877524
0.00456081073377024
0.0131158396987414
-0.0011618257261411
0.0134596543702226
0.0157402683803816
0.0122679255485405
-0.0161058525929813
0.00664505661839443
0.011270326658021
0.00206970224375569
0.00428979987749933
-0.00648631555903056
0.00700641730901941
-0.00110695758675017
-0.000633164496855021
-0.0117218753093319
0.0142651068162383
-0.00505689009255506
-0.00317663600979412
0.00143403446252499
0.00540972173141507
-0.000791264453097962
-0.0131453597267241
-0.00304930182877061
0.0170637639578841
0.0017410731244063
-0.000948032849612424
0.00917287679898782
-0.00548506495086865
-0.0119760165769937
0.00334926629427001
-0.00317916070577007
0.00111624941980937
-0.00398215998697293
0.00175915563344264
0.00526823124629994
0.00381130691104792
0.0134472237533176
-0.0151420235760855
0.0109367411634171
0.00391972411288388
-0.0032796970682446
0.00172359761830143
-0.00203348975441886
-0.00595612862000205
0.00835703274541255
-0.00250195461294833
-0.00815176347151947
0.0003161213845424
0.00647811650374286
0.00643642062109229
0.0101388393364712
0.00849283482109819
0.0107181751865926
0.0172701100660473
-0.00670148900367873
0.00404803616407956
-0.0126922202076718
0.0057470808039739
0.000300706766917402
-0.00255560745139549
-0.00165787495577618
-0.0164552541200258
-0.0047583421409565
0.00863673711515967
0.0062690517960533
-0.000303859605040424
0.0135278763713653
-0.0100479604079186
0.0069686257546242
-0.00511514961463588
0.0128535617505017
0.0068677064705418
0.000148205808178759
0.00504083046882875
-0.00147512905332448
0.00221589593098237
-0.00663321088639213
-0.00341289513893606
-0.000446798663085168
0.000298003886399556
0.00208486963261745
0.00802498130442864
-0.00309596039817306
-0.00443660140032831
0.00267379679144386
-0.00162964444444436
0.00593562851959684
-0.00368785951190653
0.00296116371096877
0.00354303228647868
-0.00353052352763206
-0.00442863904424673
0.00622774299443218
0.00162098435571778
-0.00161836101782609
-0.00250514290443338
0.00605696539941003
-0.00396469908853747
-0.00530740069858759
0.00800357183928302
-0.00161740915696484
0.00176723117033206
0.00573371092621477
-0.00994008127817103
-0.00620116612131261
0.00148575253263283
0.00207682824050859
0.00754988863583006
0.00734645922264066
-0.0102099915463825
0.00427351894675043
0.0023477035261128
0.00600209357347659
0.0101862192929829
0.0024488332598338
0.00876564211901942
0.00854709438235446
0.000988700523077535
0.00479745993519987
0.00800449386328461
0.00599052669253997
0.00637029506121456
-0.0037153709568013
-0.00372935072570846
0.00679337335893693
-0.00922619075077702
-0.00125081311678166
-0.00626213461922986
0.00336084563165695
0.0043265455875352
0.00250138969568359
0.00388132802718788
-0.00497100262278405
0.00693866241850305
-0.00220501659881511
-0.00842542794404888
-0.0033430560893849
0.00447239673770516
-0.0160011402810154
-0.00805994049688996
-0.00784039892115762
-0.00186777304217745
-0.00676552458952739
-0.00260869565217403
0.00290608834641115
0.00188358455014126
-0.00375998542993528
-0.000725838303466952
0.0021789948970945
-0.0102913323754553
-0.00161102814310232
0.00557437305484432
-0.00277172854390695
0.00424226149440821
0.000728259265017961
0.0186318203187112
-0.0112889535029027
-0.00505862104180899
0.00886114229291923
0.0175666098300913
-0.00339603801884925
0.00156184864404363
0.00113413664397299
0.00438964863821956
0.00380652756238531
-0.00449438221184184
0.00719528811492465
-0.000560316578797071
-0.00546599875167486
0.00563700684381363
-0.0112108042150952
0.0069445155029626
0.00661497509014874
0.00699105174738746
-0.000277658995181618
0.00222227777777784
0.00706754395412745
0.00192651718526249
0.00686718876163139
0.00109126997930087
0.00245266388408028
0.00720399619410084
-0.00215919034167844
-0.00256967804788544
-0.00162715932203383
-0.0012222735796118
0.00747885494317568
-0.0106626136138541
0.00723054540666235
0.00487606650748851
0.00485241933272884
-0.0193159214225653
-0.00711263839265985
0.00427064357463247
0.0017832235450419
-0.0104067097139081
-0.00401264718469552
-0.00416786590019991
-0.00320874720982156
-0.0123162636381916
0.00666006801757146
0.0021115005333403
-0.0123613425379594
0.00270234682697623
-0.00368797163120571
0.00270503994034854
-0.00198777509583992
0.017498875835839
-0.000419449122739834
0.00055953281744392
0.00293581718070479
0.00906051042822731
0.00511124471765778
0.00797133018220642
-0.00245421338719465
