0.0238828967642526
0.00526711813393521
0.0112275449101797
0.00888230940044421
-0.00293470286133535
0.0103016924208978
-0.0225782957028405
0.0134128166915053
-0.0139705882352941
0.0402684563758389
0.00860215053763458
0.00355366027007809
-0.0254957507082153
0.0138081395348837
-0.0637992831541218
0.0306278713629402
0.012630014858841
-0.0102714600146736
-0.00370644922164576
0.0186011904761905
-0.0160701241782322
0.0215293244246473
-0.00145348837209303
0.0131004366812226
0.00071839080459779
0.0122038765254846
-0.00141843971631206
-0.0113636363636364
-0.00718390804597702
0.00361794500723578
-0.015861571737563
0.0139194139194139
-0.0021676300578034
-0.00506879073135413
-0.00436681222707425
-0.00584795321637432
0.0191176470588235
-0.036075036075036
-0.0112275449101795
0.00605601816805446
-0.0210684725357411
-0.0169100691775558
0.0265832681782645
0.00609291698400605
0.0219530658591975
0.0118518518518518
-0.000732064421669065
0.0117216117216117
0.0296886314265026
0.010548523206751
-0.0243562978427279
-0.0178316690442225
-0.00508351488743652
-0.0284671532846714
-0.0225394440270474
0.00153727901614142
0.0153491941673063
-0.0249433106575964
-0.00155038759689918
0.0108695652173911
0.00921658986175133
-0.00304414003044151
0.0206106870229008
-0.0209424083769633
0.00840336134453779
-0.0212121212121211
-0.0185758513931888
0.00394321766561512
0
-0.0322073841319718
0.0097402597402596
-0.017684887459807
0.011456628477905
0.00970873786407767
0.00320512820512819
0.0119808306709266
-0.0473559589581689
-0.0182270091135046
0.0261603375527426
-0.0189144736842105
-0.00586756077116513
0
-0.0185497470489038
0.0163230240549828
0.00169061707523244
0.00337552742616043
0.00252312867956261
0.0167785234899329
-0.0099009900990098
0.0525
0.0269200316706255
-0.0246723207401697
0.0276679841897234
-0.0192307692307693
-0.00392156862745108
-0.0370078740157479
-0.00327064595257576
-0.00574241181296142
-0.00577557755775571
0.00414937759336098
-0.0148760330578512
0.0075503355704698
0.0149875104079933
0.0369155045118952
-0.009493670886076
0.02555910543131
0.0031152647975079
-0.0147515527950312
-0.0149724192277383
-0.00319999999999998
0.00160513643659699
0.0208333333333333
0.00863422291993721
-0.00155642023346303
0.000779423226812126
0.0381619937694704
-0.0142535633908477
-0.00152207001522076
-0.00533536585365846
0.0114942528735631
-0.0174242424242423
0.023130300693909
0.00602863602110015
-0.00524344569288393
-0.00903614457831314
0.00607902735562305
0.00679758308157097
0.0172543135783947
-0.0184365781710915
0.0112697220135236
-0.0156017830609213
0.0105660377358492
0.0044809559372665
-0.0148698884758364
0.00150943396226411
0.0278824415975887
-0.0117302052785924
-0.00222551928783388
0.00669144981412639
0.00886262924667669
0.00146412884333813
0.00219298245614041
-0.0255288110867981
0.0134730538922156
0.0118168389955686
0.00291970802919717
-0.00873362445414849
0.000734214390602173
0.0110051357300072
-0.00580551523947748
-0.0204379562043795
0.00149031296572266
-0.00818452380952372
0.0202550637659416
0.00294117647058822
-0.0139296187683285
-0.0223048327137546
-0.00988593155893547
0.00998463901689717
-0.00532319391634983
0.032874617737003
-0.0140636565507032
0.015015015015015
-0.0125739644970414
0.00674157303370793
0.0104166666666667
0.00662739322533135
0.0131675201170447
0
0.00649819494584847
-0.0164992826398851
-0.00510576221735959
-0.00806451612903236
-0.00517368810051722
-0.0222882615156018
0.00759878419452886
-0.00527903469079938
0.00833965125094771
-0.00751879699248126
0.00303030303030316
-0.0249244712990937
0.00774593338497276
0.00691775557263652
-0.00381679389312972
0.00536398467432941
0.00457317073170738
0.012898330804249
-0.0104868913857677
-0.00984102952308863
-0.0107033639143731
0.017774343122102
-0.0174639331814731
-0.0115919629057187
0.0109460516028148
-0.0123743232791956
0.00469851213782313
-0.0109119251753703
0.00866824271079603
-0.00546875000000002
-0.0133542812254517
0.00238853503184711
0.000794281175536149
0.00317460317460316
0.00316455696202533
-0.02602523659306
0.0574898785425102
-0.0306278713629403
0.0118483412322274
0.00468384074941453
-0.00388500388500379
-0.0218408736349455
-0.0183413078149919
-0.0251827782290821
-0.0391666666666667
-0.0164787510841283
0.027336860670194
0.0188841201716736
0.0193765796124685
-0.00826446280991733
-0.0466666666666667
-0.0104895104895104
0.0106007067137808
-0.0358391608391608
0.0262919310970082
-0.00176678445229683
-0.00530973451327443
-0.00978647686832734
-0.00539083557951492
0.00451671183378499
0.00539568345323738
-0.000894454382826426
-0.0205908683974934
-0.0146252285191957
-0.0278293135435992
-0.0324427480916031
-0.0138067061143985
-0.00399999999999989
-0.0150602409638555
-0.0356778797145769
0.0348837209302324
0.0102145045965272
0.0202224469160768
0.0178394449950445
0.0185004868549175
0.00669216061185463
0.0218423551756886
-0.00371747211895901
-0.000932835820895539
-0.00746965452847803
-0.00564440263405463
0.0198675496688741
0
-0.00371057513914652
0.0130353817504656
-0.011029411764706
0.0260223048327137
0.000905797101449446
-0.0153846153846153
-0.000919117647058987
0.0229990800367985
-0.0107913669064748
-0.00454545454545463
0.00639269406392695
-0.00816696914700543
-0.0100640439158279
-0.0868761552680222
0.0323886639676112
-0.0294117647058822
0.0171717171717172
-0.00198609731876853
-0.0318407960199005
0.0071942446043165
0.00102040816326521
-0.0275229357798167
0.0199161425576522
-0.0164439876670093
0.0104493207941483
-0.00103412616339194
0.0248447204968945
-0.00202020202020192
0.0111336032388663
0
-0.00100100100100098
-0.0380761523046093
-0.0083333333333333
-0.0210084033613445
-0.0118025751072961
-0.00108577633007623
0.00652173913043486
0.0021598272138228
-0.0334051724137929
-0.0156075808249722
0.0475651189127972
0.0129729729729728
-0.0181430096051227
-0.0152173913043477
0.011037527593819
0.0141921397379912
0.0269106566200215
0.00419287211740049
-0.0125260960334028
0.0158562367864692
-0.0114464099895941
0.00736842105263169
-0.0146290491118078
0.0137857900318135
-0.0345188284518828
-0.0249187432286024
0.0144444444444445
-0.0109529025191677
-0.0310077519379844
-0.0125714285714285
0.0243055555555554
-0.0350282485875707
0.0210772833723656
-0.0114678899082571
0.0568445475638051
0.00658616904500553
-0.0468920392584514
0.0343249427917618
0.00442477876106206
0.00881057268722474
0.037117903930131
-0.00421052631578933
-0.0179704016913321
0.0495156081808397
0.00512820512820511
-0.00510204081632659
-0.0317948717948718
0.00741525423728806
0.0021030494216614
-0.055613850996852
0.018888888888889
0.0229007633587788
0.0255863539445627
0.00831600831600832
-0.0298969072164947
0.0403825717321997
-0.0214504596527068
0.0469728601252608
-0.00598205383848438
-0.0100300902708126
-0.00709219858156018
0.0326530612244897
0.0158102766798418
0.0165369649805447
0.0325358851674642
0.0092678405931419
-0.0247933884297522
-0.0112994350282485
0.0295238095238095
0.00925069380203514
0.00458295142071496
0.000912408759124128
0.0382862351868734
0.012291483757682
0.00780572419774495
-0.00688468158347677
0
-0.020797227036395
0.0238938053097344
-0.0138288677614521
0.0210341805433829
-0.00257510729613741
0.0154905335628228
-0.0194915254237289
-0.0181503889369059
-0.0255281690140844
0.000903342366757043
-0.0198555956678701
0.00920810313075515
0.00547445255474432
0.0127041742286751
0.00627240143369168
0.000890471950133476
0.000889679715302405
0.00533333333333341
0.0167992926613616
-0.02
-0.0141969831410825
0.00630063006300641
-0.0161001788908766
0.0190909090909093
0.0151650312221232
-0.0228471001757471
0.00359712230215825
0.0125448028673836
-0.0150442477876106
0.00269541778975735
-0.00806451612903225
0.000903342366757043
0.0072202166064983
0.0259856630824371
-0.0113537117903929
-0.00441696113074208
-0.00976042590949422
-0.00448028673835132
-0.00810081008100805
-0.0263157894736842
0.000931966449207788
0.0139664804469275
-0.0137741046831956
0.0158286778398511
0.005499541704858
-0.00729261622607114
0.0202020202020201
-0.00180018001800175
-0.0135256988277728
-0.00914076782449724
0.0350553505535056
0.0151515151515151
0.0105355575065846
-0.00695047784535185
0.000874890638670189
-0.020979020979021
-0.00267857142857142
-0.00447627573858556
-0.00539568345323727
0.0180831826401446
0.0310834813499112
0.020671834625323
0.0135021097046413
-0.00166527893422141
0.00917431192660545
-0.0173553719008264
-0.0403700588730026
0.0333041191936896
0.0203562340966921
0.0374064837905237
-0.0120192307692308
-0.0105433901054339
0.00245901639344281
-0.0106295993458708
0.0181818181818183
0.0186688311688312
-0.00557768924302793
0.0120192307692308
-0.00870942201108482
0.00878594249201292
-0.00475059382422804
-0.00477326968973746
0.00399680255795376
0.00238853503184711
0.00476568705321689
0.00158102766798418
-0.00473559589581696
-0.0190325138778747
-0.00970088924818102
0.00816326530612232
-0.0145748987854251
0.000821692686935105
0.0180623973727423
0.000806451612903158
-0.0145044319097501
-0.00408830744071964
-0.00903119868637103
0.00911350455675231
0.00492610837438434
-0.00163398692810457
-0.0106382978723405
-0.00744416873449127
0.0233333333333332
0.0179153094462541
-0.0224
0.00572831423895237
-0.00895036615134248
-0.00821018062397372
0.0024834437086092
-0.00743187448389759
0.0108153078202995
-0.0106995884773663
0.00415973377703827
-0.00497100248550131
0.0183180682764363
0.0498773507767785
0.0147975077881619
-0.00613967766692247
-0.0478764478764478
0.0210867802108679
-0.0158856235107228
-0.00564971751412435
0.0186688311688312
-0.000796812749004117
0.0127591706539074
0.00629921259842514
0.0250391236306728
0.00687022900763368
0.00530705079605753
-0.0105580693815989
-0.00304878048780477
0.0053516819571866
-0.0190114068441065
-0.00387596899224807
-0.0295719844357976
-0.041700080192462
-0.00753138075313808
-0.0168634064080944
-0.00600343053173247
0.00690250215703192
-0.012853470437018
0.0130208333333333
0.00514138817480725
-0.0136402387041773
0.0121002592912707
0.0136635354397949
0.0210614995787699
-0.00577557755775571
-0.0024896265560167
0.00249584026622296
-0.0024896265560167
-0.00166389351081531
-0.015
-0.0143824027072758
0.0103004291845492
-0.0101954120645709
-0.0163090128755364
0.0253054101221639
0.0306382978723403
0.0247729149463254
0.00161160354552781
-0.0337892196299275
-0.04496253122398
-0.0183086312118571
-0.00355239786856121
0.0285204991087342
-0.0164644714038128
0.00704845814977983
-0.00262467191601046
0.013157894736842
-0.0121212121212122
-0.00613496932515345
0.025573192239859
0.0266552020636284
-0.00502512562814061
-0.0361952861952863
-0.0366812227074236
0.0135992747053491
0.0143112701252237
-0.000881834215167521
0.0255957634598412
0.0189328743545611
0.0067567567567568
0.0075503355704698
0.0149875104079933
-0.0205086136177195
-0.0117252931323282
-0.00423728813559332
0.00765957446808518
0.00844594594594583
0.00335008375209389
-0.0166944908180301
-0.00424448217317475
0.011082693947144
-0.0185497470489038
0.00515463917525771
-0.00683760683760681
0.00344234079173855
-0.00857632933104624
-0.0129757785467128
0.0359333917616127
-0.0245346869712353
-0.0173460537727667
0.0388349514563107
-0.0161427357689039
0.0120898100172713
0.0162116040955631
0.00167926112510486
-0.016764459346186
-0.0272804774083547
-0.0166520595968448
0.0133689839572191
0
-0.013192612137203
0.0160427807486632
-0.0166666666666666
0.0205173951828723
-0.0174825174825174
0.00711743772241991
0.00441696113074186
-0.00703605980650834
0.0124003542958371
0.0139982502187226
-0.0103537532355478
0.0122057541412379
0.00602928509905265
-0.0162671232876712
0.00609225413402958
0.00778546712802775
-0.0163090128755364
0.0279232111692844
-0.0152801358234295
0.0129310344827587
0.0153191489361701
-0.066219614417435
0.0341113105924595
-0.0147569444444444
0.0246696035242291
-0.00687876182287184
-0.00259740259740271
-0.0164930555555555
-0.0229479258605472
-0.000903342366756932
0.00813743218806517
-0.0116591928251122
-0.00181488203266789
0.0281818181818183
-0.000884173297966417
0.0141592920353983
-0.0226876090750437
0.00892857142857162
-0.0132743362831859
0.00269058295964131
0.00447227191413235
-0.00890471950133565
0.0161725067385445
-0.0053050397877985
-0.0151111111111111
0.00902527075812265
0.000894454382826426
0.0071492403932083
-0.00976042590949422
0
-0.0107526881720431
0.00996376811594213
0.0143497757847533
0.00530503978779828
-0.000879507475813557
0.00616197183098599
-0.00174978127734027
-0.00350569675723056
0.0043975373790679
-0.00350262697022763
0.0184534270650263
0.002588438308887
-0.0146299483648881
-0.0139737991266375
0.00177147918511977
0
-0.000884173297966417
-0.00973451327433639
-0.00893655049151021
0.0207394048692515
-0.000883392226148416
0.00265251989389914
0.0202821869488536
-0.00864304235090751
-0.012205754141238
0.00617828773168583
-0.00701754385964914
0.000883392226148416
-0.0132391879964696
0.00178890876565285
0.0142857142857142
0.000880281690140761
0.0334212840809147
0.00255319148936173
0.000848896434634927
-0.00763358778625955
-0.0017094017094017
0.0231164383561644
-0.00334728033472798
-0.0167926112510495
0.0170794192997437
-0.0285474391267843
-0.000864304235090763
0.013840830449827
0.00255972696245732
0.0153191489361701
-0.00167644593461858
0.000839630562552429
0
-0.000838926174496657
-0.000839630562552429
-0.019327731092437
-0.00856898029134534
-0.000864304235090763
0.0103806228373702
-0.0154109589041096
-0.0147826086956522
-0.0150044130626655
-0.00448028673835132
-0.00900090009000898
-0.0127157129881926
-0.0174793008279668
0.00749063670411987
0.016728624535316
-0.000914076782449702
0.0155535224153704
-0.00720720720720724
0.000907441016333888
0.00815956482320934
0.010791366906475
0.00711743772241991
0.00441696113074186
0.0043975373790679
-0.00875656742556918
-0.00706713780918733
-0.00711743772241991
-0.0053763440860215
-0.0108108108108107
0.0182149362477231
0.00178890876565285
-0.013392857142857
0.00633484162895903
-0.00359712230215825
0.00180505415162457
0.0252252252252254
-0.0114235500878735
0.0115555555555555
-0.0246045694200352
0.000900900900900892
-0.000900090009000931
0.00720720720720713
-0.0152057245080501
0.00544959128065403
0.014453477868112
0.0106856634016028
0
0.00440528634361237
0.00263157894736832
-0.020997375328084
-0.00178731009830202
-0.00984780662488804
-0.00180831826401462
0.00724637681159424
-0.00269784172661869
0.00180342651036969
0.00360036003600372
0.00538116591928262
0.016057091882248
-0.013169446883231
-0.000889679715302516
0.00267141585040065
0.00799289520426294
-0.00704845814977972
0.00532386867790602
-0.00441306266548991
-0.0132978723404255
-0.00179694519317175
0.00900090009000909
-0.00446030330062452
-0.00268817204301075
-0.0044923629829291
-0.00541516245487372
0.00635208711433766
0.00901713255184844
0.00804289544235925
0.000886524822695023
-0.00885739592559787
0.000893655049150954
0.00446428571428581
0.00177777777777766
-0.0044365572315882
0.00267379679144386
