0.0119781551589719
0.00863259037302688
0.0240879121550088
-0.00310171448968877
0.0250637522135819
0.0131528810249562
-0.00790583357961283
0.00251648709313179
-0.0010458938252349
0.018552676181224
-0.00193249449641275
0.0196094376779798
-0.00880805252525252
0.0105576264719411
0.00996329700353682
-0.0178528672846701
-0.000732007633166387
-0.00854592859717451
-0.0123548411042392
0.00419753146449864
0.00885651183924763
0.0171062802296216
0.0873598605520702
-0.0132047363530103
-0.0283792615568587
0.0048745021035439
0.0274494898941289
0.012852191755617
0.000591924091538854
0.000517558322484568
-0.0278628964855085
0.0043333864358015
0.00616935413316755
0.00624437264887723
-0.00538318504672897
-0.00184165603128372
-0.0069284781846618
-0.0186554915815021
0.0161894904848305
-0.0152091254752852
0.0154440154440154
-0.024638825095057
0.0170747122556596
0.0109237488138847
0.00621806635071098
-0.014054827948218
-0.0220897306108732
-0.00656560875086754
0.0113689969870456
0.0121747444424094
-0.00249786333680035
-0.00832146604673001
0.00668195086932188
-0.00941613457692791
-0.0059215551371572
0.0394247485160852
0.0140631898552386
-0.00104103959462121
0.0133988614477891
-0.00874102030535107
-0.0128935942103059
-0.0100218184434965
0.0186161289099527
0.00130278416879648
0.0251290983558567
0.0081227874292007
0.00399260803594803
0.0211378407340541
-0.0169110139148871
-0.0225553416464523
-0.00230029570796886
-0.0245562342177493
0.00468972746226637
0.00209117958541905
-0.00790011161766102
0.031701918083157
0.00684448578665919
-0.015331730912966
0.0250817709601687
-0.00583938135849127
0.0149543938973589
0.0131718772538254
0.00536145714969072
-0.0101080308840996
0.0191549366197183
0.0218697725133377
-0.0112248609509872
-0.0114208475395789
0.00446200085410409
-0.00213496905237542
0.00545236388105597
0.0204215173885323
-0.00363252836186156
-0.000303804464970248
-0.00148579380601432
-0.0195468338364492
0.0126931320191408
-0.0204359668848235
0.0182892172818661
0.0197023161084979
0.00107158354700498
0.0202374569565162
0.00822954098360662
0.0209424141997849
0.001465175927434
0.00842846590848301
-0.00659180285492833
-0.018541435633421
-0.0274965220538848
0.00229518673626727
0.00743392721346914
0.00395312955562743
-0.0234283198770076
-0.00399839399231217
0.00654455367476925
-0.00177631467266015
-0.00765511022905052
-0.0026390546937276
-0.00851485856745648
0.00862223319137967
-0.00247637632793718
0.0139427532744525
0.00254899714852419
-0.0082630834088715
0.00202386903597085
-0.00565559019648898
-0.00284387721914692
0.00234272231128507
0.0106360815302617
-0.00988732118350244
-0.0345959915426561
0.0102037377874138
0.000451249556725042
-0.0186310439408059
0.0243230056029311
0.000241623532878599
-0.0140091716228506
-0.00853893963254593
0.0140834775622707
0.019213432755173
0.0304623413249219
-0.0164047894347712
-0.00370634781038071
0.00598596160853626
-0.00289109468842819
-0.00283208355700437
0.0090275321535187
-0.00311628529911212
0.012504205042017
0.000431594846186822
-0.00424754927663762
0.0223947806952929
0.020502551632964
-0.0200267958999245
0.00765948311762643
-0.0111593121858027
0.00232253449642728
-0.00992104911894254
-0.00355994786142877
-0.0120409664058603
-0.00599346740784212
0.01488871921866
0.00209102187653354
-0.00973768506031425
0.00792693462038851
-0.0110503299608363
0.00258378641843371
0.012316315436103
-0.000330631135879167
0.0161391840483378
0.0165012432872254
-0.0117187593428811
0.00158747487089372
-0.008248384439561
-0.0239726218400661
0.0140684745196324
0.0113689221061106
0.0019549900367537
-0.00263405409144246
0.000978115383966749
-0.0238761791530945
0.0147829038870166
0.026405783760491
0.0199275971561914
0.00873252378704215
-0.0031140036260392
-0.00862152861928689
-0.00365505252000908
0.00487020980940489
-0.00236034618410697
-0.00520502839116721
-0.00126841285045032
-0.0214002881193731
0.0609001023591087
0.038289768728401
-0.00444774668630343
-0.0269830328407062
0.00693282766644598
0.0113846265085542
-0.0117043259519998
0.0170393202416919
-0.0510040792387678
0.00494565059333985
0.00267876041783266
-0.0137305891245307
-0.00529148021328163
-0.000506646404525801
-0.00364325684099331
0.0214626391096979
-0.00295723579766538
-0.00449579473602724
-0.0359718075003986
-0.028693215685617
-0.0226077631434694
-0.00407786296845647
0.0528163153697776
0.0196744518713021
-0.0127884294871794
-0.0138632507430523
-0.0313755162762729
0.0183542169375206
-0.00724269252908916
-0.012439523853957
0.0219241615688761
-0.017522753423477
-0.00447581358271532
0.00558577645260661
0.00243869741358549
0.0262873335470535
0
-0.00885626551841256
-0.0191329653864659
-0.0327475150031236
0.00749252516442356
-0.00399647261619163
0.0137818401546619
-0.0396819902235821
-0.0865856864372493
-0.0108682428467108
0.0781832270166627
0.0387771166533764
0.0200106034352272
-0.0327083784722222
-0.0204608452365246
-0.014255405045159
0.0266553190325038
-0.00477986667468333
-0.00523941937475503
-0.041514287670394
0.0277046759490789
0.0177118897754402
0.0147767739057867
-0.0173300503841719
-0.0361859612614684
-0.0167793363520941
-0.02301161003861
0.0612946389071389
0.0112456493574671
0.052288476760985
0.00500410489220404
0.0598189146315216
0.0134371375675615
0.020877242451852
-0.017782877421703
-0.00530207562188156
0.00572034948365285
-0.0254015001060355
-0.0157509032388622
0.0332861827605848
0.00997716948247129
-0.0313791344466964
-0.00136649775930386
-0.00307050023244493
-0.00465328928351794
0.0453382910084488
-0.0281531542401475
0.0344645039350242
-0.0343723686531118
0.03218212901968
0.0283531361733678
-0.0015612314506579
-0.018357501927774
0.027398052148935
-0.0155973802473682
-0.0142064484592013
0.0113436263424715
3.16271721960693e-05
-0.0190831531678888
-0.0130769381483656
-0.00231713061170158
-0.0118744025433667
0.00314490673680168
0.00541223371241029
0.0144751622861528
0.00142363539015311
-0.00946665020624049
0.0108944684637877
0.0021617932753506
-6.43581578848584e-05
0.00212513760222843
-0.00755070499933252
0.0181623443058414
0.00181248376140686
-0.00812543012839095
-0.0160959968
0.00409799328683125
-0.0171023185692174
-0.000988690025163108
-0.0121722021211718
-0.00030052762540822
-0.0111567493596011
-0.0293889539215245
0.0410329883180622
-0.0129713996551787
-0.0116853445226034
0.00394116647085063
0.00972897856401334
0.00760674779924697
-0.00701247126858051
-0.00456160143693463
-0.0155465611226091
-0.0284807230993999
0.00947608924346643
-0.00608227346825552
-0.0106827692670914
-0.00461233564175623
-0.0213369829374088
0.00495494931378437
-0.0273922583225241
0.0226812176949853
0.027282048575781
-0.018658187815849
0.0215990648668323
0.0141543099126591
-0.00439444523560084
-0.0184322061398784
-0.00802219912136048
0.0365186110607434
0.00335872918791158
-0.00725290120389444
0.0408850843322057
0.00583792610971079
-0.0267052095583705
0.0199924831956406
-0.0115913384259899
-0.00977850072632813
-0.00328009811615404
-0.000969958732776277
-0.0137314809599076
0.0195127733944709
-0.00251745283229188
0.0336387588591183
-0.0199345166255946
-0.0341955817901557
-0.0361837102473498
-0.000219966262649751
-0.0119912682658774
0.0181865201622151
0.0105348089416124
0.0147536144046114
-0.00707401448277012
-0.0118501966097972
-0.00902148802501768
0.00519162422165786
-0.0251327669663726
0.000223844346617375
0.0352866281515405
-0.14772108367016
0.0346227093474185
-0.0152815433668068
-0.020746887966805
-0.032330529661017
-0.0253973294521462
-0.00974979975626278
-0.0181941701867742
0.00355841306695504
0.012663473703012
0.02619250554877
0.0100589534280937
-0.00197419055914549
0.00725303953463796
-0.0187221481134771
-0.0218367972825405
0.000591093019995492
-0.0055436950115606
-0.0104638242504778
0.00715738370112096
-0.0150841042818574
-0.000931067840436395
-0.0199422192699239
-0.0413140732397846
0.0598066618340687
0.0528285650189513
-0.0101777466666667
-0.0300390767802364
0.0339320519594102
0.00747704479578126
0.0113767574193093
0.00733807006469744
-0.0102944427480917
0.0114593239519563
-0.0173428468050275
0.0149882669280357
-0.00454363670122604
0.0197937014756979
0.0154071311094546
-0.000805297950281392
0.0282078218451749
0.0194719518021109
-0.000647410178201024
0.00101230965708554
0.0093442697892081
0.00172328067131633
-0.0102020525329313
-0.0261519852745025
0.0108745696929482
0.00225827548029223
-0.0203195693489661
-0.00773607931645082
-0.00943988396510254
0.00089339288372603
-0.0157697529492848
-0.0129561648073051
0.0217019992775935
-0.0333604306744986
-0.0365054269160666
0.0470848132625494
0.0124275513243126
0.00234219472120323
0.012679077635191
0.00846079807775757
0.0041525254237289
0.0043463541960731
0.0108398851065057
-0.00960138425705781
0.00595936715611622
0.00613267008092611
0.0126052536601173
-0.00696127083768516
0.00791719120690249
-0.00732313566772469
0.0177629328130684
0.00360396440903799
0.00459974184312029
-0.00453847705901644
0.00443813182719865
0.0453504444107302
-0.0179833698886938
-0.0102128698561033
0.00755091529018692
-0.0161265046844288
0.0070986999002991
0.00364312360370289
0.00157825608496664
-0.0218239427577559
0.0112359873644716
0.00430102339384253
0.00333099779251711
-0.0134772071223269
0.0177877568295031
-0.00338516429775448
0.00043446028330929
-0.00146075797717227
0.000830292989412174
0.00158012957881071
-0.00130151458985017
-0.0392559643189773
-0.0286102104063762
0.00685538070208946
-0.00537972949043042
0.00143676741441201
-0.0103380393616177
0.0137290103867276
-0.0075706091767036
0.013392049102626
-0.00292738798359371
0.0137153092334141
-0.0219289294391251
0.0162443293550671
-0.00054110644867178
0.0196167925127
0.00665824113931812
-0.0050722284931648
0.000407810266260356
-0.026988443022215
-0.00108934513000669
0.0210561172592405
0.00209509515945316
-0.0215627160649117
0.00284903645024004
-0.00655919114906756
-0.0293956440799424
-0.00212307189614724
0.0105944249975636
0.0130182556390979
-0.000296852999817077
0.00721223940229221
0.00636027957777219
0.0156119036967346
-0.0193694503037984
-0.0311410132104351
0.00789454348599716
-0.0207006282462532
-0.0156449042103507
0.017634702048424
0.00425551457176865
0.0182167573593683
-0.0111978761695738
-0.0196989108356883
-0.00283273589089161
-0.0146477344868132
-0.00211721694406919
-0.0364752701972685
-0.0210832081982458
-0.00138799654074862
-0.0515695917058114
-0.04583350369313
0.032729545444832
0.0228204974358974
-0.0183002960887485
0.087333966996926
0.0163926965634391
-0.0407597025775669
-0.0263525596932701
-0.0280059566153601
-0.00458159738768471
0.0227063677965866
-0.0410040862287046
-0.00333715717664607
-0.012033080527535
0.0225058255137858
-0.00450564512933138
-0.0116012693184826
0.0139480705840289
0.00861713044340306
-0.0202264947983558
-0.00357195470851379
0.00785487365854953
-0.00125531440939008
-0.00633710059351522
-0.00664098996765916
0.0200562369604911
-0.00775035110533162
0.0134200674517737
-0.00475901596672301
0.00114345637661506
0.000986413689814558
-0.00134845185777144
-0.00633602171379866
0.0139026967657692
0
0.026238449759306
0.00708259486555551
0.0178063390242322
0.0154366805394166
0.0135128029796361
0.029427204167116
-0.00291412181031381
0.0244479683099645
-0.0079246478474424
0.00465585170115168
0.00522487037097119
-0.0226440451977401
0
-0.000462476866849859
-0.00629221803595914
0.00828754543387444
-0.00914294430313023
-0.00111849192731384
0.00223948403918039
-0.00796018035694412
0.00215853783417708
-0.0129700047254294
0.0113851706159604
-0.00623828338984456
0.0331335449363654
0.047649541082962
0.000872130620508837
0.0058818010477204
0.015419924966863
-0.00776347760245844
0.0367997805906892
0.0187004811435956
0.002767860710579
0.00162361584013793
0.0073351111876947
0.00301725863490843
-0.00958613000520259
0.00170093958573925
-0.000768150375545229
-0.00339859599613856
0.00288239680019164
-0.00671984781896884
0.0035864409582762
-0.00580707817258885
0.00191972055617162
-0.00134528928785127
0.0027351321883331
-0.0133127221163392
-0.0113879971472686
-0.000667796310489299
0.00309050699055713
0.00403864196964987
-0.00207339835140119
-0.00498648256770784
0.00509501363660481
-0.00519383392357864
-0.00852056226314057
-0.00181147523356073
-0.0101286939454993
-0.00238754207135949
0.00555574157964567
0.00867019023626736
0.00863777433415258
0.00480405203433754
0.00336755083926144
-0.0063810102988483
-0.00366974557544109
-0.00519004273556034
0.0031555032905104
-0.00276806198622837
0.00239724099092009
0.00213984227808739
0.00531709846387862
-0.0042062053183034
-0.0053531805221313
0
-0.00714795015643144
-0.00741117165520744
0.00836244968934108
0.00676993326174036
-0.00668234002956758
0.00266549601864607
0.00523253025964276
0.00537318023099154
0.0148225594989562
0.00333263933347916
0.00561795700148449
0.00110102354689112
-0.00708759674134418
0.00611259037808898
-0.00126400815494399
-0.0122070914329461
-0.0142178220403119
-0.0368537762956224
0.00561550580874326
-0.000562702925473002
-0.0115211535966486
-0.0160809656643547
-0.0187931460415077
-0.00726186168690734
0.00182877980759444
0.00177976083193165
0.00519314859341935
0.0158615061023928
0.000892206443750876
-0.00552685859544111
-0.0045266852932655
0.0073837242475181
0.0162681519553072
0.0033862746971558
8.76095706940916e-05
0.000569747585188241
-0.000525583640888172
0.00534643055921435
0.0128590599736882
-0.00684281715078838
8.66187097696702e-05
0.00974912287466467
0.00738071597865186
0.00310960136116889
0.009257263381518
0.00403924352286156
0.0241377608821656
0.0111297598556805
-0.00263038321949594
0.00994074872358497
-0.0113294281253556
0.00251944821032057
-0.0109035017781017
-0.00381119574114908
0.00366119550226163
0.00127058367522892
-0.0112161368804002
-0.00356034356993984
0.00199424984840046
0.00393911766753008
0.0143317407552401
-0.00594483091241227
0.00704543056884788
0.00683340638193841
-0.00727185798598906
0.00276729748532611
0.0107950284356151
0.00762835326053524
0.0101605888745244
0.00433887260430921
0.00600895071103902
-0.00776884656105048
-0.00452474418437598
-0.00268761319093336
-0.000515218162602804
-0.00800953221264311
0.000719513970087959
-0.0307956820946012
-0.00589323319744239
-0.00613546137909182
-0.00738301477886427
-0.0242467704994462
0.00292854439614842
-0.00103059942823358
-0.00644773042661506
-0.0136280782799518
-0.0141234305424924
-0.00347020948578181
-0.00455379247837417
0.00349822396063049
-0.00661450726256985
0.00643358516338521
-0.00844881102077077
0.00960283133855855
-0.00160757344281881
0.0012523436689118
0.0251049538769545
-0.00762593703374481
-0.0173450887866349
-0.000759665746535299
0.0193193147921857
0.0246567374746509
-0.00500962528354154
-0.00503484798530762
-0.0205008687188872
-0.0122312182088965
-0.015243647946942
0.00567433855245536
-0.0295205976647296
-0.0232558139534884
-0.0349523619047619
0.0098193524164738
0.0340093193454969
-0.0102074759689643
-0.00549054197408272
-0.0202592459876249
0.00426300956229886
0.0294218057490383
-0.00559291412632312
-0.00672070533764491
0.00436683144280847
-0.0121834828640686
-0.0184280435308344
0.0220754703648816
-0.00390510562052937
-0.0122452881649229
0.00705606617937993
