0.0275302822862233
0.00492513809791717
0.0223486383982998
-0.00920429494902031
-0.000967660188413433
0.0104610811790213
-0.00805210889570551
0.0212601074116698
-0.00908400832702505
0.0108861533444204
0.0120914415265445
0.00429342915811093
-0.00743488861403141
0.00711604842261981
0.00241727412453097
0.00222591355963653
0.00610775506399697
0
-0.000184013977483133
0.00275992650450507
-0.0110091376146789
0.00222630789512768
-0.00240653461680862
0.00241233999651769
0.00796003332099215
0.00257114779483669
0.00934233376076188
-0.00762246851624204
-0.00128015727871256
0.00347917957371946
-0.00675180669255127
0.0101047216608487
-0.00145503819570747
0.00491795974797959
0.00290019948885978
0.00650636159384188
-0.00179563659176929
-0.0134916351861846
0.00619985412107948
-0.0204784523378035
-0.0105457726280439
-0.0112191286462229
0.0215582257647839
0.0183265087004814
0.0139974736955997
0.00627468637996942
0.00552285755348558
-0.00283486893754203
0.00248754446495281
0.00124076572991005
0.000353974142185409
-0.00884799181907603
0.0017854490907141
-0.0197825874214473
-0.0141817999999999
0.00479525996320063
-0.00440524963289279
-0.0169616881651294
-0.0180044823705927
-0.00935832678841997
-0.00944665528140842
-0.0190735496482376
0.0140872811870125
-0.00900017591469027
0.0035538004519724
0.0285264006088373
-0.0147284050254093
-0.00582409263537531
-0.0144502639025632
-0.0249653650690437
0.00101603334720646
-0.00791715419882888
0.0325352983944198
0.0172414391050622
0.00350664315189397
0.00213552716503695
0.00929870223360529
0.000767773541949124
0.00517838521630942
-0.00305285250906306
0.00382777033492832
0.028789284484475
0.0190882694419618
-0.00509188924924919
0.00493513077929308
0.00436524190614773
-0.011771115324681
0.00861280923584373
-0.00436050137426414
0.00237228106518761
0.00728203167667951
0.00578348072353219
-0.00125786159001395
-0.00359843455925024
0.00415312379644051
0.00701310902691765
0.00196430357142852
-0.0301194612347271
0.00551273449146406
0.016081816226575
-0.00539566566171457
0.0113924233524851
-0.00232435186840696
0.0111110933890877
-0.0136475722668405
0.00521108696456118
-0.00196633896972365
-0.00823935130792219
-0.0153512554695909
-0.00641969919295682
-0.00258443797616537
0.012030372238208
0.00201172275054851
0.000365030108322228
0.00602076252470796
0.00507796527163507
-0.00793933626630594
0.00854858130229186
0.0151487824139083
0.00532952557595445
0.015373723272663
0.000696153858269266
0.0133913043478262
-0.00188776385790301
-0.0125515818431912
0.0013929653491207
-0.0151277869980103
-0.00105926908649845
0.00300455980895875
0.00422911013215854
0.000175434280560438
-0.00350878947368427
-0.00264079230001391
-0.0063548276662021
0.0257594772471224
0.00796672989377467
-0.00343644323992365
0.00258624137931029
0.0141014440549805
0.0118703915233103
-0.00787660492296316
-0.00743248298255939
-0.0003402995350682
0.00391554293784346
-0.0103442426599247
0.00908152828852771
0.00883003920580805
0.00925768389160075
0.00433625757732248
-0.0056459647019933
-0.0108550599389603
0.00270131690021969
0.00101030478212327
-0.0141295203678803
0.00119431835532646
0.0170415814587594
0.0239611427613942
-0.00818196681096439
-0.00181489850165151
-0.0138842975206612
0.00553137780757629
0.0281713276155584
0.00502597276264583
-0.00161321175630857
0.0109872517529044
-0.00942943902828841
-0.00193609228783476
0.00695117997169126
-0.0073847967990881
0.0121300335717278
0.0118248318368541
-0.00631715097915353
-0.00778763533972138
0.00480538202787106
-0.0181731229076996
0.00373437246306207
0.00857324490456168
-0.00433032892799767
-0.00370496122084529
0.00582054990527259
-0.0168782995801046
0.00981030085022905
0.0139248871089666
0.0121367296732151
0.00299777527614742
0.00723610193487501
0.0020303764177787
-0.00171447931954616
-0.000156159243271281
-0.000624625224475039
0.00843751562500006
-0.00619773774097088
-0.0077954475802221
-0.00628530808116456
0.0066413343883196
0.0138234527175622
-0.000154973657344737
-0.00635357208048315
0.00046785712096753
-0.0282151511078674
0.00994544433750399
0.000953001921108587
0.00587113614725476
0.00946526280904325
-0.0106266757109962
-0.000789812023537895
-0.000316092327413697
0.0159708723601875
0.000778256809338629
-0.0091758005050171
-0.0123999531062621
-0.0192307539488478
-0.0320855458124381
-0.0467102126234722
-0.00526870399137169
0.0444915438646105
0.0329614773495606
-0.00180004906234577
-0.0108196721311475
-0.0266821345707657
0.00629998297292689
0.00592221678247773
-0.0230445580648518
0.0199724511028769
-0.0119851954090076
-0.00529639510159552
0.00188940223480927
-0.00565750023461342
0.0112069310344827
0.00426257444969913
-0.00797966017046992
-0.0111244395002568
0.00432675673808847
-0.0129243496971282
-0.00314247561352088
-0.00350255704036972
0.0112477851933994
-0.0326729399952566
0.00107799137621289
0.0197415466665192
0.00175990848292851
0.00474351738381995
0.0190592764304822
-0.0102951099913368
0.00242718446601953
0.00726395710826688
-0.000858567965021595
0.0084207081701444
0.000170398773006175
-0.0112455275386868
0.0199896608648917
0.0136847611705484
0
0.00449999999999995
-0.000663680106188891
0.00863357130997855
0.00872426337448551
-0.00195820825649817
-0.00392416612164803
0.0487524802610795
-0.00626071382470994
-0.00677273565056746
0.0107833965939834
-0.0436147303541031
-0.00262467195906624
0.0197368588772511
-0.00112903225806449
-0.0116260455352817
0.00228719167271985
-0.0110839449416119
-0.0212625192438608
-0.00117884807714974
0.022761742998453
0.0056050115397297
0.0157376885245901
0.000322805040716467
0.0037108583414005
0.00884100641120411
0.00573615378381609
0.0004753327071505
0.00839268381970903
-0.00157032035175875
0.00849325232798814
-0.00966941626624684
-0.0179527401574804
0.0261385659695548
-0.018596702028545
-0.00079616243305991
-0.00908366533864546
-0.0192988099067225
-0.0249262217120366
-0.0174907671962794
0.0260185048277475
0.0165165334754176
-0.013129804693911
-0.00881428556769859
0.00620810423517137
0.0126729862819244
0.0111971019265602
0.00472237420615551
-0.00162079413904714
0.0152597894564865
-0.000479740958110875
-0.0086385701052174
-0.0248507499620664
0.00347507860334284
-0.0146767647539044
-0.0239330543933054
-0.0149176783264746
0.00417751080630957
0.00468018728861486
-0.0222567464157479
0.0111170111564147
-0.0211169113632969
0.00124799429488309
-0.019764975071225
0.00472301552630361
0.0188030551653759
-0.0175687140219597
0.00993495285522128
-0.024503648721159
0.00311694163701981
0.0323524224520639
-0.00336400495750711
-0.0170545209263719
-0.0184348628796362
-0.00533973475713978
-0.0120325990373936
-0.0200487168830563
-0.000956003842371045
0.00382777033492832
-0.0367969678399053
0.049089469517023
-0.0177358301886793
0.0117171914768115
-0.0142396056289958
-0.00751153726931963
0.0110614983710751
-0.0199615554687738
-0.00274193100779607
0.00883741197318977
-0.00545063277108482
-0.0174202192209827
0.0334661347915113
-0.000963743235085857
0.00848925300060777
0.000573923856896918
0.00688338445283709
-0.0138625142423091
-0.00654727517812437
-0.00096916069005637
0.0261932086497245
-0.000378143323466529
0.00283716668880585
-0.0020746887966806
0.00510300510300521
0.00996613388491929
-0.00260657238142947
0.00280009333582232
-0.00521224859992098
-0.00860776587963641
0.00811627029067563
-0.00037448043437549
0.0211650313010869
-0.00862070799706538
0.0155411658749522
-0.00892689030655658
-0.01323533039576
0.00801045081967211
-0.0184808719556298
0.000941423443015843
0.00470278404815661
0.00711479123759595
0.0250975641365021
0.00217626046746933
-0.00560979028627551
0.00600542300263096
0.00795951533935457
0.00717871487475374
-0.010691357995213
0.012067705331412
-0.00427118711997132
0.0107238246519423
0.00141471266869519
-0.014126770013654
-0.000179150987671517
0.0137943389466142
-0.0114861459621842
-0.0194851808989128
-0.000729206954574568
0.00419631446458091
0.00381538873881926
0.0199094660633483
-0.00692101178069249
0.00589710518043418
-0.0111920587814521
-0.00682718289615525
0.00217082131278623
0.0236461543810054
-0.00617171585561138
0.0108232787291824
-0.00122869929386171
0.0140597358854222
0.00606582311844317
-0.0051679415188276
0.00987012987012981
-0.00754456447187934
-0.00241878019317943
0.00173186692996663
-0.0100276970954357
0.000523978362695576
-0.00401466217464364
-0.00245361019183998
-0.014406184624251
-0.0197860256608209
-0.0107292231049564
-0.00753676442879547
-0.00777925512949595
0.00112004853462766
-0.00391577467992221
0.00580310766765657
0.00111671319560758
-0.00204500832784882
0.019187760804769
-0.0729299592931815
-0.0380520497229487
0.0211108624490499
0.0329184865515857
0.0277885741894399
-0.000378143323466529
-0.031397768704327
0.000976352294012051
0.0109247370630017
0.0229640679274412
0.00528207905233269
0.0106961904541905
-0.000928332697208822
0.0109645231190387
0.000735238943557315
0.00220429835055658
-0.00183288119807767
0.0020198494678636
-0.00513100604727879
0.00607843053824975
0.00073235080066536
0.000548829125503136
-0.00127994151179267
0.00311244970912572
-0.00638806339864817
-0.00422483475798741
-0.00129127469638946
0.07314368439497
-0.00843368359496333
0.0258635128300033
0.00490695448077694
-0.00202052537498776
-0.00455542432934031
0.00305084745762718
-0.00557624197363971
0.00628722196388187
0.00151975681324279
-0.00472099132151427
-0.00084701000926668
-0.00203457104103089
0.00220864760094042
0.000508526851719759
-0.00186377499152846
0.000509234425394745
0.00135732951064349
0.00694679769569628
0.00353355207807504
0.00318583171002396
-0.00701992288083164
0.00757449924255171
-0.00684931495407082
-0.00134570224817998
-0.00555832921607435
-0.00626698837623663
0.00545430391867407
-0.0128835730502264
-0.00257595741026961
0.00878095699790093
-0.0117767195767197
-0.00103630393656973
0
0.00432226832641769
0.0154932346359098
-0.00440756045405799
-0.00817299506214875
0.00446348497854077
0.0169202193443929
-0.0184873613445378
0.0160958556131556
-0.00707789012470517
0.00271561448457613
0.0138794849736126
0.00083470781854067
0.00183486235471464
0.00632697292162887
-0.00959626091324062
0.00968924140178351
-0.0140635177707398
0.00453097835207239
0.00718342787865978
0.00331731624950549
0.00363691507234543
-0.0105419043080531
-0.00116530714166807
0.00533333333333341
0.00381298076923087
0.0092485880965909
0.00507277033099718
-0.00227937161443736
0.00685381864970336
-0.0165316204776075
-0.00214240276862232
-0.0396366150229003
-0.0132416332505028
0.0331125473490319
0.00371121801132279
0.0240336134453782
0.0374199737403578
0.00174024682392404
0.0178458149084018
0.00232740119444852
-0.00773993832012188
0.00202815918964605
-0.00498214206840375
0.000156438741981013
0.00125159578384215
0.00515628124999989
0.00170993310399736
-0.0175357070907602
-0.000473890373181352
0.000790186485306377
0.0123164215279827
-0.00561536413016117
0.00737256470588221
-0.000311491742268855
0.0112149693714161
0.0138632475004079
0.000151959890610787
-0.00319001965091836
0.0105150101867566
-0.00452414430777082
0.00272685948411278
0.00166189751739232
0.00361987917255457
0.000901668155971258
0.000900991018047748
-0.00645065967892833
0.0027178165762729
0.00436670655824689
-0.0122938536264101
-0.00576801787043191
-0.00290079389312992
-0.00290912579724767
0.0130527942389682
-0.00560865536442845
0.0184451225135707
-0.00643617741165015
0.0123531189674504
-0.00372023826132017
-0.01045551951257
0.00150940377358499
-0.00437076124704638
0.00272479572282158
0.000754876230521617
0.00377130783268509
-0.0157800268142467
0.000152725611626936
0.00335879389312965
0.00456475951666535
-0.0122689796547554
-0.0049072228938386
-0.00970869178161038
0.000155539988934361
-0.00233381059594584
0.012788505328049
-0.000615953168587979
-0.000308243441964673
0.000462500021385592
0.00631637613209812
0.00443969687691381
0.00807800627834165
0.0113395828748046
-0.0902975196635898
0.0233361059436683
0.00369359242010603
0.0145599999999999
0.00662359249329758
0.00297657831813947
-0.00609178410302025
0.00581485139376303
-0.00125003125000001
0.0111076192461708
-0.0112949873725045
0.00500780891994324
-0.00685147918325324
-0.00517400447121352
-0.000157635931321787
-0.003625472944916
-0.00205658917982265
0.00158525676647892
-0.00474832225387778
0.00556614176898629
-0.00506088881859879
-0.00778893657606095
-0.000801009317558776
-0.00978035930383769
-0.00841962462498791
0.00163288694863217
-0.00749916856863386
0.000821271339992213
0.0152634334482191
-0.00145491429914446
0.0129512708434514
-0.00223749400671247
-0.0102514656415186
0.00631168463648346
-0.00900612737214534
0.00357028567949191
-0.00808538163001293
0.00228236061297671
-0.0112231457384515
-0.0101990950781526
-0.0103041219978103
0.00638120917516716
-0.00717503754380111
-0.00873949579831934
0.0116988470668022
-0.00904972378246094
0.00947062388854003
0.00636624235828842
0.00149825203928744
0.0164561502659575
-0.00392480772118375
0.0114923822032507
-0.00129852294597432
0.000162554853933905
0.0183619919018201
0.00063827989909937
-0.012597687969984
-0.00161495483252438
-0.00727921384665153
0.00684376742453585
-0.0129470624219604
0.0136087550874322
0.00420579100614682
-0.00837630449818605
-0.00276156590705701
-0.00309493407875772
0.00294117642252978
0.0128705928173576
0.00691651944399285
0.00830672550500711
0.0068124208937328
0.00865458707560318
-0.00733224671863486
0.00424329712017446
0.00532075100717533
-0.0063822542460229
-0.00814665492255506
-0.00236930970827187
0.00791640278657368
0.00816839459629293
-0.00560922405733888
0.00642436540269498
0.000311334252934836
-0.00684823346303498
-0.000313430491875488
0.00250823009079437
-0.00875687241975176
-0.00268177950278881
-0.00268905405427
-0.00047579699406497
0.00253887654712792
0.00364039252928139
0.00678126478473429
-0.00532581453634096
-0.0154330708661417
0.012316074856046
-0.00805817651985818
0.00477863977028736
0.00428021546353152
-0.0044198580716609
-0.0025368638021247
0.00445078683834055
0.0148757400676649
-0.000311804162411056
-0.000935860225614316
-0.00281036676922564
0.00501022397072548
0.000623165582702256
-0.000467164854406121
0.00514021830873301
0.0117774990202619
-0.00153161278095237
-0.000306856870475269
0.00153443306841905
0.00275777552127043
0.000458456858294376
0.00641415670063439
0.00242786032085385
-0.0148349383843457
-0.00153655496199889
-0.00630967961020257
-0.00867272727272717
-0.0157788153170187
-0.00555552380952384
0.00367117306716125
0.00238546433865361
-0.000951895937678748
-0.0206447987828363
-0.00535102984760916
-0.000815112487773217
-0.00114211125563524
-0.00735055525399286
-0.00888596346881698
0.00913164535945543
-0.00197431724209141
-0.00741841411144073
-0.000166052153563467
0.00465114610214035
0.00363758267195768
-0.0172981710494535
-0.0030176193455953
-0.020178257605881
0.0259138321606314
0.0165607396547465
0.00707587625473094
-0.00751632340659603
-0.0153111782907086
-0.0031767596860599
-0.00385776591509168
0.00168383569092145
0.0105899643439247
0.0063207086879693
0.0034710578512398
0.00494150889378209
-0.00885095914935119
0.0128989414106342
-0.00457141224489788
0.006888600838304
0.00765600273099842
-0.00371807300811389
-0.000811276962335294
0.00649558277052331
0.00451755404969356
-0.00770958906873087
0
0.000971204288948035
0.011481225743855
0.00975221438452767
