-0.00740521370883962
0.0155177866617597
0.0111666474042507
-0.00464981110142393
0.0099270072992701
-0.00578204683434524
0.00290790936050889
-0.00376923724156353
-0.00261935382365075
0.00641966734753407
0.0376920534826295
0.0176025979993686
-0.00439319079589173
0.00165477118890078
-0.0107378854625551
0.000834929028666886
0.0222469138555872
-0.00652878163921555
-0.0112266976998906
0.0168928270037989
-0.0138889429768806
0.0121514225946264
0.00873121371180297
-0.0119015955666327
0.00383243919607024
0.0103627221359543
-0.00269900142237522
0.000811880898189843
0.0102758518117902
-0.00294435216958366
-0.00456370469798661
0.003236218811423
-0.00698930088738436
0.00433132117843305
-0.0059298385946005
0.0138285788007435
0.00427921915697294
-0.0122503065845619
-0.00215696953356703
-0.0135098629294711
-0.0156121345172356
-0.00779073477436665
0.0128995793606284
0.0188261356264157
0.0192934516112351
0.0215942960060942
-0.00495822025052195
-0.00865465490021888
0.00582013242910406
0.00315620725933718
-0.00498159425751432
-0.021080342000518
0.0199191644727235
0.00870947502532271
0.00811088414152561
0.0101219571793916
0.0107914188484799
0.00533805287239431
0.0192162331028125
-0.0359712221292181
0.0141533449780404
0.00101499619385947
0.019771837268141
-0.0141685309470544
0.00579926878466996
0.0152920785984476
0.00123454320987659
0.00863139355441178
0.00440097777990323
-0.00438169404178701
-0.00268951087092861
-0.0227997052512943
0.000250827891349115
0.00476553811802205
0.00149770340744615
0.0102193422287971
-0.0365161617694586
-0.0145966457002983
-0.00389807692307687
-0.00808771155294996
0.0270909784324038
-0.0128040976390293
-0.00622562921467262
0.0125293653738092
-0.0270688056955709
0.0132485419582118
0.0164748160839532
-0.0301002837689808
-0.00610079559414323
-0.00987464612023903
0.015633477931724
0.00690018577494689
-0.00658935178148001
-0.00769426924102601
0.00935823479367737
-0.0235761324503312
0.00461199119338063
0.016203133032761
0.010098245811899
0.0128913976791052
-0.00311685714285714
0.0203230583553136
-0.00383049029622051
0.0264035645426075
0.00024970029346405
0.0284644201863775
-0.00825445516519685
-0.0127294008680245
-0.0218200088361017
-0.00430930280584796
0.00254587582856103
0.0124428132950023
-0.0127915227687867
-0.0106707822492178
0.000513610696292188
0.00795690472168653
-0.0124777438248028
0.00206297065660066
-0.0254761187473977
-0.00105616585836188
-0.00237906410895783
0.00821401652283971
-0.0178712225458928
0.00749272163480663
-0.0050465601568892
0.00373729321242089
0.00877664940301326
0.0184550751384129
0.000258814386259187
0.00103522259407907
0.0139607290589452
-0.00637429866460226
-0.0166795222817675
-0.0153966597077245
0.0143122183938511
0.00992950091455436
-0.0315653799966168
0.00988509217205458
0.0158730956580184
0.0182290615505696
-0.0255754488785396
0.000262545945540316
-0.021779112522196
0.0166309822057669
0.0118732447560292
-0.0140807569272885
0.00211578941772594
0.00184745320262469
-0.00474183363387359
0.00476442574813207
-0.0089567968639831
0.0143540939488063
0.00209648846960175
-0.00810674643793163
0.0179277880305826
-0.0142450138760679
-0.0218076977980112
-0.000805774912704726
-0.00322577948317793
-0.00161817682749843
-0.00594276066990829
0.00380434792946605
0.0151597459436856
-0.00853333333333339
-0.00699306078536843
0.0178765990182339
0.00824898838483312
0.015307522177554
-0.00831814379209406
-0.00262131047856828
-0.0176083578872105
-0.00535048139779348
-0.00134478214093603
0.00457845395694978
-0.0099195445018645
0
0.0235580557812076
0.00608465624562582
0.00788858816430693
0.0195669178415383
-0.0110030700612553
-0.000517490270763754
0.00362410034625693
-0.00283724529275231
0.00646663217796162
0.00436910819840675
0.00844416538156767
0.00101499619385947
0.00608359933881886
0.00327540950555338
0.00426926167754882
-0.0050012750687034
0.00552895185903624
-0.000499775081218568
-0.0020005500374819
-0.00701576046103725
-0.00529909146356067
-0.00862496238584287
0.00895593608209122
-0.0015217093583566
-0.00914404392034651
0.00333250465688306
0.00485444570399696
-0.00279687247409743
0.0181029827102757
0.00125219133483578
-0.00925460230115061
0.00580658909854637
0.00778117469879502
0.00473220399839591
-0.0089241447694598
-0.0135067783891946
-0.0238336466489262
-0.0542857142857144
-0.0238945070035704
0.0256049514461185
0.0194787100280189
0.00699671689989234
-0.037145886539064
-0.0166527620497574
0.00790287891617281
-0.00168011766116272
-0.0224405036499017
0.0100431282664637
-0.00596588051233304
0.00714489813404406
0.025539073465433
-0.00387379645472608
-0.00416672222222225
0.0064157325754941
0.00914628552404162
-0.00411980225212838
0.00854942132098291
-0.00710962537599125
0.00771134652406102
-0.0112052473353377
0.00912100608070765
-0.0172554652016141
0.0214604509068994
0.0100954428324451
0.0140464883846567
0.00932333486085968
0.0116126421644931
-0.0065223059471794
0.0152310391160169
0.00879461976202811
0.00692307692307703
0.00611148459383748
-0.00835226567209657
-0.0125064063297601
0.0183510731028966
0.00456852768687677
0.0186962597930136
0.00471225198412695
-0.00765235782040774
0.000746243762531185
-0.00596564752672135
-0.000250112515623235
0.0062531265632817
-0.0104399453144419
0.00376784717990852
-0.0192692697514834
0.0209236800439827
-0.0084978759559049
-0.03554323345315
0.000261421864162115
-0.0308335510844003
-0.0234564303046644
0.0069022637520082
0.0101452972266165
-0.00760040716612387
-0.00574406439430897
0.004951884729127
0.00520125938136506
0.00272328423956192
0.00434546442150996
0.0156841806381829
0.00266238012080988
-0.00770050451407323
0.0128445012802918
0.0150594459740792
-0.00806863654703993
0.0173182624686892
-0.0170234459633739
-0.0162686692136271
0.0330754316844262
-0.00903689646269035
0.00182386654966482
-0.004681430307375
-0.0169846093545859
0
0.00611374285257149
0.0169089573003411
0.0335151190691028
-0.00628456526607757
-0.00354161405367082
0.00330035550394414
0
0.00455468117408908
-0.00201516367719989
0.00504798094517867
0.0135610497237568
0
-0.00817646164082109
-0.00949280563309518
0.0254728360417231
-0.0113133054599114
-0.00572139289250262
-0.0190143102573352
0.00637592467166348
-0.00709576804601553
-0.018887212863706
-0.016389126336866
0
0.0113726788846156
-0.0334728800484894
-0.00027050866532774
0.0219214337774984
-0.00238347470251465
0.0281391573209002
-0.0126516395558999
-0.00339960756278201
0.0272894508714394
0.011749654572176
-0.011865740674937
0.0122636691942684
0.00151441195139856
-0.0672883568548386
-0.0380978134611086
-0.00421339911311225
0.0245415789974166
-0.0151431718061673
0.00782776069331836
0.0158113735315222
-0.010103741400976
0.0027585655172413
-0.00467669901935064
0.00773905472636827
-0.00795394975189123
-0.00359405604611873
0.016093173804296
-0.00409606783440919
0.00383877148783163
0.0344167704338496
0.0118827835194819
0.00678502087682675
-0.00103683250197872
0.00129732741833632
-0.00725573982897132
0.0046985381180229
-0.000519641438314178
0.0207953984716558
-0.0033104405398523
0.0033214359560918
0.00993124522536259
0.0219364346949067
-0.0066617568877807
0
0.00496773497107483
-0.00271875933560961
0.000495687756911334
0.00693591793252213
0.0191881417373607
0.00579285541877872
0.00359976019197306
0.00502149689143949
0.00237930055625268
-0.00925703752060203
0.00670814534220687
-0.0035697524988102
0.00764270378893483
-0.0203839066220409
0.00653268780388627
-0.023557669401811
-0.0251108081021864
0.0222222738496096
0.00963436264822137
0.000734108165747704
-0.0210269182871924
-0.0117382864201226
0.0144048268890575
0.0139512210750179
-0.00245707610670576
-0.00911325168045585
-0.00422567735520751
0
0.0262106833197533
0.0107029430624437
0.0149217572785021
0.00331996695849979
0.0120538640497787
0.00490422699673032
0.00162674881772595
-0.015777262913098
0.00188595011249171
-0.00564710588235284
0.00970184617614023
-0.0154675423232969
-0.00904539438445118
-0.0108095361323676
0.00849924720738215
0.00144476285684503
0.0122625150276507
0.00593824256238684
0.0068477216929268
0.00328330214079031
-0.00303873312385994
-0.0180539499154068
-0.00596943634265912
-0.0177756901807424
-0.0264122774862382
0.0065309970728209
0.00773648614923883
0.01337288228398
-0.0021993158455188
0.00293899079407334
-0.000244249078284464
0.0102589645886411
0.00507734513836211
0.000240606206398875
-0.00168359780261673
0.00554093016337887
0.00263526580568918
0.00645163710641028
-0.00830956809851768
-0.00167581996648314
0.0215826613529337
0.0190141323480812
0.0172771250863857
0.00792567934782618
0.0137048085241431
0.00310281478508023
-0.00817496721939759
0.0144798844838467
0.00417213429573704
0.00109335228515195
0.00698993025316597
-0.00802598733301474
-0.0048108900065601
-0.00856952355831797
0.00487590879600863
-0.00551389501543886
-0.00643160345974725
0.00714285730229602
-0.00620565173328125
-0.00802854594112412
-0.015287792266187
0.0105022605137504
0.0386354061742162
0.00195779852169231
-0.0193226873790124
-0.00265660848601323
-0.00377354059430723
0.010695186927469
0.0114638445444479
0.00217957711029682
-0.0126141365811221
-0.0116740743755914
0.00401158912439459
0.0108768481881654
-0.0204216069296969
-0.00874243423576682
-0.000452284024145655
-0.0104072169591128
0.00708726533665915
0.00431334856556975
-0.00542499975474675
0.0197727045454545
-0.0118118790241113
0.0182679747406405
-0.00664460657166754
0.00735790445297235
0.00442675962815398
0.00969587902829705
0.0202968136185071
0.00213899465240641
-0.0277481121770805
-0.0377606374920008
0.015970727083243
-0.0276218286014334
0.00877600482161678
0.00366300366300365
-0.00136863594890524
0.00890815461188121
0.0106407294833928
0.016577106106118
0.0264433885755093
0.00794330150522526
0.0136315013071033
-0.00903551166211403
0.00466499151823596
-0.0164627054355697
-0.0148068246698209
-0.0259202570246132
-0.0167710193029736
-0.0395724575944405
-0.00520961401847009
-0.00119016906404046
0.00953293635683816
-0.00188862129630263
0.00946076181316857
0.0100749999999998
-0.0074228715513136
0.00701096034094517
-0.00371315850545384
0.00931754018169118
0.000230740815567065
0.000922958006460473
-0.00875981999170539
-0.00186051162790701
0.00489289398382553
-0.0236494314015899
0.0175729513756127
0.0284714599053191
-0.00998409348763329
0.00687597967279441
-0.00409742772592758
0.0132571885714285
-0.00293257374542866
0.0149321263590017
-0.0296478370564459
-0.0287158288241633
-0.00733202477133443
0.0197759823736958
-0.0413551411531575
-0.00658057534927048
-0.00883209071796331
0.00123759894863373
-0.0140914706034247
0.019558650462421
-0.000491908509591577
0.0103346951361882
0.0155869455531674
0.00839323720879515
0.00118903688915672
-0.0175771267257543
0.00991293496342038
0.00311232942303086
-0.0031026728829272
0.0138855159205171
0.00590318800015055
-0.00680744163415214
0.00236348375411288
0.00801697712803584
-0.00280699415204677
0.0129016886487991
0.0229272348309402
0.00905596599755332
0.00605788647072036
-0.0194022970561998
0.0131907661316633
0.00426493836733854
-0.0096111081979835
-0.0018054840486238
0.010626294370337
0.0167785231145745
-0.0112211658697213
0.00934583910426867
0.0019841269403853
0
-0.0107811218750028
-0.0157917930558673
-0.00632766101694904
0.00568569466259516
-0.000904590662492377
0.0076957899502037
-0.00134773135669364
-0.00944664888543989
0.0163487053508471
0.00893659557357429
0.00310006643046945
-0.0176600224649012
-0.000898898876404375
-0.0035987405217891
-0.00948076770836948
0.00432996799612662
-0.019060585432267
0.024520032384918
0.00338672378896554
-0.00405042763389796
0.00971534160485055
0.013649586342573
-0.00397351002149027
0.01329791696139
-0.00437447496993715
-0.00351491652021108
-0.014109347131628
0.0100625444977069
-0.00354217416613556
0.0171073324642226
-0.00764523826223751
0.0116662777900067
0.00282856838182255
0.00802775005424161
0.00150667243880043
-0.0109606492791885
-0.0104302259887007
-0.00329385148674011
-0.00308435785601147
0.00397790055248626
-0.0162888179616993
-0.0208100474560314
-0.00754108809602783
-0.0073681556527746
0
0.0285316393288881
-0.00473610735227792
0.00181278038040378
-0.00271429546967417
0.00839190292583347
0.00112458392093084
0.0044933949446595
0.000671057943884001
-0.0116227308170437
0.00293977831434233
0.00112748595839851
-0.00180184676568262
0.000676850180505451
-0.000676392364211575
0.00270755866425998
0.00450045014627487
0.00492836032545596
0.00133742752257193
0.00155841502931486
-0.00400091113576739
-0.0127203523159931
-0.00565099431957528
0.0136394174294423
0.00291547432159667
-0.00939181553238344
-0.00564334098517705
0.00227021571555541
-0.00770104155374673
0.0191737270218277
0.00425527416549731
-0.00869756913470121
-0.0159729805180433
-0.00891641477291194
-0.00507490219492046
-0.00695569193239753
0.00793826719877333
0.0182997692054561
-0.0197906965375499
-0.004409329310745
0.0104894167604002
-0.00346013856794181
0.000462962952246349
-0.00347063851294227
-0.00998377060599021
0.00539399637415561
-0.00186606022547386
0.00584248642574225
0.0025557852566036
0.00301267656951665
-0.000231030504413643
-0.00184887913103771
-0.000231511929416839
-0.00602135247799906
0
0.0030289144002289
0.0148664347239591
0.00801103245619195
0.000908287899448634
0.00317602072704082
-0.00293986877114727
0.00612386028577894
-0.00473397194017189
0.00385046415173429
0.00383578519855599
-0.00112391543610169
0.00157513504894546
0.00471810850227405
-0.00648481649184229
-0.0099031735313978
-0.00363719010515151
-0.00114083955551736
-0.000456852454473466
-0.0171389404542477
-0.00813759628633337
0.000703211439287532
0.00655896009742252
0.00488710717041863
0.0134320981936082
-0.0228519206056637
-0.00257240423631455
-0.00140684635841282
-0.00399159427095575
0.0129656536051699
-0.00372352795616648
0.0105114923963678
0.00855300548095261
-0.00756364869210069
0.00993073925937038
0.00388753715984458
0.00751703838191164
-0.0124349988695455
-0.0057234432234432
0.0103615242919641
0.00296255690604941
0.0284026370553345
0.00640744615145583
0.00109767291103569
-0.00241219308825413
0.00087924814775775
0.00219639802759497
-0.000657527927733326
0.0109649127616189
-0.0021691541071216
-0.00565213043478263
-0.00415397883017143
0.0138309772520522
-0.00476398873971406
-0.0117493692721796
-0.000220123303396047
-0.00572556705571448
0.00597997758671198
-0.00088060329725248
0.0114588142031993
-0.00130723305850833
-0.00196335078534038
-0.00524594535519118
-0.0118654586625119
0.00933951502469399
-0.00132181100070095
-0.0024266709716888
0.00221138871712978
0.000441306266549146
0.0110277900308777
0.0133071771378708
-0.00387515599838195
-0.0151285930408472
-0.00460827298661404
0.00881827581970307
-0.00371499142110976
0.00241283176135121
-0.00568932153852686
-0.00484150538823724
-0.00729769997130247
-0.00311871247758333
-0.00469271508379898
-0.00471484048686921
-0.0157906827976232
0.00481317889495347
0.000456227189780778
0.00273595524997816
-0.00227373806275577
0.0129899723566551
0.00652420682735189
-0.00759946322756078
0.00788283748275509
-0.00134080446927376
0.00626542864769375
0.00600402477198059
-0.012820556462398
