0.0107038598767435
0.00722079589216951
0.0254899314959374
-0.00403917955386768
0.00670722185763206
0.016268902753813
0.0138741279996419
0.00360899248120305
0.00734199902133637
0.00699083711181747
0.00768100477168421
0.00600990902946497
0.000582850091046971
-0.00116502114941097
-0.00247846639326221
-0.00657698060733658
0.000441356474307097
-0.00279414705882364
0.00486655374919809
-0.00440274441448119
-0.0036851417267183
0.00517836988775677
0.000735884582399482
-0.0042653479707413
0.00398824242193108
0.0105929231926893
-0.00494983243704095
-0.00599847859541991
-0.0051516925183489
0
-0.00355079174734674
0.00727539739496352
0.0117924977471993
0.00524476988992961
-0.00304346376811593
0.00407034446764998
-0.00970027508324878
-0.0146198826134537
0.00875364959187985
-0.0264744234879959
-0.0119353373036611
-0.00504590198636401
0.0172122637159984
0.0229641479690541
0.0138827797058454
0.000873954817947276
0.00756809791250324
-0.000866748481868296
-0.00159028485153367
0.00188247905828232
0.00476940295506845
-0.0156788988353955
-0.00964493643138975
-0.0224287600307848
-0.0138867622641511
0.0039797029242401
0.014941363923852
-0.0034550698512843
-0.00482362103247636
0
-0.00757346293123884
-0.0131256568891479
0.00804200383284859
-0.0111998005523168
0.00791314233885854
0.0153940889069286
-0.0103092785068113
0.00137873776621822
-0.00382438409862085
-0.0198095967532433
0.00955663451177724
-0.0144320914204814
0.0168478040260682
0.0167234742420728
-0.00152308854565419
0.0109823218725542
0.00105611045648923
-0.0076865413017797
0.00318965693740325
0.00378501118311836
0.00180987925445497
-0.0749774036428006
-0.00927734390099844
-0.00492851987725518
0.00429258708931823
-0.00263034678183971
-0.00741712567717567
0.00880104601791687
0.00855967078189313
-0.00342743593928518
0.00343922365805405
0.00685488819977143
-0.00518722653894033
-0.0133615775356294
0.0180016518249655
-0.00081114537331517
0.00990422146452352
-0.0213826684665166
-0.00936421898084805
0.0260364846772221
-0.0105058673105846
0.00898397567814468
0.00129509470616807
0.00274861771216228
-0.0114479039019671
0.0143532537211997
0.000160829717974487
-0.00144694531435785
-0.0181935434198431
0.00541162676287321
-0.0061980263220025
0.0111603643525358
-0.00324624244041161
-0.00407099820876078
0.00408763897972531
-0.00130268685881774
-0.00293494202070954
0.00899425972218282
0.00162071310177114
-0.000161779937892903
0.00663537778547707
-0.00996782942173913
-0.00129915552779614
0.00406504065040658
-0.0134413279352227
0.00541697325728729
-0.0145305959183674
0.00414181570341587
-0.00181489850165151
-0.0067768595041322
-0.00382757530371125
0.0138656529591439
0.0243862090029034
-0.0114202834621291
0.0074845266430934
0.00888247767708261
0.00688331988341084
0.0260731152281999
0.00185935850853181
0
0.00355699019133993
-0.00878408088741089
-0.00404231965174129
0.0134249145621268
0.0050832102613434
0.0136398314176245
0.00393110075493053
0.0015059939305424
-0.000601518796992551
-0.00240740298536557
-0.00935147770656963
0.00304502131546891
-0.000303521568162934
-0.000151882779351853
-0.00349271081223124
0.00182863447903236
0.0100396108925953
-0.0126506622695585
0.00549115330967531
-0.00561278839844626
0.00411894717991079
0.0262838498936495
-0.00754999226276865
-0.00328163777921198
-0.00329245734809924
0.0166666821821826
-0.00206762667357308
0.0153914607074146
-0.000728800455782053
-0.0010210035303676
0.00554832838511676
-0.00682446608866849
-0.00540940042662563
0.00499785396145591
-0.0257423127508126
0.00585496162956067
0.0231343731343283
0.000875244308887746
-0.00320655876393283
0.0168153533676758
-0.0201323264289283
0.0126210891197693
0.0173912608695652
0.01524216589354
0.00940094048271112
0.0162635386081862
0.00588154827135079
-0.0111503941915911
-0.00453798123572624
0.0042823318729428
0.00618989021416327
-0.00615181117835106
0.00495187090585425
-0.00588558734972855
0.00357981565110066
0.0166003432103217
0.0141700948493952
-0.00731874897355289
0.0231904027664986
-0.00353732468132251
0.00801998443386776
0.000260910402006376
0.00482456631048178
0.0123281082877786
0.0143570692383779
-0.00353846847738415
0.00900443903625714
0.000502765221286339
-0.00150747491224812
-0.00125825360122334
-0.00554289514523409
-0.0231821757491216
-0.0293088181907817
-0.043553802098966
0.00614615204057278
0.0320699296413984
0.0102233258123932
-0.00412778972377592
-0.00588317949079853
-0.0290517290935232
0.0124670172470696
0.000547284200152376
-0.00943518430610624
0.0184980254417995
-0.0062347384959982
0.0291871112929625
0.0180228070238908
-0.00234315282478503
0.0151357517632535
-0.0113111178157667
-0.00351008849480217
-0.0150032872797576
0.0108609271523179
-0.00943398846960164
0.0105820637720122
0.00759163592692036
0.0144192382013808
-0.0188243446702188
0.0108326020295249
0.0201420924522437
-0.00658149584656387
-0.00305768895547687
0.0182747603833866
0.00589861947791159
-0.00137243914229712
0.0209895049851385
-0.0141948480886583
-0.00173783519706627
0.000746145256059094
-0.010064674078106
0.00414211131271758
0.000874999999999959
0.0122393280879232
0.0141886978091783
-0.0278587966371823
0.011012350844082
0.0131203984017774
0.00232135619600138
-0.0117015966394248
0.00394671919223688
0.0127764124624961
-0.0110383670296369
0.0171716057545885
0.00699387435186294
-0.00742429631363195
0.0113403668879282
0.0127639266905899
-0.00977623062953525
0.00951591530867146
-0.00565575566198573
-0.0193150494053211
-0.007370710310036
0.0160681554213473
0.00611000352090563
0.0184567271330058
0.00163684089368465
0.0072371076744977
-0.00463555447171682
-0.00325996045243881
-0.00934473765512522
0.00400900846619523
0.00434521422559686
-0.0030401661496785
-0.00750643895129166
-0.0192626440819199
0.0430172320283704
0.00288817012218501
-0.0111738511962642
-0.0203867670264104
0.000237899880504155
-0.0216383305000792
-0.0104508565992119
0.00515777968807551
0.00855229098478416
-0.0201090725581197
-0.0222524789498391
0.0110001649260418
0.00650330173215741
0.00596416478761808
-0.000988167008252994
0.000741901610110229
0.0129725225358901
-0.00756183699382462
-0.010200343731092
-0.0250807545929879
0.0166837117938248
-0.0131529872691221
-0.0224675935829854
-0.0122062326397551
0.0174839227027739
0.00503874663982562
0.00848432949628064
0.0112174000465544
-0.0133619686534231
0.0031940719251593
-0.0239429199163113
0.00730686335212494
0.029404198033842
-0.0171133759014298
0.0140826780939358
-0.00328243912741366
0.00633312246990969
0.0234109637537179
-0.00405847999159947
-0.0203754129275594
0.00151260553352817
-0.0101950664642567
-0.00203453715710256
-0.0286697236747048
0.00341066495825793
-0.134135119208658
0.0102672651245388
0.00239121193297187
0.0026837632324439
0.029739776951673
-0.0118411552346569
0.0277656291100392
0.00369677225375309
-0.00594982325824178
0.00627052889469937
0.0263418775479127
0.00372563814370586
-0.022546055060381
0.0315048954009816
-0.000954445102505863
0.0120104413270277
-0.000539460538382719
-0.00890573459849231
0.0240980813110176
0.0187449611972221
0.00195748409072749
0.0106798516629312
-0.00219069593274979
0.0160144388479917
-0.00940635590203009
0.00731425638393413
-0.00611468789808911
0.00397340440810301
0.00357460733883297
-0.00826869344525261
-0.0100051181375719
0.00608968644726615
-0.00695429473395248
0.0162106080117934
-0.015441538853477
0.0124432790034146
-0.00473694783335099
-0.00463083366685957
0.00749550300447788
-0.0111596076341663
0.0106370222149188
0.00911306589074234
0.013736885764301
0.0196988715068585
-0.00479881892945067
-0.000494572224081558
0.00630878309296312
0.00208972346870873
-0.00134927630088111
-0.0298489237268679
0.00822985534705545
-0.00816267769041867
0.00417820951462855
0.0759047301955549
-0.00867228387033192
-0.000236387290998397
0.019865200425683
-0.00023184927536235
-0.00208744049330478
0.00232419515429871
0.00127537391304333
-0.00335804766838765
0.0109213663297316
-0.00712565206009297
0.0104178957103589
-0.0032076869835298
0.00413746686271765
-0.0120178890230781
0.01899906163114
-0.00909498646083429
0.00619542192769962
-0.00638538220246454
0.0175579414454665
-0.0104883277430547
-0.0129929339638234
0.00981523117356198
-0.000686083499808365
-0.0107564024574484
-0.00902254513669898
-0.00770393387892931
-0.00376426293931853
0.00330616357760838
0.0012945863093492
-0.000470157487772349
-0.00317502348100862
-0.00684198443465789
-0.00273195147328786
-0.00428776803582376
0.0197368665008819
0.00304987683284463
0.00280666582138545
0.00128281049562684
0.00337760303543444
0.00499129413833321
-0.0389235726744381
-0.0264390941766506
0.0266633248570962
0.0140675487331381
0.0233578621464483
0.0190012633298868
-0.0279704273327036
-0.00105270794368251
-0.0114754564057269
0.0238095480646658
0.00509085965521217
0.00759751326358304
0.0046841426332016
0.004207368564763
-0.00430300089011426
-0.00386675764812927
0
-0.0022833315348022
-0.000800995546412664
0.00664225836005516
-0.00341301471187683
-0.0124428769964127
-0.0319038485284049
-0.00477614328358211
-0.00407913627064516
0.00289119376240943
0.000480492492492601
0.0098451193439173
-0.00499344899544096
0.0133826738348026
-0.000589505968388249
0.000235924959039124
0
0.00542579624234252
-0.00058653215829485
0.00704306826991274
-0.00699381038589797
0.00716047641365236
0.00396265720410294
0.00847462280560274
-0.00184187860566787
0.00023070003725878
0.00126822317762398
0.00921237951231602
0.000570549983689661
0.011745911466623
0.00879169286754178
0.000558692737430144
-0.00323842535214658
0.0109791169397464
-0.00398937287210488
0.00278148651918619
-0.0019971153444065
-0.00800438047818941
0.0119914822820302
-0.0202658022060088
-0.0128857125253113
0.00629789290512117
-0.000227537558973867
0.0200318914178024
-0.00357063143593062
0.0156774238854167
0.00639473009023361
-0.0124890448344549
-0.00221873754402857
0.00856122951831817
0.0116855695258029
-0.00326899869028008
0.00852737500243395
-0.0185365745257452
-0.00154626682630588
0.00597345119527759
-0.0109962610293323
-0.000111207469174812
0.00967422439675292
-0.003303997688194
0.00696129281767965
-0.0114122795373296
0.00987908801771953
0.00307758837950356
0.000438319078713167
-0.0837897124713128
-0.00310822467165028
-0.00695528249136934
0.000966078999301567
-0.0077210641539518
-0.00389057750759869
-0.0214817771268155
-0.00236990151852079
0.00675161264997715
-0.0144063095283027
-0.00806451602741287
0.0210873472930979
-0.00808651436003416
0.00313558247326284
0.00137525626249357
0.0240979035633864
0.0179224707847769
-0.00598874131006688
0.0363899755727191
-0.000116288800923403
0.00406974418604644
-0.000347400123854147
-0.00613993280815561
-0.00058285347263265
-0.00209937023791396
0.00736330077988101
0.00255252343537471
-0.00590211753722403
0.0019790220726652
0.00313693505286405
0.00509616655530087
-0.00783591850467757
0.00650413487814494
0.0257326897884751
0.0151872990796187
0.0362367472570202
-0.0144369369171866
-0.000217068132939757
-0.000868254839030413
0.000760362823384098
0.00369048096246005
-0.0122202334571186
0.0117145614939593
-0.00119035813481838
0.000216652213976598
0.00942376516464494
0.000965736646298065
0.00493137869780624
-0.00586724996516419
-0.00558004065715123
0.00205031837812264
0.0135688346589615
0.0103059176485576
0.000420664651200608
0.00893520473883735
-0.0194832459007112
0.000956285188010941
0.00636949064870995
0.000316445137665156
0
-0.00126545394357369
0.00432904660890143
0.00557189847859862
0.00522739142232331
-0.00187208524447047
0.00802330928390838
0.0133347222107654
0.00867079474314791
-0.0101132689152489
-0.0093992442602957
0.00175327972105288
0.00236800172041596
-0.000205474525416194
0.00688315212176493
-0.00632591559379825
-0.00400450769077432
-0.0675258041237113
0.0100608516327536
0.0171847524388711
0.0149574948886257
0.00986005089058528
0.0104986876640421
0.00280516363636374
0.00238295697419044
0.0133333436692507
0.00356995100397839
0.00457360508764704
-0.000809328239956608
-0.00648034616281201
0.00896857901645198
0.0186868484848486
-0.0109072684364356
0.00120303759398488
-0.00290378483316966
0.000200803370138614
-0.00120476910049738
0.00492559293549677
-0.0033010102700709
-0.00230825975821214
0.000804687624798905
-0.00472410301988346
-0.00434256728971627
0.00385439715404789
-0.0133373647232761
-0.0225294926261241
0.00136202204385616
-0.00251104828392867
-0.00293683670806955
-0.00525983600378366
0.00994079970263972
-0.0124607539267017
0.0119818049407658
0.00240984906936603
-0.00689867266433941
-0.000526291958187763
-0.00642376796992172
0.00466351891178629
-0.00105495304299019
0.00168968208491527
0.00379547714908757
-0.0165949166746656
-0.0101462889078165
0.0166163249892102
-0.00658037564656788
0.00395302358873972
0.0121315312106893
-0.00431084003458271
0.0149947840019466
0.00832287739316873
0.00103176849013131
0.00103077719122169
-0.00906100672175636
0.0104946178407028
0.00915166066838058
0.0649073065509203
-0.000382748055061777
-0.00526469794903117
0.013279494096988
-0.00826213651674823
-0.00766066264483389
-0.00945667305191566
-0.00584509486906781
0.0020578049370561
-0.00283591819213935
-0.0177502891267011
-0.00878599206126229
0.00251813056525108
0.000602803180978606
-0.00100409683719638
-0.000904573342136339
0.0105633297673373
-0.0116475663010721
-0.00735290096044416
-0.00578386588176971
0.022147366131434
9.98701927135137e-05
-0.0106829867938104
-0.0010091634275573
-0.00282855849739494
0.00587581811240834
0.0240708931003033
-0.00373718528717548
0.00424481724842596
0.00589795519813352
0.0116289942025019
0.00927362855313829
0.00248846662073698
-0.00725601503257622
-0.0166378433360883
-0.0194620831295843
0.00987430660533994
0.0259752790123458
-0.00231033891924348
0.0111926284368258
-0.00572524792771245
-0.00489438593745828
0.0140804317855061
-0.00570612447539465
-0.00382593006716603
0.0112337779887897
-0.00370300037979476
-0.00457450681406657
9.57587389878167e-05
0.0069883496744052
-0.00532374740329411
0.00363189344256587
-0.00447577365058993
0.0132006599081629
-0.00198261899514018
-0.00283790561761332
0.00559715375781589
0.00254714150943403
-0.0106332740368855
-0.00190219708866457
0.00505049542499525
-0.00189631172943661
0.00940443647965528
-0.0227743831587731
0
0.0105932785282465
-0.0100057459499572
0.00827799603694279
0.00257753699284002
-0.0193296425251279
-0.00436932720398731
0.0164813924665359
-0.00853887531788711
-0.00706401227265385
-0.0223175224411118
-0.00309009170653896
-0.00629941993201832
0.00523249160492534
0.0016015615294982
-0.0183889370055753
0.00274890039962439
-0.0309675709405537
-0.00963961631098875
0.00275076183085354
-0.000949535777057697
-0.000950512177621543
-0.0437632038850572
0.00674332309024228
-0.0365653014164927
0.0345338394012729
0.0283133092975645
0.00749951821296424
-0.00287116117746533
-0.00543878656624042
0.00632635628723222
-0.000532711785459994
-0.00884863511145095
0.00333438740094238
0.0034305210487835
0.00908118609147834
0.00518798322460512
-0.00600378120910516
0.0135636214825594
0.00135909040545545
-0.00271457509620565
0.0014657349706575
0.00041807441279218
-0.00428417986261787
0.00209882461854516
0.00575979695800188
-0.00458145559577827
0.0023012761987713
-0.00521811730327693
0.00660928451531695
-0.0025012819958713
