0.0129894416958516
0.0141051657812785
0.021134356554654
-0.022819689064562
0.0282403501723263
0.00704228885637836
-0.0117133214735434
0.0258270480422262
-0.013795533236919
0.00279767446752355
0.0179599483159529
0.00599518660508402
0.00119187808615706
0.0331632828769266
0.00181071604938277
0.00525795259188389
0.00441322327558025
0.00960130171519435
-0.00773694378244771
0.00519818055233623
-0.00226242724204229
-0.00226763841050726
0.00146105524224205
-0.00226941161078642
0
0.00373679941083349
0.00113303659975794
-0.00856908677668833
0.00570772994129154
-0.0426462961779244
-0.0118563853005353
0.00925610215975303
0.0427989293002899
0.00651460890831901
0.00938514578293126
-0.00881691233060411
0.00824839048201875
-0.0535771575232596
-0.0191525593220339
-0.0392258690033847
-0.0151079142125148
0.00383497092165719
0.0405675815796327
0.0286713106875645
-0.00254930319510538
0.0223206853351625
0.0136666666666667
-0.00559026635975013
0.00677908399470906
0.000821152912155565
-0.00229734168522056
-0.0110197041286135
0.00299351400310144
-0.0331619958023214
-0.0195507285276842
-0.00402307168175864
0.0314366180441976
0.00493785118338175
0.0115215350728566
0.0216080565894798
-0.024102343856293
-0.0241935147849462
0.00757572287962383
-0.0123035030758716
0.0140138756749806
0.0160381843364923
-0.0455079604619304
0.00527795566502465
-0.0134756740195253
-0.0177399329029614
-0.137258427618899
0.0102574419091479
-0.00704517227704826
0.0304675096188443
-0.0107331508559508
0.0184237878576781
0.0267337085427135
0.0207517023981323
0.000575354824997154
0.019359824395623
0.0146671493042498
0.0116753337968001
0.00366369298406299
0.00127760537912747
-0.00783815151589218
0.0191071284218263
0.0016224986186677
0.00935926909000595
0.00445791710207133
-0.000532629130742812
0.00479575496972928
0.00194449354781678
0.00105860973888494
-0.0236164954664612
-0.00216611905537478
-0.00814032214436178
0.00127667330743497
-0.0102004003569981
-0.014722101582628
0.00205455730193216
-0.0132339790033932
-0.00283335857259848
-0.00568287543696011
0.00495328615152268
-0.020473971563981
0.0112251213944308
-0.00650717703349291
0.0017337699865152
-0.0157692307692308
-0.00351699882766709
0.010784294117647
0.0170708247734399
0.00781995041007066
-0.00510976532929608
0.00608710291040526
0.0398941395328822
0.00454545454545463
0.0114027330316742
0.0560128300641942
-0.0044059991325538
-0.00629785531914895
0.0101062005805721
0.00576564344979391
-0.00961050396879948
0.00527744278932785
0.00237087218240251
-0.00743367135383799
0.00323402553191499
0.00016969800084321
0.000848159442779384
-0.00813559322033897
0.0158920198222829
0.0134566692437903
-0.00912861410788379
0.0123952761742834
-0.00529450703663981
-0.00199599138383222
0
0.0471667
0.00525223602571256
0.00142495250158325
-0.0090118577075099
-0.0022335513720485
0.0174288452601721
0.0117868299263424
-0.017396692329762
-0.00885230821537497
-0.00255183409008242
0.00271822829040258
-0.0133949930377132
-0.0114756588245621
0.00261608894702436
-0.0119047619047619
-0.00726189140122135
-0.00498759750664679
0.0135338684556012
0.0130234256511705
-0.00292922696616382
-0.00228495185245636
-0.00719780783252399
-0.00148296262123848
0.00940594090448643
0.00474090255814619
-0.0273348523809772
-0.0311141022267331
0.00103594616836822
0.00810626077957921
0.020359246871527
-0.0174379781595906
0.00699658726950814
-0.000847297097010591
-0.0223880600812086
0.0109299273235588
0.0142440020593786
-0.0483924889472924
-0.0172475456170857
-0.0146553464809119
0.0104663975480423
-0.0141740689473754
0
-0.0217511520737327
0.00697190503109102
0.0104790608248326
0.0255555740740741
-0.000902834942166253
-0.019157816043455
0.00276392113506541
-0.0259095930139505
-0.0049046974119864
-0.0125118483412322
-0.0072950854290651
-0.00754204230404265
-0.0294232073265783
0
0.0194739606610326
0.0222528755859173
0.028703563860528
0.0149812541205523
-0.0167896675869066
0.00638018377969263
-0.00689917943503293
-0.0279759304534709
-0.0102375507050416
0.02829814487517
-0.0130954453045254
-0.0169230961538461
-0.0136932905652052
0.0136851056598613
0.0129133043844003
-0.0127486768398688
-0.0240657400887156
-0.0112269644902373
-0.0508921127331712
-0.0527665231197068
-0.0347316418583672
0.00630843472683251
0.0478291386115626
0.00376685123494669
-0.00198675501074508
-0.0522008637956396
-0.0028004202007198
0.003276363210859
-0.0102635645034654
0.0139052557152959
0.000232426778242534
-0.00534510818835943
-0.0186915658572796
-0.00285711904761909
0.0570677875580758
0.0106167156087642
0.00692885530045362
0.0146503887824727
0.0150952311331269
-0.014870753669364
-0.00875077682675085
-0.0019863164425884
-0.00199026974811445
-0.0742300448874353
0.0179511732396165
0.0369150960948765
0.0242630396491175
0.0216959053219352
0.0277356000981321
0.00379508749736446
0.0273051664082091
0.0339398895931302
0.00296620526003566
-0.00414043761552763
-0.00494951514351671
0.0234779356736146
0.00058324262409104
0.0190402172325583
-0.00362255474504181
-0.00306161511908221
-0.0176583116183613
0.0236420281359906
0.00362670363860862
0.0019018257169332
-0.0142369020501139
0.0317735798189871
0.0132511939809183
-0.0141831089669715
0.013452952167414
0.00792765457493894
-0.00823115084072246
-0.088343801395356
0.0252882864657091
-0.0149960931333859
-0.00681081758056157
-0.0137152071918029
-0.0404908776895346
0.0149190330315019
0.00755986996135793
0.0112546894539394
0.0471970527617476
-0.00236177913084468
0.0193331824685969
0.00851563803040989
0.0172710992655711
-0.00207500479437861
0.00396973519963195
0.00847298044675249
-0.0113890961279108
-0.0126534841802931
0.0105203330244901
0.00302858213028268
-0.0356671811410764
-0.0258316839855846
0.00482123352393016
-0.0161935425829668
-0.0256045117985066
-0.00396252337930081
0.0192630242572456
0.0647083401807724
0.011383291090747
-0.0236550562249163
0.00547086752637749
0.055382861550386
0.0364573736612526
-0.00604014911991202
0.0142984626577576
-0.000352422907489047
-0.00687466948704374
-0.00585733049343273
-0.00821280157874682
-0.0153014944248694
-0.0436928694023242
-0.045115655799739
-0.0188188785021245
-0.0197918188039919
0.0189425474824616
-0.0253320117398975
0.0249424234949156
-0.0202454388447674
0.0106449175537466
-0.00846757573182877
0.0295772143127353
0.0376289904916043
-0.025541060137628
0.0380152260904363
-0.0183115069716363
0.0162968387983506
0.0170015655719307
0.00341947194945802
-0.0181749148049982
0.0320092357884838
-0.0293348094170404
-0.00789220389042922
-0.0533566151851647
0.0225455621531963
0.00400883952713649
0
0.0257536634058693
0.0182950366232963
0.00860091743119273
0.0333522645442486
-0.000916908140783157
0.00642441262848759
-0.0395769090068609
0.012343353589062
0.0399549420379866
0.0202020566414511
-0.00601131531097387
0.0434009063784968
-0.0161950392090009
-0.00849069500070521
0.0340789403341673
-0.00625315214646449
-0.00544215995649933
0.0300957934336525
-0.0142762445459413
0.0313236943192372
-0.019921651864087
-0.01382874041986
0.0410542328274073
0.0131450992071585
-0.0168188210796092
0.00423587480879983
0.00843609682732138
-0.0123874034749034
0.00863331175490001
0.0032299904144053
0.0135222152852901
0.016359641301773
-0.000937677732843256
0.0198654309400907
0.00199394180953716
-0.0127047600580205
0.0237209147286823
-0.0202937607192755
0.00247327245406481
0.0061681112156704
0.000766329501915797
-0.00459422643518104
0.00692303076923073
-0.00122221548764934
0.00183562787965608
-0.00229045662820149
0.00474450595313791
-0.000152368616835652
0.00914075272914006
0.00528378639141858
0.0175702968956479
0.00147578212881383
-0.0212202030471528
-0.00391439337291166
0.0262998472611942
-0.00839469783815339
-0.0109907318879924
0.0076588381233722
0.022801774152065
-0.0196706696635874
0.00862071950982024
0.100058958148262
0.0163429466485479
0.00382234069504395
0.0216648360470149
-0.0210769829347636
0
-0.00525142458320671
0.00778677607707956
0.000130984807084955
-0.000392916051083492
0.0331413038061987
0.00215542022991944
0.0132843495282851
-0.0198526167987323
0.015031847133758
0.00200798192771079
0.0020040582166363
0.0119999874999999
0.00407611171042643
-0.000984155480573845
-0.0116980299433325
-0.0053575877060158
-0.0210447195028254
0.00319897624570764
0.0167091449819095
0.00351272115810719
0.0351294545600565
0.00253621971487128
0.00734852409713227
-0.00358769420278549
0.0129620979356697
-0.0642179961085784
-0.0460877039976815
0.0391558953626703
0.0106016348115769
0.0024013522850852
0.0253436143069881
-0.0174618544023609
0.0120150059570712
0.0056888324797324
0.0277914658140679
0.000598169404207649
0.0190123646662332
0.00387235386209395
0.00572762107325708
0.0036029404509188
-0.00162129708445391
-0.00336389053896158
0.00814717197735493
-0.0271300614016371
0.00878135785385159
0.0139982939889827
-0.00788863136503348
-0.00818518503923715
0.0034190167413346
-0.0110445657261828
-0.00308891536388067
0.00548205193745432
-0.0045040297082839
-0.0222644963034766
0.00255722104637512
-0.00194344705591032
-0.00194713403790037
0.000975417608208407
0.00596913173195901
0.00520707180413971
0.01289001294085
-0.027949559278079
-0.0144377824138828
0.00906264398276924
0.0179625863430435
0.0134155188159419
0.00381633879108745
-0.0235237738748669
0.00462340906135994
-0.00944651810584951
0.0117373638374205
-0.012326247734139
-0.0215343440033888
0.0166312615151776
0.00811803168076142
0.0131771841529671
-0.00108386318540632
-0.0244725626692909
-0.0506673022903438
0.00807084092684218
-0.0174329282687777
-0.0048625971803179
0.0202060087136027
-0.00673135275080916
0.0118597154231834
-0.0109479393476035
0.0442766109613673
0.012595024003117
-0.00554183518011697
0.0117646687306501
0.0128519343764482
0.0256193716012085
-0.0202663006857676
0.0281418634241284
-0.00772015458463349
-0.0260520918059155
0.00992494517338627
0.00239689591570236
-0.0151840747869928
0.0134757795261948
-0.0210829173065554
-0.0069750243884602
-0.00874922960568747
0.00522127038236508
0.00494683397295526
0.00492249557168356
0.0113885862655603
0.00520645381796614
-0.00987713839594584
0.0141119713179552
-0.0151151989549519
-0.0123020953057758
0.0118387846510686
0.0104814255765475
0.00771920117142932
-0.00777978428079773
-0.00784079595076492
0.0188450212765958
-0.00381861561508545
0.0335409187754823
-0.0409132944009423
-0.0281571238670694
0.013678177410549
-0.0133709156049159
-0.0416511003356959
0.0394395552817968
0.0178482269902063
0.0174126051227734
-0.00614682407922351
0.0168566458507962
0.0053667860552602
-0.00498227740276591
0.00143065098106754
-0.000476202380952473
0.0237017392055947
0.02129147252908
-0.0242651745758166
-0.00922359581497734
0.0167334195529882
0.00046361845692644
0.0287303405931418
0.0337837826424399
-0.0120915137660725
0.00694671944102487
-0.00219006789312304
-0.0129499666500229
-0.0013342450225875
-0.00656865954130481
-0.00257764196197541
0.00382017977528082
-0.000671558122747107
-0.00963262779606433
0.00452388610096999
0.00213918036478278
-0.0273003027232828
0.00565948242874836
-0.0113701389686459
0.0228856988177115
0.0300964668905235
-0.00341783914281713
0.00464652068421856
-0.00363390603752678
-0.00663136582787238
0.0380508023381443
0.00482311881597686
0.0026666666666666
0.00372338297872332
-0.0185479601176038
0.00485966533174231
0.00333152058039143
0.00364177373991237
0.0197439280601046
-0.0162219042525829
0.0157447127659573
-0.000628456201451799
-0.00890796497396718
-0.0204081738394839
0.00831179844896157
-0.00535274572946165
0.0146377455758155
0.000212199009617109
-0.0158022906373709
0.0167025317876337
-0.00466342352227711
-0.002236258024225
0.0112060088966706
-0.0375725382585751
0.017216799710126
-0.00377315645163523
-0.00530252114262431
0.020234998264469
-0.0142887290924368
-0.000324513190728903
0.00562705310563572
-0.00505758097492748
0.0978801979004997
0.0113289525893221
0.0038962983091253
0.0165922669627843
-0.025388909765837
0.016452844809981
-0.0101166103659639
-0.00233597434954202
0.00536588292682927
0.0140708098766382
-0.00526318660287084
0.0122174510500468
-0.0114997052699134
0.0211517830756314
-0.00131813389810886
-0.0171584802488922
0.00930456594724216
-0.000665263251613091
-0.00665720386767088
0.001436103440003
0.00267685473569523
0.00152559119543083
0.000951999229322098
0.00475556405512245
-0.00577432796075661
0.00447492149362017
-0.00274882464454984
0.00779393601172829
-0.000848788086850738
-0.0101944589353511
0.00715239359953856
-0.0141084933802813
-0.00480215122544703
0.00974709487317815
0.0108955369653696
0.000661803932924254
-0.00302342226090024
-0.00398027873332862
0.0164605521686119
0.0117943833793057
0.0019428902560048
-0.00110806091113402
0.0067480495470511
0.00440726271573721
-0.00923303783922702
-0.0067355141189015
0.00984669744827316
0.011958449194724
-0.00409057350985242
-0.00209926984482056
0.0113417907007813
0.00153746947634992
-0.00325086695414245
0.0151296072240334
0.00285586783964642
-0.0162855028134153
-0.00488511846494377
0.00290909090909075
0.00235679840464109
0.0102188187697809
0.00304363085707315
0.0048192145072945
0.00239812602888811
-0.00354423176019647
0.010136928775893
-0.00211264968508185
0.00643961709209928
-0.00420716116073838
-0.00818590785858708
0.00106498935037269
0.0130318613555356
0.00988890373384721
-0.0364818017940761
0.0132206311139378
-0.0300905989671365
-0.0294682354571676
0.0192361427844561
0.00222042750376272
-0.00544635824893636
-0.0143864491254213
-0.00932295867175903
-0.00332698678689125
0.00162135434661614
-0.0052370597572956
0.0234516796836253
-0.0210437714374069
0.00831186602296485
0.00464277046955863
0.018768254444669
0.000277781899956864
0.0179546038513299
0.0122738251163528
0.0144602214643514
0.031784011468367
0.00978204041717823
-0.000934738273283608
-0.00603894701029173
0.00744482280125935
0.0121464449465785
-0.0104900969959686
0.00364678131975982
0.00219707629532118
0.00168638282776357
-0.0134680636329614
-0.00708186024953572
0.00111710059851089
-0.00600855793991417
0.0140759668201391
0.017201711658009
-0.00544155727354256
0.00673396447641506
0.0290970238979436
-0.0623171748079756
-0.0194957102678898
-0.0195299303807024
-0.0143307439656803
0.0134418524740139
0.00947392385682733
0.0137647572514683
-0.0115499649365186
0.00428146459475998
0.00790484973460703
0.0206203466526169
-0.00371266620618194
-0.00459310169506122
0.000783527766119452
0.00417575478492638
-0.00840337000779701
0.00620303168096314
0.00946430510487639
0.0203852998385463
-0.0165219510205331
0.0170567072436223
-0.00480370791155549
0.00160896779097186
0.047091638883088
0.00637869206909469
0.0077021743236696
0.0031847293500753
0.0102381031746033
0.029303189336922
0.0277056166171388
0.0106201861397781
-0.00874487788440814
-0.00444811331046102
-0.0402114400288934
-0.00364652807546373
0.0124591654330972
0.0176896087466665
0.0301541020928151
0.0022742058876708
0.00585568020259419
0.00582159082843248
0.0104181955547809
-0.0176858222057619
-0.00466505569407305
0.00893446337016912
-0.00254050947113282
-0.000873198964825961
0.0119446392146108
