0.00906535682860543
0.00320859893048131
0.0283581651019971
-0.0234294422558573
0.0286624852935238
0.0138286478053942
0.000610810273021345
0.0213631527420894
0.00179282864954522
0.0467289312640897
0.00854865137820382
0.00640421925032952
-0.00580200262025077
-0.00131777110914477
0.00697453359047184
-0.0086109887162481
-0.0052869902810988
-0.00303720577069089
-0.000380807311500475
-0.0072381142857143
0.00287799314808135
0.0109049167782667
0.0194927895533685
0.00241323561190332
0.00166666666666671
0.00203366611203548
-0.00461254604035888
-0.00704357725591143
-0.00952023520627221
0.0148887483059037
-0.00278545971348043
0.0122905025644227
0.00607060327316766
-0.00182846958911076
0.0175856200769371
-0.0115211343208126
0.00163904571116369
-0.0154545090909091
0.000738633398388311
-0.00701232712700361
-0.00204422965909257
-0.0050279514892374
0.0127269511510386
0.015523932442729
0.00072795267101089
0.0112747586370336
0.00125874840390683
0.000897988505747183
-0.00143545666606848
0.00467202139543499
-0.00447147200858522
-0.00359326266618742
-0.00739271560390764
-0.00199818350587067
-0.00163816894135727
0.0136736559224671
0.013489209118317
-0.00834067465273025
-0.0159269682189161
0.00200029088924203
0.00417430142193465
-0.0276523214295203
-0.00799256520432279
-0.0108674913034944
0.00246253073569758
0.0272109420714641
0.00220748708227592
-0.0104625550660793
-0.0020404563160823
0.0102230299297961
0.00809573166865607
-0.0142362289790795
0.0088873174925872
0.0102770596338022
0.0105359129979277
0.0246269814016362
0.00964910526315799
-0.0111207473696047
-0.000527130557019806
-0.00281293947234629
0.0183356308473972
0.0155817526170965
-0.00170472212751449
-0.0437158633245242
0.0289285535714285
0.017007966279208
-0.00443682608999396
0.00102848817278023
0.00256844169286152
-0.00444061493493797
-0.00960715372092724
0.0188809977481379
-0.00544032641958514
-0.000854683760683761
-0.00581693745394463
-0.0113577695515785
0.00939949504961701
-0.00655287095868695
0.00520741181726425
0.00846144016577455
-0.00410962314693075
0.00997252407152693
-0.00680970354750743
0.0257113472745971
0.00284087566844926
0.0188302122589639
-0.00392536807205379
0
-0.00968802923848833
0.00331614983723849
0.0118988931382875
0.0111056671566225
-0.0119528670650945
-0.00147124412199584
0.00605761276825101
0.00325469482091623
-0.00129768041207845
0.0019489848952412
-0.00405252073354712
-0.00325515955818945
-0.0156760772150204
-0.0051426344582387
0.00867101869816533
-0.00545548006429231
-0.0176197140957446
0.00355335037405591
0.00843028142926516
0.00919578650399955
-0.0102716863772087
0.0204217770196928
-0.0060695375011407
0.00363097870935802
-0.00427564538273895
0.0099092156880134
0.00490595241517733
0.0130186979167015
-0.0120481927710844
-0.00357725203252035
0.00342694196192794
0.0144738814612497
0.0128246070403237
-0.0221589268755936
-0.000647410175581231
0.00210555548734837
-0.00129300147556177
0.00161835245802977
-0.000969413491184623
-0.00469029582111291
-0.00227492683986141
-0.00228019536546586
-0.00603981410511967
0.0152734605891518
0.00194110320284691
0.00807232818973724
-0.00640611797575463
0.00564148927076924
0.00673188021689186
-0.0156025948797549
0.00113213646669452
-0.00807754416550743
-0.00732900627592814
0.0109925839049616
0.000486903610628087
-0.00892139468219322
-0.0039279379354481
-0.00410778829924763
0.00923934978981444
0.00392352473184654
0.00423380556912556
0.00664835435862998
0
-0.000483295731852573
-0.00515711531276586
-0.00161994168151625
-0.028070728085823
0.00400662757907755
0.00116395080086384
-0.00730773969951404
-0.00351345156433003
0.00151109802701321
-0.0196144503063052
0.0121408857729139
0.0182463425958159
0.0119462750954038
0.00868991609477243
-0.010240588426528
0.00624077855544058
0.00195852782764816
0.00456098720574993
-0.0137830067709748
0.00411048997040453
0.000163779269690467
0.00573015698329549
-0.00374408269575122
0.0194444114469867
0.0217983815002145
-0.00862743529411769
0.000316455691195427
-0.00838345447036615
-0.000957058557298773
0.00399169720594439
-0.00938295150472412
0.00610044941241861
0.0113292328491856
-0.00347114226142098
-0.00142495250158325
0.00348820358332014
0.00489804068734334
0.0169811640560116
-0.00170068027210901
-0.00526555676010532
-0.0253776260916568
-0.0354632119956297
-0.0301424307694198
-0.0274931689294199
0.0363476552002169
0.0252456455438834
-0.00396625364291037
-0.010950705160113
-0.0176144939168849
0.0129781247783791
0.00792314565070806
-0.0178959689263092
0.0279291548377187
-0.00265076205018611
0.001661096317922
0.00547267007417362
0.00148441363212259
0.0151514819639085
0.00275798187472387
0.00372108067107124
-0.0148291744869572
0.00981678680982978
-0.0218730067745787
0.00364421076104371
-0.00676679320019813
-0.00897309737454299
-0.039906120722772
-0.0207823618855174
0.0283574103798823
0.0156087582379467
-0.00819670409500162
0.0160123272723027
-0.00610059332657498
0.0168797436699151
0.00167677735876537
-0.00117181114255738
-0.00888216889164295
-0.00473449450007613
-0.000509666997796976
0.0256671417417256
-0.000331455087835608
-0.00563660477453587
0.0335112037345782
-0.0116148084654037
0.0445568793863227
-0.00421875000000005
0.00533500706103873
0.00671140939597326
0.0108526666666666
-0.0105827458857091
0.0102309096192557
0.0242443156128376
-0.0212733782771537
-0.00964342538976193
-0.00834610548745462
0.00171435463127478
-0.00917997553352934
-0.00549619974874371
0.0265277111470801
-0.00507617274031147
-0.0153061379097095
0.0161721151856196
-0.00200872988243617
0.0195076958976743
0.0126044347032479
-0.00254946010797852
-0.0123289727160133
-0.00776376898268327
0.0187174286590979
0.010993900271268
0.00119174740913497
0.012200565573584
-0.0105835809287607
-0.017976527053232
0.0154312410115351
-0.0108761020168606
-0.00813377026862139
-0.0101746092687808
0.00322183185026081
-0.012234332653836
0.00495445146025397
0.00801103016416405
0.0157419990829892
-0.0126391214661318
-0.0147820931980146
0.00170146939825311
0.00633100659879537
0.00997394537283847
-0.00319050440595559
0.0106690594319607
0.00980245844676397
-0.00522697140422601
-0.0103588498670041
-0.0210861505183906
-0.00108476679195368
-0.0262177943874928
-0.0288354468695237
-0.0195209812913547
-0.00468459093190576
0.0104219024904386
-0.0216270167754613
0.0241455360628202
-0.0257346837124356
-0.0114178936605316
-0.0103430101824863
-0.00348373105730693
0.0480685203298117
-0.012841894810572
0.0126710595146318
-0.00350348687860347
-0.00853840616105794
0.022627490330505
-0.00181638041914822
-0.0284532832348506
0.0110676145070663
0.00707305478152476
-0.0590300845991653
-0.0444286475919673
0.00948482425144115
0.0105010871499833
0.0344576858507817
0.0133943950160595
0.017391304347826
0.00529916239316242
-0.00374087733819284
0.00290148489503328
0.0393124928288799
0.000655002456197762
0.0248731791053318
0.0186811109902425
0.00125394986291449
-0.0137758451193511
0.0290476507936508
-0.00293078812491765
0.00309401304291468
-0.0138802753781786
-0.00703780117356589
-0.00850529190407012
0.00587766471997364
-0.00347444725205304
0.010301141372461
0.00658820392156878
-0.008259295878426
0.00188559085301043
0.0095672054443916
0.00295160775431369
-0.00108426273495232
-0.00418664922272138
-0.0133914666242375
-0.00347225373307669
0.00364269882234236
0.00426069124602635
0.00314269332405237
-0.00203635651629075
0.0262124945253883
-0.00795344178434276
-0.00246691331380033
0.0233385173109051
-0.0338317177742291
0.00140686256984712
-0.0101467065297129
0
0.0137202176312885
-0.00902299329531731
0.00109888538306313
0.00752705033714918
-0.0057587392996109
0.000469614895591386
-0.010483461117196
0.0158127129723999
0.00716063222791496
0.0149922881758404
0.0176641394141657
-0.0237917694510916
0.00321886889082967
0.0160428273205269
-0.0121804210526315
-0.00350133951891207
-0.00137482434119807
0.00979040799493314
0.00242381450011186
0.0116367541676516
-0.0149387506740738
0.00288133142610447
-0.00181453206477544
0.00499915149222385
0.00738628323100876
0.00523713885269683
0.000446546591247321
0.00223184053313252
-0.00207838476724487
0.0133889019132862
-0.00249568397699573
-0.00323758660357265
0.00383869760053024
-0.00514780129865566
0.00813132773700964
-0.000879967711395646
-0.00352264803416913
0.000147341289546965
-0.00220916046512043
0.018597815498155
-0.000434705102602462
-0.0155117273624936
-0.0061847441505084
0.0020743666342975
0.00783686268683392
0.000586751726129542
-0.00747793288026077
0.0186141965249165
0.00101522847056845
-0.00260795432952576
0.00595589807994767
-0.0509747148014441
-0.0258673763562479
0.0373321948140672
0.0240927255477954
0.0208792524370167
-0.00907384415958523
-0.0114825721737251
0.0036759299021929
0.00556690578473762
0.01602562669035
0.00272443368868469
0.00857999427999423
-0.00127601022651369
0.00809199295593421
0.00478800155504855
-0.00574626505245301
0.012686692622309
0.00125283971340995
-0.0051439176977619
0.0108999164589134
-0.00649700063572023
0.00820921073288394
-0.0080044439415462
0.0125208964602488
-0.0053586150777496
0.000138182071255377
-0.00980662956335265
-0.00892731178888795
-0.00070377196183935
0.0057747042253522
-0.00602157927340274
0.00464912631801373
0.000560931161434075
0.00644709198169835
0.0075198442423019
0.00649622685545892
-0.00810212853611636
-0.00789144367057548
0.00320953094002063
-0.00848518581840574
0.00883845410828354
0.0037546375327695
-0.00526457467442509
0.0040388995526921
-0.00707440738379295
0.00726454296550605
-0.0116504302815653
-0.000561338743717776
0.00870534949866131
0.00765594419019733
-0.00442048631607261
-0.016372984598307
-0.0142474540026443
-0.0436461810380445
0.00822976183660762
-0.0118728856577421
-0.00735965733374411
0.0114995013768802
-0.0089752882266354
0.0169057056603774
-0.000148463701270751
0.00771965546734488
0.0172363885048492
-0.00550333068052145
-0.0061161790044032
0.0101099194139196
0.00681755129627049
-0.0165682456955341
0.00952244331900265
-0.0107387310556533
-0.0115886903796008
0.00252309301824405
0.0059214505142211
-0.0157468733957412
0.00598089141660707
-0.0156063617063967
0.0120790572816372
-0.00731012990168778
0.0172828521598609
0.00960251116553357
-0.00643830883455132
-0.0103093516845553
0.00119050600552861
-0.00148631096144924
0.0086335516522773
-0.0330579240537803
0.00106836085477835
-0.0419270646090601
0.0119350732017822
0.00393143576033972
-0.00595239661654134
-0.00173339113982662
-0.000947071853104164
0.00553006785384635
0.0279698150215244
0.00443291056046791
0.0158271346191925
0.0353558202247191
0.00289389375063087
-0.0103881405392624
0.00262430398742119
-0.0174494263828455
0.0105076069261507
-0.0140597395146419
0.0090612002376711
0.001030472545267
-0.00441180882352943
0.00310202377113855
-0.00750996863437081
0.00118695842175187
-0.00844693204889146
-0.0216709746422972
-0.00901307682574204
-0.00400804667759924
0.00603620173291763
0.0119999846153847
-0.00608090614291434
0.00458860528855642
-0.00852614190012191
0.00813880490761032
-0.00319878131915352
-0.00825183348863601
-0.0104776730207189
0.0107443629594464
0.0064704664014501
0.00336753395476719
-0.00457670459603188
0.00214557854406139
0.00229395935607823
-0.0112907840816175
-0.000463055534117851
-0.0118881740877648
0.0109374531249999
0.0190108664147235
0.00546035188836647
-0.00603412270275872
-0.00713311590731691
-0.0140629475409034
0.0186046046511628
0.00639278568003587
-0.00937693544871732
0.00564890076335867
0.00926066452433583
0.0015041966830236
-0.0213276953641424
-0.0013812767721747
0.0207468572306748
0.00271002718187363
-0.00975977506786119
0.0086429116895943
-0.0102225049709489
-0.00258198679112909
0.00411152745885568
-0.00485288126014938
0.0260591118839175
0.00014843308633794
-0.00475199018425831
0.00865414840290124
0.0610947503282471
0.00264875215465987
-0.00653505301821633
-0.00517837670448051
0.0105514909805433
0.0153139074115578
0.00466196352666937
0.0169237757714116
-0.00603951131285707
-0.00148529574629475
0
-0.00473291432317435
-0.0137228536337732
0.0151536859156185
0.00366395701821243
-0.00189290159400901
-0.00826335681387158
-0.00478074040132137
0.00343123794357347
0.00478727937645629
0.0137490064490744
0.0038941989540191
-0.00521667990324559
0.00739538762691749
0.00306999474292557
0.00439123075472425
-0.0033121355334339
-0.0127609459220678
0.00673219362052757
0.00120374486573804
0.0025380977486229
-0.00213196527120729
0.00307122450355468
0.00386050304071484
0.00596733823273632
-0.00210920113222779
0.000264253643233348
-0.0108293580186296
-0.0102804403129388
0.00768919496921061
-0.00013380187953671
-0.000937193709005468
0.00897879888855013
-0.000664138655012136
-0.0017277645329018
0.0149114896164093
-0.00380428950002787
0.0117197784640561
0.0115840033428609
0.00244471175444283
0.00423557929736473
0.0065184306369741
0.012317473015873
0.0112895382427303
-0.0245597113163094
-0.011953230060443
-0.00102952384927379
-0.00438036571578071
0.00090578417321141
0.00193926313999393
-0.00903221935483867
0.0023437499084471
-0.00194857098147949
0.00598723139431923
-0.00724541328444295
0.00664661775133779
0.0160539232535972
-0.0187308988762398
0.00402542516490256
0.022503854112778
0.00505946129672297
-0.00704753343880604
0.00190115331049046
0.00518653996762009
-0.0010068210547044
-0.0115897963563794
0.00216668368807915
0.00648609970060154
0.0116249559214676
-0.000749412959015983
-0.0182499875
-0.00267378402503471
-0.00868122025580942
-0.00540887300943027
0.0157968917856963
0.0105800131515621
0.00592836788507012
0.0125391849529781
0.0102786625386997
0.00723211553733494
-0.00316409889653402
-0.00488343279778136
-0.00392589856641146
0.00320230316043091
-0.000491012909429545
-0.0100725704423255
0.00806554203080001
-0.017479050159504
0.0162866825357053
0.00308185392941862
0.00946289752502527
-0.0180179573656922
0.00694268500160256
0.00381676922166019
-0.00073590090440212
0.00638268066303338
-0.0146358949783119
-0.000247604898531928
0.000742911999860318
-0.00284552758021694
0.00124068241292008
0.00483270154272741
-0.0083856459926327
-0.0012437009703421
-0.0150666172348802
-0.00771175746426689
0.0345266794375507
0.00246311585454873
-0.00196565105735502
0.00283115467334194
-0.0076101999802356
-0.00111312309494427
0.00693410086839763
0.00823903098868684
-0.00756183699382462
-0.00958592812144787
-0.0207221501785407
0.00456159413486046
0.00239659437937179
-0.00654339994282871
0.0043065739445185
-0.00580147552274601
-0.00837249756761371
-0.00882685195923905
0.007743920712032
-0.0126793797981716
0.000778388936484076
0.00609204131971364
0.00553980911338026
-0.003587520682094
0.00681504462447124
0.00523621946732233
0.00559017920963267
0.00315855961696632
0.0108312339840999
-0.000498392711228757
0.00735473688164134
0.00321744841523208
-0.00086345133834953
0.00999997530864194
0.00990105145828268
0.00181546834366508
-0.00144974029659573
0.00241979425481431
0.00869042869500114
-0.00119658968529368
0.0129388042058369
-0.000591401516567669
0.010059147928994
-0.000234282372215233
0.00503925922795601
0.00827890605692838
0.000693859133874764
0.0108633076489459
-0.00846002048176497
0.00392017742695105
0.00137822441713586
0.00493176958523289
0.00216839755186937
0.00387204199685787
0.0159954165400926
-0.0140687251913515
