0.000503170583635359
0.00955739484695139
0.0353762331838565
-0.0139557741118492
0.0200097608589556
0.00430622009569381
0.00238213434969037
0.00998094059025956
0.0108235294117647
-0.0065176908752328
0.03514526710403
0.00543227704843829
-0.00585317450937306
0.024003668478261
-0.000884608541149579
-0.00708277999114648
0.00891658493089631
-0.00397693345015182
-0.00221832288294932
0.00578039128501562
0.00884168838011989
-0.0148992112182296
0.00889679715302494
-0.00396825396825395
0.00177065073041183
0.0101635886064333
0.016622877663041
-0.000430292598967208
0.027550624192854
0.00754076214743349
-0.0128897718457286
0.00547603201347946
0.0301633418448537
-0.00772671817812121
0.0262295491803279
-0.0319489204493243
0.00742574257425765
-0.0262079852579854
0.000420521428909915
-0.00546452267908693
-0.0114117075232461
0.0196665677497465
0.0255764779874212
0.0224857327263179
-0.00479812075169939
0.0204901976894414
0
-0.00590551181102361
-0.00237619801980204
0.0047637155711111
-0.00355590689671703
-0.0118952819942617
0.00160509630818617
-0.0320512432712837
-0.0376655629139073
0.00946232258064517
0.0319556894740387
0.000825805153831682
-0.0239273927392739
-0.0139475908706679
-0.0132876125160737
0.0134665508253693
0.00600081440205757
0.00681721375446154
0.0292002128311557
0.0123355674342105
-0.0207148651212483
0.0053919118460426
-0.0276402640264025
-0.00806113703860833
0.0102652699001398
-0.0330229029202834
0.000875700525394096
0.0258092727117554
0.0072494666418137
0.01439449558025
0.0116861857965853
-0.030115511551155
0.0327520629519351
-0.000823764381228664
-0.0049464550700743
-0.000828417598526032
0.000414510762250853
-0.00124322425375978
0.0344398340248961
0.00802242278379461
-0.00875443727634062
0.0180650742673625
-0.0102524049585013
-0.00756972111553789
0.0056201926936974
0.0231536935390697
-0.044479088742844
-0.00898325847284598
-0.00370828182941907
-0.0111662531017369
0.0075282308657465
-0.0240763802407638
-0.00212679710761388
0.0132140244336754
0.0197728228859908
0.0136138613861387
-0.0146520553520554
0.00660892220606857
-0.0118999174435815
0.00166117109634545
-0.00621898813354105
-0.00292027546601081
-0.0531381171548116
-0.0101634560390392
0.0191964285714286
-0.00262812089356101
-0.00922270531400959
-0.00753546132692651
-0.00535949108349665
-0.00493938033228558
-0.00767148014440444
0.0177352887676219
0.00580880276178752
-0.000444247001332831
-0.00755555555555565
-0.00582171965965061
0.0157656749655102
-0.0297117529805655
-0.0178244523685765
0.0125639832480224
0.0243566636029411
0.000897173580207689
-0.00627516836733155
-0.0166892647722148
-0.0839449579791265
0.0035053582125868
-0.00149705581352011
-0.0109944527736132
0.00960075747343314
-0.005005055055055
-0.0261568423620142
0.00464876009045656
0.00565542387375717
0.00664631935819626
0.0116810049933467
-0.00150607429718885
0.00201111121222275
-0.00351224284997487
0.0171198380100785
-0.00049504948044321
-0.00990594304576808
-0.00400200100050019
0.012054244098443
-0.000496327543424324
-0.00744781566275154
0.0175087543771886
0.000983333333333336
-0.0112967577948546
0.00894187823854331
0.00344657821007277
-0.000981256181612267
-0.014734871574908
0.00448659045297051
-0.0138957320099256
0.00201303462440694
0.00652943244600701
-0.0129740512487999
-0.00808897835748346
0.00458705379270885
0.00558097440796423
-0.0141270938446014
0.015353069838635
-0.00604843749999995
0.00709949326062342
0.00503514576862307
0.00701407850771951
-0.00199009950248752
-0.0139580266180473
-0.028817086510764
0.000520562234282318
0.0150885023459157
0.00512562788313686
-0.0173381429200336
-0.00518941359626346
-0.0323422535211269
-0.00161719685267914
0.0134989200863931
0.0287692594565798
-0.0217503895261725
-0.0169401279481274
-0.0376951534733442
-0.00559602654750824
0
0.00337647720877876
-0.0190689848569826
0.013150314465409
-0.0197515812500894
0.000575590064733067
0.01380909170363
-0.00397287151118775
0.00113965818459594
-0.0119521343198634
-0.0115207942672354
-0.0192307692307694
0.0118836007130125
-0.0105696411879246
0.00771513353115716
0.0365135453474676
-0.0147727272727274
-0.00230686274509806
-0.0144508678873334
-0.0240469222314911
0.0234376216008185
-0.0293599513000616
-0.00544464576862391
-0.0279805944050733
-0.0312891113892365
-0.0245478036175711
-0.0172185430463576
0.0269541778975741
0.0459317585301837
0.00313676286072773
0.00625390869293296
-0.0372902423865755
0.0122659780503551
0.00510204081632648
-0.023477157360406
0.0220922677063027
-0.0171646535282899
0.00646830530401044
-0.00385604113110538
0.00645161290322571
0.0205128205128204
0.0157035175879399
-0.00927643784786658
-0.0056179775280899
-0.0182046453232894
-0.0345268542199489
-0.0324503311258278
0.00547570157426414
-0.00612661674608572
-0.0157534246575343
0.012526096033403
0.00962199312714773
-0.00136147038801904
0.01840490797546
0.0107095046854082
0.00927152317880808
0.00984251968503935
0.0181936322287199
-0.00127632418634327
-0.00319488817891378
-0.0294871794871794
0.0198150594451783
0.0181347150259068
0.00699745547073793
-0.00126342387871126
0.0240354838709675
-0.00741204401407991
0.00871182327317976
0.0141888966186858
-0.00669105798716196
-0.00367421922841393
0.0165950215119852
0.0120918372374945
0.00179211469534057
0.00715557543231959
0.00651278901792707
-0.00764700000000007
-0.00355672770855187
0.0142772167922198
-0.0140762471598971
-0.00297436067664247
0.00179003579952264
-0.0154854070586418
0.0429521450119694
0.0290023201856149
0.00450958286358527
0.0173961279461281
0.003861114388368
-0.0010989559835739
-0.00275033003300318
0.0137893002641645
0.00380859650754051
0.00921409164151266
0.00805579978218063
0.0218433670751199
-0.00260693430656922
-0.0193412974041451
0.0143923773987205
-0.00630588511267016
0.00211533580116341
0.00422163566112732
-0.0147136618647575
-0.0229333333333334
-0.0147380458515284
0.0227146826988744
0.00216690152583432
-0.0237838378378378
0.00221489491776827
0.0232044198895027
0.0129589632829374
0.0175906183368868
0.00104772132006281
-0.00575620064070115
0.013684210526316
-0.0155763759086189
-0.0152953067138873
-0.0107124263524371
0.00108289123350769
-0.041103299080584
-0.0293288776085731
-0.024404301243713
-0.00655157793022176
0.00419664268585129
-0.0328357611940299
0.0376541952065312
-0.0434264749212658
0.023010012437811
-0.00486322158886199
0.0268783123470795
0.0142772167922198
-0.00821108552557681
0.02602010644589
-0.014985590778098
-0.023990637799883
0.0581534772182253
0
-0.0339943909348441
0.0140763644619568
0.0167726421762495
-0.0437998293515357
-0.0368826910697616
-0.00555904845218957
-0.00683229813664599
-0.0218886804252658
0.0268541560102302
0.0410958929698564
0.0251196187272498
0.00175035016046388
0.0704716948165405
0.0114255174877864
-0.00430338891877347
0.00972452728254991
0.0107008019956767
0.00582324011769408
-0.006842052631579
0.0264970839164238
0.00619509518868888
-0.00205228322216511
-0.00308493557403933
0.00257875206698044
-0.0339506155375198
0.0207667188090142
0.0208659363588941
0.0240164026571283
-0.00648707552459704
-0.000502260170768487
0.00753763819095488
0.0114714220185248
0.0103549797655336
0.0117130307467057
0.00241201157742399
-0.0240615965321657
-0.00641030540383114
0.00248143920595534
0.0193068802323326
0.02185531811559
0.00665394455066792
0.011331444759207
-0.0116713352007469
-0.0103920170051961
0.00525050094269686
-0.0123456795985604
-0.000480673100032303
0.00721500686796506
-0.00047760265149932
0.0181557095078835
0.00797752266436058
-0.000465595903165639
0.0041918958636189
-0.0166974961362475
-0.00283028288536402
-0.00898760685844868
0.00715985646015005
-0.00758289099526077
0.0157592638128337
0.0070521861777153
-0.0284781045751634
-0.0163382996798799
-0.00781631694266327
-0.0103396853933868
-0.0124378109452736
0
0.0010076070528966
0.00100644182151788
0.00452493738184701
0.00150150150150163
-0.0189905547226387
-0.0010187468679953
0.012238602129597
-0.0105793954659951
0.0142566707869995
-0.000502008032128631
0.138121546961326
0.0105913503971755
0.025764192139738
0.007237122179651
0.00295857988165671
0.0299199747155499
-0.000818371488609859
-0.00163804258804257
0.00574245306572818
-0.0053018352365416
-0.00902004957031766
0
0.00248241621845247
0.00784151877837402
-0.0143325143325144
-0.00540087245533871
-0.00835426030266251
-0.0016848778433024
-0.000421940910466656
-0.0109751367254057
0.0085360221937687
0.00846385985881737
0.00587490558120041
0.0229453910281765
-0.0526101141924958
-0.04046487300904
0.0291610574624916
0.0270269386649113
0.0174023776486578
-0.00333750535408872
-0.00209288413950959
0.00671140939597326
0.012083375
0.0263482492240326
0.00882470918571987
0.0103379721669981
0.0196772924045652
0.00733307603241995
0.00919540229885052
0.00987091875474566
-0.00789477443609032
0.00985225501524267
-0.0157598499061913
0.00533743804803644
0.00455058761658744
0.0120799924499813
0.00335699378429655
-0.0104088847583643
-0.012396693749185
-0.000760783538958476
-0.0114199086410354
0.00885645009073732
0.0064885493706659
0.0166855511306201
0.000746027629467516
-0.00149083115915016
-0.014184433961014
0.0155244225672093
0.0134228187919463
0.0106695732155997
-0.00910083760833047
0.00257171207096651
0.0142909118984642
0.0708092124277457
-0.0165316807196924
0.0274442881646655
-0.00834724513030904
-0.00168353529685072
0.0107925463743677
0.00266933609173625
-0.00199663900155211
-0.00500166722240747
0.015080462466488
-0.00891386566807972
-0.0013324450366422
-0.00233488992661779
-0.00401200267469071
-0.0312185286600024
0.0252944897680356
-0.00709702602230478
0.00170187207970973
0.0244648318042813
-0.00331678275290215
0.00831946783093063
0.00297029712773256
0.00592303408762862
-0.00915927379784098
-0.0207989758732593
-0.0104517869184085
0.00988071550255532
0.00337385301531223
-0.00537995965030258
0.0192697768762677
-0.00762852404643444
-0.010360929144385
0.0111448831089198
-0.0016700734245132
-0.00468380745011066
-0.0124370084033613
-0.0251872030356435
0
-0.0272345679900338
0.00753765227790182
-0.00961884574278593
0.00791370532063684
0.0107066381156318
0.00211860875706216
0.00176183938554741
0.0253253605346464
-0.00994850771869638
-0.000346534984527525
0.000346655112651639
-0.00693004133991537
0.0146545708304255
-0.00618982118294364
-0.0107266435986159
-0.0111927247289262
-0.001768694729395
0.0393338426411707
0.00613706102966249
-0.0128770247373772
-0.0326123938418261
0.0227111426543649
0.00589868147120054
0.0213867195584685
0.0138466391811334
0.0236508994003997
0.000325414904002619
0.0198438516590762
0.0102073365231261
0.00663084938427527
0
-0.00125467381601863
0.0100502512562812
0.00124381218905478
-0.0652174203348627
0.0445183056478404
0.00286259532879796
0.00253726601531046
0.0284719067234449
0.00615198438338882
-0.0110058395293746
-0.0108191042237468
0.000937468749999892
0.00343428046938143
0.028624829764307
-0.0166365088736687
-0.00215315300849916
0.00524050571024981
-0.00091993250782163
0.013198157569174
-0.00333220256481093
0.0130699080200665
-0.0129012893548581
-0.0072948931735628
-0.0119412124923451
-0.0102261853114349
0.00939264216053082
-0.00434255556187613
-0.00186906553701349
0.0230960666948794
0.0106773035594054
0.010262601561648
-0.0047804002157037
0.0144100866283372
-0.014501390514904
0.0117117120634147
0.00178097363552898
0.00266666666666682
-0.00265957446808518
0.00829626666666661
0.0114604470014825
-0.0127832081803143
0.0311948499117127
-0.0199771969184588
-0.00262085032032622
0.0227736934306568
-0.00256922645073432
0.0105896396848781
-0.00368170479519381
0.010233115406481
0.00168815414495915
-0.00533702277174297
-0.00254165489974578
0.00396373159682906
-0.00648615359521043
0.00738013057053655
-0.00873491075035715
0.0139283115406481
0.0255117479961731
-0.00191372324145844
-0.00958636042653316
0.00387165376106213
0.00358129486449843
-0.00576445237441658
0.0173936218278954
-0.00976922712451711
0.0104137292182116
-0.000271168979418812
0.00298426470471358
0.00595071663644253
0.00510895415727219
0.0197966286838782
0.00839454376690818
-0.00442245068736857
0.0169845309642016
0.00334021086023695
0.00588988491395348
0.00738291770323118
-0.0250189032095022
0.00622078765055534
0.000772746007212666
0.00308888046789613
-0.00282268404355457
-0.00102936178514246
0.00128797011849557
0.00051453564482995
0.000257212657680972
-0.000257146516342011
0.00282851640083592
-0.0158974102564102
0.00521107333999282
0.00907200575054401
-0.00179807346519401
-0.0169840448537301
-0.0112565703859536
-0.0066190097961345
0.0133262260127931
0.000789032088374553
0.0315374778327853
0.0163057070063695
-0.00250684388335043
0.0163357120800274
0.00865484690046592
-0.0019613139994773
0.0152297473650147
-0.0174207830911792
0.0268406789746201
0.00023976018609706
-0.0038360106409977
0.00168471724872976
0.00504572333122844
-0.00693284690734663
0.0120365909476026
0.0197430537644374
0.0142290882721969
-0.000919986200551892
0.0202578503742599
0.0169223826714802
-0.0512536498779675
0.0268943417630654
0.00387160100204964
0.0147458704743253
0.00402414486921532
-0.00623466933867722
0.00873849409055594
0.0106619280319857
0.00131870329670325
0.00702370485022596
0.00261549689155416
0.0173912826086957
-0.00170935901088365
-0.00321063777374497
0.0148163624651063
0.00359716477347294
-0.0567151170145478
-0.00894058967632572
0.0115019846639601
-0.0193979495829633
-0.0186448385629832
-0.00115845690454119
0.0273718388454689
-0.0209979674644848
0.00599626369934825
-0.00641905104124363
0.0173050299953854
-0.0190519392152416
-0.0314451098265895
0.019097637123362
-0.0292808627144733
-0.00313701745021766
-0.00726223657075187
0.0270665948337767
-0.000237369426338341
0.0339586788421116
0.0153881025404663
0.0269170555737854
-0.00264323776902042
0.000441696122829072
0.0181015456534557
0.000650542078285854
0.0101841165684022
0.0120120337196918
0.00148367952522266
-0.00931214814814818
-0.000640931411217127
-0.00812306558621334
0.022629287817703
-0.0297154893632142
-0.0171590135282577
-0.020773458563536
-0.00473940409073792
-0.0310657156945904
-0.000702059443014158
0.00281028096463043
0.0266230499766464
-0.00136480894824409
-0.0020501365808594
-0.0406300378765114
0.0249822275751186
0.0162487689763802
0.00228419374792588
0.0132178210296761
-0.0301394518699832
0.0273654922858417
-0.022347585154573
0.0263218650121944
-0.00967381305570714
-0.00681506133575649
-0.00937785888888709
0.00738859368763345
0.00893878045063534
0.0329395956383463
-0.00769742670557683
-0.000443284584292658
-0.013747184645108
0.00562050359712241
0.0109546389447799
-0.0192393405740969
0.0277340260533947
0.00153576123142773
0.0102956621995329
0.0201647879480658
0.00191285870165481
0.0193042006640687
0.00437042672987364
-0.02030665231275
-0.00274951359453279
0.0131494798239882
-0.0301444002512038
-0.00884964347724393
0.0635888964977742
0.0364455159705159
0.0290399255045422
-0.000191937032059997
-0.004608333156362
-0.00462966820987665
-0.00329453501141608
0.0188606260937196
0.00553429368189717
-0.00189787439548061
0.012169613995056
0.00150293067818907
0.0118176324926349
