0.0299515292132462
0.00901081265571113
0.0243556119342399
-0.0162472554736031
0.0237663635945069
0.00983671021693056
-0.000974147633970524
0.00585029262578574
-0.0137650828319084
0.00707688238798654
0.0179582666406404
-0.00306807274906729
-0.012887131645042
0.00136397116134068
0.0151780310406311
-0.00306689680149108
0.00403774289704839
0.00172347756178692
-0.00172051229744763
-0.0363845454541452
0.0274245031796503
-0.0123791100120095
-0.00685471980308028
0.00571881297019927
-0.00156866666666666
0.01394350015489
0.000968409820484073
0.00503094040247687
-0.0046206777940061
-0.0143133846361047
-0.00608314376144325
0.00848963441304496
0.0160532491756755
-0.00308285151896537
-0.00425206786810706
-0.0102872282608697
0.00156889580039632
-0.0264342862737419
-0.00160905065146721
-0.0211522768161216
0.0014406256431363
0.00143855322646935
0.0283193310075929
0.0435042896925906
0.00133868806007476
0.0148968293564395
0.0122318782881421
0.00353223640951406
0
-0.00111155983697664
-0.0118694180960467
-0.0121996623911348
-0.000190043697700149
-0.0300265684155563
-0.0192006265830598
0.00299636430290939
0.0246963159668654
-0.00894069953468035
-0.0249068631140669
0
-0.0124698911409918
-0.0156822002314542
0.00475892800501021
-0.00205934921624062
0.0142386094560174
0.00284840273251663
-0.00933250133226815
0.0153594095695511
-0.0116983052965589
-0.00510204081632648
0.00799997948717945
-0.025233964697476
0.0338204161244087
0.0187803109854603
-0.0186323683125397
0.00363564951063
-0.00160994167055639
0.00483767375856337
0.00361085270254158
-0.00259838102335352
0.0142284363034695
0.0158071326653402
0.00175063217272919
-0.0023300776699029
-0.00233559746330092
0.00702303968096141
0.0153041653487827
0.00362522419385614
0.00665404968266348
0.00604341820503462
-0.0024404167448846
0.011479130814436
-0.0039069581395349
-0.0127007842229961
0.0011350170046347
-0.0170067655709283
0.00365242214532868
-0.0147481328241359
0.000388802495894458
0.0136028179868404
-0.00479294478527603
0.0200346946638414
-0.00283289890778282
0.0174242806330356
-0.0115413810211955
0.0131826935285384
-0.00260221194427912
-0.00838615355944827
-0.0227400680838201
-0.00288465384615388
-0.000771398293978764
0.0223894996643603
-0.00811780237648108
-0.00494864855446042
0.00229539025048564
0.00992358740749655
0.00226763047118772
0.00301659119501152
0.00375941722256745
0.00224715347388948
-0.0117713191330344
0.00189077333883092
0.00603885616007349
-0.00937910318178381
-0.0208294258506073
0.00676855553603861
0.000192066842257699
0.00537733819857888
0.00649476624621848
-0.00683235921109049
-0.00152879795418315
0.0011483444976077
0.00172053141425099
0.000381603038870137
0.00591381174795158
0.0104304760098615
-0.00750747011087582
-0.011535570886241
0.000382647790319268
0.011856932265119
-0.000756019656019569
0.00794405159720157
0.0197034899661572
0.0161943503864557
0.002897500852997
0
-0.00758400130762005
-0.000363901025544067
0.000182053152203432
-0.00363969056160707
-0.0155250776255708
0.00871979559481284
-0.00367851763249072
-0.00756876527852179
-0.00111601566651853
0.00633147101803577
0.00148034786305806
-0.0151515154314766
0.0108818388533178
0.00204159238972546
-0.00463048695571455
0.0145142904907225
0.00550256786500358
-0.00109452754469164
-0.0124177506361487
0.00406799171346184
0.00202580114227979
0.0126814556147767
-0.00961883882464021
0.00329851566794948
-0.00109590867579912
-0.0113366065338564
-0.00499354540410579
0.0243494800064958
-0.0194157136741842
0.013693523062666
0.0131435015177712
0.000900882882882925
-0.0194419085408084
0.00660916088472252
-0.0191501543260932
0.00985500204267398
0.0145460685960952
0.0150635577155556
-0.00268194171285541
-0.0132663681116236
0.00454215108026612
-0.00777717475534134
0.00437471738288897
-0.00744099845520863
0.00585114291188793
0.00254506462625215
-0.0217588568718456
-0.035959276441904
0.00845996956200601
0.0169685220787699
0.000374971878515096
-0.00580963257478195
0.00452407171581659
0.00788136596206868
0.00968164233255697
0.0149364005163193
-0.00181689676931507
0.0207499639743349
-0.00802426861539696
-0.00251660969770617
0.0100918540244421
0.0108831580889055
0.0148252735615955
0
-0.0166956347826087
-0.0261761580089112
-0.0221576639637183
-0.0234026374442794
-0.0207303149208705
0.0334044850105075
0.0287540505309913
0.000548008748702644
-0.0173452620047472
-0.0367892976588629
0.0171682098765431
0.000948207851318106
-0.0161045664286579
0.0325437897169267
-0.0117492915283345
-0.00113232681138598
0.00547895333459292
-0.0101465800423417
0.0134775816249051
0.00711745658582985
-0.00502138739073843
-0.0250467289719627
0.000191679447852922
-0.0122675680378597
0.000582223958514039
-0.000775814569902722
0.00970496894409933
-0.0228757785467129
0.00590200645673788
0.0232739874188541
-0.00879202981651384
0.0273813723991252
0.0272147339942705
-0.00493332724282836
0.0126699047497227
0.013780561603606
0.00196744768377766
-0.00428420207068914
-0.0152384190612839
-0.0149280720917532
0.00776192925962049
-0.00788558606061951
0.00332719051117158
0.00589533909166073
0.000366318694736911
0.0184914320485432
0.00413445974951521
0.00787679899969929
-0.045115471494058
0.00855660374094502
0.00848393566056926
0.00256035113386988
0.0113097227289309
0.00505054121664039
0.00825554543690687
0.0053399786400854
-0.00478047096317269
-0.00338016373207906
-0.000892520528382734
-0.00357336066511771
-0.0301237224314147
-0.00610097984840086
0.0212054323365116
-0.0120218574855426
0.0311577790871025
-0.0025031110316468
0.00770747431963681
0.00160085376021235
0.00266378968808767
0
0.00708469725619354
-0.00703485742112442
0.00371942975060979
-0.0153520210111883
-0.019534050529284
0.0109669532254972
-0.00361598257790674
-0.0232262561563008
0.00315805301289052
0.00148151851851863
-0.0216346515667659
0.009638971838972
-0.00168468744607586
0.0191261196652495
-0.0147193933659391
-0.0112044446536778
0.00245516520386846
0.0064053501731216
0.0140396860366787
0.0022153037554109
-0.00644689617891137
0.0113088619078394
-0.00678274989519245
-0.0108896271686969
-0.0175405486098154
-0.00512822392675316
-0.0227186326323285
-0.0236374101120808
-0.0182072829131652
-0.0177297534134909
0.00560165963482051
-0.0222818646114739
0.0126609624954834
-0.00208382987773148
-0.00981417853026068
-0.0181357451765393
-0.00493984095919586
0.0125188425418155
-0.0215305478575996
0.0156862084668319
-0.00664946389209486
-0.00280719061094381
0.0188393027284539
-0.00786395340837309
-0.0248500428449013
0.00724951669595764
0.0172301207079661
-0.0280874148389241
-0.0127951020165409
0.0223463687150838
-0.0028415519125683
-0.0129329244395644
0.0133244950771596
0.00767037020227113
0.000652414093084142
-0.00326009577309705
0.00588748351749935
0
-0.0127899411925008
-0.00351339474059298
0.0222564560983594
0.00603576214778534
-0.0055709880253263
0.0323206205559148
-0.00104360258818614
0.00752193883155172
-0.00186644541960923
0.00062329107369008
-0.0089285714285714
-0.00167605279698291
-0.0052465894964705
0.014134978306541
0.00936134803411703
-0.000412201154163294
0.00577317525773191
0.023165252627414
0.00500901622921268
-0.00518337320574158
-0.0026052503965831
-0.00843885875025119
-0.00567371856833709
0.00387197880578771
0.00954125089489444
0.0118640659561633
-0.0067567567567568
0.00260106042416974
-0.0157653359456129
-0.00973236009732359
0.00225227272727269
0.00163427984403919
0.0101978382663235
-0.000807530805724377
0.0107091933437384
0.0171931427429028
-0.00393083718689391
-0.00295976716653523
-0.000989491410834931
0.0101030507131536
-0.000784487123573707
0.000196231595755991
0.0035321821729235
-0.00195537743362106
0.0109717278414632
0.0143411245868654
-0.0810088269010318
-0.000207858636501301
0.00769388646288216
-0.0150639499600487
-0.0161324324324323
-0.00681431019621614
0.00214414670120378
-0.00919984984168376
0.0153314399626121
-0.00233943002977466
0.0017054359411639
-0.0142583947964079
0.0140328367875648
0.00234194161503209
0.00913330462475348
-0.010103115558961
0.0106315120270362
0
0.00420788984237097
0.00419023674837637
-0.00271230961819324
0.000627677837399032
-0.000209115609068999
0.00167298201589294
-0.00125265130469088
-0.0075250836120403
0.0157961246840774
0.0107816711590296
0.00984615384615384
-0.00893761933780213
-0.00963314183986175
-0.0219371274834437
-0.00931015697461524
-0.00469888936351992
0.00150214598721665
-0.00299976443110206
0.00666238999919178
-0.00939363791631087
0.000430948257286623
0.0226196261361322
-0.0583526425457628
-0.0183445186052681
0.0189151773264546
0.0172221207162182
0.0164907651715041
0.00367730910664088
-0.0265087057539352
-0.00509185322523142
0.00934583910426867
0.0105819883028664
0.00872604712041869
0.00994807482923554
-0.00535331894318369
0.0142088263894762
0.0108256843382364
-0.00209993704535771
0.0101010101010099
-0.00437497916666674
-0.0089976980749592
-0.000422318403244804
-0.0101393958597382
0.0117370676112447
-0.00421854039232217
0.003812751616453
-0.0075965395145926
0.00106321499177575
-0.0133814990067332
0.00861134534744146
-0.0200639923186336
0.00609886734916154
0.019268305245038
0.00615966413935154
-0.00168879040930536
0.00422924499409505
0.00231619278516781
0.0149160300384887
0.00144897533742538
0
0.0113683131176454
0.00715305538524413
-0.00142045457427853
0.00142247513559179
0.00689935078935378
0.00342607826332264
-0.00261098608935562
0.00322190898107144
-0.00421515455640309
-0.0173352344822568
0.000615364102564131
0.00758513750687051
-0.00467963358373824
-0.00367939508092385
-0.00553961815594495
-0.0142356506243936
0.015069087799688
-0.0121649484536083
-0.00834902943018145
0.00189433811384276
-0.0174369335057535
0.00684199273038266
-0.006583159906562
0.0117572255612919
0.0164800119805615
-0.0153814588363862
-0.00675533052048405
0.0110520937524357
0.00861887744376699
-0.0156315131304711
0.0116451196273555
-0.00732521991053192
-0.00632508960573475
0.0210056859536243
0.00145469662208431
-0.00933797487731847
-0.00418937979935574
-0.0239797849394239
-0.00344827571343642
-0.0116782218132256
0.00306343538154419
-0.00850783158813273
0.0044004619493847
0.000438028458355832
-0.00437917689420519
-0.00483837684542832
-0.00287295027624312
-0.00709219873874556
0.000669709836377486
-0.0142762206434878
-0.00135772802348333
-0.000679877618856128
0.0179138556877032
-0.0175985969614302
0.00362811807837282
0.00293721206223285
0.0105880155572879
0.0122603430169339
0.0306099757762608
0.0239316030754615
-0.0133555723437218
0.0118443530423935
0.00480769230769229
-0.0126898481381318
0.015592120008262
-0.0114107673981169
-0.000839475305793314
-0.00105019951585372
-0.00189234646988334
0
-0.0261217816279382
-0.00540774388924936
0.0297955197912136
0.04329470087834
-0.0281377316543427
0.0118726103675322
0.0193494845883293
0.0268577948303714
0.00393315649687942
-0.00352595501519992
-0.004521328966411
-0.00710900487971977
-0.00914874719866232
0.00100359293456442
-0.0138359537564859
-0.00081335908906055
0.00671554755220893
-0.00343646647591545
0.00243405684450426
0.000607102412266469
0.00525779564696061
-0.0193119899278212
-0.00184615384615394
-0.00123308672420874
0.012757263899476
0.0119869969120885
-0.0126480824603878
0.0180967873119153
-0.00878767725184737
0.00483574441193335
0.00220575500713349
0.00920366146458584
0.00436163767568654
-0.00750100671140941
0.00855210836420284
-0.000591579581770474
0.00256513417521709
-0.00688844702049896
0.0142687478055636
0.023837475576397
-0.00419851129013316
-0.00709082023763896
-0.00810658158450905
-0.00564314079866013
-0.000195655584957044
-0.000978645527500599
0.00920840499199849
0.00291209485195454
0.000387146728610288
0.0129643575851393
0.0148997713428758
0.00734046664143673
0.00280265321375173
-0.00167684001031632
0.0130645198557475
0.00165806930099621
0.00239104289849257
0.0119266422018349
0.00290116036623167
-0.0148255104895044
0.00256926032045302
-0.00237966314516447
-0.00972475229357794
0.0239021118417249
-0.0101338584919963
0.00274217545261113
-0.00437551520056578
-0.00183122135449132
0.000183489274756532
-0.0133895634629495
-0.00316047586613721
0.0121223612853854
-0.0141883176709048
0.0112149158878505
0
0.00388175615089681
-0.00184131832367296
-0.0167865710530636
0.00112574110930086
0.00187402545213611
-0.000748241690015861
0.00149760394974185
0.00803738317757019
0.00482104580011122
-0.00129175126945469
-0.000739042881357066
-0.00758143463086414
0.00167691453985164
-0.00130206478058281
0.00968523020460488
-0.00110675154227546
0.00664812533155579
-0.000366831787445787
-0.0178014675059104
-0.00597905455904335
0.0144736839384647
0.000185269590786019
-0.00222302704705446
0.0168956365225468
0.00127807193719187
0.0317287016776076
0.00795328709956555
0.00122740664961274
0.00280210167432937
-0.00104779954760048
0.00681816421646575
0.0250043236673032
0.0149076912571182
0.00801200133533642
-0.00331180664533548
-0.00431963788535705
0.00617385282829974
-0.00580427870322187
-0.00166810672780471
-0.00634915643606193
0.0042038001647251
0.00150703279459075
-0.00568466802065426
-0.00554904984783844
0.0155563411490758
0.00865802516386904
-0.000330158457241381
0.00710041269649242
0.00163958020529353
-0.00360126043542319
-0.00114999180466557
0.00361843755951385
0.00803012127171421
0.00569018064347837
-0.000969964420142744
-0.00485435282935842
0.000487788617886231
0.00698846102695372
0.00677859920559376
-0.00993913097244092
0.00469561219869208
-0.008219145982581
0.0108871951432046
0.00192899858429496
0.00850311219306543
-0.0157493156896386
-0.0219815907868367
0.0011568997242406
-0.00247609764027412
-0.000165513817640295
-0.00546173470578393
0.0079880179730405
-0.00941059930658739
0.00950000000000006
0.0105662704309064
0.000163404675108669
-0.000816775550199766
0.00637572360227967
0.00227420399164702
-0.00129662882825565
0.00973713095970674
-0.00739316928008404
0.00226690421848774
-0.000484701115195496
-0.00743492819516622
0.00341962221136627
-0.00778967880216941
-0.00376184173637306
0.0049252832047284
0.00931220404038879
-0.00437036264762636
0.00146317676680785
0.00405844169020919
-0.00436533563024533
0.0006495128077455
0.0423564434007861
0.00264672259162135
0.00186327633964978
-0.00511461586087791
-0.00607575927478565
-0.00376172419689225
-0.0129011797844372
-0.00255020712304088
0.00862890672326921
-0.000158396707198971
0
-0.00507051172444128
0.00238888354214239
-0.00889733093259182
0.00897720408821412
-0.00762631089333188
0.000800496330459533
0.000160006404095636
-0.00223926743442104
0.00304583194860797
0.00175803100527405
0.00909380982769625
-0.000316205533596903
-0.00347939269334163
0.00714173963312925
0.00220609836442009
0.00707555053696707
0.0056206242488388
0.0079179315064164
0.0027726433386519
0.00245781881590834
0.00107263251386347
0.0150007036583284
0.000904916329510508
0.000451996363477702
-0.00436748480820837
-0.00786575392730671
-0.00853784165499871
0.00599721676145193
0.0129929536225299
-0.0108645545887077
0.00747517891036553
0.0119624619630152
-0.00808021822294702
0.009956192337363
-0.00134422709533499
0.00194431645312121
0.00179135697242438
0.000745090139396609
-0.00282910942054149
0.00209048824711822
0.00134102218237198
