0.0214608799917488
0.00286253857507557
0.0308056937507533
-0.0246081094443503
0.0192297228643235
0.00683205280025256
0.0106482564918231
0.0181283446474627
-0.000710191226343304
-0.000152281837852652
0.0143683280839852
-0.033134767665766
-0.00631568573086594
-0.00375098208519375
0.0207603466142414
0.00768442634760902
-0.00274526186190038
0.0148348437023891
0.00582704053453909
-0.00609299817395992
-0.0104014524496622
-0.00751495371671629
0.0117670516608546
0.000960770655359156
0.00495072500556804
0.0101041023009536
0.0118443564064461
0.0011803609666412
-0.00191589705163986
0.00206722451215469
-0.00810449448606509
0.000940888373369475
0.00742096652102697
-0.00383047184033614
0.0155286857620305
0.00140773300970887
-0.000969494433983531
-0.0199427438486631
0.00910986749400666
-0.0442547526749913
-0.00790558509385653
-0.0193004041007038
0.0686434552242043
0.0473487327512645
-0.00457267231007719
0.0123128952014986
0.00145028072254583
-0.00126128832237582
-0.00018712815453048
0.0020116345904666
-0.00401512671912663
-0.00510944072461039
-0.00852813775612193
-0.0362590422174276
-0.0215483724623022
0.0245427111414553
0.0101819575477329
-0.000146072945076403
-0.0182623944338637
-0.00208342679861961
-0.0155590049764776
-0.0185316003318583
0.00524774412840823
0.0122830954106306
0.0234592252601979
0.0403102469108914
-0.0192316970270516
0.0179626567528739
-0.0256836813317479
0.00371000721376591
-0.00243178832531599
0.00199894202135953
0.00827168629288266
0.0180484797893616
-0.00682595256076191
0.0163230141977277
0.00709117585149643
0.0013989414977702
-0.00698486612339932
-0.00126613833528721
0.00741854648170803
0.00563947618977889
0.00722991134578654
-0.00322089446260621
0.00433920499609464
0.00340116273471458
-0.0112683432849465
0.0105165111739676
0.00142122688018587
0.0028384838157276
-0.0120064138962829
0.0072544451275709
-0.00435805302174286
-0.0197659101472604
0.0143830693301998
-0.00657985734284661
0.000792942771551619
-0.0263329327585099
0.00167531948350352
0.0217911311715362
-0.0138434473065937
0.0142274494250809
-0.00490976804961296
0.0169634887172923
-0.0137695038699704
0.0274081284913033
-0.000273596615966043
-0.00967018673849718
-0.0148312007054895
0.00584412551238556
-0.00567073071335278
0.0125748084571318
-0.00844837261230613
-0.00135019089929322
-0.0011655554765827
0.00420086808717168
-0.00450869668359533
0.00733065795704957
0.0137201813822152
-0.00457247377099868
0.00643090959711867
0.00346871282148675
-0.00159194941511898
0.00191334339923799
-0.00868453171823635
0.00908171710702299
0.00109093181818176
0.00363234644859367
0.00515743773118915
0.000765203912847401
0.00152910272464757
0.0239346263960247
-0.0114902638103629
0.00323873566740218
0.00141507979005251
0.00150141755135458
-0.0135807844043632
-0.0124715431259184
0.0028064231650049
0.00871178144345253
-0.00192423143185105
-0.00914631036596203
-0.000180963800905043
0.0109068968304296
-0.00434257519681636
0.0107914076652358
-0.00204629445667748
0.00610685131687339
-0.00110761593304098
-0.00257252719769485
-0.0100053359568362
0.00997170619476928
0.000844949944097451
-0.00613219446731861
-0.00254854685596795
0.00739615863366638
0.00591795839819453
-0.0134914093225998
-0.00390104019547954
-0.00873277988924903
-0.00785618702605095
0.0246247029407671
0.00129542123963433
-0.0111532458930157
-0.00189487034229285
0.011707322907514
-0.00227865688521756
0.0077470557319157
0.000399982237823782
0.0123039529981799
8.77753423722538e-05
-0.00658125663900722
-0.00234077822048206
0.00385141442229142
-0.0330304778847786
-0.0030555843835347
0.00672461555193182
-0.00372611884362783
-0.015963511972634
-0.000463527230590954
-0.0317643922586893
0.00876437726871115
0.0151450502030801
0.0126274292002992
0.000646591526942686
0.000323049934034092
0.0150417988288063
-0.00540934575641283
-0.00255940581499903
-0.001557968256095
0.0036255531057976
-0.0111573550582345
-0.0118381410404624
-0.016519247353463
-0.0101827177353879
0.0114892796560084
-0.00551306486358882
-0.00645164157706102
0.00408853306652812
0.0108742706586826
0.00502321097482317
-0.0115522301815142
-0.00290989355269067
0.0134436797733484
-0.0204409288538835
-0.0200963759036145
0.000983607918323859
0.00992484650874492
0.000827039637649518
-0.00393737602597044
-0.0153238003938548
-0.0243841894358092
-0.0311404867318115
-0.0418939018357073
-0.0171838235031756
0.0285094443679368
0.0236045684303396
-0.00840964162020685
-0.00554722648916639
-0.0387792046902038
-0.00212044520482602
-0.00704576964663906
-0.0243284723190894
0.0425974314574316
-0.0167192820484061
-0.00377230446612076
-0.00525605849151056
-0.00778362615145811
0.0178653001481064
0.0173830506689652
-0.00735417172173058
-0.0240084497769953
0.0046230064930024
-0.0236904778163736
-0.0114634910166951
0.000765187168436876
0.00341157000798686
-0.0289583335238487
0.00579539411272201
0.0262889620893765
-0.00368444927526601
0.000880453152850125
0.022403419811255
-0.00149139561186951
0.017234445219503
-0.00011297226638729
0.00011298503056234
-0.0109561299108097
-0.0235254375742181
-0.00239745635920285
0.0293669098698626
0.00620691301060905
-0.0213356200566319
0.00115660676630003
-0.0252989364841757
0.0481778074074075
0.0273066591105082
-0.00379727573286592
-0.0135343992147962
0.0264881884671708
-0.0187125365186165
0.0021682326727146
0.0266282210869917
0.00913218425518414
-0.000535507362784515
0.00353605154683279
0.00886232992218594
-0.0587395138977642
-0.00461006365913474
-0.00152501550649509
-0.031055583386444
-0.0219510429894174
0.0270996718623511
-0.00941483079035388
0.0345555828903887
0.00209828177607529
-0.00820560207436349
-0.00251048734766879
0.00411844166097075
0.0036458928194214
0.00289481791499435
0.0030561661321391
0.0148958926794762
-0.0230166181969371
-0.0289079958779491
0.0285380027613713
-0.0166362689918808
-0.0205678034565074
-0.014492735619768
-0.00444180656272009
-0.0789823099060515
-0.0572793943859451
0.057148880534299
0.0449290381985996
-0.00848633381334762
-0.0252329683695675
0.00312192520325194
0.0239253199487861
0.0299518494168167
0.00276675079373212
0.000919644356113691
-0.00361406431852995
-0.0118037560112195
-0.00609686431202983
-0.0235978349899173
-0.00807749829868909
-0.043947542013767
-0.0603663450453891
-0.0343165755395684
0.0119943384338626
0.00390164175210939
-0.0382048191759485
0.00503204467727847
-0.0274617645863121
0.00319815920120514
-0.0158619157463502
0.00687368254720711
0.0556339994407722
-0.0472014126752502
0.0251209328744464
-0.00228301380287721
-0.017696467534868
0.0420096524461069
-0.0148297560946455
-0.072617240679665
-0.00163128877049412
0.0511438063538592
-0.0303902058016412
-0.035190372745491
-0.00348952306838213
0.00875434369260719
-0.0263657744667456
0.0561969000968532
0.0176820851580466
0.0314326560235512
-0.0107198233972516
0.00263154804872023
0.0420720417979332
-0.0431143550220626
-0.00185805530476202
0.0106259991808113
0.0508825007471412
0.0128533490832794
0.039584619805543
0.00700519523537491
0.0331978299717912
0.0213986141390112
-0.0107035569070385
-0.0280379993661697
0.00638024833529838
-0.0159844198830669
0.0531871851893291
-0.0132761222627588
-0.0222265869353181
0.0315008296795953
0.045906383022579
0.00037512816837415
0.0148750312500001
-0.00548097039410744
-0.0155428133152884
-0.00974967316013775
-0.00571678866809067
0.0242765158389862
0.0169650156930703
-0.00398656233082073
0.00917490797444231
-0.0199524316306817
-0.00859164514355759
0.00916850008890657
-0.029247026059372
0.00820512179487176
0.0118260428015389
0.031481682992847
0.0386232789018561
0.00780105555161437
-0.0106506921513512
0.00152947227691413
0.014273086637298
0.0144776471006691
-0.00154120910371314
0.0162368986052965
-0.0158650182841069
0.0144630086391189
0.00873429470787745
-0.029272058244569
-0.0198538120537766
0.00898308441239082
-0.0326447530062932
-0.0227984112488447
0.00104646354656435
0.00608784916024629
-0.0102071938744137
0.0348277135380053
-0.0128893899881921
0.0176520253615287
-0.032196733567702
0.00583106439763159
-0.00829926186303953
0.016675934301764
-0.0210023058891036
0.0222566058732612
-0.00278201985671545
0.0349930561889324
0.00574238238034974
-0.0078070147273771
0.0128008981890622
0.00602973112313854
-0.00461043673097195
-0.0022579840073067
-0.00470027267799844
0.0230876393869488
-0.0213699571773411
-0.00460020973854802
-0.0259155665623544
-0.041018570687003
-0.0168461179729635
-0.0179629715917266
-0.00214050726004411
-0.0120254228295743
-0.00177645891912437
0.00995251113925311
-0.000130450959484496
0.00757122868612625
0.0336205426449616
-0.115693107491766
-0.0593196998163134
0.0287048678883408
0.0254871186349042
0.00535637750731666
-0.0163387293787389
-0.0309092147691976
-0.0129667260903684
0.0144205665780424
0.033417720799213
0.0080662221937533
0.0269343714586385
-0.00570479317848915
0.0091659531089554
0.00284270270658538
0.0123064091005698
-0.00300506765476116
0.00431569404892995
-0.00456994062772031
-0.00143898860574221
-0.00912648072809941
0.00373966774541556
0.00620942450380269
0.00329135362839694
0.00314373959809888
-0.0156015398255999
-0.0239463345578816
0.0184358364775994
-0.00981691812932828
0.0285473067884454
-0.00998080400588464
-0.00545510262266458
-0.00388806501345607
0.00236981248783863
-0.00472841255445955
0.00523999143296328
-0.0182096879966053
0.00382279498169313
-0.000352630457983838
-0.000141121693121748
-0.00712619084530286
0.0208214395905242
-0.0169856394146456
-0.00616111434652067
0.0153200018617643
-0.000842234513220852
0.00969308877197061
-0.0118260660869565
-0.0157691302547878
0.00457763399724809
0.00968316859415808
0.0416050284409424
-0.00121865812381949
-0.0238595812638757
0.0254843283620696
-0.0197724684345021
-0.00587172581761986
0.01966507484775
-0.0149243691248341
0.00442752671544389
-0.0161167846805318
0.0124606155074296
0.0183916746735922
-0.0194174766509766
-0.0226406505468709
0.0039671081335475
0.0136889852265807
-0.0212307038499037
0.0290875184617911
0.011748424569767
0.00457659171761993
0.0388929470847172
0.0107991954682529
-0.00893553471981945
-0.0116947211772471
-0.0306075552163005
-0.00566012687984252
-0.0218091560497792
-0.00203329586926682
-0.017704012019222
0.0112286648648214
0.00275832804836518
-0.00564256598704027
0.0027663428221405
0.00947875820466715
-0.00658680508648557
-0.00557246228193664
-0.0146119879305431
-0.00777427307478062
-0.0375797457219893
0.0126638922760776
-0.0206192428351718
0.00980462059259457
-0.00429029049909457
0.00559381691100391
-0.00962188235452066
0.0574573586337761
0.0603645462062028
-0.0230149197323474
-0.00616642408139101
-0.00460124784437743
0.00105052529101068
-0.00230873165998113
-0.0138148731915201
0.0207636912193809
0.012748185034869
0.012518860485663
0.00944292818158154
-0.0145366650390112
-0.00976571104527746
0.0213793517241381
0.00229571901570336
-0.00916195083317217
0.019785171066288
0.0240682770828631
0.027408801012677
0.0226221851926012
-0.0016730945075879
-0.0169449195149592
0.0148376747430965
-0.0367696705473693
-0.0221548110380851
-0.0191557832033541
-0.0150852240862945
0.00499142564102573
0.00217721464627063
-0.00964017631418512
-0.0130244648675465
0.00743163654484347
-0.00951399497730454
0.0018096680143338
0.00951858588640397
0.00337226421117154
0.024830311913109
-0.0122481892176375
-0.00223608887063176
-0.0259423225806452
-0.001115450099757
0.0136106438581518
-0.0112932033377413
-0.000348258805568213
-0.014909775063818
0.00452648705372738
-0.00485814972089094
0.0152116107318978
-0.00439057758761652
0.0139997199076038
0.00579867454232574
-0.00844197683820136
-0.000138464732204135
0.0475597794578009
0.00687281226467307
0.0276975647958941
-0.010346116868743
0.0204568782705334
-0.00303554660609806
0.0183317418965459
0.00591760334759694
0.014675806097102
0.0229463809169632
-0.0017896910210502
0.00215148209980653
0.0158039665471599
-0.0142664708006052
0.00309710553056952
0.0147845032037111
-0.00871807363599375
-0.000944416254803571
-0.00726690320415047
0.00553477358528087
-0.00609620003152578
0.00821773987687835
-0.00655602748279527
0.00326993465998693
-0.00924443259259267
-0.00376819183242783
-0.00126075890082566
-0.0063120105928941
-0.00846950377853295
-0.000610073237708564
0.00299139188660469
0.00955632154662034
0.000844079338935932
-0.0192168795180723
-0.00479085442897675
-0.0169104858168887
-0.00043939985608521
-0.00207261649244683
-0.000188797282326014
0.000881272813286538
0.0295597295597485
-0.00507026276854483
0.00656969996223067
0
-0.00591680485644985
-0.0176719947372399
-0.00555936674519009
0.00898246248082546
0.00112054407269668
0.00236306202802128
0.00887147454716208
-0.0022752122209817
-0.00597843451463786
0.0164930742590095
-0.013114608843301
0.00605730293838369
0.0111199726947233
-0.00771663619253082
0.0192272306561414
-0.0019825894019091
-0.00114376357885149
-0.00156689574500257
-0.000482899746277465
-0.0588803685942477
-0.00673769909491018
0.00335942259523203
0.000772616068155374
-0.00463222050071121
-0.0043307735096928
-0.000259627381312688
0.000259694805194943
-0.0105167169151976
0.00761057613975313
0.00761816632871248
-0.00129238772213247
-0.0224522868498424
-0.0103918915754317
0.0212695278332395
0.00844845099943092
-0.00857249015644868
-0.00104810687676904
0.00983606557377059
-0.000519493506493607
-0.00584715444188089
0.0054241404934221
0.0421838787578599
0.0041162780121311
0.00614909937888197
-0.0132106854370428
0.00412880184690145
-0.00461024872625537
0.0170244785122493
-0.00209250408971307
-0.00185006482331407
0.0086499471615713
-0.00153139356814702
0.00766871165644178
0.0129071232876712
-0.00450802441870601
-0.022702536610993
0.00117386629696115
-0.00481332295933379
0.00675883284531942
0.00215574031685284
0.0198512375455802
-0.00560447745444759
0.00515123947491802
0.0148318219291461
0.0117038136767664
-0.0241352996003706
0.0222048510978092
0.0167187383504661
-0.0061375308727768
0.0138654534412626
0.00643564331687418
0.00216959756219004
0.00438673733485295
0.00391379460158037
0
0.00519802799033764
0.00247317177284767
0.00392484988197861
0.0134599495091881
0.000716350683266587
-0.0151440060607744
-0.00106241335411361
0.0401903623909443
0.000807157070363607
-0.0285514470061609
-0.00271215478731557
0.00255303595222145
-5.53255096064076e-05
0.00514860750848123
-0.00567305029382081
-0.0283055504808373
-0.0010831262237273
0.0180334592942637
0.00285887663467066
-0.00285072675854869
-0.0302146926969824
-0.000924878612716729
-0.00457066083246149
0.0194710313373256
-0.00689847229983376
0.00310002866869485
0.000858518877319803
-0.00508920388011203
-0.000632220224374258
0.000920105793647652
0.0152264370638073
0.00237703885475082
-0.0152447461168499
-0.00814172907191713
-0.0017342215811833
0.00359022521755503
0.0227338413563423
0.00891397461212984
-0.00883521770580764
0.00744714809590974
0.00727999075455021
0.0152332577759844
-0.00115003011253489
0.00416672162829124
0.00556884132848134
0.00428932582270214
0.0098393901181848
-0.00535360585403521
0.0143172619636192
0.00498807118580102
0.00232326417616169
0.0145920242891848
0.00140181200202028
0.0114585319504987
0.00071764916221384
-0.00307348630737891
-0.00256910909899055
0.00566662903530379
-0.00338081649738331
-0.00411185756693933
-0.00108377376867708
