0.0248371412381099
0.0285735129243248
0.0478510743891745
-0.00312302736131675
0.0251322822690914
6.78777589133706e-05
0.00638328148795608
0.0606613035221586
0.0107513390069174
0.016993938286948
0.00371327511185449
-0.00382288214798476
-0.00711806148945371
-0.00916402944544525
0.0088712972332794
-0.000623673191505913
0.0177222839313573
-0.00410814897561229
-0.00301690066515081
-0.00666946857707817
-0.01970788238578
0.00925929772206424
0.0194797412308643
0.00246544617648392
0.000245905067916441
0.000799145596225959
0.00841468593347683
-0.0118162265971105
0.0152859709293032
0.00358181760817256
0.00665420127825533
0.0172465292411148
-0.00714787338816092
-0.00904387419939834
0.0161513176316184
0.0141810087987175
-0.0131088325163646
-0.0236141450121857
0.00417197535626102
-0.00933286958895874
-0.0299640979150556
-0.00100253129063177
0.0253386474493396
0.030584781761311
0.010030876306526
-0.0331433217740297
-0.0426061815024992
0.019997422041711
0.0173648411945584
-0.00373180578659815
-0.0136321824882217
-0.00834222721962807
0.00376675262958903
-0.011883132227676
-0.0322172975436009
0.0349248607557173
-0.0036021674797091
-0.0123041924564494
0.00314650364468005
-0.00691334011705713
0.000128948047756428
-0.0208817086650758
0.0428514684419625
-0.00523882494901073
-0.00139594537832688
0.0139153763529236
0.00150398564562315
-0.000500606977042906
-0.00525885570046603
-0.0267480648671915
0.011187247873689
-0.0262838148712609
0.00157628403967824
-0.00177051803278694
-0.0051238193555494
0.0126114495730232
-0.0127804315807224
-0.00918097130175577
0.0170656095282185
0.00353931949416508
0.000457135389869023
0.00195849989365127
0.00495184401750959
0.00998440060994565
0.00173323919459012
0.0103172122335684
0.0048204616308396
-0.00662797003696469
0.0045117050426291
0.00563005433160346
-0.00786311877798884
0.0121100937603977
-0.00670304433054425
0.00397328461116642
0.00257556375933721
-0.0295739399909546
0.000839294910921495
-0.00922516641588178
-0.00572994523075998
0.0101506419806938
6.47974068070933e-05
0.0568520957102325
0.000245402688127339
0.0212791184831433
0.0154317767985015
0.00585420728606101
-0.0209289410607075
-0.0031824067628009
-0.0324679245969498
-0.000435761438045024
0.0127062781805118
0.010578768942217
-0.0271437651651606
-0.0172036277558851
-0.00776576036540699
-0.00384915307129996
0.0128799588670785
0.0193921860337753
0.00723509627349705
0.0117035106909558
-0.00544742301850232
0.000492350283329834
0.0178384319070615
0.00846071186039321
-0.0197159051871487
0.0146105817996016
0.0150027473940908
0.00379911535917254
0.000413908914941086
-0.00744809372167754
-0.0329343033069071
0.000677423307136715
-0.00929293466388903
-0.0190706427896794
0.0155151474760271
0.0109129458037356
-0.016470291675589
-0.00307328771859894
-0.0066058698950463
0.028119076432644
-0.00794624264990129
-0.017447984772779
0.000947889252152168
0.022665553523995
0.00234599956404491
0.00665189081884754
0.000734189907804828
0.00256785280713934
-0.000853762674808078
-0.00158687748014841
-0.0279374431111695
0.00899318939039007
-0.0192595111037208
-0.00692730192841562
0.00492771038422224
-0.00375722475805407
0.00441065578610789
0.00610953331287689
-0.00531340389179347
-0.00496024801271866
-0.0106729596045698
0.00484496114641542
0.0154934358953371
-0.011648594064699
-0.000128036130157327
0.000832735394001194
-0.00371248809351576
0.0287182857199468
0.0037472271967034
0.00933300143521021
-0.0032671618587895
-0.0111324322947315
-0.00706738387058203
-0.00466106716619641
-0.040627754951835
0.0126648939578538
0.00957530589954914
-0.0111620746124886
0.0080908589354971
0.00576051132686084
-0.0198211018715559
-0.00656555717373197
0.0184390194757653
0.0107721540257435
0.0228557531733358
0.00709258065749396
0.0161420757147164
0.00141076429020703
0.00655351242595681
-0.00389435934999061
0.00335982290824366
-0.000913205479452062
-0.0335771468527551
0.0438236785124833
0.0434940939015263
-0.00735211278939119
0.00128302909381794
0.0285397748437328
-0.00566283494337927
-0.0044990774986976
0.0093821451479037
-0.0384266488502988
0.015619438509503
-0.00992392791972518
-0.0119578424868285
0.0122211498839717
-0.0119563536501099
-0.00510144139160718
0.0123419507969118
-0.0121914841000083
-0.00685663005690051
-0.0325389492239141
-0.036984127967141
-0.0486500605883103
-0.0165943986493795
0.0605413174386484
0.0113002016183972
0.0010916902061926
-0.0263647445401548
-0.0284621954701687
0.0327545488316707
-0.0200932243788337
-0.0148093014758239
0.0512854971762891
-0.022515502361743
0.0136351401425052
0.000457150322953792
-0.0144246909407164
0.00754966225165554
-0.00631001713099788
0.0180580177695866
-0.0215710994328866
-0.0232419157511632
-0.00788634870858262
-0.00143899136622316
-0.0151661129895271
-0.0347013878719736
-0.0454052843817606
0.0119479880539932
0.0336272587401674
0.0138084796366442
0.0159737935099136
0.00933531263188536
-0.0179415990693687
0.0483642681747327
0.0124957174097455
-0.00206803210412387
0.0229962102545949
-0.0356139125375019
0.00155844963330476
0.0320005078411543
0.000458948493592848
0.0121879299378289
-0.0260244964975432
-0.00239282822983367
0.0147911390443372
0.0225855298087523
0.0181701573033708
0.0214402444010562
0.0042597976110581
-0.0128480729433585
-0.0149458772581159
0.0261095282764363
0.00092421293727063
-0.00357012172232629
-0.00407711872754157
-0.00471401808265715
-0.0051726409310201
-0.00789331554553308
-0.00953459649979771
-0.0374856876355625
0.00377538094516838
0.0194655027489508
0.0200647637540454
0.0210659382842915
-0.00888635979227392
0.00263338759065168
0.0160089859043466
0.00190803224036418
0.0071876029437743
-0.00262270819071742
-0.0147994003229109
0.00546238340922223
-0.00901340928542804
-0.0365687132676623
0.0438409263695154
-0.01938914783946
0.0066329941888883
-0.00916226510841811
0.0112736652813583
-0.0283084114524759
0.0190783571670652
0.0285244068779684
0.0120526814676143
-0.0191396825964312
-0.0162918299823007
0.00302264477916925
0.0189603466785557
0.00258778799899351
0.0051007988870404
-0.011128137979918
0.0167563597788007
-0.00699348690107648
-0.00587905591985671
-0.024579596814149
-0.0010736264007486
-0.00916733273272219
-0.0238642481887171
-0.0148384694689102
-0.0200385167522419
0.0209898500780035
-0.0353470803596364
0.052935491746539
-0.0121441691787889
0
0.0245869195389243
-0.0144497803006121
0.0215997056002075
-0.0169785300233403
0.00228120977623991
-0.0215242425642103
-0.0140891538905485
0.0295247038951922
0.00013097623599756
-0.0172831358428804
0.00386383982503591
-0.00517617618718991
-0.0324862308722237
-0.0140650379099233
0.00111890909090895
0.0115255235673228
-0.0231336996496611
0.0230453402989017
0.0167909962908306
0.0266395729516646
-0.011716448785231
0.00549224369406054
-0.0103916670127786
-0.00875069344037016
-0.00101856583656679
-0.00244715517335914
0.00579220442930151
-0.0360434063938995
0.042943492008318
-0.00606505833321014
-0.0111872597739757
0.000959956142620788
0.00911085105112619
-0.0181928792097329
-0.0257900219252569
0.000922675695784747
0.0251010992349223
0.00034577019837867
-0.0097496062007193
0.00537664242974323
0.00104187390031596
0.00957461980244845
0.0103085702119639
0.0245561534778638
-0.0123489580516849
0.00322674116787902
-0.00582960312819614
0.00754876348145728
-6.69543090857649e-05
0.00301041618973552
0.0282132408290048
0.00324338341350838
-0.0110565560311249
0.0438705925571217
-0.0142803391136078
-0.00584571083219887
-0.00044744980741307
0.0141313831711196
0.00920549776019564
0.000374840689426836
6.25156152422868e-05
0.00980448355072494
0.00247377246395386
0.00407149275491081
0.00976905289288066
-0.00705813177761616
0.00165454376304264
-0.00373180578659815
-0.0113601838000547
-0.0027329316770186
-0.014075703962079
0.00435882493318718
-0.0166048111011757
-0.0138791999790522
0.000454060210004048
-0.00687194813614267
0.0144918204257221
0.0117753101660045
-0.0194607727212932
-0.00830197858421233
-0.00359704396064253
0.00603871325085459
-0.020617230492145
0.00479648920927001
-0.0143207847998306
0.010156689448533
-0.00585956879089744
0.0229068850052199
0.018661642098863
-0.000128585197016751
0.00765028593409922
0.007719739450053
0.000633149742953254
0.0115152924103392
-0.00425341228039688
0.00628180154178271
-0.00811538163286873
-0.00560135317264365
-0.00772152531645565
-0.0127567292560067
-0.0109833118683507
-0.000587908275569649
-0.00712472033712275
0.0026333707425954
-0.0175969005069554
0.00688409994934158
-0.00816459375365131
0.00261009239205068
0.0164208399495474
-0.0382216250549254
-0.0127688292134276
0.0265596621032
0.0113192832680136
0.0136574811329453
0.0139993761682304
-6.47848072646839e-05
0.0115382054440085
0.00346038442562557
0.0288013929063513
-0.0057108191541595
0.0111125863265582
-0.0088911023571393
0.0138300582150497
0.00331813926145585
-0.00214359383968399
-0.00270047271161422
0.00467717999024009
0.00575805206738123
0.00901392278440927
0.0053721253742034
0.00666426520970531
0.0179518997787547
0.00351538566093113
0.00437879498119331
0.0123815904922489
-5.74758829242628e-05
-0.00413437280968265
-0.00438214282808624
0.00573351486342166
-0.00760110543358028
-0.00150861092047372
-0.0049395978040494
0.00700810037979549
0.00342174229514702
0.00901628692599044
-0.0138618282293296
0.0124883477581705
0.00252424992856692
-0.0064664091559371
0.00420464820310595
0.000286710629651354
-0.0204128332710836
-0.00357059245072811
0.0102214946888679
-0.00267492002863912
-0.00437292298912373
-0.00409930323551488
0.000411660595221353
-0.00211603473473132
0.0063025974835933
-0.00122916767101777
0.00199259210008229
-0.0258524768915454
0.0329630135161272
-0.015926471236255
0.0049615829008578
0.0146937816779933
0.00185361446856813
-0.00913507132316416
0.0116699728185912
0.00271081431794862
0.0101811270573093
-0.00466912665610764
-0.00726546898285807
-0.0109490809136695
-0.011186843465978
-0.0251017018695898
0.00822001223729263
0.0031772555983125
0.00125497194346758
-0.00185018200208575
-0.00203307217074056
0.00359500312504513
0.00483580895522384
-0.0237062031216946
-0.00267771410209339
0.00250175730712243
-0.0145474411213835
0.00444719596468923
0.00110692415160885
-0.0105651165129278
0.00260738760110013
-0.0185139628482972
0.00157718760889503
-0.00541698807687674
0.00690317315654876
0.00993774419970617
-0.0958461314633935
-0.0276896899974366
-0.0028337276045981
-0.014634825754292
-0.0250900942701534
0.00133111225165572
0.02813894511694
-0.00545944947765142
0.0575659167403233
0.0351728525498274
-0.0166920491070506
-0.0175791406538781
0.00437098762970889
0.00115597716790394
0.000883006204795533
-0.014454431226558
0.0022034497611636
-0.00838200601067662
0.00484997568281065
0.00275800870687437
-0.00247532157964137
0.00641064972168914
-0.0132191301369863
-0.0116610530878923
0.01137717544334
0.00888825806847637
-0.00123884650472794
-0.0270139823098755
-0.00424963518309163
0.0203428485765089
0.0161031582315057
0.0179061477053426
0.00215681748860352
0.0114331628027013
-0.006782392491405
-0.0109124325805862
-0.00351972372005804
-0.00713220345651266
0.00129987687350197
0.0081306503953904
0.0054896508541582
-0.00465086947525717
0.000744910960180256
-0.0106238463298407
0.0309143614226077
0.0141975655595452
0.000719572209052499
0.0248398686060889
0.013139411998593
-0.000503657781507405
-0.0134794662849417
-0.00804491150698849
0.00489182540620603
-0.00845498361692865
0.00626615620931226
-0.0126468572216253
0.00565666438901169
-0.0126074676745002
-0.00569666706589389
0.0148172532834803
-0.00726807239709004
0.0273238861896687
-0.0173709018230872
0.0145697086187138
0.019083515021602
-0.000563637509408577
0.0498182535428218
-0.00567060828311705
0.00144077918788832
0.0077927583350359
-0.00386625041239141
0.00250789990739886
-0.00136991483334281
0.00232613020813255
0.0222552212629237
0.0018627860355056
0.00685603389195255
-0.000865566426562325
-0.00306109508525509
0.0081107351363725
0.00316075521983672
0.0089940823670267
0.00227101566254984
0.00968677284136832
-0.000953758949905681
0.0119615315115924
-0.0041064928541592
-0.011590337227614
0.0022550117754252
0.00641241425589167
0.0140845295560532
-0.0021494653643136
-0.00513674666992414
0.0137686601645755
-0.0136363905705458
-0.0638498691696748
0.00373645689024094
-0.0141219506581791
0.00359599028123503
-0.00842044804575293
-0.00180672134815141
-0.0050078494929453
-0.00121276450881658
-0.0100176609184406
0.0080952227167328
-0.0018858619696478
-0.00109714141720008
0.00286778938841792
-0.0128984910385831
6.1606260428837e-05
0.00696459167950692
-0.00361128646066577
0.00196577193783654
-0.000367837653314718
-0.00883165883781056
0.00309386793457178
-0.00530504592372438
6.19844961240457e-05
0.00483689708659618
-0.010059177181031
0.0170188575021792
0.0095623268944609
-0.000546423810803054
-0.0114816839105664
0.00368735248471386
-0.0044085290787429
0.00547354838350977
0.00195726338133029
0.00293019355265489
-0.00292163260363643
-0.00476160801857772
0.00116544195034929
-0.0166033940901642
-0.00267891728487057
0.00087455646083745
-0.00156035450280645
0.000125048445801967
-0.0183136877831837
0.00573035153101165
-0.00917961468563355
-0.0222988378473847
0.00686186755033669
0.00343998816070679
0.00536860910600478
-0.00270216830029701
-0.00748331744672337
0.00903476727846209
0.00644163854542512
0.018625121011741
0.00672326132792689
-0.00430659091058172
0.0133517521052575
0.00612390186505252
0.00866894590847633
0.00499821412895551
-0.00272933033935807
0.00407476147006847
-0.00599639590564272
-0.0102979890908661
0.0164388500977573
0.00726874449739512
0.0304288484755664
0.01441494551217
-0.0075941027893297
0.00678259710144924
-0.0162376462974335
0.0188469469529899
-0.00850238950125393
-0.00208586829099877
0.00330956867699173
0.00844902763109334
-0.014575887024443
-0.00168884229158606
0.00449165275296948
0.00650412322597194
-0.000288501026889598
0.0102152072438344
0.0119401970040069
0.00152424203906043
0.000450969575568338
0.009578527373868
0.000781415367060667
0.00496319409579304
0.00471666925799519
-0.000938909764044205
-0.027641108008409
-0.0212633181037201
0.0138832360342691
-0.000171868919463081
-0.00217746840231126
0.00189514724932094
-0.00160503260784572
-0.0018945172422874
0.00419899899226928
-0.005097949305786
-0.000806027971604228
-0.0255834164405055
0.0018922121584044
0.0132208292070224
-0.00949499049915514
0.00793934401067631
-0.0208880390973103
-0.00309877245812251
0.00520061591490406
0.0113582478268734
-0.00629156791885122
0.00562128402366868
-0.00123561049548004
0.012018345351174
0.00261961231004548
0.00824477752411945
0.0237259438085555
0.00528774809500487
-0.0110234565655856
0.00927916687566022
0.0130620133125345
-0.000387405219900216
0.0323848872474806
0.02418357487845
-0.00680629842931935
-0.00137055879869097
-0.0103990761148746
-0.00533418677476827
-0.000804386760313247
0.0099291054663817
-0.00813094019377092
-0.00471498073679255
0.00285313315173163
-0.00370383287308407
-0.00387931560734966
0.00313718078923664
0.00533802417035401
0.00386163052606547
0.000320553510931854
0.00726379335071936
-0.00922631124081474
-0.00551243760730735
-0.00193735866127709
0.00177928387547199
-0.00882716541143325
-0.00754818922231404
0.00136791424184479
