0.0221170468157719
0.010418503728802
0.0273199874211687
-0.0156129364330445
0.0153377080610022
0.00978456768029234
0.00722480225712196
0.0151898987341772
0.0287614207291416
0.0028280461727852
0.0165981547288845
0.00214000161908534
0.0121796976877617
0.00461012647421177
0.00248885418509759
0.00124139965273806
0.00860132486784981
0.00153654727914754
-0.000613700516924776
-0.00191894382805458
-0.00499880031530253
-0.0031689904479445
0.0103899898395752
-0.00230222549769366
0.0034613646435413
0.00697522574868481
0.00608969346463017
0
0.000151350535694261
-0.00317722969699319
-0.00827207229955007
0.0149220393668066
0.00610719271253868
0.00119907072543368
0.0116017060657916
0.00532742162015931
-0.00301750213503726
-0.0135095371728423
0.0019456259093904
-0.046082590530156
-0.00994365792402396
-0.0127323134693312
0.0354854865583303
0.0390655437745635
7.44118484150569e-05
0.00349885351747403
0.0145399996764095
-0.00753143490536101
-0.00338902242360639
0.000295660522047436
-0.00820339233173306
-0.0145305293859284
-0.0012098601134215
-0.0320993120478255
-0.0269064845820334
0.0177638367409747
0.0177696410258337
-0.00923407345519012
-0.0101817277568923
0.00727968050197059
-0.0183032360179913
-0.0168840520374166
0.0146508463726938
0.00401090954561489
0.00942786802723328
0.0307899329045411
-0.00575904187235021
0.0100401841223412
-0.0135342102273606
-0.0203084729985455
0.0147954427944887
-0.0258848676861402
0.0305746193280836
0.0292016864399536
-0.00482945201239193
0.0045495221205063
0.0174365720844376
-0.000741828067310712
0.0109881652537209
0.000514114717105274
0.0097621987022094
0.00174450089255296
-0.00203177566260471
-0.0121427907521471
-7.35683786724506e-05
0.00257630463409764
-0.0105727021418363
0.00534283931963642
-0.00118090496548284
0.000147716516154306
-0.0126347794483458
0.0095037712525714
-0.00318749458209755
-0.00632115708841263
0.00591235615597796
-0.0106391485562338
0.00872313908025668
-0.0290740571721638
0.00299447162951205
0.0291663236176098
-0.00803333073440438
0.0177714080850973
-0.00626236664738422
0.00363278456284144
-0.0149959302281127
0.0212239544389965
-0.00866558726100586
-0.0140751828255727
-0.0193853864117631
-0.00199214627201549
-0.00921302879078689
0.0152654084014241
-0.00137389707299951
-0.00290422662501477
-0.0020696380922316
-0.00583769097722264
-0.00981216927053385
0.00436951453278667
-0.0267246890403613
-0.00598659008609981
0.0168633904831237
0.0129511730147163
0.00506738894309211
0.0143500312496128
-0.0120822967933839
0.0105271381604284
-0.00168518571386012
0.00989789749255121
-0.0338094299426162
0.0045608398924406
-0.00829744031311153
0.0035519535314239
0.00275286300733724
-0.017334685345277
0.00103771552552456
0.00462478256519305
-0.0108738393662011
-0.00906760530249706
0.00866466934431398
0.0143705846880313
-0.0073605066459913
-0.00550147513158161
0.0141906274146406
0.0142292727272728
-0.00233829300845767
0.00757813281249997
0
-0.00395436144875272
-0.00132347805336785
-0.000155811061584576
-0.0113822870076469
0.000551999062408326
0.00102462959547522
-0.0190536647657088
0
0.011959274804054
0.0101522761714423
-0.0159390623748503
0.0102130294388729
-0.00379120129696542
0.00158570526248392
0.0279426814225809
-0.00177110733273445
-0.0100285655315682
-0.00342868380848316
0.00453516306619095
-0.000934031284081538
0.00880397309837289
-0.0126660492019168
0.0118117181417936
0.00316960943936873
-0.0106349418401256
-0.00405050615163949
0.00437976689832809
-0.0360535514102717
0.00920913636635334
0.00976548467141591
-0.00729289722880866
-0.0123772495637486
0.00121282341526507
-0.0150206005811095
0.00918254481280201
0.00479327337048585
0.0143111012289778
0.00175369474102105
0.00206892658659874
0.0155641943937108
-0.00203301276122458
0.00517116677515861
-0.0050665993878416
-0.00650267162725382
-0.00473148024180237
-0.0171935505680496
-0.0087068848056524
0.0187052945568096
0.0116557478579635
-0.00110479007966546
-0.00718916089130717
-0.000636603813744085
-0.003583064052331
0.000239723511584744
-0.0117440362985387
-0.00525459996575417
0.0169849325399853
-0.0137446141421177
-0.0127207910017955
-0.00188752567726758
0.0110178915223345
0.00959661686399338
-0.0134525375660749
-0.0122478973442648
-0.0172770437523597
-0.0339838585292024
-0.0497213444695697
-0.0169522409131927
0.0444631249483887
0.0259705124684377
-0.00713291585884579
-0.0128789294978003
-0.0316854536555509
0.00421631538435041
0.000547690773050169
-0.0100347196669935
0.0234980010181902
-0.0196272710903034
0.00615298931171804
0.0014604144114716
-0.00729131418801199
0.00844654808017897
0.00719228904560421
-0.0100334450881346
-0.0192658241215986
0.0128479373299344
-0.0118577165929064
-0.00539536744186042
-0.000280574266378175
0.0109458229108974
-0.0395150571814742
0.0256286344963037
0.0251761397419299
0.00439846067255001
-0.0093057658123733
0.0302974594455276
-0.00768680749964623
0.007566240521516
0.00169856962543746
-0.00847840227188579
-0.0114311073164917
-0.0167532000955439
-0.00388923055633361
0.0283536580831087
0.00858793142502434
-0.00286815452182476
0.00943822921348314
-0.00658953677855212
0.0226783618264317
0.0174424232603181
-0.00499657124402875
-0.0216450216450217
0.0263717079646018
-0.00491463170595019
-0.000433264000233469
0.0160367370315817
0.00503373436595633
-0.0162139554444664
0.0100095263612867
0.0190516526513886
-0.0158450705553745
-0.00715560104911495
-0.00429000417957948
-0.0198190688543111
-0.0110769406593406
0.0087119123248629
-0.0044064510054953
0.0221297687693214
-0.00433012900034524
-0.00417502823192983
-0.00759887339678356
-0.0089773364994542
0.00373000894724718
0.00433556019294534
-0.00493352999852825
0.0146968042858824
-0.014047648424678
-0.015044221238938
0.0327043926494772
-0.0141813465428686
-0.0153560853473848
-0.0245585551671597
-0.000367554895386202
-0.033458948125205
-0.00180697095944904
0.00876522493107124
0.0158670291613248
-0.0228709561708991
-0.0192197529822979
0.0227978070858013
0.0165038224414302
0.0140897828513535
-0.00680896209054105
-0.00129700757278106
0.00723561204353573
-0.0118806499929884
-0.00810889171303109
-0.0203908855551755
-0.00393289208633096
-0.0339945891369257
-0.0317017352547448
-0.0225470510412967
0.00758375800329136
0.00512228705321816
-0.038897534292303
0.0290011025213244
-0.0237668955207444
-0.00312400079448438
-0.0100497081256786
-0.0113524832294238
0.0295903720878878
-0.0314209115281502
0.0225863706820195
-0.0135339972549372
-0.0459883981342508
0.0429130704766008
-0.0315499275995603
-0.0438546412592021
0.0104836547418714
0.0076632987502947
-0.0313560309891654
-0.0243991300350389
-0.0198093235041225
0.0143993940734972
-0.0503050815665566
0.0508719700093865
0.0345601488568896
0.0247226609918634
-0.00812053656442813
-0.0188656504374187
0.0223727047436761
-0.0131298910204649
0
0.0112669663190696
0.0251273548016824
-0.029367569184127
0.0483621815972191
-0.00136351547861568
0.0187734898028615
0.0102747150963287
-0.00773819376230589
-0.0104723928147863
-0.00180135104706136
-0.00225586500086339
0.0468008031517162
-0.00831529175626988
-0.0188392024645714
0.0148724087652035
0.0212160428430437
0.0104947957965773
-0.00233151756749128
-0.00839176766934113
-0.00632025723235685
-0.00840878593340266
0.0153293754513142
0.00835206133795974
0.0148667519351544
-0.0163230930208224
0.00702048703285851
-0.0157388616401999
-0.0136294913071475
0.0144706119259879
-0.0235949919261045
0.00285590945896419
0.0136911276990868
0.0175039972716156
0.0367420523891271
-0.00501892876223275
-0.0074119930760963
0.00165944828167275
0.0026920065708842
0.0198265807445923
0.000708788969040253
0.0110289990685219
-0.0106084569777515
0.0139591036419269
0.00828014781085673
-0.0290887800534282
-0.0227249064320261
0.0200208337847583
-0.0230014312001635
-0.00826620278330004
-0.0169867167861016
0.000858666971313982
-0.00343163538873992
0.0246422145701064
-0.000525131269427215
0.00178625621070205
-0.0158379910148099
0.00777998491356735
0.0056048859053488
0.025659933774737
-0.00943297456611281
0.0109719179073398
-0.00122857584168279
0.0227574980187339
0.0159366948763162
-0.0117403609733586
0.0134770792348424
0.00147755126509708
0.00668830543303445
-0.00322424041473846
-0.0148990104361599
0.0151243482587065
-0.00264651056596288
-0.00304666339066328
-0.0075907332888262
-0.0111254099756712
-0.00703169240487123
-0.0269094188550211
0.00592577178655218
-0.00516742444879237
0.00457090162952611
0.0164426478730915
0.00406960012137958
0.00486367403255294
0.0256125950511765
-0.102153171784025
-0.0635129544459044
0.00210477088767891
0.0381564074033749
0.00989094065537888
-0.000890383993108146
-0.0325275604052878
0.00552681647730147
0.00858811385347269
0.0313350810323552
0.00902694887833322
0.0322932453723217
-0.00813786700049035
0.0203516679883147
0.00501248945253785
0.00592269338991458
-0.00444170032933988
0.00124510275716228
-0.00259067357512954
0.00862339740259732
-0.00803460016409963
0.00311521277938076
-0.0106625053967393
-0.00020923930103578
0.0030349868225541
-0.0105383351643713
-0.0192977112876154
0.0194623440860213
-0.00917620523523255
0.0274642851295659
0.00300456909463009
-0.00568119007708268
-0.00560981704529784
0.00428328453527715
-0.00551335708457379
0.0130753140810735
-0.00320079510998028
0.00704371237783596
-0.000514328322214208
-0.00164655761339016
-0.00206168431993237
0.00878014686045137
-0.00133120002739295
-0.00112786835976486
0.00944362573277813
0.00701650425123068
0.0164597093452459
0.0041724417177651
-0.0117728826321154
0.0122134549225492
-0.00445056864355087
0.00099342336604713
-9.92655796097086e-05
-0.0133002084367245
0.0212251575807201
-0.0224586196550026
-0.000302287390211431
0.017236155803207
-0.0159532305975671
0.00654517181643688
-0.00590232098741816
0.014994444550837
0.000297422166394945
-0.0123897315134278
-0.0178642916285056
0.0052115470548586
0.00792923631404174
-0.0174483506313998
0.024122347035975
0.0106244866380019
0.00198350685344639
0.0213798180874969
-0.0036825660687555
-0.016048964420756
0.00454724181307853
-0.0189923336254968
0.00401237829245904
-0.0138874918128681
-0.0164133237005063
-0.00700453220015373
0.00757256208355672
0.00988365108257949
-0.00244671230285298
-0.00286150235792548
0.00420214205186031
-0.00765462315815602
-0.0730227890664571
0.00843228697766407
-0.0182637915971372
-0.0094139187690041
-0.00780633564663813
-0.0107183013928723
0.00910558992379928
0.00251278118174358
0.0390794134355501
-0.0051534431519773
0.124214665792527
0.0773529313725489
0.00873599971549721
0.0307623280245797
-0.000350087513564024
-0.00192611624999017
-0.00359652631578944
-0.00396159006819574
0.00972245898641022
-0.00393904943870882
-0.000878803050542221
0.00677277673018239
-0.0171238774866668
-0.003911128888889
0.0191861595428549
0.00726733217115272
-0.0136474268632873
0.010222931081141
0.00497252041278506
0.0135417104220932
0.0183281942732409
-0.00277545832169124
-0.0270726068988782
-0.00416092229402798
-0.0169742083123487
0.0130169308421146
-0.023339151689875
-0.00286403822973136
0.0185800101039399
-0.0050229025813473
-0.0101851205319238
0.00152109875588602
0.00357367997855795
-0.013442552952149
-0.00812129579498277
0.00927951254147574
0.00820259584996208
0.0299508185954549
-0.0126736027605973
0.0168806579370611
-0.0039772348615863
-0.00407980913402284
0.00287627465676965
0.00026071615262846
0.00156400213968211
-0.0322720056980655
0.0166741456743842
-0.00379156145695936
0.000619578670041365
-0.00168068991559434
0.0128477493102273
0.0230950839488249
-0.0176998721940967
-0.0128829651692975
-0.00299827155205878
-0.00698744926565442
0.00721479488415766
0.0426246897307272
0.0284987272519299
0.0174006347121782
-0.00154010695776663
-0.0129891053742491
0.0176838375113697
0.00468758575880734
0.0148017378296474
0.0131589058555861
0.00829353741168193
0.00225039971484442
-0.00131618918190801
0.0137995110551394
-0.000688315341796586
-0.00153043320104862
-0.00498156054511212
0.00985903859109549
0.00297459382980247
0.0211406768060838
-0.01995824411646
0.0110941636279256
-0.00473474379580263
-0.00188778987551563
0.00287490558423631
0.00120702325297262
-0.00467145114020895
0.00370923525923228
-0.00135750814865421
0.00951585198955218
0.00695749243596167
-0.0214710168735061
-0.00926278896940602
-0.0354050258485314
-0.00524353685762602
0.00359400210521521
-0.00318320855695664
0.000159643938054677
0.0245849459178238
-0.00747895756093064
0.0177394188737923
0.00015416473379104
-0.000848133913764149
-0.00517105011810337
-0.00682692041087285
0.0132010853553792
-0.00316092805391632
0.000541314759288758
-0.00054102189615135
-0.0136117707592009
-0.0102712716773462
0.0120414874742576
-0.00892367123287674
0.00229050626103389
0.0210402281947955
-0.00872119270627203
0.02662721073455
-0.00743209458947292
-0.0143643408326583
-0.00418599224806204
-0.00474862966495082
0.00750879949172933
0.00232903504897197
-0.000697056767895221
-0.0071306616918102
0.00562061644243794
-0.00341563403268552
0.00412836095465163
0.00139626091393197
-0.0116198004994904
-0.011442895569963
0.0209308416934315
0.00893060467715756
-0.0506465678978844
0.00875629994345073
0.0113326155173221
-0.00572201373723258
-0.0170250018621613
-0.00951378249681778
0.00656763002327621
-0.00252832556456783
-0.00981197850011506
-0.00255984314714852
0.0193724313322921
-0.00373588086743804
-0.00374989000978065
-0.010555609283656
0.00851802031951721
0.0107421486857437
0.0262047375271015
0.00743143343238883
-0.00141254021815906
0.00455797249508838
0.0139247357596068
0.00570947453352777
0.01357874122384
-0.0108991981115348
-0.0186714732989005
-0.0147380452769009
-0.0063315790475913
0.00509756260220873
-0.00316983115667124
0.0208283884185674
-0.00303714654506193
-0.00570225728160423
0.0223898026365794
0.00760723841714506
-0.0150996028712118
0.0167247704246893
0.0117280330778773
-0.0106135034724802
0.0142269930884513
0.00660118530644627
0.00409868836576965
-0.000148463702372537
-0.00111337588247196
0.0109235782383514
0.00551308467062328
-0.00328969239730859
0.00894823262280275
0.00930501612830792
0.0418467168495162
-0.0148634226697583
0.0136841894736841
0.00297686402859543
0.00717830593669566
-0.00274118698932546
0.00501646495281838
0.0108717675213676
-0.00372025848810231
0.0102519524187905
-0.00571240579880905
-0.0281176349060689
-0.00299041672531408
0.0124162806053549
-0.00165361031868272
-0.0106279714545743
-0.0322265343734199
0.000432449169942117
-0.00965414964724465
0.00967543963532624
-0.00201742210621769
-0.000794173734538162
0.00151739168428011
-0.00620446572249866
-0.00268598911070772
-0.00131029257132442
0.00954809058778627
0.00945788785856205
-0.0296810813348051
-0.0042013120690102
-0.0217616718684678
0.00461561729371618
0.0283948850374367
0.00805629160974086
0.000145342924624758
0.00980670464022371
0.00611471139179609
0.00715000709888458
0.00262668605262895
0.00184103241070677
0.00445254065826051
0.00562906718368517
0.00160926394639338
0.00838289940829484
0.0246622643022265
-0.00108176590949172
0.00514379018612532
0.00107738876430497
0.00524651248061492
0.00281029112365916
0.00453731916118372
0.00292263029712458
-0.00238426377957923
0.00411601260983829
0.00383472396694229
0.00493973516512236
0.0021628129222333
