0.00257554658467019
0.00846389103228051
0.0297834697366228
-0.0074841787882356
0.000670965266092782
-0.0834025020238123
0.0101372640572512
0.019381297998478
-0.0049731080885429
0.0168299064468567
0.0213661813302464
0.000851208039222451
-0.00951852345440762
-0.0207721311764614
0.000404782154500793
0.0108548066247907
0.0175081713553744
0.0226148777136874
-0.00160251268861533
0.015954546693379
0.0358316342449823
-0.014550725697471
0.00581954827374909
0.00495496271407592
0.0122496474850038
0.00632297435436935
0.00904912351487952
-0.00178764739955095
-0.00438754166819533
0.0151992322259358
-0.037325816324453
0.000950914110429579
-0.0300634306644812
0.00135858767772512
-0.013567627220438
-0.019159997134632
0.0191103075702628
-0.0213120128000001
0.00496988301033063
-0.000130068980840226
-0.00406742148746597
-0.0359721918129664
0.0129465431637399
-0.00384767793349039
0.00728842548559872
0.0221407640308255
-0.00081555422672408
-0.0106435401227861
0.0199980101640036
0.00954418790053624
-0.00557627531666949
0.000161192400690791
-0.00589662305339211
-0.0205172670351678
-0.0228332934720984
0.0105997626218366
0.00683592892947171
-0.0117486457622904
-0.0185902035164228
0.0114271505929493
-0.00498745012510848
-0.0215500297918312
0.0132077987158263
-0.00447130785138983
0.0269831327599286
0.0439697460050461
0.0066705592720615
-0.00873911094757618
-0.00939741639995595
-0.00925834066829656
0.0258958076286293
0.137115915508102
0.0280371252871046
-0.00252424890244951
0.00330081705297713
0.0250583002056204
0.00104304470393513
-0.00993908573778735
0.00658463410289634
0.00573730563002672
0.00541130756205788
0.0123551020478396
-0.0167613708139691
-0.00548703630079983
0.0150788897752749
0.0122955250659631
-0.00917476141192974
-0.00407749497247745
0.0179085529771896
-0.00147911619325747
-0.0120581708542048
0.0144675924403663
-0.00272265464167765
-0.00491402738803037
0.0133517610437088
-0.0199571752041959
-0.0040253571946155
-0.0239063505066903
-0.00849778061492845
0.0214810031045254
-0.00977982871365501
0.00747482081378559
-0.00383016734168751
0.00865778094065628
-0.00506484225629733
0.0140660168809885
-0.00893023617348498
-0.00271917315130921
-0.00836698397034918
-0.00973146724062757
0.00873823859417611
0.0108754264403899
-0.00664724105445669
-0.00494489645345497
0.00537457447808087
0.0128677206178642
-0.00697540032150801
0.0181352205535619
0.00613850190539855
-0.00232052713958197
-0.000757896261720514
0.00719217519584325
-0.00431038681066653
0.00675445799699181
-0.0271474737220825
0.0371445629840481
0.00428739430855707
-0.00352780056417668
0.000487434596842418
0.141311360324915
-0.0146933451175913
-0.0210917549301886
0.000139752161094631
-0.0176770526314957
0.00258427616905577
0.000402047915459169
-0.00437312537973211
-0.00496212158426301
0.0185635859904998
0.0159529538048988
-0.00193685811553479
-0.00422783175380159
-0.00962830983692498
0.0126736572337438
-0.0145276187066892
-0.00178406103286388
-0.00830119246310768
0.0050982761752969
0.0183315723941244
-0.00926719633404538
-0.00505110486809723
0.0139845629210411
-0.0112419587730159
0.00623579707046784
0.00393728760033052
0.000162389765824056
0.0129933551356958
-0.0133076732248349
-0.00889081900016431
-0.00808059937471095
0.00467535064935065
0.0124329648003136
0.0051071617247691
-0.0070443402382514
-0.0145375879489471
0.00847356879137928
0.0012872442707661
0.0270681308387748
-0.0101731988606979
0.00314999530729798
0.0222328744640128
-0.0115473309165526
-0.00167859088720246
-0.00454442166038049
-0.0188085388887212
0.00984043909088217
0.00760215400126385
0.000731557623691925
-0.00381527046294905
0.00155947157592151
-0.0160743473711432
0.0109145982523267
0.020994946212104
0.0271921641633297
0.0219505231827082
-0.00940783326706007
0.0309850797676225
0.0158366257798375
0.0105380755980606
-0.000204888340034182
0.000553256147540981
-0.0124725994576742
0.0979716924920193
0.00375881165029623
-0.0101239048443678
0.00564601037253709
0.0146692060491493
-0.00113642221595445
-0.00208895822039545
-0.00585014827270558
0.00960704224371289
-0.0140593058963649
-0.0129188734102382
0.0026405514775607
0.00660309541984727
-0.00293870423415699
0.00713049797973686
0.0035117756576255
0.00696107552073011
-0.000373586582777086
-0.00392515592220277
-0.0321623405891311
-0.0413161169526399
-0.0628956376263562
0.00647430785845327
0.073761164673555
0.0351458881055271
-0.000694455704366215
-0.00988396923063328
-0.0318781912726454
0.0282152067226469
-0.0114190326844156
-0.0113330182847262
0.0371542645290581
-0.00125587013106077
0.0103503160145202
0.0137867879478168
-0.0152236267935041
0.00189878781408215
0.00961008489777426
0.0217675338430519
0.00257949971773797
0.0150483190491926
-0.018216945470825
-0.00432766882640401
-0.0043278060135904
-0.0177985948477751
-0.0385121640438721
-0.0158512697530107
0.031890676269005
0.0172497133002292
0.0226993540833487
0.0209186454730352
-0.0114037909796691
0.00829802442130045
-0.0162011089190645
0.0124540763302949
0.0192478959447477
-0.00234460458261843
-0.00741484208789178
0.0323219801599148
0.0147927031690749
0.00418742371246372
-0.0214080406284691
-0.00911065638718911
0.014646261415828
0.0622795440434603
0.015992447016375
0.00394345321166556
0.00996704783936364
0.0153135834832703
-0.00103736974295487
0.00391428647716419
-0.00483803312821329
0.0250116167181451
0.0229347245881635
0.00567371442664655
-0.00588441243826998
0.00639216931443909
0.0205705905044782
-0.0113628280727813
-0.0349308906826042
0.00850007348641979
-0.00696193330440076
0.0314627551337683
-0.00342098151620329
0.0108578822309229
0.0157677878835913
-0.011546511900713
0.00624301996597998
-0.00307995515864778
-0.012565757470134
0.0214500755977751
-0.0044914853017155
-0.0144376708267974
0.00959101688555331
-0.00417756591540264
0.0111968705636551
-0.0185139277534779
-0.00371541551728982
-0.0334732195399315
0.0277434169087838
0.00110963814193443
0.0260081449803806
-0.00757653617128506
-0.00970701374343064
0.000557103911289047
-0.00204659971939314
0.000829356827407812
-0.0013711526044089
0.018723931278273
0.0277991093993049
-0.00706077237454406
-0.0191272176500349
-0.0575537796633967
-0.00502364566199853
-0.0017986305236275
-0.039057964218144
-0.00146398328300834
0.0176097557224564
0.000242861078169732
-0.0583922965643003
0.0192330864688923
-0.0384823052276561
0.00754145542248086
-0.00471724010295349
0.00568410354918569
0.0371465066555421
0.000251557729538554
0.00791237786958088
-0.0297713496881498
0.0891403139442317
-0.0760997526188621
-0.0207666132879046
-0.0395087456359797
-0.0380908710635407
0.00977272851336131
-0.0636445089388634
-0.0279409691918331
-0.0123540236137593
0.0174456072310676
0.0271978382417708
0.00647052509766666
0.0276484762945297
0.0249472281687459
-0.0170379636938983
0.0188571885714286
0.0459898577233939
-0.0117247506702411
0.00198932252327788
0.00200354855981177
0.000144025932708791
-0.00488078831766237
0.0479981847535587
0.00202066186179639
-0.00468801278306763
-0.00406929131360367
-0.0214556919674593
-0.00451310954896467
-0.00141012920054739
-0.000965159933490001
0.0191079243085102
0.00660102543672925
0.00636591560742561
-0.00476586583598959
-0.0258241201586669
-0.0131559862964538
0.00344146308776816
0.0117332759931144
0.0163253377935106
0.0233836119640503
-0.0052835010491431
0.0241260801914747
0.00813325888593086
-0.00843506152287488
0.00818675439188521
-0.00887217710944022
-0.0118848715862209
0.0271948708364502
-0.0176887186076465
0.00535986175459313
0.0022368265282271
0.012149061274048
0.0193146614194162
0.00964508788342
0.00828033024567043
0.0151144143112749
-0.0117257453079685
0.00810633190866072
-0.00314379379048324
-0.0166402535657686
0.00918615954875102
-0.0148834347195765
-0.0167131336993164
-0.00753417898554298
0.0956644966777409
0.0367803453765683
-0.0183226869046493
-0.000625607751326807
-0.0176032144544983
0.0225462143125403
0.00860596171337402
0.0343067407134976
0.0144508696130454
0.00658975804690654
-0.0111570906329302
0.00104235691024357
-0.0216558601647879
0.00313546095371686
0.00153417159880997
0.00612719446466259
-0.00860840652148676
0.0106925181198421
0.00589316093337411
0.00926095464426191
-0.00373471220270694
0.0148124061385544
-0.00463478479498225
0.0122317190808636
-0.00370758546231442
0.00164016048196314
-0.00411430666449175
0.00400699842494534
0.00138997162164278
-0.0133856258898439
-0.00371910559877398
0.0056764135909122
-0.00700678171010904
0.00455016374219253
-0.0154980346545966
0.0107872348676956
0.00253497426457661
-0.00729237929780313
0.0161554199095555
-0.0320186052178204
-0.0108733500640755
0.0239962210135722
0.0108057968364015
2.79751267069361e-05
0.0140577374448572
0.00333477982491392
0.0130614054573188
-0.00140992939513962
0.012544620215577
0.010686409435879
-0.00738943297209593
-0.00745782178255827
-0.00192557934687809
-0.00777119523306213
0.000856636840920633
0.00527124453258687
0.00779776864170123
-0.0017298423673302
0.000577612406866157
-0.00704830452128535
-0.00543524030438836
0.00146814932280215
0.0216379143549277
0.0082380158695341
0.0117684163671234
-0.00932603888459693
-0.0078098317957781
0.00812308501822567
0.00684827196529114
0.000757223445970512
0.00228292632613991
0.000325389492068062
0.0034870302994876
0.0017115398800831
-0.00526820960253749
-0.00579059201538856
0.000772246239711727
-0.0002223075198311
-0.00935303847713831
0.0028653814233679
0.00391061262734027
-0.00682013498348533
0.00260148035655328
0.012881680374027
0.00297786475942785
-0.00481007287248847
0.00205835999505966
0.00189820330133061
0.00236174380603771
0.0212702513560399
-0.00556494102681659
-0.000535363566575686
-0.0305078476915233
0.0149314268108884
-0.0135840777402699
0.000105145791709171
0.0112995502436142
0.0114721744820065
-0.00439300713166002
0.00660559303126607
0.0122017115093815
0.0189429713442775
0.00130481916781666
-0.00817874899162263
0.0212097859911209
0.015451331599625
0.000398224987388396
0.0099632231102571
-0.000680761010093511
-0.00323871337857295
0.0123855924137235
-0.00319770245862616
-0.0026495022592693
0.00271616337158931
-0.0127241231778988
0.00371844404332133
-0.00576676119399278
-0.00762107705357518
-0.0121634219553862
0.0057814280467714
4.88937795224409e-05
-0.00901318957303332
0.0106994556781319
0.0233214535381561
-0.00347222124861291
-0.015074554114708
-0.00514234534963542
-0.0513710088109941
0.0173897360344599
-0.0055835936807308
-0.0252733931098175
0.00192020351617184
-0.0156187379203637
0.0395735454272996
0.00359268600403717
-0.0201459790542685
-0.0382183756657876
-0.00453944742221335
-0.0269820472391165
0.0336128370877802
0.00437274641263574
0.0132755082221532
0.0049708472774983
0.0260998049156687
0.00683335512820515
-0.00663418166531127
0.00032046352048698
-0.0174275985585529
-0.00554273105252601
-0.0156717367237126
-0.00921963698983774
-0.00445101444654838
0.0256908411086088
0.00705855734549932
0.0074537245216002
-0.00401075526100414
0.00173322556205968
-0.0111102155699214
0.0187076147102274
-0.00712867707664033
-0.0101714405566972
-0.00424438896189216
0.0108607886070762
0.00681458355091391
-0.000803914607133582
-0.0055280938653961
-0.00750319675002442
0.014212646256536
0.000946306685621678
-0.00903990384365383
-0.0199699778092146
0.00506752907215602
0.00465722408902147
0.0307324800115263
0.0199115609725944
0.00116834760698437
-0.00127987630095605
0.00392008531966082
0.0182974076168954
0.00430165667306803
-0.00908050500990332
-0.00276637736529295
0.00193193396571889
-0.000877535127194906
0.0118144666153106
0.00557538633066357
0.017119811737951
0.00314398213685307
-0.004027890011715
-0.0064491604999185
-0.00830947874280763
0.0107713559715199
0.00913081782800473
-0.0354187744210663
-0.00315970990136205
0.00601751387962124
0.00887387323076916
0.00201286181175919
0.00742675210796873
0.0109612630929015
-0.000167374744654891
0.00754432368492597
0.00170879670047985
0.00110170348931993
0.0134545006991356
-0.000969147865655162
-0.00399712843463373
-0.00815547235204483
0.00402255577140864
-0.00424212497215315
0.00951438891569212
-0.00488822140584733
0.00114267947232594
-0.00384762552449969
-0.000696855707412958
0.0052953593225844
0.00293944738389174
-0.000633033997655352
0.00249865676398842
-0.00241051022702832
0.000516042819648233
0.000527582465151166
-0.00130063160238891
0.00546746255580133
-0.0160681931292549
0.00576374043030725
-0.000801821806951875
-0.00208881492312285
0.00143094573321534
0.0108405480788316
0.0214018773364486
0.0023103897701382
0.0116392617999179
0.00560610025868447
0.0171843353727459
0.00270173235785154
-0.0120974833375561
-0.0037850379505654
0.0135883838414739
-0.00515963255590923
-0.00679330322919858
-0.0128984716623739
0.019577929999689
0.00198454419654914
-0.00506762359538704
0.00318058937036581
-0.00391323083589379
0.00988274594437621
0.000231452161921553
0.00183995836275064
0.00999684063382467
0.00719744001830702
0.0251245854022701
-0.00136040625924938
-0.00624112719656766
-0.00371932870592806
-0.00360522318800305
0.0159395746052029
0.00398300291623754
-0.00406162231226115
-0.00140156697737626
0.0144889101880969
-0.00351589440305966
0.0084554174402196
-0.0220584397047739
0.0145327700735345
0.00140850401578008
0.0112830843633904
0.000896282995494602
0.00906807563198386
0.0132912014270299
0.00241601802726032
0.000923881754210099
-0.00208690375735643
0.00133721120295793
0.010823804277438
0.00457922888121409
-0.00824651133876264
0.00704886041874375
0.000198018947809464
-0.0316351285966103
-0.0136971154617597
0.0164574990873267
-0.00440461984410701
-0.0125963812152908
0.0244148225054213
0.00755278455603237
-0.00259247771141835
0.00971191805053273
-0.000927922750824095
0.00243683414485374
-0.00972364366991108
-0.0173041221614946
0.013872097706453
-0.0145406316609709
-0.00812557566308958
-0.0148140774793388
0.0186020714953505
-0.00644431629126674
0.0141119369089675
0.0180942833984401
-0.00234825540969563
0.012453104662101
-0.0058419736928399
0.00117925006656172
0.00821511066612457
0.0142667352915411
0.0023622862177286
0.0017820717412238
-0.00294537488512048
0.0129475430014607
0.000885551800752671
0.0124342985778716
-0.00645901280728378
-0.0248183766730401
-0.0316261614209007
0.00851401400422525
-0.000301134321161411
-0.00900705084386244
0.00066878167568718
0.00474898531690315
-0.00244892312679168
-0.00791038631134278
-0.0255496652218443
0.0115683726922442
0.0158162771910482
-0.000569508803858532
-0.00464008491198176
-0.0180028073831192
-0.00218623940441232
-0.00540443953042735
0.014276921308408
-0.00920469932680446
-0.00579330688935276
-0.00754895470566708
0.000804022165287632
0.00849873980468185
0.0141815284451325
0.0134457245702886
-0.00239646752754963
-0.0132685714285714
0.00262099510766944
0.0120582590873106
-0.0138543777775501
0.0124857621910568
0.00472411437693721
0.0173217027677453
-0.00739291134196662
-0.00546259751446043
-0.0127686501493837
-0.00444473561739556
0.00345414498155616
-0.0087956328094615
-0.00990001323008316
-0.0160297334150493
-0.00126624248806373
0.0130726819877951
0.00581575717929761
0.00517560840211773
-0.00224681339150512
-0.00217894890026182
0.00872430906841859
0.0159510733943622
0.0089004855111503
0.00142481959596807
-0.00382443620848283
0.00790112227024564
0.0059597919597989
0.00200814144251549
