0.00953017874050865
0.083636947935791
0.0247593305823017
-0.0322148233162645
0.00616430892532449
0.00597333426292956
0.00228383069427496
0.0244569337852978
-0.00726579159947249
0.0171770134657363
0.0486050821910451
0.0263268014940876
-0.00463915944004434
-0.00726523676210689
0.00414254361067501
-0.0105886137157781
-0.00722719974540087
0.0180596528069437
0.00165009623693502
-0.0253981068313074
0.0153543320285767
0.00402332119802118
0.00815249378945038
0.0220668999735045
0.0150194716373879
0.0269520537203842
0.001415064913866
0.00912136480582548
-0.0025462125061918
-0.0220803451711639
-0.0170974282003096
0.0204488121218647
-0.000390344837744916
0.0162718042176517
-0.0245932880748045
-0.0357190010316742
0.0476644423260248
-0.0334069803717667
-0.00121038190948908
0.00188510846445844
0.0139765212215281
-0.016434699129279
0.00431208737787481
-0.0422648871899221
0.00868594881000062
0.00347222222222232
0.0175778131487889
0.0146898945058445
0.00898122007992552
0.0045171251966436
-0.00290969444637346
-0.0137949464623286
0.0154674113104885
-0.0455629403973511
-0.00346933120925152
-0.0167107232059802
0.0518339604612101
-0.0189847321523388
-0.0392533757994321
-0.047571457142857
0.00104994753412169
0.01842977280281
0.0450198316165982
0.0157680278159655
0.0267498260083208
0.0334772669147607
0.0399687183899875
0.017332290228625
0.00456793827160484
0.00589891830285416
-0.0172265856377907
0.0160368096460264
0.0095436066483443
0.0311477389129138
0.00152793837498977
0.00187776084823099
-0.000117160590939691
0.0103092430844747
0.0215677184964684
-0.00919406377285048
-0.0672471409411486
0.00614099744880869
0.0163574711024772
0.046000407254374
0.0394994047307111
0.0005523362482307
0.0120335170670456
-0.0159266830135636
0.00753796704952858
0.0289360548898234
-0.0179640831254518
-0.0117595170626967
0.00308504841152391
-0.0147188486959705
-0.00434781508409643
-0.0272086110672625
-0.00840233684630542
-0.0120719788259552
0.0184467040483294
-0.0278034494693125
0.0232586456600916
0.0183230307901068
0.0149186314751995
0.049596026158123
-0.00481082954018786
0.00451182745780754
-0.012298160361498
-0.0220874943472554
0.0142825620017715
-0.00480300180326376
-0.0139299772716898
0.013904337844175
0.00153591878143899
0.000219049181519715
-0.0514729723244545
0.000461851974808303
-0.012579388053563
-0.000350619456536139
-0.00280600962008659
0.0080900690808996
-0.0448941598664517
0.00815876735903198
0.00652253887519572
0.0214808707192879
-0.00387690305884969
-0.0137987732775237
0.0270269543042232
0.0425011891884439
-0.0338433936540087
0.036184936416185
-0.00714045544372832
-0.00539381965150731
-0.0193198391295935
-0.0111751263418737
0.0475358488282456
-0.00645091729725655
-0.000447789086582495
-0.00526375848063898
0
0.0186895181265481
-0.024756906783038
-0.000793291042458955
0.00714534438347147
0.035247712773163
-0.00620035896878068
0.0156523641018786
-0.0170277183206411
-0.00624931483663316
-0.00165490955047343
-0.00442040014190304
-0.0146520042025532
-0.00416801861556904
0.00701351794087057
-0.00584135045522416
-0.00971752542372872
-0.0205386013297422
-0.0129309535382551
-0.0160509849149894
0.00995554720083192
-0.00498809994019345
-0.00907140139736695
0.0151770904063029
0.000118675843838068
-0.00877919078444434
-0.00490728887226966
0.00276646623486232
0.00251887960229524
0.0199808322569794
-0.00187687976539586
0.00634623369826004
0.019852914394006
-0.0176342718966157
-0.00163188015349247
0.000817267931879195
-0.022048518174889
0.00691878785831368
0.0489278142908274
0.0301558388281471
0.00328914596304308
0.0130039883509128
-0.0108953077959646
0.0187588827841882
0.0534203809690448
0.0158536277265522
-0.0122048920788804
-0.0104314261784774
0.0519906053831809
-0.00632359172756503
-0.0249657629231033
-0.00763122834144914
0.00941009795790571
-0.013231755949644
0.0050792359796985
-0.0184960679503525
0.00689937177531297
-0.000204510126861512
-0.015650562282108
0.0115347912854165
-0.0052393057423179
-0.000103294431409773
0.0134270088824624
0.0321034845463672
0.00750471040302303
0.0522395575050432
0.0192809144999915
-0.000456940509915071
-0.0454378600869774
-0.0223158884277028
0.021257816981626
0.0134292757793766
-0.00662569793420353
-0.0284897387848425
-0.081894841917368
-0.0388847341215176
-0.0143381236596851
0.0347316418583672
-0.0122057865691851
0.0311120921349524
-0.0155146267442181
-0.024888609392705
0.0305394334536397
0.00432621678916534
-0.00904591848970571
0.0430341896229358
0.00322981861127891
0.00529652087136223
-0.012603315725104
-0.024796013291567
0.00965563791069246
-0.0136010943194018
0.0113109444940012
-0.0088410100822649
0.00677052100686115
0.00725876387702806
0.0489614450088867
0.014346322054567
0.011254949975001
-0.0310253327196428
-0.000508182572926952
-0.0110851619834198
0.0313657246270203
0.0124638546967408
0.0325979610734886
-0.0166905105711113
-0.00126088266267477
0.0139846847238547
-0.00967342171541341
0.00222432297438457
-0.0343529586322386
-0.0107924652743079
0.0456612192274213
0.0133320159727173
-0.0224044048279569
-0.0158962062034699
-0.00663963901933851
0.0128691243589212
0.0206835223154094
-0.00183339771784419
0.010150773198941
0.00756054182334287
0.0352393525383676
-0.0189007985852059
0.0413354343963339
0.0105972251566633
0.0182173910798666
0.00715657170262585
-0.01481802400662
-0.00888382427858525
0.0214767305644301
-0.00451777592559133
-0.0258334696136591
0.000358367666411841
0.015851656247478
0.000176293749448941
0.0026443632255011
0.000351657142857231
0.00571228573941229
0.0275252878796699
0.00552769812153064
-0.0079498901885976
-0.00068202896806413
-0.0174885086377025
0.0229226365012178
-0.0429504972914098
-0.0223503059866963
0.0194139521161041
-0.0161075460681442
0.0154667061408595
-0.040081946381454
-0.0066808390093952
-0.0602522636080637
0.0122266801635522
0.00108023173759753
0.027957611772462
0.0110697202875301
-0.0153845875049907
0.00824386503067487
-0.0212968054763263
0.0204002230347731
-0.00542650413721923
-0.0196228867653595
0.00449130061494429
0.0136081069286969
0.0104526659997377
0.0164182874702965
-0.00765638669759827
0.00084685736589063
0.00620471920076948
-0.0505465388259978
-0.00541234977133398
0.0354210151380232
-0.121643609715363
0.0497171464255253
-0.0391750344942489
-0.0335454754993579
-0.0268972773860998
-0.0223649954727608
0.0644064421493769
-0.0552188012161754
0.00909938160173374
-0.0426589826589596
0.0113513105023866
0.0417910447761194
0.00584529512893983
-0.0823838062355559
-0.016391407132639
0.00732233313119979
-0.0444918279923321
-0.0431532146682376
0.00918445548393931
0.00529745971349671
-0.0270233744893021
-0.0130537699471249
-0.0090052061347965
0.00127782195087311
-0.0266590765736987
0.0512821248729913
0.0576496087777378
-0.0104822196016771
0.0454184340076178
-0.0151994559290483
0.0334404887459807
0.00410705672948497
0.0364402949925631
-0.017101183313758
0.0462342852844801
-0.0138387606428366
0.00978766474807791
-0.019035350427491
0.0535714285714286
-0.0273446101694916
0.0322955266659961
-0.0239702675672938
-0.00138362730138497
0.015009848573954
-0.00238888625235423
0.0234892254329269
-0.00211677802770105
0.0225521491570839
-0.0105905998729381
0.0206355654170527
-0.0268136669221249
-0.00322187527559437
-0.0362238069970596
-0.00531975245380178
-0.0355773157638108
0.0106088611431776
-0.0133604076497577
-0.00531981628968459
-0.00546975831298513
0.0164996088975802
-0.0116628715080649
0.0194647938977419
0.020883054144998
-0.0260666618562247
-0.0282045007201152
0.022724428520138
0.00760782532563287
0.0010785833873781
0.00538733395651048
0.0264347930542466
0.003828329599594
-0.0042759159167447
0.0121865709291284
-0.0231624472326848
-0.0645615667434777
0.0168151206722269
-0.0293718009301716
-0.0235219193001419
0.0138020567525237
0.000770575381831895
-0.0283624108922591
0.0184916393936287
0.00726231348382433
-0.0265224289049165
0.00661288180646902
0.0212850082606095
-0.00913425926408351
0.0319398350534861
-0.0205083661106555
0.0159280415138867
-0.0262990783309687
0.0203869622026498
0.00203609055647536
-0.0177800614117364
0.0146108748182505
-0.00497003944220675
0.0257427503651961
0.0177301294908292
-0.0181573176749523
0.00137448458546152
0.0290741456086117
-0.0198860067917302
-0.0257330440249153
-0.0195555682539683
-0.0385959854759226
-0.0204769491926331
0.00673907312252875
0.00327875696497659
-0.0127995911546953
0.0346207172413793
0.0273296353198336
-0.00259534135985828
0.0119697890714314
-0.0321419392149902
-0.0414452051201541
0.0260531720591368
0.0194489732651408
-0.00741924983760256
0.0345702625352444
-0.0331570111428973
-0.0504403242476562
-0.0161607916716812
0.0387087405025355
0.0176017461825944
0.0312161891891891
-0.0266020056768969
0.020463166672902
-0.00514510533726498
0.0186977314044432
0.00286385055975025
0.0107736499120761
-0.0200334524194125
-0.00642115073833449
-0.00224212608810326
0.0407138257577309
-0.0350565463588258
-0.00250101352506227
0.00488259441650296
-0.0207485483716732
-0.00791198873541632
0.0425789925961479
-0.0377284599142407
0.00660196703581284
0.0369428729345853
-0.0126500966483787
-0.00954367916181664
0.00303584997265438
-0.00815890270190567
0.0136659010083893
0.00680623018831872
-0.0139105567839459
-0.00131836522922513
0.00422442244224408
-0.0216905744708819
0.00980924509027803
0.00998003965455641
-0.0237154670957717
-0.00202430504788953
-0.00270448962966141
0.0282034169491525
-0.00540688367646336
-0.0279766647567402
0.0169145414517677
0.0281689995371295
0.0395303055569394
0.0228413654618473
-0.0289570674846625
0.0303260302037658
-0.00478291630141137
-0.0171287734533883
0.0186810175857317
0.00898465230769219
0.0190290063785434
-0.0301652378481537
0.00950387593818358
0.0141826138380901
0.00795664887124703
-0.021050149251882
0.0127061823507926
-0.000361901319361868
-0.0638426374144022
0.0256542219930385
-0.00163396183091891
0.0101976331360947
0.0270439438445649
-0.0137119881707565
-0.0159940454723678
0.00412596883748551
0.0119536673379075
-0.00652145957382033
0.0126331932780082
-0.00122306748475864
-0.0145726541967841
0.0120541939598089
-0.0198919690596276
0.0129040090202956
0.0117502167408836
0.00122248161775729
0.0109890229306711
0.0184782481227688
-0.0132811926175455
0.00372548976956488
0.0173611596274361
-0.0211839823327764
-0.0388360716324654
-0.00350260186383289
0.00326379596968152
0.0063814065661012
-0.00584360313315935
0.0410204982618871
0.0164584698812702
0.00910053174446834
0.0108924927697056
-0.0032441085214715
-0.00337092878496958
0.00956379775049676
-0.0385859181743511
0.017784138214562
0.0301062938644496
-0.0138681833810888
0.00511392369695574
-0.024514360851722
-0.0260786744182233
-0.00985888462225493
0.010571616731939
0.0328427810831138
0.0435755131986568
0.00135427151163214
0.0368533403520792
-0.0115217173913043
-0.00835718037481459
0.00199601907296509
0.0139442450869385
-0.0215018657006593
0.00881204665226898
0.00121628701423515
-0.000441755921311238
-0.0192244499121765
0.0101385719321361
0.00713728130115476
0.0070866904459459
-0.00571739436121133
-0.0192413800729846
-0.00157852065444763
-0.0124224275859145
0.0152087140723403
-0.0343545396976183
-0.00536575275752638
-0.0178256954787979
-0.0247164179104477
-0.00110190989226255
0.00220616507935611
-0.0133300359543855
-0.0132622583044126
0.0153247203200009
0.00989725325009894
-0.0131079142389288
-0.000992986618495117
-0.000621309618986876
0.0192714534377718
0.00060985604013708
-0.0010971230171537
0.000976263095526786
0.0169471720414718
-0.0306918340394756
0.00160797777632604
0.0188935409152802
0.0122408795966338
-0.00203542871295848
0.0220756334031347
0.00152597719154879
0.0264885372714487
-0.00285453293321458
0.000228970566152231
0.00755585592572072
0
-0.00886261768293117
-0.00676377369836834
0.0281625464931041
-0.0121239557224078
0.00977273863636352
-0.0102408731685699
0.00432069372327537
-0.0355485104596736
0.00939072639063898
-0.0323293297436755
0.00240361738256967
0.0113894851269878
-0.0106685868815957
0.00359457229324911
-0.0239971579752351
0.00244644648318038
0.018303844477261
-0.00431397259367183
0.0287640764840089
-0.00409459508324994
0.00246680379890063
-0.013006714928836
-0.0263564160148492
-0.000243921467042552
-0.00243928533819449
-0.0184619388866373
0.0144494645546769
0.00233294444172527
0.017150582524216
-0.0287847769334552
0.00520832099712698
-0.00690843836438282
-0.00757765217391304
-0.013268206449721
0.00621588212061708
0.0107160615229451
0.00947988049095372
0.0113678240454713
-0.00818568132402386
-0.017368847006652
-0.00501434141961932
-0.0272143620808482
-0.0222769203765952
0.0119221224512418
0.0196360782777336
0.0276030559456035
0.00774616432101238
-0.00731470333177775
-0.00274762083177216
-0.00175327493433375
-0.0104127714265809
0.0084939911952584
0.000125644244161727
-0.00804424354057909
0.0245818936792166
0.0122433463734437
0.0197923401293181
-0.0046723253303903
-0.0150457386845032
-0.0118538552644786
0.0136037346821205
-0.000976110309615752
-0.000488532015945231
-0.00427661311224892
0.0223340292633214
-0.000600120048016239
-0.00288259661583956
0.00084315830558257
0.0133590209825019
-0.00878857513498488
0.00647017740798206
-0.00904764285714288
0.000120158580493968
0.0151351591591591
0.0275706300421104
0.0218793423251655
0.00777554671569858
0.000335446718103372
0.0259333783359421
-0.00642838316003902
0.0332273158629823
-0.022182169155358
-0.0043416261046878
0.00763105829180022
0.00367842691766729
-0.00873124960864236
-0.00880814494136739
-0.000987427295942478
0.0133977709948996
0.000433474213626717
0.0131065749566726
0.0098363948448239
-0.0128110009362943
0.00386100394382249
0.0152777887879869
-0.00947071461086724
0
0.0226283338774567
-0.00145438392989028
0.00280894706172674
0.000726216420025017
0.00342112796414207
0.00816201045395171
-0.00553393102000543
0.000721352012352128
0.0065904540563233
-0.0021483273657289
-0.00563874302195266
-0.00288688530543124
0.0112708511143713
-0.000102269935513211
-0.000920380397582798
0.00174008193674768
0.0169612337704741
0.0184869287499942
-0.016079756848779
-0.0202526272358658
0.0021489868793596
-0.00776066578168078
-0.0140989505834919
-0.00417537565212811
-0.0164570227157858
0.00628792483666385
0.00826095124467163
-0.00577725858541778
-0.0135234968088009
-0.00696157201580039
0.00118637833060409
-0.000861811895684239
0.00733153638814033
0.00556563202397498
0.0117084197458783
0.00452393462838696
0.0321533295301635
0.00263820387707137
0.0183180349826544
-0.00467104935387441
0.0205691159147454
-0.0276881129800226
0.00161002218585304
0.012155907050875
0.00813895781637708
0.00610418430638981
0.0121342399034301
-0.0025137967707628
-0.0157021908636656
0.00856715878186631
0.0071275533514461
0.0135724767121188
-0.00813013845633281
0.00106076184360937
0.00183028613486735
0.0123076826923076
-0.0144376616113
-0.0127216651364366
0.000390482225878896
0.00653785109666716
0.00581675218968969
0.00973495903614463
0.0034364355968608
0.00228308593179927
0.00597947033049095
0.00632140779925283
-0.00309396200660195
0.00084638388326197
-0.00695356149132798
-0.00293335541256634
