0.00787075415274097
0.0154816417449415
0.0236103606201958
-0.0180572419378974
0.00671140939597326
0.00493337333333321
0.00583779995338451
0.0172801086210292
-0.00635381199349794
0.00822138881200796
0.0168262485936772
-0.0064917898801371
-0.00768745646300628
-0.00503549406205916
0.017518894822707
0.0145389483719451
-0.0031426774427652
0.00958379534991938
-0.00199845121155251
-0.00763455550351544
0.00630596536377892
-0.000751948856348661
0.0025084283516208
-0.00212683598148389
0.000376115838111479
0.0258177337283152
0.000366511920989909
0.00390815842360115
0.0103407059735052
0.00565916897077057
-0.00550765105990136
0.00252828082177436
-0.00168127783167804
-0.000240538923633182
0.00649742502108741
-0.00442322762885283
-0.000840537954377329
-0.0149020311849781
-0.00390385502130219
-0.0162890626750996
-0.00261452938247009
0.00362003490675278
0.0156716662768241
0.0205730090338963
-0.00119988006718885
-0.00096100434793378
0.0094996748677405
0.00428827889058758
-0.000474451440503953
-0.00640790339650787
-0.011226585051
-0.00954222720688214
-0.00439025609756094
-0.00955411574662079
-0.0197872740565511
0.00567747903917537
0.0244637438773523
-0.0110213318137972
-0.0104012379791669
0.00888387159369053
0.00111625949831051
0.00136274775318701
0.0230112576268402
-0.00229776267268689
0.00545450909090905
0.0203737439556508
0.000827032145876982
0.00472201634661817
-0.0212665724207898
-0.0204082225543257
0.0069852942888553
-0.0182548379762648
0.00731379713186553
0.0248584414260782
-0.00900576379689921
0.0146613233328647
0.00346311209608574
-0.00285609904624662
0.0220789829087125
-0.00467072635066246
0.0077428908433339
0.00419091957646289
0.00324598879559512
-0.00727983582990721
0.0083807818237327
0.007156908939983
-0.0120344183381089
-0.00672846891166368
0.00817562456754417
-0.00845695088044474
0.00443982962681755
0.00546703494862122
-0.00242941919413664
-0.00173954534131238
0.00348507194504966
-0.0118082430588647
0.0069118555891301
-0.0158231651828912
0.00260080400051077
0.00106124280300079
0.00106002353215495
0.0170608781518033
0.00462741775503428
0.0100184596968429
0.00159615781092426
0.0081958112281344
-0.00891950999209656
0.000683492830752863
-0.0161657338873284
0.00358719054818768
0.000691779060586484
0.0153243689903864
0.000794359936642453
-0.000680405926286376
-0.0129354253807589
0.026554834499479
-0.00470331451164674
-0.00247516885042198
-0.0042860927459466
0.00317171503366231
-0.0116305219428753
-0.00662632247945083
0.00517544583699081
0.00434779166252186
-0.0165185351619793
0.00208502253944132
0.00196506757681036
0.00392243885556054
0.012066226570888
-0.00692631997274895
-0.00628853197219903
-0.00253137717034269
0.0018456107545135
-0.0116292691221478
0.00757225105182902
0.0115620305598805
-0.00285746949039822
-0.0334708627572413
0.0225332186907021
0.00545118295695701
-0.00357601791265394
0.00613576080582634
0.0148428597471932
0.0258504090425309
-0.00862075568233567
0.00691196232704439
-0.00232505535872451
0.00443903002509116
-0.00320407682677992
-0.0021059853457549
-0.010107697546459
0.00796677486646846
-0.00133588998472911
-0.00791437975604026
0.00460678651685398
0.00134207577040257
0.0166424440594488
-0.0151614814929075
0.00535479702537689
-0.0144252436387514
-0.000225140734068763
0.0192567448449297
0.0142525795104944
-0.0100218515243403
-0.0232174303438852
0.0123916417390437
0
0.00945808358323963
0.00220455244483531
0.0096788937456862
0.00163392151523123
-0.00935292037040525
0.00856303693327631
0.00348317175955692
-0.0129081459397301
0.00263734065934074
0.00295927231388138
-0.00109275486629323
-0.00590746063198955
0.00704301726500445
-0.00863294703020556
0.00749560176922848
0.0112691244798879
0.00670781131667209
-0.0025793121145844
-0.00107745934872228
0.0108942078620884
-0.00810928288402391
0.000537898026440331
-0.0159122994105515
0.0199934668414012
0.00139242714875287
-0.00588293947765395
-0.0175382393471437
0.00755669713189566
0.010760847826087
0.00774277895994779
0.00469536874074672
0.00414231536606868
0.00729851906813495
-0.0127061426218793
-0.011274176067034
0.00860588434386722
0.0165315269511193
-0.0109117723410296
0.00127296068546601
-0.000635628780968678
-0.000742075675986831
0.02387014589709
0.0056988497420194
-0.00937560291315886
-0.030265251580546
-0.0248820254157448
-0.0581830303163887
0.00140141310526953
0.0233236151603498
0.0232478746438747
-0.000556888288708257
-0.0127033655605832
-0.0229119418264547
0.0265681298371261
0.0137278379522503
-0.00410694878929729
0.0306509136128967
-0.0171948089413343
0.00847276656490203
0.00632843412267459
-0.00910770869214861
0.0107233177669692
0.00454690902196897
-0.00463412000609853
-0.0152663922123604
0.0140737332844552
-0.0147457438551748
-0.000110069326177964
-0.00198108076181935
-0.0081605425672695
-0.0183455744197115
-0.0155170799012676
0.0140359069037255
-0.00907650339319843
0.0103045802749979
0.0169990937669786
-0.00947179651151764
0.00866244806685157
0.00658036999418377
0.0172852963988919
0.000653578055845427
-0.00544247288203525
-0.0121484181192376
0.00620427639698029
0.0146443734860164
0.012371122900247
-0.0130775108470629
-0.00543065059194092
0.0164901386917113
0.00537172313339651
0.00822821098037596
-0.0037095708258521
0.0326595744680851
-0.0159678891521581
-0.00219848206234774
0.0222432278300961
-0.00225804167094334
0.00576070369057402
-0.0447989990221642
0.00139199059205475
-0.014114628339862
-0.000433763571597412
-0.00770406867603879
-0.00940405717017134
-0.0111490677182501
0.00658624678307129
0.000998159055077164
0.00520719022363858
0.00848668549035536
0.00142073224043715
0.00763947422152578
0.00216611064299577
0.00356643254691913
0.00861515174870608
-0.00480466560731729
0.0104066195730783
-0.00796347419834365
-0.011452413571658
0.013967095994293
-0.00875600621983974
0.000754066557060007
-0.0249730888057463
0.00496795087286506
-0.0139514117758037
0.00389927575981996
0.00954389069421935
0.00835442444372414
-0.00403359847268292
-0.00831877180036367
0.00540836656530619
0.00834341896337332
0.0157866633813102
0.000535852072802045
0.00514198189913184
0.00564850249070648
-0.00678253490056657
-0.013017509464175
-0.0259459675675676
-0.00754716997884941
-0.0126369606941839
-0.0120058668931265
-0.0209790317214593
-0.0015223067559178
0.0133693800880514
-0.0226826398480435
0.00532865619876821
0.000824487613086289
0.000235341882601547
-0.00329449354734668
0.0042498052679707
0.0203362289878926
-0.0230414738580136
0.0208726053936577
-0.0227561741942935
0.00591016562435387
0.0363102711236258
0.000566912335482117
-0.0160924527672814
0.00656529601474332
0.00903994746584225
-0.0394647652528919
-0.0328217130869555
0.0144042972266674
0.0101083516271565
-0.00524186311074915
0.00670656287425131
-0.000118903167235285
0.0253420217010583
-0.00707820840102125
0.0236063573682366
0.0106176623184229
-0.0229326600632398
0.000578136214085756
-0.0268084119851121
-0.00189982187247895
-0.0123721273464698
0.0364973031738365
0.000232388138324602
0.00220752875566399
0.0093901922237376
0.00712073044676709
-0.0172197738118424
0.00765834300301682
-0.00875165862513405
0.0052276601945247
-0.00716508733578058
0.00372481649517775
0.00985734628815904
0.0103353350864646
-0.00352358478551074
-0.00171097300583956
-0.000456969851130196
-0.00422956089747728
0.00218117320421118
-0.00160365401132923
0.0181275117885493
-0.00191568631768513
0.0100485378796433
0.00715402422483824
-0.00965588256727823
-0.0136725424070645
0.0126122142344685
-0.0208707466044408
0.00469855593173163
-0.0020531539193146
-0.0105154648649095
0.0300334757999308
-0.00728945850150187
0.0145729896488811
0.00378581458157923
0.00876317229588097
-0.000769727275792387
-0.00242105197245335
0.00386098171294025
0.00538459340659347
-0.00131156413403799
0.00273612774205567
-0.011569580498704
0.00231889360244919
0.0161947895624586
-0.0101907526060441
-0.0146769327050297
-0.0689194872045296
0.0101480298436478
0.0128825905580594
0.00921821502514186
-0.00393104414223711
0.004062658060066
-0.00774564161849722
0.00768957223139766
-0.0150305934797222
0.000352142261952126
-0.00246419851602675
0.0145864953632162
0.00614491594202904
0.0213182532993577
-0.00733379241793275
0.00340982029746018
0.00883551210733469
0.000449135424413605
-0.00819298559355752
0.00656324522247664
-0.0084317034884217
0.00272114521727262
0.00056530980177949
0.00372925762751164
0.00191396081963524
-0.0170805375228799
-0.00537328220677624
0.00218393103448289
0.00458761315316858
0.00433845207619377
-0.00011369785024784
0.0115962256889066
0.00730494468515586
-0.00211977023718968
0.0332066405812468
-0.0512932127997743
-0.0294285623229968
0.0175109421793838
0.0177870289261486
0.0298456299417058
-0.0011019063360882
-0.0172091115894294
0.00190825016986196
0.00470533263039807
0.0194022970561998
-0.00164078979743587
0.00635478272230028
-0.0102340121988898
0.00186995921812949
0.000658728575785528
-0.00109719114655682
-0.00593146961850322
-0.000442000000000053
-0.0118284325870929
0.00682404079677856
-0.000111133333333346
0.00388929889741751
-0.00686290710041659
0.00390101422312727
-0.00788274675252576
0.0114144582429001
-0.0119494803700867
0.0114221384740603
0.0274579605845882
0.0219826824790081
-0.000316301152100462
0.00348065612236392
0.00830356325734249
0.00813091837798385
-0.000206772828112545
0.00806700779673153
-0.00769467520575895
0.00796109379692833
-0.000615427235930333
0.00266860309966122
-0.00143309445320727
0.00758583267291124
-0.00162787667486142
0.00264956698205143
0.00121966664518403
-0.000101532837244234
-0.0319797157360406
-0.00272681704723265
-0.00536327712118112
0.011418925535654
-0.00376333875127166
-0.000944428091990801
-0.00619678611697072
-0.0212428866653069
0.0099341106799038
-0.0127232226314896
0.000649837585004809
0.0127705624941437
-0.0177388754490515
0.00217585949033627
-0.000651378615348142
0.0126005108103522
-0.000107294570829253
-0.00976285816718003
-0.0095341817052812
0.00459415892789661
0.00108891555265322
-0.0102240806999331
0.0176923186813187
-0.00799047610419523
-0.00141509737405798
0.00697622644378093
-0.00292266733890456
-0.00770816406787356
0.00185993431378684
-0.00458663317680452
0.00778934705892809
-0.00119748529068708
-0.00653948773841961
-0.00197477779539712
0.00461688463650778
0.00120364373786663
-0.00338795628415289
-0.000877300123318436
0.0139391503244524
-0.0136392513630413
-0.000219545646854225
-0.0034028211504461
0.0067188125705604
-0.000547089703564763
-0.015216190809331
-0.00489108498100355
-0.0673592404164178
0.00155713262803037
0.0257114795846158
0.0136411920359518
0.0159880373593733
-0.00894374484447524
0.0155357663292692
0.019235083931719
0.00717361210491552
0.0177514241123948
0.00699829910631888
-0.00181757726737497
0.00439155950737402
0.00117308311314113
0.00138479978860673
0.00499947867249273
-0.00772653447100335
0.00831998933333344
-0.00528932619580369
-0.00446663835442562
-0.00363213328028911
0.00611127927880162
0.00266410923546934
0.0129663306607006
0.00398703187466243
-0.00344864659946409
-0.00681629606945999
0.00221728436508606
-0.00484617582903879
0.000952826603354051
0.00592277083269899
0.00210279673953528
0.0061903684018545
-0.0130344105727964
-0.0230322340616539
0.00356874658193207
0.00366374988155971
-0.00611980895554887
0.000972280436426498
-0.00183472903800008
0.00929830272025733
0.0116765294413825
0.00285892624186923
-0.00802451703119544
0.0036189889394036
-0.00106054723660465
-0.00520230374344843
0.0020277695419777
0.00149110663000429
-0.00563648841472397
0.000748663101604263
-0.000854996259484819
-0.00203224948191782
0.00225079306803444
0.0103732325874615
0.00497453413501692
-0.00105317538872585
-0.00948867705827472
-0.00500259728587327
-0.00235345520902475
-0.000214497100268107
0.00654225668258812
0.0140649976359084
-0.00126084903353685
0.00220935290238766
-0.00031491706246245
0.0114459410444416
0.00560632267441874
0.00320046455502321
0.0122466092877762
0.0111833874422185
0.00975267454004314
-0.00159317932888581
0.0134637083912548
-0.00531392426744959
0.0303719819870998
0.00336051841842488
0.0263157894736843
-0.00456874592074596
0.0149868768267727
-0.0212255719709711
0.00226291725934225
-0.00714959528270187
0.00217923060281189
0.00207999438630968
-0.000566072281650509
0.00509771547248183
0.00338124351102431
-0.00514839454931382
0.00733909491286311
0.00149451712113802
0.000652863265688808
0.00223690929036335
-0.0103227100374101
0.0020672900219374
-0.000468895353234244
-0.00834974231540453
-0.000472989606612684
0.00511121618341281
0.00339015908484486
0.00206470195969866
0.000936648897723602
-0.000748591725968195
-0.0114242999211135
-0.00378897414038071
0.00922317218262192
-0.00518186362522954
0.00255710777752083
0.000755724534708957
-0.00358697369101446
-0.00179987688139205
0.00977506852685583
0.00723680437524798
0.0056919008247065
0.00213400447331602
-9.26025350874715e-05
0.0148147962962963
0.00155108579472785
0.00209531753927261
0.00136365454545451
9.08034481923448e-05
0.00671748341621337
-0.000450892687991145
0.00135319803975098
0.0764864684684685
0.0143108128598344
-0.000577557770071513
0.00132092796138683
-0.00618352703286729
-0.00539241741005125
8.34348159433063e-05
0.00467053370024129
0.00697330239891514
-0.0120363311120446
0.0041722297787794
0.0154562162358722
0.0157119971124058
0.00435063637566957
-0.00521419845293769
0.017740480320289
-0.00388240237605897
0.00843141895934285
-0.00354943211507686
0.0121111293895175
0.0127483496578418
0.000386037516949767
-0.00880036329784284
-0.000467274165137255
-0.0107526651317646
-0.0192186674481621
-0.0170253377053968
0.000571887245557345
0.00220459702617304
-0.0135244910139236
0.00553351493998155
0.00739221355236142
-0.0140236605948036
0.0122385181509963
0.00196060772941409
-0.0010599673695888
0.00212211888970248
-0.012298436327565
0.00626702415107672
-0.01311152186439
0.0103794735531013
-0.00994410749506913
0.00332034528662462
0.000579126319704137
0.0119893912354987
-0.00122559850662307
0.00507201415366509
0.0140810270708041
-0.000642057970689724
0.000642470473978474
0.000642122181302662
0.0028876313930799
0.00919780060143816
-0.00134726581074662
0.00523764772259905
0.0056840689300397
0.00408199233913176
-0.000234594629517804
-0.00234591028337305
0.00666241563470105
0.00872078222413375
0.00524888447899152
-0.0211164331142266
-0.0320834946952424
0.00753708572442724
0.00530890444015442
-0.00440072801086422
0.00265210961986662
-0.0164315723560184
0.00195581453798233
0.018625466090902
0.00678695315852695
0.0191926328556629
-0.0232666571965862
0.000717049092982425
0.00772232300197184
0.0191183280278349
-0.0134883565891473
-0.00102156999808944
0.0050342170620834
-0.00101743760704631
-0.00838294428378994
0.0105870585446788
0.00711440052804635
-0.00551161280405765
0.00296623212109703
-0.00630403119682332
0.00610907738095223
-0.000155729401447036
0.0106664277379878
0.0169478240035101
-0.00378759199256085
-0.0179454116776449
-0.0567556665933721
0.0145296010507305
-0.00121364191969064
-0.00364552813276853
-0.0176436948962305
0.0101804585333556
-0.0107333467251124
-0.000579758167628897
0.0022375404365218
0.00570526698023377
0.0090438709786369
0.00855533263532959
0.00702862342081612
-0.000802238254276166
0.00553990351971323
0.00654742904100014
0.000396660326775544
0.000555063035801551
0.00760817086701526
0.0165172724281679
0.00541625636736853
