0.0274303078525786
0.0107835900649376
0.0361352223315352
-0.012953558083534
0.00757124570780077
0.00367372473091065
0.00108141586458221
-0.00282529509141749
0.0183333083333332
0.00891983655286022
0.0275772647613166
-0.00299947899598274
0.00411688708917568
0.00157689030076669
0.00606159179769805
-0.0285602575455339
0.0108739265263966
0.00892432669322707
0.000157921335699251
-7.8979785841593e-05
-0.0100291876339538
0.0152360879448303
0.0139074097723126
-0.024953449896731
0.00341758067079967
-0.00285149306930688
0.00198586068778983
0.00800700022203116
-0.00196618164425988
0.00795903848764312
-0.00109457427583226
0.00735704799304315
0.00349620834066156
-0.0117683876813753
0.00211536353897968
-0.0122743174959169
0.002532911272215
-0.0234486176078125
0.0138248845690858
-0.0219298242116456
-0.00350591922534171
-0.00736377837208502
0.01969995878668
0.0323336838762727
0.00187924204744538
0.00406411889169478
-0.0119093873129182
-7.87931293714239e-05
-0.00449065626723399
0.00561885877161394
0.00897148815613447
-0.019811316288283
-0.00167103527764845
-0.0175354457001071
0.0136297255617439
0.00496234984852961
0.0477063164655356
-0.0133029263404882
-0.00747304297057683
0.0112551189745382
0.0117439285519185
0.0172976104589577
0.0143187341134681
0.00823476245256827
0.0185954051412744
0.0227663814387506
-0.0146296863038662
-0.0147048869871453
-0.00663300663229283
-0.0304833577477381
0.026351279737217
-0.0156090365160161
0.00400113346170783
0.0107749594095941
0.00503787211401074
-0.00305120245773494
-0.0112219926028417
-0.00596946707982204
0.0286180297813601
0.0198212476639308
0.00360445955175415
-0.00669011971830979
0.00503361917688161
0.000564341159859705
0.00571064595912696
0.0135997341857583
0.0190885267055405
-0.000475106869014974
-0.00210482076388396
-0.00170102740898803
-0.00184026716302976
0.00327754189028773
-0.00639752293461282
0.00383586533886349
0.00204710333578095
-0.0115083549945515
0.0109534028395315
-0.0168313526405451
0.000693138346916644
0.0213326076557483
0.0172927429740324
0.02159859414701
0.000326283849918507
0.0266796863663465
-0.000444704240705862
0.00673784612786088
-0.00511426931701386
0.000190385217156308
-0.0201777149678536
-0.0103612940080468
0.0225755584476579
0.00371153762816823
-0.0155562761024058
-0.00272002453934261
-0.000259809070075723
0.00961348508503046
-0.00154404562059007
-0.00354406207173064
-0.00743658825295257
0.00280143974195579
-0.00266374093897781
0.004820565592488
-0.0191247779578606
0.0239920021680369
-0.0158135745865553
0.00255770599574245
6.54804757469485e-05
-0.000261701979928586
0.00889820096566862
0.000518819724750097
-0.0211303799658438
0.0211892260312747
-0.0204253273218432
-0.000926815340651976
0.0152388730316844
0.0170332184828876
-0.0105236078163145
0.0366407854080568
-0.0253362705535338
0.0166880035297559
0.00258840918895498
-0.00214090425213664
0.00201925915303058
0.00762017163134443
0.00856246874999989
0.011650276124753
0.00728944563552836
-0.00529065306141252
0.0064191963994964
-0.00261203385408926
-0.0112674704760646
0.00640636334622058
0.00514136353466266
0.02210452428386
0.00131069998293598
-0.0233831608039382
-0.00231512125207201
-0.0141059970110528
0.0084856613530937
-0.00571187790208127
0.00432390514747016
0.0109477768853625
-0.00243349767091006
-0.0198816489608975
0.0233339545557982
0.0145324023973805
-0.0101288698784945
0.000484384827212914
-0.00108936694839723
0.0362292201166754
-0.00608040834052193
-0.0119411705882353
0.0141096325885002
-0.0332276807145165
-0.00983723019711324
0.00662333504996115
0.00657976121956727
-0.0125892869350607
-0.00943970215422141
-0.00785893535177218
-0.00586292639103203
-0.0050818558572171
0.0072518223325535
-0.0205346464793
0.0224992270213977
-0.00231290240474513
-0.0125313278496995
0.00628166219739867
-0.0126111359508452
-0.00517272508264199
-0.00436508540483427
0.000709226278172936
-0.0280265820746982
0.00424233723821854
0.0178217623762376
0.00693908573811464
-0.00244738191672877
-0.00400280847054557
-0.00965842329270961
-0.00183269408190012
0.0160655540983605
-0.0161987418431508
0.00124641168661244
-0.00196555716551283
0.000590796289755113
-0.0193543960025507
0.00147187394479231
-0.0026053777459365
0.0174145408423065
0.00921664947531209
-0.00880630119752845
-0.0269167231375462
-0.00838635189783354
-0.0405129054874132
-0.0180551188966864
0.0291009485239679
0
-0.0112549659185432
0.0034860913984931
-0.0211981916795847
0.0174562004556889
0.017654986704243
-0.00629586581943054
0.0308341422562306
-0.00566814887439071
-0.0114011259037998
0.0218840763945525
-0.00829424864489103
0.0162474126361629
0.0196302543297944
-0.00582196516660127
-0.0226925062170091
0.0184529891158043
-0.0060841275483795
0.00417055686343182
-0.0148713894350977
-0.0350196795188317
-0.0394616717789676
0.0103440908274388
0.0165553222730517
-0.00757141428571428
0.0209443209882783
0.00704970008954398
-0.0237311785622187
-0.000358547235696061
-0.0149200340027247
0.0230102887495771
0.023987443092482
0.0185596967985562
-0.0217019929140926
0.0131146837901073
0.012531894581888
0.0119686838768716
-0.00383034075438948
-0.0367647855921213
-0.0236710495531716
0.0110465028033426
0.00560488128282821
0.0208127338502633
-0.0199737297674513
-0.00324405493841906
-0.0154945667325477
0.00510245799938747
-0.0200915056478514
-0.0124772489060069
0.00517213699341323
-0.0151425838429734
-0.00156733845551094
0.0112132761840988
-0.00798404648527995
-0.00566367828208247
-0.00659514386694149
0.018936212321323
0.00881091379847332
0.00770644403669718
-0.0687545651401043
0.0268261533956973
-0.00121858487721904
0.00381300984469579
-0.00478618077998261
0.00167939694656494
-0.00640143265964455
0.0417242045664901
-0.0213518542963999
-0.0262564328356369
0.0256509864757546
0.000225981167608413
-0.00888682790244633
0.00653496170813228
0.0179676043652937
0.00697124761113166
-0.00184121374164981
-0.00376296763641237
0.020441378449374
0.00892724639953002
-0.00906406046558017
0.0129219528130671
0.0047301870904477
0.00228256648430625
0.000355867922420705
-0.00377062469793155
0.0129972649646308
-0.00627422602999406
-0.0107832358436247
-0.00164941908133365
0.0145822706552985
-0.0244265921684157
-0.0171275137520329
-0.0243667442262955
-0.0285325350589368
0.0564039026456535
-0.0107670127979199
0.0295214479612456
-0.0225199193691563
0.0137788053271055
0.00467664575769167
0.00938245656475178
0.0188787650877558
-0.0193069032237724
-0.00656236398013066
-0.0474012720456327
-0.0366531901746
0.0321943289383693
-0.00590086574063664
-0.0208911422996365
-0.00141721122089267
-0.00149809191046135
-0.0257422775248127
-0.0499270234217951
0.022180506550243
0.0137706643298281
-0.0122663866611806
0.0130855139251831
0.0269847710328728
0.0218697104563053
0.00360619322054245
-0.00617091841365669
0.0388272803860579
-0.00680936682771227
-0.00396133148590438
0.0113192810707456
0.00204192700724271
-0.013660362264151
0.00849338880567174
0.0173747568124107
-0.00835256196144574
-0.00466266823597294
0.00642229664878124
-0.00540541303465647
0.0155494947327748
0.02430507782173
0.0383862424843806
0.0074772323908916
-0.0129014359839277
0.00843227473026875
-0.0220192955898298
0.0166012604231738
-0.0187832431418749
0.00621424999999998
-0.00972524347715065
0.00336918279569898
-0.0029292205263326
0.00515907860646436
-0.0022098517408744
-0.00700147169392384
0.0205770263840195
0.0381387999377314
-0.026619578521648
0.0106739154645992
-0.0100089531997292
0.00223125787520928
-0.0197579720412561
0.0139815548892075
0.00475962780008499
-0.00236848479898688
-0.00209484662618586
-0.00223922742315485
0.0126937236185909
0.00775630226134227
0.00268004390654086
0.0110341988613749
-0.00969365483477069
0.00670826905902566
-0.0157068871289304
-0.00525003472126395
-0.0224305277777778
-0.00206015480400212
0.006691358390984
-0.0190213692408622
-0.0119656098022233
0.00131314650038639
0.00867032422586522
0.0124241691357387
-0.00420945336160228
-0.0250054082178272
-0.0041887639008118
0.0126927980478488
-0.00743269714880712
-0.0009544452927015
-0.0168284021630158
0.0145003595298789
-0.0187873209691983
-0.0352905635007804
0.0193027014104203
-0.0103085364068435
0.0084098139926716
0.0111706735540322
0.00264823690531979
0.00588633332904442
-0.010878513588038
0.00455101652157186
0.00354879185217771
0.00970576300637238
-0.00335318189314116
-0.0166728672897196
-0.00638694475708812
-0.00122428075122405
0.00068952648821563
0.012786141851419
0.000453560632397654
0.00287142973768861
-0.0095690475469481
-0.0207683230300872
-0.000388463328243827
-0.017797474435338
-0.0121063383155485
0.0176211857047848
0.0348681062211387
-0.00106480076254323
0.0025125781182449
-0.00630365316782322
0.00978293365279503
-0.0202845375523969
0.0209362790337411
-0.00446459346793449
0.00243240350307694
0.0141037301295217
0.00127111554990589
0.00298703597977656
0.0051373837411568
-0.0217777925925925
0.0258216193521372
0.0260574221151737
0.0283453381294962
-0.0207080310520773
-0.0170738681832795
-0.027109492757017
-0.00717172413587552
-0.0117381344652279
-0.0283995364214874
-0.0160645951252677
0.0183976189614148
-0.00821148803758143
0.00820060715975401
-0.000938549969196401
0.00555815728132392
-0.00233556253021949
0.000390191200477119
0.015522660269641
-0.00691304237018131
0.000309451637142466
0.00162368357498366
-0.000849158606948563
0.000695441589029455
0.00154413985348545
-0.00462539311882992
-0.0116945016920114
-0.0039181881990582
-0.0170718195494309
-0.00608293571181473
0.00998548880657113
-0.00271085955526817
-0.0137512070074959
0.00713356835981216
0.000402471030303886
0.0125512670966992
0.014461660937015
-0.00610949332042754
0.0133186461763626
-0.0311868248376603
-0.0102753391667335
0.00851646517546856
0.00949011611678041
0.00637351034990852
-0.00443316972767571
0.0225031325937799
-0.00132201574996571
-0.0144837255020047
-0.0116940267334708
0.00975376543406203
0.00847189211864063
-0.0191568104147724
0.00304168734491306
-0.0192322722724806
-0.00374288032965198
-0.00302190455697648
0.00229374948799865
-0.00367794039522584
0.0237899996096802
-0.0232371869414137
-0.00861365039190076
0.00124122467920929
0.000743768595041328
-0.0232058559156282
0.0411735123535129
0.00552172138819773
0.00161509324695008
-0.00427315169130982
0.00801617813765176
8.03438040057891e-05
-0.00265061847389558
-0.0054763631388639
-0.0151428863088977
0.00197334315145503
-0.0364352778890917
0.0474365533543952
-0.0240669895774777
-0.00616510877418242
0.0352082904249451
0.0271276868916948
0.0150583732279526
0.0396893281553399
-0.00134474823438868
0.0368044079715055
-0.00129875896253584
-0.000216724464914386
-0.00368519404353762
-0.0183492813189265
0.0148503502836934
0.02875653007603
0.016347017427599
0.00779842667450303
-0.0103634098948663
0.0142417895056624
-0.0189289648880022
0.0185224094472911
-0.000482138189462411
-0.00696078537722455
-0.00374760923721595
0.0114942108360665
0.00971077155049804
-0.00497916919051111
-0.000617027672846659
0.00541881499370134
-0.0128939826320921
-0.00704958176723225
0.0124591704943158
-0.00398736403195676
0.0191882861958761
-0.0181498572897234
-0.00275895993265163
0.00995989749675052
-0.00232852342614653
-0.00974737828275429
0.00346596435137814
-0.00683884383941846
-0.00368643656711598
-0.00132645904333772
0.0106256831046694
-0.00152176101091284
-0.0108071557683205
0.0248617072206174
-0.00348499394519597
0.0161832268232431
0.00229433157035808
-0.0119841043020542
0.00320273253833037
0.00604537422873697
0.0170144080952372
-0.00312023490937297
0.000466116130364513
0.0231645549667723
-0.00852262663679404
0.00623367478610271
0.00541237018275686
-0.000259398117886889
0.0431425589927505
-0.0194663171606707
0.00900671041464651
-0.0142695748771741
0.0113513042707902
6.31187354338536e-05
0.0194198416360716
0.00395852317979761
0.00739278553628941
-0.00122307360021834
-0.00385748820106291
0.00663840424564022
-0.0214935819382407
0.0247737971918875
-0.00578490436131462
0.00398109869587548
-0.000549023920803027
0.00659221135820998
-0.000545734023510103
0.0130444964730525
-0.00598909980242501
0.000180749531959012
-0.000963879518072197
0.00102507841353305
-0.00216855015265804
0.00319951113309425
0.00138410765247765
0.00498768691814955
-0.0123176987467801
0.0243371120617495
-0.00460992324958498
-0.000890594951794221
-0.00404117183000707
-0.00358011226398036
-0.00329362826236224
-0.00636864327843489
-0.0159027991322168
-0.00344084792626731
0.0148591403309806
0.00230856613699015
0.0127288522906741
-0.0101747485016189
0.00671181501052676
-0.00474507763994603
-0.00573323486541766
0.00710165705614574
0.0020491622715666
0.00709735977076131
-5.97766356930096e-05
-0.00597264553430399
-0.00865221450799436
0.0118188795739476
-0.0034144422736978
0.00252448165307695
0.00767440526243068
-0.00160649722588513
0.00363528598983387
0.0240484704222204
0.0380957423943513
-0.00407750658592143
-0.00229951762816305
0.00736409020947826
0.0115513785415968
-0.00733713229244481
-0.000277887070380345
0.00227919285273903
-0.00260677200321513
-0.0116777288363707
0.0135036800428443
0.0143784818081807
-0.00700524842926198
0.00473986436574236
-0.00817336794009815
-0.0259388476958007
0.00323646954452839
-0.00158468502366083
0.000510152474119341
0.00685556373937679
0.0133363058164755
0.00788537307990467
0.00870524517906346
0.00131092963392043
-0.00529129916518056
0.0292843203964577
-0.000586072773338109
-0.00474464223537019
0.00514217145918727
0.00362381040097448
-0.00392930490172239
-0.00357160837084314
-0.000962941375593163
0.00224911100329028
0.00860226525748531
-0.000105970226074725
0.00641063311258283
0.0146346488605889
-0.00383939494034979
0.000364619791666687
0.00671626986508111
-0.0164977398815799
-0.0106220961310627
-0.00393297913153268
0.00272127415353984
-0.00399106006801897
0.00512906454163664
0.0078137509218692
0.00870249972460435
-0.00507190065359475
0.00698970993793213
0.00266162516224799
-0.000104044349990673
0.00749602787623016
-0.00511517017570629
5.19085943613273e-05
-0.00244080808517666
-0.0137435527876216
0.00443386652574085
0.00210210213208617
-0.00020980649001201
0.00183585633892025
-0.00219894240837692
-0.0293314982754592
-0.00794638067067455
0.023267158385633
-0.00841357931143871
0.00247028077282652
0.0122140623797511
0.0131781161129101
-0.00501465728150163
0.000682512614080588
0.00718742454652199
0.00453177423756168
-0.0162302561712132
-0.00152861057596132
0.00992453713494057
0.00878159540830681
0.00186538675927816
-0.00718903003292393
-0.00489686896083508
0.0102083392271315
0.0102606414973279
0.00143626060173774
-0.0119346516812919
-0.00114049251862602
0.00415197752264818
0.00180900355197444
-0.0120208532010437
0.0237075352480418
0.00709038996956091
-0.00126627163482707
-0.0179024197449891
-0.00521556948770163
0.00628118254921728
0.0108330716275551
-0.0342433891438131
0.00253644043182089
-0.0156546541447677
-0.000856781793841965
-0.00852133573120406
-0.0192432324324324
0.0112985172916831
5.44716318471306e-05
-0.00348773297002714
-0.00743738921887027
0.0153167988980716
0.0117755481429105
0.0178600271042106
0.000526957532547945
0.00647775420060692
0.0110930615295219
0.000983294539839363
-0.00258504810862425
0.00155506429146857
-0.0128350894688175
-0.0110097826620064
0.00662637832181079
-0.000789899419610829
-0.0311479015719431
