0.0130113974727886
-0.00950974423231143
0.0215711105325853
-0.00305138532893934
-0.00122426542605303
0.00980626354973624
0.00121395974316418
0.0122453317563531
-0.00766558887688562
0.00289677737831684
0.0350223148404052
0.0137209302325583
0.0145675269557237
0.00248729233987444
0.0057516861565734
0.00717649697241529
0.00990869516811399
-0.00584278476290123
0.0022177533821246
-0.00520018826732205
-0.000667400704375432
0.00690042308069949
0.00132635126200564
-0.00220771618093452
-0.000774410894727517
0.0118467559787423
0.0100667360768874
-0.00411654217563717
-0.00141408680517785
0.00751628515741976
-0.000756838593509279
0.00216408790660205
0.0123083455309325
0.00938563333221776
0.00486051357629447
0.0262881183236197
-0.00420077877460601
-0.00895155861813868
-0.000311451411959984
-0.0132931663382162
-0.00157879167290198
-0.0036896373214248
0.0120622153832988
0.0109774697129645
-0.000103360913237593
0.00361980548929974
-0.00381289155180442
-0.00155168100862069
-0.00269369051057888
-0.00342823595619701
0.00312731158136126
-0.0145484875439524
-0.00527259295006655
-0.00964702619215452
-0.00599440175539301
0.0114150009539631
0.0146934095973894
-0.00545649510630131
-0.0141379722951885
0.00417380128052636
-0.00149206007690361
-0.00149427897333165
0.0214857823147263
-0.00931352049630629
-0.00126750821310895
0.0121628129403655
-0.0133751205864718
-0.00264774417809244
-0.00881386872281775
-0.0241054220743699
0.000988077768715678
-0.0123930357534547
0.0199888388676677
0.0100163203052002
0.00377283616814172
0.00644327728382921
0.0288091866324245
0.0022816947164841
0.0160389384937805
0.0192483955749383
0.00659468412080977
-0.00178677787942783
0.00149165675202179
-0.00148943502620835
-0.00278439743007941
0.000598294780597142
0.00169429944964317
0.000795880991028231
-0.00139177856215444
-0.00228965661392699
0.00139692674718694
-0.00119572537668666
-0.00319233845156297
-0.00290233192358558
0.00602234284921233
-0.0143669755252825
0.0014171373477363
-0.0294147680177904
0.00426997513861616
0.0191848905942134
-0.014245034739978
0.0193022611262055
-0.00253164556962027
0.0104568426395939
-0.00622922743121901
0.00394296819561357
-0.00211487405493838
-0.00918353049484422
-0.022713414137299
0.000833788457544227
-0.0016661043597429
0.023260612602672
-0.0201834356816195
0.00114440279407813
0.00415664540715022
0.0124185556996343
-0.00521314514539206
0.0135634915741885
-0.00223034268278932
-0.00172727091500258
0.00376593384223911
-0.000405607369531324
-0.0010143943799068
-0.00873273734567204
-0.0148535643867987
0.0127898931639783
-0.00308012314003858
0.00102985583995574
0.00216056591030567
0.00441424886914077
0.000817681963110495
0.00142973859129358
-0.0018356210857764
-0.0168573155963624
0.0227579230149251
0.00386105474214693
-0.0112348275940841
-0.00317335442372091
0.00544266806662552
0.020222601563779
0.00300333369710026
-0.0107795286799177
-0.00484314393256835
0.0136875802601919
-0.00430086004298269
0.0150678046689763
0.0037604847968189
0.00769002267573682
0.0014675863562037
0.00517778424015458
-0.00719211786560525
0.0080274007238883
-0.000679799935128678
-0.0163265400130896
-0.00306260617405052
0.00287377850069248
0.00701587965462092
-0.0107938961517459
0.00158717392296737
-0.00495196588143043
0.00139345076745845
0.0176920582676467
0.00781329239001161
-0.00930321718571159
0.0032279662556598
0.00780034141576325
0.00348297210252535
0.00771303502012111
-0.014638337580511
0.00679681535676901
0.00308612203517944
-0.0045188057971578
-0.00473245118087262
-0.00291123717871222
-0.0262773430656934
-0.00369818079865525
0.000300953049759078
-0.00200578680178298
0.00180886339445574
0.00491521707462694
-0.00918344979037744
0.0089663508167166
0.016275556339979
0.0024562782713331
0.000294021369146469
-0.00195960223318836
0.0091301785869804
-0.00369682844929642
-0.000878859452051239
-0.0018569487881156
-0.00205619314764105
-0.0034340463782192
-0.00285518361720971
-0.00246840444775276
0.00128679601392445
0.0071173682436787
0.000588977245454814
-0.0114773884348168
-0.0122059743635796
0.00663046004992496
0.0112774953476296
-0.00404622512491404
0.00396355536986825
0.0143110639557837
-0.0141091470499898
-0.000888245163837342
-9.88046992352887e-05
0.00079037738796317
0.0124382523463498
-0.00126753122596579
-0.0135702333300791
-0.0170229709320768
-0.0280910289971807
-0.049725433023158
-0.0255096906515963
0.0361338408785528
0.0191102995321648
-0.00900517013460289
-0.00106905066207985
-0.0338185245329939
0.00852906522517793
0.00439312451203322
-0.0126844837403329
0.0265810275049172
-0.0124069584117605
0.00152937511984508
-0.00392670157068076
-0.00569422908453776
0.0142069708962453
-0.00119440769657542
0.00195695797052764
-0.0309245429286223
0.0122047253880804
-0.00962392677823165
-0.00491458734407002
-0.00157143345252819
0.0120292303101484
-0.0178848372989837
-0.00011313199352414
0.00237555424489688
-0.000564304248230396
0.0137759826959347
0.0193806863374992
-0.0134396420489393
0.00963565168196201
0.00844664289396047
-0.00696180789731315
-0.000109562930117657
-0.005477651243182
-0.00804137484072898
0.0133258962800922
0.00405482739726026
-0.0108055661163862
0.0102615141871845
-0.00262121019268702
0.0119360928602716
0.000865642209040507
0.00248678781461309
0.000647087999923635
0.0216641735467145
0.000421995986686241
-0.016028724748946
0.0148965708905062
-0.000844709636051988
-0.00169101664475746
0.00359944954054048
-0.0129747147792812
-0.0121833921128566
0.0059504814454181
0.00978700764292295
-0.0116092875877014
0.00323270463687364
0.013641299970812
-0.00741766427622126
0.014305583736641
-0.012525018155457
0.0110850671498615
-0.00147585914531034
0.000316712412196996
-0.00253296042216355
0.00148132469619466
0.000950829351276772
0.0101329852255221
-0.0122256848137623
-0.00899184395421393
0.0317036934244235
0.000931153627911963
-0.0169526569558126
-0.00914821260038301
-0.00424494308888013
-0.00564850249070648
0.00836011763043554
0.027742346349015
0.00237869474860486
-0.0376599368068498
-0.0244451492798912
-0.00208808664882043
0.00297353514404608
0.00757661139782595
0.00316042931210925
-0.000543215625968041
0.019999956521739
-0.00319687780037836
-0.014218537372049
-0.0162672163134933
0.00606331171936181
-0.0151216849633643
-0.0145749559826978
-0.0175003161341311
-0.00700980258595052
0.00856380008962843
-0.0142283186637219
0.0172272719251649
-0.0148758784171631
-0.00127765135451974
-0.0120958474495516
-0.00376735333724165
0.0211534027007776
-0.00775380128439762
0.00338233037980706
-0.00139480415430437
0.00209512270538359
0.0202114773010327
-0.00284640776849809
-0.0157570788820032
0.0178654414570341
0.0137907343011336
0.0440697710197786
0.00118445134539291
-0.0010755646028533
-0.000538275211184658
-0.00150813311411957
0.0119754124074785
0.00373133250326219
0.0090281251401354
-0.00452631578947371
-0.0104684149307391
0.0020302948914237
0.00319934957446977
0.00627196768364002
0.00686661707726088
0.0047214773837263
-0.00490811393257906
0.00692618315745408
0.0150078378845599
0.00852245619183134
0.00722866007708567
0.00212270292125738
-0.007060692021996
0.00284436199015903
-0.0016207759155108
0.0194805706063428
-0.00706614230495184
0.0012027864449069
-0.00100108119933007
0.0221464974231236
-0.00519606862745103
0.0011825662640923
-0.00127962402912196
-0.00936326640413232
0.00616849057469926
0.00998716533137056
0.00783241636804788
0.00990865533497831
0.00471333209612679
0.00402112026867751
-0.000190759983100142
-0.0280400005348593
0.0018643311995159
-0.0104799120564135
0.00277144415293917
0.00157934066882515
0.0102493445328733
0.0120963610945983
0.00144580240963865
0.00384986518094577
0.0130393188962803
-0.00444824893249096
-0.00722504026570892
-0.0118739634204731
0.000387644144051791
0.0021311052369144
0.0123731854723979
-0.00401035985838749
-0.0110247725246816
0.0189996018224272
0.0142694059854622
-0.00797229390436238
0.00189093321048306
-0.00528448612546484
-0.00597670976276599
-0.000668066431266268
0.0134658009117161
-0.00574821883485999
0.00199032315438674
0.000851276949950019
0.00349685291554414
-0.00433225654548886
-0.00312147178280853
-0.0057880254842777
0.00582172175817641
-0.00246704623272653
0.017121687923191
-0.00196389226596849
0.00243630057687128
0.0154233871165623
0.00589155866404001
0.000640605856335741
0.000823157154679288
-0.00648815681257431
0.00625460811024103
0.00109684641504848
0.00228268815602695
0.000819932608725482
-0.00446020385526846
-0.0122520248993684
-0.00509114139675226
-0.00837365998212714
0.00384683798373353
-0.00121503881138496
0.00486614257097018
0.00391139887999814
-0.000649350631279688
0.0108604749597938
-0.0449035804425422
-0.0308624068673703
0.0309523304280062
0.02415321447562
0.0263083998872498
0.00494364172085593
-0.0134827005597896
-0.00184693875845476
0.00795634223170838
0.00569071149217182
0.00547593319339246
0.00353998372587783
-0.0027134226250618
0.00263015594721283
0.00262318400841655
-0.00288703547048119
-0.00714797341154472
0.00227831944923951
-0.00636482979546737
0.0117130217030839
-0.00217074895388469
0.00634515047135609
-0.00486393455766354
-0.0010861875157625
-0.0298115347063109
0.0116746053983376
0.000830908419497955
0.0119914671343431
0.00218756724261748
0.0063665758899476
-0.00198826928173024
-0.00172056506384144
-0.00426343440245702
0.0011843400159699
-0.00263877156253378
-0.00054737705914254
-0.00346878128337424
0.00274803522484257
-0.000365406043980832
-0.00795030613177383
0.00764555098831154
0.00045710760085127
0.000365506206770672
0.00575445727746282
-0.000726564338147551
0.0128147142853288
-0.00224335961515865
0.00143894232504826
0
0.00673551875591416
0.000981275664251102
0.000534693882316306
-0.00596774755413954
-0.0239247136904069
0.0200128614706692
-0.0138601474767335
-0.00538465820936385
0.0122040279261142
-0.00824944262985117
0.00530165438205388
0.00300050000907892
0.0163176777502978
0.0111497635255573
-0.0106739501528409
-0.00472580464153716
0.00698798583619475
-0.0010676423297572
-0.0121125847177822
0.0141543457294329
-0.00426701047678923
-0.00562454235113752
0.00332198787902649
0.0127964205816555
-0.00600812864463696
-0.00471110222222226
-0.0189336695638682
0.00773781534342866
-0.00460700102819322
0.00453761676127384
-0.00650466155019136
0.00563785572758158
0.000994674057136269
-0.00614272826041717
-0.0042718961353907
0.00438152429808691
-0.0203580661670277
0.00371092862314759
0.00212585262730647
0.026563411299823
-0.00422283007485647
-0.0182261478259289
-0.0116716939926788
0.00874095212255011
-0.00636063772970208
0.0333982555580457
0.00682290157844423
-0.0108783056463966
0.0163165780221761
-0.0199574245158316
-0.00271514169092479
-0.000544559387520516
-0.00145279219430117
0.013276338880819
0.00475634030332928
0.00857448203442734
0.00389659057556835
0.0013232268761183
0.00264290366235742
-0.00905016271066084
0.0077141603805122
0.003959489591562
-0.017966652374525
-0.00383757240952509
0.00671922576457917
0.00747526900039319
0.0242027914866425
-0.0263906690743596
0.00124014528514604
-0.00256569939454754
-0.00159659396126655
-0.00719614440647021
0.00572706040268467
-0.002669303342551
0.00214119019149561
-0.00445117057863131
0.0037556826655516
0.00204902449888644
0.00364505680178562
-0.00345468157901219
-0.0069333244444445
-0.0026853114689821
0.000987264422675604
0.00493143553242548
0.0109742681838996
0.00150035304033813
0.00766650490835818
-0.00830779201237941
-0.00679016742874483
0.000355154053675477
0
0.0055028224993845
0.00291289608162315
0.00378454487454993
-0.015519543651393
-0.00187031529987824
-0.00330153475506378
0.00456581928108735
0.00561444617783136
0.000974840516654973
0.00389554680554793
-0.0116412294879729
0.00562145980190953
-0.013575856616926
0.0117837997982153
0.014046896851523
0.000175381381297246
0.00149016477050901
0.000962809628008765
0.00708286982264017
0.00364676571410549
0.00242241551768885
-0.000172650379580919
0.00612861469363168
0.00617708486920199
0.00213165076851674
-0.0166765848436705
0.000259565631219205
0.0051038409187516
0.00318440479930437
-0.00163001890236814
-0.00618717007337355
0.0160830088009856
-0.00893543513002415
0.000171767131819989
-0.00661061109347671
-0.0014691729450278
0.00069241820415078
0.00614079728055361
0.0131522304968241
0.00916342262715575
-0.00437198580171538
0.00506670334515635
0.00184843728403039
-0.00276747740301031
-0.00613913022826906
-0.0051616178710443
0.00119077145530322
-0.00195392066905042
0.000510708192610565
0.00553004079011377
0.00583801496170544
-0.00942122331984918
0.00611413882278966
0.00177244256146758
-0.0030331114157367
0.00481703701821967
0.00277544991126244
0.00134191055920718
0.0020939777376161
0.00100303411069058
-0.000250492647787426
-0.00885329469172391
-0.00480323594511234
0.00804407295586929
-0.00159598484008439
0.00218746422524418
0.0120886078218114
-0.0176675351305164
0.00515073038925951
0.00865254529021708
0
0.000582984925460162
-0.00249711172379818
0.00375504852319919
-0.00307592482271235
0.00350231827055225
0.00714642702830059
0.00882838305680833
0.00441646367260473
0.0121326034057911
-0.00168951725608568
0.00169237655547994
-0.000482743351180814
0.0122344174538702
0.00174937179151757
0
0.00563580713678835
0.00465701310826394
0.00856376499500122
0.00148012002337472
0.00490046678438794
0.00874684559568317
-0.00237885192869891
0.00538429372295557
0.00153008177866587
0.00557631179966966
-0.00182319205274373
-0.00304409450734067
-0.00412208396946567
0.00728190210813029
0.00228295404359025
0.00706090616182253
0.00294028952759584
0.00774260698896945
0.00708635696085858
0.00474038236946828
0.00597134563824597
0.00249154318158595
-0.00475152767357767
-0.00624304838382872
-0.00776055415165067
-0.0137803054003725
0.00475834613708526
-0.00338267310668772
0.0105596166758242
-0.00850873290069354
0.000828071388981222
0.00157959386791107
-0.00142687739781078
0.00315859213989178
0.0121448085474536
0.00214804837227045
-0.00931271228427089
0.00462556723648877
0.00720333410951057
0.00435004039113607
0.00455142413337684
0.00416550728341125
0.0048031655686438
0.00557680133962779
0.00216078225758509
0.00352167603508469
0.00264982444138706
-0.00750002142857142
-0.0218783236101834
0.0203075117266571
-0.00360568260771155
0.0102771804339175
-0.00257898137628731
-0.00186737777396762
-0.000143944735238266
-0.00129537966092941
-0.00136918638411221
0.011617837904202
-0.00955842771155668
-0.00331297789068885
0.00917699984953391
-0.00272092932204115
0.000287248709701649
-0.0188056981650885
-0.00131670083357793
0.012086096921005
0.0101325108219226
-0.00967260824168337
-0.00318334536837395
0.00195967485817738
0.0023904526825691
-0.00346878871698275
0.0018129079831577
0.00731096665845676
-0.00215581339017479
0.0107302678184482
-0.000855076557674028
-0.0115524142209915
0.0290743667190363
0.000140248178212676
0.00161218977675071
0.000699881032261818
-0.00594451339448521
0.00823131425518042
0.00516366625027787
0.00270738626780864
0.0106618248316004
-0.0071242226914433
0.00745137287910347
-0.00547872194278265
0.00729925625052164
0.00102538967066845
0.00355121235305944
-0.00578421924023576
0.0081450167770698
0.000135820496644401
-0.00448037478080754
-6.81554750012747e-05
0.00136386389364351
0.00347323627004181
0.00190023066575251
0.000948309931981584
0.00994789849230826
0.00093808627251124
