0.0163440430107527
0.0124841308711015
0.0436781627451688
-0.00520620765743729
0.0209340177133657
0.00690059121054443
0.00607013902486786
0.0241338254521672
-0.00475104541053006
0.00611036876495574
0.0125260965088667
-0.0013120900210718
-0.0155780411253018
0.00133460438512878
0.0118050266565117
0.00489277380504327
0.00224715347388948
0.00205534379671146
-0.00372929316691051
-0.00954523675837549
0.00472411204550682
0.0139176608582907
-0.0029679094787608
-0.00837209302325592
0.0018762101313321
0.0249063286551936
0.00073086058834293
0.00219098046375743
-0.00473670978320284
-0.0128135085918539
-0.00278142035972562
-0.00409066582709805
0.0309932774087649
-0.00362191221941643
0.00181748455107233
-0.0181422357816486
0.0110865488206411
-0.0232091000289071
0.013096389148737
-0.0118190946696548
-0.000934367442884221
-0.00729517396184065
0.0195967589975503
0.017002365551654
-0.0103579505854243
0.016342232831436
0.0121048242856305
0.00303459478757584
0.00765260749786822
0.000883080214873821
0.00211755786545109
-0.00669131889417152
-0.00709097677716708
-0.017496876182713
-0.00817728541440255
0.00732865491650214
0.0260094579847217
-0.0159546534302427
0.00396328603722873
-0.00430644177283335
-0.00252304910711654
-0.0202348336128215
0.00792919048497143
-0.00274427369191355
0.00201797842663654
0.0208714764141882
-0.00376610486965956
0.00558055805580571
0.069280343716434
-0.00619454210614423
0
0.00084231805929913
0.00656455142231938
0.0182274247491638
0.0036130727541468
0.00294550810014726
0.00261054005547412
-0.00113910496338498
0.0118930918249238
0.00209309289969406
0.00674803962891901
0.00159588254069587
-0.00446140868264533
0.00800256081946227
-0.000635154017148198
0.00571976503717075
0.00379146919431284
-0.00330497324519985
-0.00631615328229429
0.00889880819958688
-0.00724529824396603
0.022528923450069
-0.0193948188918428
0.0028481329113923
0.000946607732830396
-0.00630513891252016
0.00967642766497456
-0.0113118928103098
0.00365485460034964
-0.00158324889170358
-0.0161751025634284
0.011927756286267
0.00541573766854864
0.0304182836000724
-0.0121463714637148
0.00404672373540849
-0.00821581124737836
0.00250078149421706
-0.0104458684128469
0.00693237728273588
0.0145516507588797
0.0141888657735265
-0.00152065080533303
-0.00639667947629119
0.00183939306681147
0.00367194002447979
-0.0120426832939844
0.00262314465740299
-0.00369353624539626
0.00370722903018916
-0.0076946748110388
0.018455240790618
0.000609136610602468
-0.00654393547405252
-0.013786765128271
0.0100963035133987
0.00599723223119275
0.0062672579109524
-0.00273431557848036
0.0143182630824596
-0.00780892072737183
-0.0161949447555622
-0.0112308307692307
-0.00575686981527124
0.0259780273559302
0.0071690057098539
-0.00469477524442774
0.00456472901507232
0.0160558325389779
0.0161002082259927
0.000293368527384485
0.000586711645643723
0.0111404570172835
0.00739335996559243
0.003885508818118
0.00129008023824317
0.00400858995013853
-0.00199629265638934
-0.00400054304902264
0.00846369244010914
-0.00014230440157581
0.0153649452269169
0.00336272934390558
-0.00321186985057953
0.00616421984209059
-0.00891116680590343
0.015734813149761
-0.0116183119436619
0.000139966414777426
-0.0131524272239419
-0.00113429749423799
0.00837479110715655
0.0267455236486487
0.00342747454270698
-0.00560191267654286
0.00618309992259114
0.00177517401200755
0.00422570883315165
-0.000271426639647854
0.00393754232348842
0.000270462529876392
-0.0117631692806922
0.00191555626846651
0.0025944829936102
-0.0250612374029214
0.00558818090002289
0.0194497627424417
-0.00844911443033836
-0.00357341936301758
-0.0299310068965518
-0.0786292882516908
0.00848756120447147
0.015455272087384
0.0174803496081979
0.0068129150955516
-0.000294263001220152
0.00206000588581534
0.000293744502019022
0.0183499701012928
-0.0144154529503978
0.00204768167185376
0.0559041583446458
-0.000414680697521819
-0.032360614918009
0.00714591947560606
0.00681132377433458
0.0100071605359922
0.00223270989490865
-0.00264553049289884
0.00111687843408848
0.00543854413610378
-0.0145630239823308
-0.000985221619410614
0.0167652005204171
-0.030067868368238
-0.0158571428571429
0.010015996516185
0.0102040525954572
0.0108124057476169
0.000562871185763703
-0.0177239284132187
-0.0302162385732139
-0.0351448010884583
-0.0676461320873053
-0.00722255440651853
0.0454695767195767
0.0105962675944964
0.0115805630178227
-0.00201110767326729
-0.0258874895089911
0.0189369509866328
0.0281118859319656
-0.011392981577002
0.0319606935476124
0.00431792708052847
0.0130467909886902
0.00834187009097431
-0.00188687948078714
0.0141050175428248
0.00516203054665998
-0.000713181190104994
-0.0172734893776737
0.00246958178207923
-0.0211563245571272
0.00903034735571584
-0.0127641424434188
0.00936243126764746
-0.0201707014184542
-0.0399700051107436
0.020347503521678
0.00368151545692541
0.00534919761577246
0.0343569788494065
-0.0121987066431513
0.0162178842434162
0.0481697189944528
-0.0117334271117993
-0.00452296819787978
-0.0228595768848504
-0.00566695727986033
0.0147596375858541
0.0054723212709582
0.0150386995130336
-0.00112885561933518
-0.0299477609831897
0.0595602755077989
0.0148432376348753
-0.000812540672401885
0.000271157502606645
0.035501271788549
-0.000523423201345907
0.00576069666825596
0.00989328299921888
-0.00979636478998802
0.00247334027596979
0.00844048802907449
0.00746837458313809
-0.012781186420787
-0.00323666502425335
0.011559943150018
-0.0195171807785615
-0.0099528810895757
0.0197089687753695
-0.00103767030938751
0.0284377865618026
-0.00505040429547499
-0.00799499959416239
0.00537287975880463
0.0173050015169869
0.00150098819266975
0.00986636692893716
-0.0136037348503586
0.0124122113236658
-0.0156037399380805
-0.0272990068511514
0.0209519141231249
0.000886749407480236
-0.00556894049945733
-0.0161638793432607
0.0100905298788858
-0.0208761008996899
0.0130804454195133
0.00387351859901974
0.00527336334405137
-0.0211105669851296
-0.00392108210897713
-0.0030179241569348
0.0048696233287906
0.00982318296851825
0.00246435804058009
0.0135851468495276
0
-0.00395708470549316
-0.0181981037600437
-0.0186659704999347
-0.00558656557595116
-0.0197967356929711
-0.048853740416314
-0.0355809776517061
-0.0258851227049949
0.0138973113074337
-0.0474468745292966
0.0145477857511769
-0.0101310155778668
-0.0149582117763569
-0.00799232711021969
0.0341604565207718
0.022125241508258
-0.0219511287180222
0.0673316666252077
-0.0360689523324209
0.0280260255104976
0.0293250515767758
-0.00171788122313199
-0.0222286521021853
-0.00308005280140822
-0.00323675141277757
-0.0323247527675278
-0.0395057364095709
0.0122280447124647
0.010040727642274
0.002485275007309
0.0196776882553453
0.0179304062583319
0.0300045090313332
-0.000434753623188455
-0.00173994485312612
0.0159767324902464
-0.0148676491704159
0.0155274987358873
0.0177193187928368
0.0116540575216497
-0.0231784303578942
0.0370844000308155
-0.00178103854722667
0.00219593741421908
0.0153383191091929
-0.0164553817102777
0.0054854910994373
-0.00968357883251492
0.0111554606803472
-0.00258776907076474
0.00382354205524837
-0.00421719482472604
0.00314213131924235
0.0228789323164917
0.0059911862601516
0.00251458450276831
-0.00277227722772266
-0.0145617950754567
0.00550773762741152
0.00627925200478963
0.0191184545937335
-0.00442944230251574
-0.00143941380370116
0.0191324602052803
-0.0108010292298331
0.000389964903158457
0.0139033004158007
-0.0160194800978978
0.00390731971626246
-0.0085625841057968
0.00706623938932815
0.0271570166320168
-0.00961421836234178
0.0120066930642482
0.00517475677522383
-0.0128076092415872
0.00699562434506174
0.00997855273407966
0.00562786393196602
-0.0129337389412392
0.00831543383355338
-0.0109958268398308
-0.0229943140115146
-0.0014224750698959
0.017223542677453
-0.0176957342993898
-0.00660966787922923
-0.00652315703788242
0.023374891047278
-0.0029514179391763
0.0141571178459263
-0.00583766467829117
0.00319121793164245
-0.00432619948218349
0.0102236932907349
-0.00316255518469044
0.0177663950372389
-0.00748127219357964
0.0115577641094917
0.000993566865055362
0.0301488841228013
0.00325190902690364
-0.00420177650891829
0.00470162771315863
-0.0124789062864845
0.0023085539582719
0.00242458485694241
-0.00810262406330575
0.0101195079307246
0.0119492821230966
0.0157443709801703
0.000704532611341735
-0.0180708984259351
-0.00633362810707461
-0.00108242931852254
0.00698292817199442
0.00239115255858446
0.00715656045594293
0.0107768353676732
-0.00644398374795507
0.000943325427201547
0.0212064331104249
-0.0335718043377942
-0.0229198769449626
0.0223579968810752
0.0229445267686423
0.0293224539561321
-0.0102145045965272
-0.0077972938883154
0.00797415943543633
0.00298099053013101
0.020118814809382
0.0116539670922002
0.00753214460638318
-0.00549692172383465
0.00210039796595196
0.00341972413856095
0.00428757695690418
-0.0106185005061522
0.0021022571830549
-0.0101578668433255
-0.00100394866695053
-0.0089325147148841
0.0558810262307115
-0.000320102425947266
-0.00128084104427717
-0.00726728652345832
-0.000968844870276708
-0.0037716377684639
0.00865336976326092
0.00150134048257367
0.0102794517614306
-0.00593532603996449
0.0059707644738245
-0.000106009541197882
0.00551202058562739
-0.00801182795698929
0.00690756656551672
-0.0130870501319261
0.000855459290868055
0.00331238394325828
0.00330136308197293
0.00467043838233749
0.0120443526245251
-0.00542858335943208
0.0024142333332311
-0.00188481675392682
0.0137431598825011
0.00217321747228016
-0.00371738966201529
-0.00124382250232902
0.00643424657534242
-0.0123737466540008
0.0018793276650515
0.0090662984576908
-0.0593824215763209
0.0211901620292017
-0.0151597029317342
0.00120089522272693
0.0171191582161161
-0.0122212481179513
0.0110701541133058
0.00128804202284072
0.0169382722328102
0.0215053974277883
-0.000206439624222066
-0.00691575158785618
0.0241138966843364
0.00568352797490146
-0.0119082858778196
0.00898780475997119
0.00840168033201727
0.0070266812482096
0.0140550637958532
0.0107145970425795
-0.0280100953121959
0.00240142080445427
-0.0109802156118988
0.00645942659549004
-0.0114320093976733
-0.00730373286054498
0.00878808501941553
-0.00324149102022908
-0.00813012178597317
-0.00696721325752481
-0.00763514254302811
0.00603038053649407
-0.0338982837143803
-0.0288832465176188
-0.0107952635116825
0.002004454253699
0.0040007999999645
-0.00996229842649088
-0.0156529737108011
-0.0047705361199456
0.0239671302449866
0.0158269947430452
0.00921663375027415
0.0345727316993811
0.0153425592542009
-0.00517491191937669
-0.010403661872583
-0.000630824208771585
-0.0122027774500899
0.0031948242131028
-0.000636900239358806
0.0121096027193541
0.0123845720483746
0.00704955421936559
0.0129709903232449
-0.00995939004147572
0.00431120928579776
-0.0059279847067859
0.00740285816568242
0.00489891794656394
0.0136096282754419
0.00360721428428001
0.0133785537788118
-0.000591113300492552
0.00295737375872673
-0.00904263827487006
-0.0099186669311645
-0.00901624924864741
-0.0171855644396598
-0.00205725155200043
0.00288608546221747
0.000616608402195018
-0.00143794165981925
-0.0148118079651962
-0.00104403844318313
0.00836124581939779
-0.0134743360914453
0.00147089724732075
-0.00650444817456985
0.00316794099970186
0.00884206315789471
-0.00459092256222549
0.000419287202950036
-0.00670576264237721
0.00759485200021737
0.0115159761941364
-0.00993581018555556
0.0131715863193984
-0.0121749899334501
0.000626759988024972
-0.00939459250962038
0.00927287651690456
0.0016705366813643
0.0210548046475962
0.00877909350755401
-0.0121432705929974
-0.0047121285656192
-0.00267601882766488
0.00619192969676097
-0.00615382564102562
-0.0260062326933698
0.0459843620679032
0.00425443670473191
-0.00423641315311685
0
0.0107373984858714
-0.00120258571261955
0.00240816767376417
-0.00560566555344011
-0.00664380940784404
0.00689096068098904
-0.00181159420289845
0.0141157693083283
0.00377806713505535
0.000792393026941562
0.00079178543151226
0.0112737339542379
-0.0150596515732515
0.0142970807327825
-0.0236883898320912
0.00621618219803843
-0.0111598445595855
0.000403063289058148
-0.0020144641824027
-0.00161489702028861
0.0127375861855556
0.00798566580155713
0.000792176637267605
0.0255294087775462
0.000193014280200687
0.00655982996103299
-0.000575023982174572
-0.022631377495807
0.000784948994994927
0.00529411764705889
-0.000780183343085716
0.00312315049775536
-0.00136211327811087
-0.0101325214341388
0.00669291351757706
0.000391102862555615
-0.013682584050039
-0.00653979402575899
-0.00917620169207656
0.00442925324861099
-0.00040088194830401
0.00922404269548904
0.00933830680157732
-0.0187008074547403
-0.00581739240992551
0.0173526429105602
-0.00277665619899481
0.00178997616925169
0.0127059561783991
0.00705745959841053
0.0122639870014403
0.0146153461538463
0.00398034510918666
0.0273739281220704
-0.00992276772961287
-0.00389760571830722
-0.00857087790463484
0.0152227215790777
0.0146242317660126
0.00948733790389822
-0.00885599100466317
0
-0.00893512035010946
-0.00441576833176704
-0.010534097014709
0.00859168829675605
0.0092592592592593
-0.0196330275229358
-0.00767359161519743
0.0149000565824218
0.000929195299587571
0.00501299656492771
0.00295584698030948
0.00386809718423109
-0.00788990825688074
0.0057333271684854
0.0090106287419891
0.00674326602411623
0.0182838154133305
-0.00142225777777782
-0.0160227529294197
0.00995114890537363
0.00985308133285567
-0.00585414237811155
0.0014275160344841
0.012829668795967
0.000351882477128695
-0.00105525851116317
-0.00105628522986423
0.0137468800230216
-0.0126912204450627
-0.00598696943146726
-0.00318868019152019
0.00159944908476972
0.00691978341164345
-0.00828195594713665
0.00390904413484439
-0.00973449557522121
0.00679179612525838
0.00390550314555282
0.0114942884437541
-0.0108391431671478
0.0118416043887732
-0.000873344978165935
-0.00104898599564707
0.00577532386726154
0.000173986424673922
-0.000695911621433454
0.00295964489832246
-0.00520742917536132
0.00471123704918441
-0.015804167564982
-0.0128815780088787
-0.0116195568755731
-0.00506426107679026
-0.0149063630215003
-0.00516698662422943
0.00704880356149129
-0.0136305394431655
0.00354814198969455
0.0128395603706901
-0.00312331434870472
0.012347991608846
-0.00691791370835604
-0.00274971590741913
-0.00680152548523816
-0.00906899887227464
0.00261484866240491
0.00838302906110289
0.00387953068761271
0.00883327199116657
-0.0145932141554177
-0.00166604961125516
-0.00333765992953827
0.0124650790697673
-0.00385885717967127
-0.0138350860327446
0.00823050894557631
0.00500920204047484
0.0029537383405478
0.0136204301998737
0.0112583802433266
0.00179569046140582
-0.00448108972071892
-0.000180086420956349
0.00630293546376626
0.0114530957148695
0.017869762915782
0.011124613438634
-0.00378196677950715
0.00310612591706416
0.00154825388700752
0.00103053931586139
0.00343172620850596
0.0100889192886457
-0.00118503470458775
0.00932201694915258
-0.00940381208066865
0.00152568226731042
-0.00135412994738893
-0.00169488135593221
0.00899826794572944
0.0094228840652868
0.00666772773236457
0.00778277873460453
-0.000985902054125742
0.00328949018568236
-0.00393445901639344
-0.00049371298530998
-0.00131727317635433
0.0131904200102086
-0.00471930016730193
