-0.0117227084961481
0.0242883085502139
0.0156611672143192
-0.0230209044639333
0.0244525616933138
-0.0129108714963845
-0.029237226998113
0.0229845788043479
0.0107360489371566
-0.0203679478756023
0.0259333783359421
-0.0113314557782901
-0.0178531522559655
0.0246857823826598
0.0239816250547527
0.00855519177510011
-0.0208885806571641
0.00725585909706994
-0.0170949786669179
-0.0214394994845658
0.0081601051661091
-0.0135270093463354
0.00472066983566743
0.00973266595517019
0.0244848100047681
0.00875957598399957
-0.00857628654134102
-0.027032871095387
-0.0168926867006217
-0.105245275890179
-0.00530636752226488
0.00533467526985865
0.0192039919342011
-0.0159910875416162
-0.00390522816472283
-0.0303528771974199
0.0226947442988064
-0.0354547488608724
-0.00502442172515227
-0.0253821129568106
-0.0181346342042342
0.0233300923946649
0.0666304229439427
0.0306616292789219
0.0475249833964946
-0.0142587672135427
0.00705314986125161
-0.0137701332803926
0.00132402500423634
0.00769323217470275
-0.00345939392915662
-0.0124491379883992
-0.00254544242424237
-0.0788673948369498
-0.00738792846749625
0.015949016904546
0.0323129504889337
0.00291464945306563
-0.0516805161951038
0.00999333737534958
0.0204484820402975
-0.0241757601596836
0.0393480906459422
-0.00866794169539598
0.0381895475706395
0.00966062694229941
-0.000981292970361536
0.0149803778246469
-0.000121001687829581
-0.0419842942048567
0.0121242611770649
0.0200898555039912
0.0124770275229358
0.0341911453736068
-0.0295560520924312
0.00734320452630333
-0.0117113169216062
0.00918986732248617
0.0105439373417677
0.015058158172073
0.019857458008907
0.0243958773198003
-0.00860916796491129
-0.0202999327912471
-0.00886387675156408
-0.00754937299766256
0.000819192539000424
0.00432649687768349
0.00605431372749221
-0.0135401683351386
-0.0118488388514509
-0.0262377528349369
0.00926605739817332
0.00688570919166098
-0.00611880038677381
-0.0133992401448209
-0.0117460658847645
-0.0220378737911802
0.00632991533940785
-0.0163542084879659
0.00294150139553651
0.0283091182940352
-0.00248012155853317
0.0267279207675801
-0.0261532401575609
0.0188983836876786
-0.0111042835059529
0.00456568355669185
0.0114235591979581
0.0104445110733307
-0.0121393634184865
0.020197055111399
-0.012403101071034
0.0126796645979874
0.0082280227971856
0.0154937664520247
-0.00489167243312738
0.00795881301594537
0.032280526046893
0.0134982674128623
-0.0157602445229799
0.0242444970681099
0.0408455237070238
-0.0063465093468742
-0.00276774531045887
-0.000213450042698571
-0.0117446717170758
0.00518585793400739
0.00451416590161036
-0.0086667773236333
0.00550460862375379
0.00536711011734181
0.00256243849829429
0.00212988280873527
-0.0019128587016547
-0.0020229451027034
-0.0470500678422042
0.00380658307210036
-0.00992646620894633
-0.0023656528905821
-0.0252935642568556
-0.00150600092678388
-0.0125304672808804
-0.00728472556356796
0.00213042968707389
0.00366133231749921
-0.0167098723213743
-0.00191474394243041
0.026378848288277
0.00665887866025416
-0.0230938615085032
-0.000356355428843047
-0.00273326196712387
-0.00369395861997057
0.00275080728679811
0.0113311670482428
-0.0102606792043792
-0.00619632998561326
0.0130694960894606
-0.0181086405044063
0.00313406464722843
0.0167027154926374
-0.00803688679781467
-0.00965086381508407
-0.00541391943886227
0.011370545817601
-0.00693699309966511
-0.00168613756095548
-0.0129086622380102
0.00183330481544863
0.00304989626631813
-0.0093651665122213
-0.00883970566628745
0.0078037653485532
-0.0340462753927449
-0.00674383543676482
-0.0112733541192249
-0.00518270277273913
-0.0052097161397463
0.020162360048273
-0.0314424674394885
0.00808269500354175
-0.00486334109192055
-0.000132109366425937
0.00885080616317602
-0.0153202298551697
-0.00678184867480769
-0.0108448919307835
-0.0170546027499163
0.0103277329801268
-0.00967696566674525
-0.00165156886035955
-0.0128205126437758
-0.0226225803292476
0.0408629815934556
0.0470830623770231
0.00458833251951152
-0.0297533484178526
-0.01519834607124
0.0147500954008455
-0.00390310885990142
0.0289150107035534
-0.0407091125224133
0.0362764393041846
-0.0030382563951753
0.0348482438737481
-0.0238156216085946
0.000131190979307139
0.00380329180327865
0.00130648025468405
-0.0555845779695274
-0.0183751596452816
-0.031949386406078
-0.046961268493185
-0.0237986411686359
0.0182841375751168
0.059085294101578
0.0279669604994361
0.00902170823169679
-0.0459625720602801
0.0181578266487359
-0.000287602477888727
-0.0168321963219049
0.019900513309951
-0.0358680072826976
0.000148839292358982
-0.0232107874306023
-0.00990102026196438
0.0110769384615383
0.0520389219105459
-0.00824412797576135
-0.045209260609596
0.00595692674573201
-0.0159429545104319
-0.0251504096636447
0.00823046850269082
-0.016169591582895
-0.0516993474293712
-0.00656232542486967
0.0228658193959042
0.00927309172500568
0.0518457743749667
0.037123646277903
0.0324861492701505
0.00713761086270615
0.0461383142339935
0.000967786507181545
-0.0180940050250274
-0.00717392078626655
0.0140266077068119
0.0194215313678916
0.0058936404316563
-0.014715915175309
0.013552800817392
-0.0237412740654759
0.0202655057890073
-0.0132876849315068
-0.042065792615102
-0.0537681014492754
0.0039822636853688
0.0309687094903717
-0.0103581677905247
0.00747607689037433
0.0513505365694806
-0.00875204736036406
-0.00170895753761091
-0.0213980034635665
-0.0102040236211085
-0.0659794384100313
-0.0380006319142425
-0.0411407651578681
0.0264957094017093
0.0343047799218115
-0.0159394941887055
0.0101440283073302
-0.0340136529312065
-0.0150904932107729
0.0274088516374242
0.0276719478930223
-0.0143501934859723
-0.00687063623637107
-0.0133420690716862
0.0100166607673904
-0.0285950413223141
-0.0107197719925132
-0.0228757829871996
-0.0550959504471756
-0.0346497764530551
-0.0191045542261675
0.00786932882670355
-0.0327933047042748
-0.0395559846529966
0.0254254885480143
-0.0231557586712245
-0.0197188596483684
-0.0226835437620372
0.0192686892607266
0.0429645551657263
0.0607621227757389
-0.00543687378640767
-0.0298711825483956
0.000805011084826113
-0.0271465714860245
0.0041339602287318
0.0113215104437419
-0.0124160591814357
-0.0978977741137675
-0.0836188942197854
0.0112191470650924
-0.0692801018422066
-0.0111257748344371
-0.0661666452629711
0.00401603545565021
-0.0851428571428571
-0.0365396627108058
-0.0100485899513777
0.0985591978205895
0.0575261119977977
-0.0893460822998872
0.0705663549809239
0.0271754553339114
0.0484098240475606
0.0493959731543625
-0.0214888718342288
0.0264051764705884
0.0822721386791714
-0.0265945151049887
-0.0142650141618709
-0.0176600686779496
-0.0701622239740881
0.00402784618540042
-0.045734127995029
0.0596973374439462
0.0338534505725088
0.0360706062931695
-0.0856790370370372
-0.0453686482681244
0.0565770894810234
-0.0548861876779753
0.02577903755748
0.0394918541698939
0.0100956697687478
-0.00184110994213582
0.0569169945476418
0.0633258772544036
0.00773735016471977
0.0530478827361565
-0.00353513051414633
-0.0878048597696167
0.0286825724035626
0.00425330812854452
0.0891764941176469
0.00043205875065766
0.0153314399626121
0.0359421310080816
0.0112912956536912
-0.0101502237170209
-0.00307623064299567
-0.0123432007335279
-0.0358258086159472
-0.000432080353594988
-0.0138318348822132
0.0131492217148976
0.00346093445814422
0.0038801682233276
-0.0163194975305991
-0.0266317610427469
-0.0109890558421172
0.0365079608393635
0.000875103935136679
0.0555191475409835
-0.0157382891750198
0.0542815496377351
-0.0157653359456129
0.00283858475263599
-0.0111200770545913
0.0249437947250051
0.00797921388431644
0.00257274891297743
-0.0124358665613896
0.0503697791399118
-0.0277830452480122
0.0248581131336856
0.0462184483151558
-0.0288426073173166
-0.00827073292724179
-0.0153524835235969
-0.0356112216436724
-0.0614770084421958
-0.019566184602297
0.00997837353485354
-0.0337199090695897
0.044898775510168
0.0193575843164255
0.00688651948608188
-0.0109844352331605
0.0303855190614937
0.0115925162331711
-0.0160836945684079
0.00572133236046857
0.0016253148796157
-0.00202835703911475
0.0211382312776782
0.0368232071328343
0.00364751391821838
-0.0143458304197749
0.00640407542022281
0.0104126685227022
-0.0135496750553559
-0.00483652553369174
0.035769829622275
0.0364114496323471
-0.000724393322629635
-0.0126857557085901
-0.0271659324522761
0.00150947169811322
0.0116804630112863
-0.00595903154638677
-0.00149872608657309
0.0292683307555033
-0.000182336854131604
0.012032817211771
-0.0201765274788877
0.0207758966864477
-0.0484509726224784
-0.0630324034437856
0.0329293131313131
0.0402894183397338
0.00112805040661867
0.0307981032863851
-0.023319329993065
0.0294720755554547
0.000543612983214592
0.0124954543191695
-0.000894276515828962
0.0279269060521499
-0.0229885065478407
-0.0103386456448714
-0.00918591498559074
0.00163606622926982
-0.0226860262317977
0.0124420060331294
-0.00641969919295682
0.00867640792602575
-0.0140922403750411
0.0161500467078159
-0.0171721404029177
-0.00817840163900385
0.0219264988394585
-0.0491472776296952
-0.0042429509833346
0.02033699360184
-0.026765375854214
0.029256875365711
0.00530602615122211
-0.00565502366927473
-0.0022748625592417
0.02622072912368
0.0049990929457171
0.00589533909166073
-0.00824168528357816
0.0042474421330585
0.0286869799800114
-0.0198426353207478
-0.010213422935859
0.0327989496959646
-0.0337198757131111
0.0182792097488922
0.00199448768832333
0.0173724761987868
-0.00782643173556696
-0.0414126576086886
0.00130914529064619
0.0550990090567984
0.0123915201844036
-0.000174838261493893
0.0328786463798532
-0.0218422109407007
0.000346217760083034
-0.00346082361202926
-0.0342073450251781
0.0235526972950864
0.0103636044264888
0
0.0132127781641167
0.0477007901115443
0.00245656727060983
-0.0279365957839667
-0.01613443697479
-0.0046122479567432
0.0514844688518963
0.0213808062673413
0.0124640296432077
0.000946922333539879
0.000788442156683722
0.0105561365912064
-0.00452137518742401
-0.00610805030878769
0.0146549009557975
-0.0104053115453535
0.00329565280452515
0.00218989519787249
-0.0109255657874199
-0.0135711064158293
0.00735887081615338
0.0152453388082365
-0.00265918973877677
-0.00345039220358834
-0.00865594887227028
-0.0307985860994257
-0.0024569533571982
0.00853852188707638
0.000651269965850521
-0.0328669058390321
0.00858011454542584
0.00316927434246428
0.00182908217208322
-0.0270539585062241
0.0271238489785715
-0.00797208118206427
0.0244433115687259
0.0111129271304613
-0.0134151933637497
-0.00884667416699414
0.0340496033057851
-0.00991051774439711
-0.00791084933662978
0.000976354744078867
0.0409689657281407
0.000312416059853549
0.0148321148400259
-0.0192307692307693
-0.0274509803921569
-0.0296774193548388
0.149434873670213
-0.00809842348233047
-0.000437352409234815
-0.00393811271698097
-0.00117150386335485
0.0155402142726906
0.0142919740562426
0.00298888405952513
0.00454093934240207
0.0268399628924996
-0.0276516982349237
-0.00495186757215638
0.00398121700607956
0.0107633761398758
-0.00560462355592173
-0.00309991541355614
0.000282643109540626
0.00678257765080859
0.00407018947368432
-0.0125804023961364
-0.00750280305071926
-0.00542002559663346
0.00745729209275958
0.00797150177935935
0.0112978819742378
0.0018153469932225
-0.0245329669510167
-0.00571593287871108
0.0290312725199404
-0.00153631289207579
-0.00349699268420733
-0.00729922816673867
-0.0117364534539528
0.00414939196092989
-0.00213737532060421
-0.00242750253359292
0.0188949181377769
-0.00716496206799666
0.00665064402577165
-0.0158841301080143
-0.0168547345563568
0.010169940137442
-0.0168272402822846
0.0108249998416472
0.0188133724692727
-0.0184659653844896
-0.028364675205924
0.000148987193163252
0.0189128214769079
0.0134463318750753
-0.0173059859997684
0.00278842093907272
-0.0118543096193673
-0.013625578212037
0.00255253761419039
0.00658981608161513
-0.020383916387203
0.00212647339771999
-0.0183389806757055
0.00200717934262062
-0.00385208000455839
0.021190950620543
-0.0292335820615078
-0.0137306452632638
0.000632827094333654
-0.00142292490118578
-0.0278657061431286
0.00879473912720719
-0.000807232818973658
0.0150266766040825
-0.0160776663482968
0.0367254645409243
-0.0106117349996336
-0.00236596207047435
-0.00648221343873512
-0.0162316995544239
-0.00307342284050471
-0.0136297255617439
-0.00740254963970133
-0.00662911832946644
0.0200200203540211
0.0214262679330433
-0.00448363483613079
-0.00273440574986028
-0.00338708064516136
0.0148891080289837
0.00223248289319855
0.000636451889783674
-0.00731434261908648
0.00736823642479578
0.000159055496248284
-0.00572338614552037
-0.023185177115683
0.00196429857587166
-0.0130697437194862
-0.0211885283893395
-0.00219856245224825
0.00491527118644064
0.00134926629534049
0.0119589525342589
-0.00199738675108563
-0.0473649107299018
-0.00175068280375845
-0.00613823219922838
-0.00688193071755538
-0.0769367106776245
-0.000192531276370866
0.0125144592320843
-0.00532418710781524
-0.0187344481220714
0.0146113378292874
-0.0103686823975161
0.00174621649696904
0.00484214594533894
-0.00250580180212412
-0.00019319806763296
0.00657131787509413
0.0234254407286696
0.000938067559813627
0.00412374898308343
-0.00410681351502706
-0.0239924657541692
-0.004417130785481
-0.0206404320987654
-0.00472722079968502
0.0114783695127325
-0.0205439244659767
-0.00838997186596135
0.00926670042841859
-0.0584830362667879
-0.0114478910938262
0.0289512968271219
0.00666942476031696
0.0190476608498482
-0.0394149118363489
-0.0247461511156123
0.0201691602652536
-0.00722789100280841
-0.00877944306682144
-0.0203068260897207
-0.00573314247996204
0.0090929252605898
-0.0127472967032967
-0.0249331934520567
-0.000228264845394288
0.0333409218236831
0.00198895027624313
0.0167621967357741
-0.0279825825588973
-0.0265566162339519
-0.00596052283265758
0.00530440485921591
0.00114702913512277
0.0041246792879166
0.0143770196257416
0.00629918995952328
0.0109546389447799
-0.0320654791670615
0.0260452364633308
-0.0238254286350478
0.00501827098540142
0.00340440300943268
0.0341552145251123
-0.0120298116353935
0.0475980096346251
-0.0211327134404058
-0.0140328583765112
-0.0212392608381546
-0.00089487693747492
-0.0199283475145543
0.0255882796435916
-0.0115838719443946
-0.00360604019846822
-0.00248814753422644
-0.00907022716871775
-0.00366132714733813
-0.0119430635750328
0.00511394700139456
-0.0164200501193317
-0.0190453331541341
0.0107861215056058
-0.00284560127320854
0.00523189073084174
0.0167967825881239
-0.00767794322940896
-0.0067995541946283
-0.0257318454737523
-0.0135692028107585
-0.00466713349710468
0.0101184600197433
0.013681944783777
-0.000241070125761911
0.0209739151398265
-0.00425029536010835
-0.0296419269453131
0.00244384176167367
0.0180399317406144
0.0328065868202387
0.00927424045271863
0.000459453261186793
0.00482202077662519
0
0.0239945851917085
0.0821245462592155
0.00701175471182713
0.0225270930769161
-0.00100138193470856
-0.0164394543616789
-0.00366897668836164
-0.000613809316411418
0.0108496012630339
-0.00222764272524001
0.00304440836208641
-0.0074868274984552
-0.00835881770354363
0.004523067527201
-0.00921000799815785
-0.000413158438339001
-0.0136391612655336
0.00125709197569668
