0.0101793193720601
0.00744130367342843
0.00600135056379258
-0.00879539641986027
-0.000617279357891354
0.0152871944141679
-0.0224334301695611
0.00910149846442931
-0.00670674999999998
0.0367093672152374
0.00808499453390166
0.00542106344056537
-0.0127040298729356
0.00224431842580897
0.00776295519475556
-0.000518449237629559
-0.000296429836160073
0.0001482628731031
-0.000963557801978765
0.00549005084621723
-0.00605035354154548
0.00816571079228789
0.0227523950087427
0.0233261190400265
0.0037989916522907
0.017311509820084
-0.00275575687617846
0.00414505808659205
-0.000963134946762034
-0.00950347924760742
0.00180762163068371
-0.00194321928231578
0.0109172132208837
0.00288901670997843
0.00637853732580873
-0.00776938648618708
-0.0056322782110213
-0.019064616182966
0.008872504350528
-0.0363648434576178
-0.00536001700034172
-0.00364110909562876
0.0302587400591872
0.0247587418684676
0.0179301275993149
0.00537268173323646
0.00507339487659975
0
0.0036344387131928
-0.00523071469451697
-0.0128083925242897
-0.0150915022853175
0.00831999727782562
-0.0319741640473992
-0.000355129784429087
0.0108008745983688
0.0231282542800664
-0.0149786758378407
-0.00690567905777462
-0.00526796327588719
-0.0119333555970573
-0.00335883292236594
0.00179258724842635
0.0119534106088572
0.0121657222916196
0.00852551703188409
-0.00595900505214697
-0.00264875149356181
-0.00859667710223
-0.0212900388683723
0.058776943231803
-0.00938839538332492
0.0142160070906352
0.00494317419011714
6.73539969551218e-05
0.0208867159929542
-0.00791980858139152
-0.00365886720216113
0.0034719682482065
-0.00186305456375968
0.0147323492983007
0.00387597669937167
0.00425370434750327
0.002671667546567
0.0143627716045021
0.0101230096705385
-0.00989465385359167
0.00563737668775177
0.000445938321217199
-0.00267434092901286
-0.00312835038915737
0.0127449230975907
-0.0130904432782994
-0.00845834326206796
0.000775492118553434
-0.0145292518180761
0.00838745092211379
-0.0116317464365356
-0.00525967280211526
0.0131526334778327
-0.00841534807379996
0.00414473878382537
6.5491755758762e-05
0.0133648114148275
-0.0157745205723596
0.00308724051145415
-0.00536967675382649
0.00190923999779113
-0.00998811922857812
0.003318661314198
0.0105187326345684
0.00687390718157088
-0.0163849242946782
-0.00786619757495421
0.00632952928969943
0.00695184517668812
-0.00598329128954811
-0.00138903994144102
0.00715369639761443
-0.00085494622979454
-0.00882043884030292
0.00836765623103974
0.00335880299473446
-0.00498859305574717
-0.0114783178660973
0.0101435314830312
0.00369952368586124
-0.00302774628784341
-0.0057437092160586
-0.00358558234515927
0.00666396198165109
0.0125777633364563
-0.00712608408573001
-0.0555737450306172
0.0221013274608375
0.00668487883726709
-0.0147038921506893
0.000962737482946396
0.00439708922453907
0.0121760358785241
-0.0132459642053793
-0.0104787626850916
0.00325305586389324
0.0184201804287825
0.00582579309859788
-0.00370420850793995
-0.00283922338122566
-0.00264389543708599
0.00591352997809858
-0.00824381025777032
-0.00497371226249699
0.0102711577078056
0.00447328394021707
-0.00971654194707638
0.00470149551000532
0.00474739737783181
0.00128250455424617
-0.0162464447386448
-0.00239843028106046
-0.00714379275214683
-0.000761060164939154
0.0104548557964512
0.00178160565657071
-0.00854997031021032
-0.00565714635418568
0.0109623213325505
0.00315699342515896
0.00526778389572846
-0.0120456393602552
0.00468413206746998
-0.00671924687157222
-0.00793813065468796
-0.00619265113469569
-0.00525099760530834
-0.0348394716846656
-0.00218775381141167
0.0123511146237665
-0.00822987341795867
-0.00924440718814179
0.00595106738484263
-0.0287028789559491
-0.0054891372913789
0.0277483689004887
0.00411974480161326
0.0051286160337527
0.00225959646717633
-0.00312722693375311
-0.00627419261892714
-0.00712134643665219
-0.0133096565240028
-0.00479619209333892
-0.000677676298992624
-0.0199683933562008
-0.00953406937859091
0.0310510921041476
0.00993826580024115
0.0611301796231321
0.00119429461967391
0.0236475258764712
0.00143950542192095
0.00930927534027259
-0.00291614150738595
-0.00564559607448345
0.0147753163683195
-0.0111223644740208
-0.00899789954395502
0.00247625436076948
0.00686149435633654
0.000136351573275295
-0.00497416884388924
-0.00945011534158768
-0.0295194996230477
-0.0205869515935689
-0.0376027290040971
0.0188180023293458
0.0221051790629072
0.0207562278768727
0.000142255450053863
-0.00810408756070291
-0.0258726295242944
0.0222925474910698
0.00467788646895384
-0.0265042628764781
0.0246505468591354
-0.0145781595097588
-0.00517417874624315
-0.00065925084235996
-0.00689050714350647
0.00103335716405861
0.0225630334712497
0.00252380920458872
-0.0318636471091013
0.0020059617874042
-0.0166827307151728
-0.0161363010747537
-0.00781730828753835
-0.0141356488654849
-0.0186476777239424
0.00455090222851462
0.0139882880666935
0.0132465454793793
0.00966972786102649
0.0183879403272447
-0.000977991093379704
0.0103923506458801
0.0278750470062166
0.0147922282471911
-0.00814577364708835
-0.00374611178549766
0.00173547836236843
0.00887891743804281
-0.00643951490230443
-0.00597729297540994
-0.00492644042781853
-0.0131780233985693
0.0168953743855351
0.0156714491577219
-0.0015714770676718
-0.00386352497979647
0.0208289050286719
-0.0335608916931457
0.0117938786060274
-0.00302206303188035
0.0010825915527275
-0.00374886678532749
-0.00644040241299482
0.00961405039888197
-0.0165200373656966
0.00286072105087065
0.000585133149161088
-0.010964911656856
0.0153732180837667
0.0216188358517364
-0.00627000827313584
-0.00028679402568077
0.00380125440658863
-0.00478707803745237
0.00638947874530515
-0.00506492230989086
-0.00803041098679824
-0.00325257165297566
-0.00732419424542707
0.00810874002698703
0.00362322995652131
-0.0197112261243017
0.0196655927316292
-0.011774076465914
-0.0280680893952333
0.00661800109924293
-0.0100112151026581
-0.0153195431524672
-0.0116493487952782
0.0196960451895565
0.00539923747327742
-0.0139929037635015
-0.0192543552687694
0.0164255351768099
0.0123124191574027
0.0123906839281862
7.51131870257993e-05
-0.00442976251820359
0.00452485729332608
-0.00705701491190858
-0.0162558580660915
-0.00707096619904724
-0.0178806304880058
-0.0243537423230832
-0.0335244925141949
-0.00518218604167164
0.00394885600421957
0.0143945707291337
-0.0219453962935088
-0.00143402329764242
-0.00473050280691079
0.0150228720218963
-0.0169746020764673
-0.00331747265960192
0.0153622764735921
-0.0223585909887796
0.0180552375672962
-0.00287142843214161
0.00796139536219598
0.0647004256584003
0.0359087888160357
-0.00342831666260457
0.0196468550378401
0.0208426487994071
-0.00411278593516695
-0.0357669659583132
0.0130784135500106
-0.015174396612303
-0.0248370874169189
0.0246835778538124
0.00767167494891519
0.0088313130279154
-0.0101123877823094
0.00274451363053041
0.0105679028872283
-0.0128648354728058
0.00259125273873995
0.0109464087869924
0.00488758465872197
-0.00875490269972867
0.0144938870823623
-0.00126500083542413
0.00491733390282212
-0.000667281856741808
0.00155799856511485
-0.00577780875042899
0.00342719367073596
-0.00059399619102396
0.0138930267435229
-0.00161206592140384
-0.0161467601462044
0.0149943525916589
0.0360135563409532
0.00446936286438815
-0.00635640814405958
0.0169165859700813
0.0060110690113544
-0.0150767695903915
0.0096642515055132
0.0132746239493859
0.00151697775622783
-0.00826168263444393
0.00874696743096637
-0.0179615767614649
0
0.00693761859609676
-0.0128053851359512
0.00472329580265241
0.00589399125753731
0.00606863550522396
0.00117863698817189
0.00470911753215297
-0.00034461160562016
0.00992904061916233
0.0186386029722634
-0.00247996029281339
-0.00342673310280994
-0.00134842949321479
-0.00108020454721969
-0.0031765371848379
0.00555972198370402
0.00155082066386036
-0.0178402916735091
-0.000137145991400245
-0.0187152699463571
-0.00202594990610894
0.00280012668396479
0.00921460238179206
-0.0135573647179321
0.0119907008079316
-0.0131651674233217
0.00645973013573919
-0.0105343655971041
0.0121272376396895
-0.00466735941029006
-0.00825869430217407
0
-0.00183490779413631
0.00162615448951442
0.0115055726285525
0.00265182205948999
-0.00424561086960529
-6.98603933050324e-05
-0.00293587543591378
0.00953455088467892
-0.00347225456985423
-0.00174212006720864
0.0161255843531269
-0.00212960577340171
0.0112908119625472
-0.00197422882397202
-0.00143242821361877
-0.0161213429707024
-0.00090267212338857
-0.00173727751766217
0.00494257436710055
-0.0072735290572854
0.0050939082120447
-0.00617888610680406
0.00244500084712951
0.0175609924324573
-0.0404053627165551
-0.0378247451287268
0.014092849590897
0.0185781296892733
0.0199626059085583
-0.00774431801261366
-0.0173832693282716
0.00628203942751915
0.00222446630742557
0.0335076031483346
0.00353308385636186
0.0196051351722335
0.00148944523557137
0.0066252177109376
0.00302223357865139
-0.00107130822106649
0.00127345546707724
-0.000200742676986332
-0.00703050950983553
0.00222517616181439
-0.00074000100237781
0.00895494032402877
-0.00560557488126145
-0.000134274403763679
0.00288611560308483
-0.00180700348251017
-0.00616825226991347
-0.000134871580144247
0.00533026849920892
0.0014093627743168
-0.00301583858801546
0.00228549085220497
-0.000469506370363693
0.000134256391176368
0.00530022890945436
0.0112120058872658
0.00824965910725095
0.00621849213409198
0.00813170535421315
0.00458153009135831
-0.00128468045447627
-0.000321553696512544
-0.00141547496615724
0.00335027819365696
-0.00950356810532749
0.0106320289000732
0.00487531085165305
-0.00657526069678427
0.00436969368215134
0.0050543837737187
0.00197340814393554
0
-0.00959346936474648
-0.0279683881999618
-0.00626937897382351
-0.0190596634092874
-0.00602536564197487
-0.00163464996125717
-0.0053212371065412
0.00685867034841303
0.00183925374005023
0.0113551009795614
-0.00396666101189946
-0.00465738443117414
0.00603547069784871
0.00330306535683911
0.0063154176013811
0.00487386823108782
-0.00112945861593938
0.0107501110049046
-0.0231201525087781
-0.00247604851928096
0.000365038702439424
-0.0142304386939388
0.00236890727910999
-0.0203101929236422
0.00120621189021697
-0.00414127707463718
0.00294872988616079
-0.0027892575705657
0.0116420321412309
0.000672522756630656
0.0035844596046759
0.000372073817784591
0.00275212730211072
-0.00964322393951822
-0.0039697327529673
0.00315835473479775
0.00307349339161145
-0.00291458041872183
-0.00869437128907757
0.00975357665785492
-0.00344445518282754
0.00210383205661802
0.0278174037571195
-0.001094317171078
0.00211792897703567
0.0201136494671794
-0.0102872056090071
-0.00404213244041385
0.00115961012203525
0.00434346318476519
-0.0053337535918353
-0.000289804347826106
0.0129022753673824
-0.000214670093936276
0.00744394064771625
0.0056127388987568
0.00169567621781641
0.0119198900544497
0.00690043906809468
-0.00269970913126139
0.00333168582410082
0.0192320923023432
-0.00515845374114643
0.01344058065031
0.00350077436721019
0.00328730046004688
0.000601778657269403
-0.00347503343674838
-0.00630366169204866
0.0061412001821326
-0.0111342346538128
0.00196708955958513
-0.00148931084829873
-0.00101690847457625
-0.00855113640103955
0.00266958731383626
0.00614424511589973
-0.0153345767629742
-0.0051681368925075
-0.00380957275782956
-0.0029204073116198
0.00871687623641049
-0.00988588357632425
0.00795978209775328
0.0135078760494052
-0.00717656355924501
0.0051631558984977
-0.00116429700583165
-0.00335977793087716
-6.88682462111068e-05
0.00681165561611818
-0.00587713379515986
0.00790536875022085
-0.00375111184528398
0.00725678064765201
0.00951535344541043
0.00188513432899162
-0.045695874547354
-0.00718252261046837
-0.00872409359798232
-0.00772754750027005
0.00432655055008557
0.00631824387075119
-0.00791952745663438
-0.00179791438048371
-0.00151301869928622
-0.000360798047789879
0.0114769169939253
0.00264036956253588
0.0116014590747331
0.00175895300925366
-0.00358203386774725
-0.00260798627644976
-0.000212007067137865
-0.00798759448655117
0.000142546676429989
0.003562268427171
-0.0105068577984747
0.00782031827305496
0.0229230510221181
-0.0217133757155907
-0.00746960907528449
-0.00150520351189209
0.00236882495684188
-0.000572908912724768
-0.00702204079997193
0.00137106362576023
-0.00684583824037355
-0.0118996801386029
0.0132913209945604
-0.000144967021343367
0.0113067912494977
-0.00602018924976855
-0.0161511642346072
-0.000293096378741642
0.0046917306739469
-0.0153958478935605
0.00726245728082908
0.0097851826042552
-0.00342441530054638
-0.008626941136328
-0.00228623146226115
-0.00251309052843263
0.00296412752050679
-0.000812715146832121
-0.000369735271748994
-0.00133151118675179
0.00555514426913351
0.00486154260686278
-0.00667059825055849
-0.00892917160833784
0.0116157704032218
-0.0043426836129643
-0.0022916906249224
0.0143745324494537
0.00292190662915592
0.0179169114803297
0.0140956001035919
-0.00105830808038687
-0.00339028106525952
-0.00425234567318167
0.0108896725978649
0.0104907766703568
0.00209032184809588
0.0065358639566746
0.0169936866880935
-0.00699632518002768
-0.00608796078954832
-0.000344136262681261
-0.00956970051635109
0.00145979423425691
0.00701044597020117
-0.00503167900425039
-0.0123311321511134
0.000981973719058393
0.00273280765798023
0.0014674492746003
-0.0033493545928317
0.00917172149868062
-0.000138781740937843
-0.00145705667003393
0.000416906388245319
0.000625109393449286
0.00708041103818435
0.0117865382990552
-0.0124666945109808
-0.00579478448838655
-0.00527334184267758
0.000976555517741673
0.0163763484320558
-0.00973611890012549
0.0127398122909277
-0.00485407794205017
-0.00240444493548297
0.00206589067928364
0.00439831641805766
-0.0096475474367792
-0.00870532649214706
0.00536662964501344
0.0047833760831888
-0.000206968397861718
-0.00745291539706239
0.00702213714771416
-0.0211957476165632
0.00909920267759889
0.00859775630641346
-0.0116431636392137
-0.00336579480144594
0.0132272562714677
-0.0035413861378164
-0.00508708013937287
0.00672404547946925
0.00445278659856063
0.00831205957997039
-0.000137418417517798
-0.00212983849955684
0.00667861447677587
-0.00136797750102002
-0.00253404570009075
-0.00480635131012319
0.000689878560923507
-0.0078598942017325
-0.00173731765409246
-0.00111374177989865
-0.00933870620465871
0.0476257775993998
-0.00543914189415973
-0.00803458910246058
0.00204194802670776
0.000543418010165775
-0.00984383550895107
0.0027425024583132
-0.00841022905982902
-0.00289613838377767
0.0141078348226347
0.00115929487970079
0.00865066424154581
-0.017152950875838
0.00151162574262309
-0.0041849685848302
0.00551156068253089
-0.00541276475668584
0.000482171383792585
0.0053707844211468
-0.00157520723153237
-0.00281248458507688
0.000963059811620814
-0.000962133219783334
0.0019261127442427
-0.00810156573023957
0.000207648645340619
-0.00089968858131495
0.00415602978998519
0.0290404357519456
0.000670371394909663
-0.000535919081832259
0.0058311663370878
0.000399800074641243
0.00546187952235111
-0.00298109976113481
0.00318934219269096
0.000463683943931148
-0.00523010913147748
0.00845204340649675
-0.00362966411687238
0.00225202681817538
0.000132097535523013
-0.000792883594367355
0.00648059776166776
0.00650463219128716
-0.00189312615845516
0.00268151743681577
-6.51947043923684e-05
-0.00365295491872897
0.00294616331850972
-0.00169729745156599
0.00268098488698687
0.000782646427093692
