0.0175847030172731
0.00478865302495657
0.0292167438548174
-0.0513388182540293
0.0188879248490648
0.0170798590743535
-0.00942049930696298
0.0177796365056777
-0.000812533008328176
0.00609886168121276
0.0220246505546717
-0.00355871872049351
-0.00833337268518375
0.0128051020408164
0.00829715543850562
-0.00156743727336517
-0.00549448597909119
0.00256513417521709
0.00905331609814386
-0.0109225863077823
0.00295803594868915
-0.000589834829141989
0.0141648036921187
-0.000387972849427265
-0.00349313028319675
0.0136319576877102
0.00768495691997995
0.00305052425070484
0.00703286434075534
0.012268799546999
-0.012865970298975
0.00491125812072646
0.00939849606393794
-0.000186256979771704
0.000558800531920367
-0.00223386071791032
0.00522393676208721
-0.00111360428519669
-0.000743236714975892
-0.0269616405162074
-0.00821708357664497
-0.00520233120607583
0.0195622308820023
0.0332446814826117
0.0115830301817068
0.00381679389312972
0.00398336049248593
-0.0034265644107021
-0.000723796624096829
-0.00434626938887606
-0.00909421607857408
-0.0122980726872246
-0.0031593011864095
-0.0182699294979481
-0.0127230915305735
0.0171186567755854
0.0194780442610052
-0.0057503617139677
-0.0121268101539854
-0.00226627002329993
-0.00719290148805973
-0.00991422288056776
0.00943574041979578
-0.00133536823103275
0.0301815102266099
0.015390283701094
0.00273926233525423
-0.00218537606993263
-0.00857822579707557
-0.00644328055964649
0.0183434867825925
-0.0227438140965032
0.00986786464099532
0.00626843634703422
-0.000183253932456773
0.0122778449697636
-0.00343959075164402
-0.00454132614970615
0.0171533397290755
-0.00340873687087417
0.00810082822863767
0.00696426785714288
-0.00691610226841821
0.00446428571428581
-0.000533315555555469
0.0124510314398607
-0.00351365086133693
0.00176302888288027
0.000527947905667014
-0.000879489916604692
-0.00598591559834349
0.0134608929057898
0.00174762317812616
0.0160502791346824
0.0082417407884019
-0.0161784908688949
-0.00103861866020427
-0.00779762619645863
0.000523978362695576
0.0174550529332336
-0.00583290434323369
0.02346850692893
-0.00522679134670723
0.0203390000000001
-0.00382059794317935
0.00133396696124777
-0.00516231482368557
-0.0108805152031966
-0.0250465222541887
-0.0019094080557297
0.00243476521739128
0.0196044590493487
0.00272247745448362
-0.0110300526047854
0.00892244352989779
0.00289119052536035
-0.00220452768857848
0.00628822229775672
0.00152001353690268
0.00404725133300587
-0.00890162900736258
-0.00135566857670466
0.0049211097912778
-0.00776769659291288
-0.0136146873252105
0.00828157364184912
-0.00479122184789915
-0.0232118122420907
-0.0019362787900673
-0.00934749542597013
0.000890208327940512
-0.00409105293327916
-0.00357208417317079
-0.00752826657952554
0.0202276145968505
0.00601876416998537
-0.0160127391866007
-0.00393413819506927
0.000897648098785453
0.019013470852018
0.00598487931728786
-0.00664920361682575
0.0031707063589923
0.0198419838482531
-0.0051653407312211
0.00657668754892149
-0.00171937757909213
0.00361693069898505
-0.0051484297237
-0.000690029313610063
-0.0129466597617814
0.00821969220006991
-0.000346938409473085
-0.0100642372017311
0.00262930767097824
0.0080419404188472
0.00381548733957682
-0.0160677260527345
0.00333622469997863
-0.00490021009625863
-0.00298983462909186
0.0123478569826752
0.00191672768629947
0.00330433043478262
-0.0121337668943278
0.00280750999096302
-0.00209978995276328
0.0205155535773376
-0.00876292081163366
0.00416018381279559
-0.00345244260314181
-0.0162826779837173
-0.0107413451181309
-0.0088999644001424
0.0208333333333335
0.0198803835327235
-0.00897015682300928
-0.0080069450303405
-0.0170205644140878
-0.00232061763655833
-0.0302379321924841
0.00166051657452915
0.00405225632616957
0.0159604298646276
-0.00415310573938055
-0.00271989110716619
-0.000909072727272697
-0.0114649861425844
0.000552245949926311
-0.00478377202516178
0.0497319097799962
-0.00915817205280323
-0.00710979406718082
-0.0198711238834385
0.0328766940639269
0.00884173313601644
-0.00245397024459204
-0.0087858021437357
-0.00833187378124445
-0.00607795863564464
0.00881298592852464
-0.00623993581743643
-0.00322929661897031
0.0192584589766296
-0.0125375770344769
-0.00304002156795502
-0.00538114798206279
0.00216409373915072
0.00395898866294764
-0.0105753717408966
0.000543460135082219
-0.0200977910555856
-0.0421285854051845
-0.0536265239197532
0.010803077643639
0.020165355918532
0.051986578375173
-0.00638857560337147
-0.00983358529059031
-0.0378151253282061
0.0309646282063392
0.0007701386363137
-0.0236629472874181
0.0169458325123153
-0.0193760895296243
0.0156095827779179
0.00291822945843467
-0.000775965097496778
0.0149485736730177
0.00822494277400443
0.00265602357533723
-0.0172185247764816
0.00134768966784149
-0.0253797164152939
-0.00414280931431865
-0.00832010697305863
0.0111865359331496
-0.0227182541034818
0.00505356771672605
0.0249396213809407
-0.0182496078934383
0.00959422365769003
0.0251435567271254
-0.0104286792280548
0.00819668195953627
0.00871082075106466
-0.0034542505573929
0.00192564991334487
-0.00653469164971532
0.00406273948660751
0.0177263576984061
0.0092768080272625
-0.00431436870541424
0.00621699298353451
-0.055794794982213
0.0327186595280586
0.0278417232011627
0.00560439016634406
0.00297232015707527
0.00814961999816188
-0.000551129891603885
-0.00330884179011603
0.0156768532704379
-0.00345013619030321
0.000911060479025894
-0.00418712907336605
0.00859226675334068
-0.00489389178516919
-0.00837892501351822
0.00532698393326569
-0.0149826420610268
-0.0168799851604525
0.0288679056603773
-0.0121034295269288
0.0172637835022049
-0.00401454386887856
0.00274822269152719
0.0118765028320849
-0.0124594075034415
0.00127992322691406
0.00365231934449661
0.00163755461494808
0.00799278851939667
-0.0162191740414785
-0.0177688404469684
0.0218202540436452
-0.00146015693629931
-0.00694565905585198
-0.00809871127926698
-0.00612354808171367
-0.0177371169205169
0.00418173343125394
-0.00757149318298345
0.00839212283044066
-0.00264798567520308
-0.0206713635501611
0.0089078042003834
0.0178503077869598
0.00961723570841477
-0.00224137089575316
-0.00467989534555957
0.00526618413639968
-0.00972873695549603
-0.013225014169658
-0.0260386942370284
-0.0112050326558882
-0.0236580123987677
-0.0360415590299009
-0.0149978664976764
-0.00772037298476569
0.025070239896261
-0.018553679106051
0.00343716441325825
-0.0261185404863744
-0.0015388875999609
0.0239982397181084
0.0273059783834004
0.0192549606373997
-0.0106776383844428
0.00830224159402237
-0.00391113610905158
0.00144657990176844
0.0229055101713889
0.00605202743594924
-0.0134348909852595
-0.00304882107624349
0.010601447718684
-0.000403490014121433
-0.0115035118365997
0.00122501020824828
0.0138662313648812
-0.0142800278704741
0.0108141812207376
0.0240209724662703
0.0254287403903017
0.00153783160322951
0
0.00767758186862122
-0.00666662857142852
0.00536908895995825
0.00553120350944125
0.0041729513624249
0.00245562906036323
0.0337290559638213
0.0060152751364333
0.011596358245993
0.00662724318010954
0.00943058702080801
-0.0185087255420412
0.00179595905172403
-0.006453944181677
0.0135330210585716
-0.00890154918645358
-0.00269441360497258
0.0160302593659942
0.0124091650416593
0.0092803010106759
-0.00780707855321094
0.00139886346212381
-0.00715905360572733
0.00545193448026859
0.000874637078000395
0.00996155173083602
-0.00138435713126206
0.00190609949586018
0.0114147353856797
-0.00444594733242121
-0.000171796630508481
0.00326409557230867
-0.0106164893624491
0.010211145901889
0.00102794245379378
-0.0025671915112101
0.0132120798423487
-0.00474172743000378
-0.000510430491747593
-0.00408583574784349
-0.00324784615384621
-0.00823184688335021
-0.0171191763057521
0.00211117171006325
-0.00368678026135505
0.00511014977973567
-0.000525999289516021
-0.010524434678984
-0.0102818294628612
0.00770188043339148
-0.00924273050987323
-0.00645857529750349
0.00487542425288146
0.00377356680059049
0.00554953445131523
0.00534098292116725
-0.00531260837059311
-0.00658712859487731
-0.0129031722742504
0.0101669749394708
-0.00395400797904411
0.00433060282679909
-0.00610851598993889
0.0130152024584236
0.00588861516972505
0.0221749161287017
0.000694220768729936
0.00572323968088795
0.00275909630077265
0.00980221806355241
0.00153269752158214
0.00476107796699421
0.00287693349128437
0.00253125219477712
0.00454468944622133
0.00720511058981232
-0.00216271831371284
-0.00850281760586846
-0.0137884477250976
-0.00153454385218943
-0.000853876351538885
-0.00341816795139871
-0.00771737253100035
0.00691318688362985
0.000343305882022138
-0.00120109816748615
0.0228483426017581
-0.0384615546109917
-0.0302183406113536
0.00576368876080702
0.00967050501432665
0.0168499642275637
-0.00139546480392583
-0.0223580611353711
0.00125066997944123
0.00124910775786735
0.0222776684676944
0.00366107036853092
0.00243180475942339
0.00502514304323576
0.00689658620689659
0.0118150338419509
-0.00016919952614658
-0.00880164154361407
0.0105874144366904
0.00101388982764439
-0.00438896001387712
-0.0055950830790098
0.0127877233490972
-0.00454547122742521
0.000676424815213572
0.0059151937101638
-0.00117605846774194
-0.0122792260339911
0.00527925740328228
0.00287992551041727
0.0121621112810455
-0.000333711626625877
0.00417362256515452
-0.000665020759267887
0.00449176502259596
0.000331252064735832
0.00198672178851922
-0.0112359550561798
0.00200533088235288
0.00917276532976596
0.0112378288295432
0.00506620371083844
-0.000325203252032558
-0.000813272608978455
0.000162770633240994
0.0011393066591685
0.0092668512198617
0.00306053469521483
0.000642379958246231
0.000320991809966475
0.00401090954561489
0.0012783316945244
0.00335140440472403
0.000318116753906805
-0.0254412152240614
0.0143579211232188
-0.00900751195134353
0.0027592598156263
0.016348365431343
0.00254817642063743
0.0128673071824097
0.00580299579055832
0.0120069395917795
0.0120184587975822
-0.0191839524969549
-0.00589874280964742
0.00718299489095875
0.00744190697674418
-0.0046168511257223
0.00371054421768702
-0.00800979691958714
-0.00155277945488252
0.00933124373260141
0.00955308136970467
-0.00228928581910659
-0.00780177415625938
-0.0132593429963098
-0.000625015624999947
-0.010318949504674
0.0041074566209709
-0.00802394575166854
0.00253766855729842
0.0237304227769406
0.0265801425835288
-0.00707513171759766
0.000454805949891002
-0.0121229886989842
0.00521547767401498
-0.00244156878439761
0.00183562787965608
0.00671861373396299
0.00136503867738513
-0.0137836419471513
-0.00337892791615824
0.000308290958672908
0.0251116453482272
0.0040576645016881
0.00808262260388037
-0.0130660285988428
0.00240704073405995
0
0.00750412760787
0.00998072441445208
0.00309733024643077
0.000441096884543635
-0.00102880656924165
0.000735559794974971
0.000294089986508039
0.00925921503146365
-0.00262123205537312
-0.000876011122091014
-0.00248426128890844
-0.0222678575368339
0.00899008118040401
0.00757353772340585
-0.00368459848738689
0.00695269251339314
0.0111650066108417
-0.00464913541626799
-0.0124069183358073
0.00369494509636747
-0.00220883509298575
0.003246767908891
-0.00853193548696951
0.008902047213589
0.00485297058823519
-0.00160984921381968
0.000879478146005974
0.000292970127313552
0.000585549022596554
-0.0112671355731424
0.000443954417641113
-0.0059171747312774
0.00342266384327394
0.00741509713777244
-0.00529957308994577
0.00754775788071638
-0.0102820942925352
0.00608495129496678
0.000442528389990482
0.00221175169566501
0.00205973220450595
-0.00601973269681788
0.00856723819352623
-0.00102519040751603
0.00571762213337679
-0.00903782825183175
0.0114739477137122
-0.0251600196288534
-0.00581829040456949
0.00420166572931668
0.000896667689679109
0.00761413820778722
-0.013187139226171
0.00825831856631587
0.00461648534277037
-0.00578118893835144
0.00328016997167158
0.0108485063033361
0.00396947973990658
0.00702878888521319
0.00290830316598667
0.00231979117993641
-0.00159120504518462
0.00521587968194193
0.00115309892561677
0.00172765622988269
0.00344923818771958
0.0021483958751074
0.00300127193080946
-0.01011682815617
-0.00374265145037211
0.0241294325116232
-0.00564325644652619
-0.000141912593278448
-0.0048248048130437
0.00199629268485491
0.00156539070294825
-0.00341003140423546
0.00584550906537662
0.0119063921230449
-0.00616335629868836
0.0128259906762223
-0.00584468402665328
-0.00139985998320669
0
-0.01303605343628
0.00781131897109377
-0.000845504521498008
0.000987291932657453
0.000140932786516279
0.00479003924527865
-0.000140241166573185
0.00813351586407296
-0.0100153152039966
-0.0123647186276442
-0.00554842786244947
-0.00472105852014149
0.00517464424320857
-0.00228804518804526
-0.00186323642811681
0.00143594200798303
-0.0129051050445972
-0.00275993624404047
0.0128186012288827
0.006184380931747
0.00228707836316588
0.00998284326941623
-0.00494209262920076
0.0207180215592733
0.00347560127902136
-0.0062343724023276
0.0146381703065035
-0.00645783191066007
-0.00580831159751916
-0.00542494095736468
-0.00293704895104885
0.00771489679176751
0.00403676247420726
0.00554557072836137
0.00179243074303637
0.00440405976305747
-0.00493285811457145
0.00316710259568564
0.00439258762917194
0.00779007811370991
-0.0160021702197498
-0.00151600059305401
0.00621124939453077
0.00960213965426227
-0.0031249321501341
0.0076325061619531
0.00865683754903279
0.0030843905055653
0.0010694384597818
-0.00373930303442727
0.0071045444263953
0.00572342629003408
0.000397009009979188
-0.000529077948356993
0.00489735255205748
0.00342468396798434
-0.00551323181937524
-0.00448790906842889
0.00662954141154981
0.000263487888922276
0.00105339739127208
-0.00513022908959071
0.000264511447752636
-0.00925320530725171
-0.00293521025758015
-0.00481734223936803
0.00954684646173809
-0.00426212029136586
-0.00708933902917774
0.0118550177075973
-0.01797362511019
0.00081342188683764
-0.00975348144134369
0.00916551324666259
-0.0174867026224769
0.0125551319306652
0.00517778996018237
-0.0014910262230321
0.0124897902530658
0.000134003750764222
-0.000536171097260785
0.00388991265365868
0.000935435645934568
0.00894403903649499
0.00105850751366754
-0.00118958492257026
0.000926280269948565
0.00264406402226425
-0.0118670101195679
0.012009527301587
0.00382385304978139
0.00643643792603843
0.00991900248294186
0.00594467585725034
-0.000128391579054088
-0.00218422196622825
0.00412051227810895
-0.000128263652413585
0.00666919319393111
-0.00917315604976821
0.00257173727292281
0.0144927149609759
-0.0024019469633868
0.00519574172116366
-0.00466468734241043
-0.00671309715185919
0.00369804906141402
0.0125777920540946
-0.00376405283929926
-0.000125982364584831
0.00503844319232205
-0.000501328480996044
0.00514111598746081
0.00187118254135799
0.00784465216896169
-0.000864825775517164
-0.00643013454568564
0.00286252651804664
-0.000868701889582879
0.000124146065727304
0.0176354328478179
0.00219674146456561
-0.00487094478065231
0.00599605964273064
0.00450070556502502
0.00266409535809897
0.00326083321518711
-0.000963067292644726
0.00180745877352595
-0.00240554489301825
-0.0122980947118858
-0.00366204842924933
0.00428814000411148
0.00378184697106465
0.0286825477477217
0.00153589321285308
0.00271325950383128
0.00894119999999998
0.0062966533046489
0.00324448424410817
-0.000346488788484756
0.00543031754718704
-0.00275796378158921
0.0114081356465561
-0.00649424654759878
