-0.00286465309671635
0.00849362998984837
0.0117662128255194
0.00244824329910043
0.00769322270964978
-0.0037566409509201
0.00218951468421746
-0.000849605544964382
-0.00546643586005824
0.0075729202061956
0.00618259197921178
0.00951808433734946
-0.00501250739930181
-0.0031186516809889
-0.00770063761640427
-0.00109135441868125
0.0165088741141857
-0.00310478870563147
-0.00874464510979944
0.00628395166163154
-0.0114086349732907
0.00753160835762889
0.0021702555541292
-0.00661697521834792
-0.0119898025917403
0.00759984046090123
0.02189784751452
-0.000119071428571482
0.0201214673204304
0.0028010971055088
-0.000465560997801706
0.00803450191084654
-0.00207925378306562
0.0200255124438651
0.000113413523147532
0.0178145926863018
0.00546270921279968
-0.0135270093463354
0.00202316508909561
-0.0135726300937155
-0.0134182394037244
0.00587822715817832
0.0131775070417386
0.00497628375879389
-0.00461404451255853
0.0163934997080895
-0.00489436029156043
-0.00257093676023845
0.00616380120484816
0
-0.000779683679880683
-0.0108126297047445
0.011832353207851
0.0120280876263716
0.00506216556414119
0.0135771156558171
0.011450761585827
-0.00288364849568468
0.00653384740216523
0.00329890387039589
0.00593972216737071
0.00432311279304565
0.0152230656167978
-0.012099255804527
0.00450120385743946
0.0229262716019829
0.00244496730053112
0.0171747354232776
-0.00799275683855549
-0.00342435287114162
0.00373929268537521
-0.0181232682239225
-0.00584495506085803
0.000722021682991958
-0.00855488585512942
0.0072772324092476
-0.0270409952218081
0.000848636921034318
0.00445149982939053
0.000633164523577978
0.0143414528241812
-0.0134109572011445
-0.00252895674333076
0.0171138277154521
-0.0157872560842051
0.0140353943850697
0.0136331153557339
-0.0174538497442742
0.00459772219219623
-0.0114416269132684
0.00915407187337891
0.0156396615310328
0.00112917560294945
-0.00440936231776135
0.00762185632389967
-0.0315854434920689
0.00686089311507065
-0.0131040990995293
0.00849801368704073
0.02654304768184
-0.00707984821547136
0.00682032675892308
0.00266860309966122
0.0175043501381031
0.000804839018011316
0.0295536279788815
-0.00478420239766064
-0.00824098891396063
-0.0183993775209963
-0.0167288415782876
-0.00174231833555394
0.015297710158158
-0.00859538890277467
-0.0128519174535708
0.00165326515450781
0.00722093032347981
-0.0193568109315528
0.00375980156657962
-0.0191447714166603
0.00784984643629505
-0.0062099146150949
-0.00889637807448385
-0.00502245127115941
0.00053703146238826
-0.003005656805253
0.00139970934753575
0.00827864727924643
-0.00255915976284027
0.00502459904827246
0.00265929150815247
-0.00689583053477982
0.00373889537721506
-0.020327756708469
0.00358494284894273
0.0108248542160052
-0.000963761007617081
-0.0252974699828763
-0.00461891564940076
0.0160202957458779
0.0184863529630965
-0.023062181376802
0.0124590054644809
-0.0133851145659015
0.0208971111401068
0.0107169651852312
0.00233274313079734
0
0.00105784408185605
-0.00940504098293482
-0.00277357590726646
-0.00160463195534988
0.0123218790887845
-0.000529244267699625
-0.0180027215927143
0.00938202277422562
-0.00726495742019129
-0.0154971484179327
0.00163963702537262
-0.0180071379899751
0.00711269147212623
-0.00794527671776835
0.00433814228391238
0.0178314429302089
-0.007508193525393
0.000109659029817522
0.00668714090454792
0.00947397344061907
0.00647255684377224
-0.00075026792871602
-0.00783012953458762
-0.00951348108108108
-0.0156079562669299
-0.0140814277839799
-0.00281151603264773
-0.0149994590052884
0.0013739753319888
0.016464704052878
-0.0004499549955016
0.00990318467360818
0.0141520395398271
-0.000329623111094968
-0.00989229468370101
0.00632770856288389
0.00231659123405192
0.00462247408515881
0.00219110431848257
0.0101661671349094
-0.0063846334212907
0.00228707253321736
0.00141263719887674
0.0104166553638605
-0.013423539086441
0.00696635440405946
0.00140522102680318
0
0.0102547172954957
-0.0105780322931096
0.00118791579239552
0.0159637904860728
-0.00881198622333623
-0.00867607102960499
-0.00356566168884953
0.00422901752083038
-0.00485905404536169
0.00303817261119055
-0.00259633270020931
0.000759219113640519
0.0161483152535487
0.0109854839806851
0.000843991973372704
-0.00326768198795147
-0.00105751905790008
-0.0236078342537352
-0.0439119903313892
-0.0261963823996372
0.0195644572179647
0.00833804654467007
0.00181244904635758
-0.0277024417073171
-0.0203512041016677
0.0130579062929228
0.000703140412614989
-0.0234192031986135
0.0125898678036003
-0.00272345776400684
0.00189973875683047
0.0219246985751846
0.00405890047342328
0.0124740352858852
0.0128906793113996
0.0085595448974034
-0.00703523147843998
0.00483580757615387
-0.0228315617869405
0.0256557673956195
-0.00904528166235796
-0.00935309915152349
-0.0279832429537826
0.00198953781121847
-0.0110955964343985
-0.00212590060531248
0.0138478639803021
0.0233481193860323
-0.000342311186752875
0.00855871306260569
0.0265897949736296
-0.00870716382539949
0.00511452067790708
0.0204645791932616
-0.00325206504065045
0.0052202611817378
0.00659959969706803
0.0147248816130172
-0.000529636668588629
-0.00392118478252235
-0.0355356534851718
-0.00275785983987076
-0.013384955456085
0.00381205283524944
0.00994079090741429
-0.00121654503907431
-0.00631159354028543
0.0186093830757608
-0.0018598183192291
-0.000876742675947839
0.0167836543754432
-0.0356025777192237
-0.020024622665003
0.0138127857034882
0.00337803182925422
-0.004039961799574
-0.0141972056338028
0.0134872559946797
-0.00259384239525973
0.00983713229676297
0.012316717328781
0.00763183242420817
0.00428100997323844
-0.000546464106382372
0.000765529292092504
0.0104906456017779
-0.0041094949269006
0.0104246611108552
-0.021816291612586
-0.0184574934670675
0.0162301887723388
-0.0083709879020708
0.00444297461338428
-0.0132698993696784
-0.00582768107718212
0.000450918729014926
-0.000225318309859168
0.0103685221333758
0.0146123476940914
-0.0010993623691663
-0.00396215051769588
0.00817677348066304
-0.0031784415427103
0.00252889508066745
-0.00219343057688104
0.00857330154187852
0.00261549689155416
-0.00663044565217386
-0.0112703579305216
-0.0138335545171143
0.0138031083626629
-0.00675219201913624
-0.0330993079315955
-0.0137160208917469
-0.0125043823770012
-0.0113609349112426
-0.0270529324030053
-0.00332181352512073
-0.0104925068388468
0.00261974787326613
-0.0487744911493907
-0.000392400277007043
0.0246009558911529
-0.0106002805644849
0.0154898281206943
-0.0108046017746183
-0.0020559753276792
0.0195724429784989
-0.0130083101793383
-0.0241842604175493
-0.000786847605904861
0.00931767753219215
-0.00468080849404195
-0.0253429382621971
-0.0336416427604658
0.0104022194286331
-0.0164721487020494
0.00279129091999186
0.0299234803040636
0.00459454054054054
0.00564979852837233
0.00280897531276136
0.017740455945839
0
0
0.0288335113171621
0.00305729936305732
0.00533408700365978
0.0269074897974992
-0.00184526999821299
0.0195958099531157
0.0113622019329556
-0.00358545484846329
-0.00347848134298379
0.0068608568401336
0.00370588156112661
0.0171510602328617
0.0042154565757504
0.014225757597347
0.00678313381985052
0.0202123558296221
-0.0114170141668688
-0.00362318840579701
0.00659093181818182
-0.00090316096402876
0.000225954802259842
0.0175102016779327
0.00899297213278571
-0.00583185538617481
0.00597676825626503
-0.00363077350237406
0.00507949437013022
-0.000219698974501248
-0.00725279120879119
-0.00608805650157429
0.0131417751070078
-0.00197867426647591
0.0191650840492887
-0.00518746358140565
0.00391092871555898
0.0156909093954805
-0.00074579159657151
0.000213210361304839
-0.0191876776289879
-0.00999897815457063
0.0176748388483845
0.00550163987599706
0.00289672784998096
0.00267436876312477
0.0011735089776963
-0.00948421822183376
0.0130178272087518
-0.00499152485167687
0.01825168068627
0.00220124733330707
0.000418376734458992
0.00846834273981512
-0.00445780639081272
-0.0213474541429497
-0.00276656726644287
0.0120571594957624
0.0153927256803947
-0.0152632336260665
-0.00579918835087256
-0.00806026081174827
0.0224526678333441
0.000941169118723106
0.0238194627682882
0.0026530816326531
-0.0182169851777533
0.00114026120928523
0.00331331531759549
-0.0044375747278107
0.0085000517414735
0.00380309380405897
-0.0117755678158686
0.000310838248661627
0.00569706851359975
0.0110207852928534
0.00448241628026014
-0.000811369184814725
-0.00639462057636886
0.00582286245605124
0.00152348163237348
-0.00507047961595697
-0.00193663233170271
0
0.00551471620740829
0.00792198870528127
0.00120922009692093
-0.00231485504916606
0.00736410796017672
0.019327057687492
0.0169957361529056
0.00695518760496094
0.00757867435876203
0.00285635535424489
-0.0385455703304742
0.0150094208060458
0.00914487781744455
-0.0061699313746284
0.0129013682375156
-0.00632059004636265
-0.000867424809802841
0.00829556300367629
0.0037309767887781
0.0132481893489931
0.00827771626898177
0.0151133125270395
0.00441138690214848
-0.00027448988677381
-0.00421013171865026
0.020496286199551
0.0114383861248166
0.00222617981586337
-0.0272767651547731
0.0117829189317797
0.0145346216809954
-0.00863136702165956
0.00655232899910851
0.00508293209455069
-0.0141069649020226
-0.00359972992441338
0.015624963731711
-0.0151178038715287
-0.00821674040632059
-0.00273120002662774
0.00602515970398798
-0.00834843942872332
0.00567352677226873
-0.00200183799814668
-0.0061086615609045
0.00210986144188863
-0.00887954062393881
0.0135771778030067
0.00501187361056821
-0.00181344635222191
-0.00090832958155429
0.0169106285464247
0.00500675914182858
0.018770509073196
-0.00812086119771738
-0.0640901334304124
0.0236102158519464
-0.0403418489248298
0.0071818442976157
0.00465866134246062
0.00548880487345138
0.016470588235294
0.000555537037036924
0.0212844997461503
0.0241935300453651
0.0031849951622136
0.00370402155131866
-0.0111589229621109
0.00231030742571248
-0.0266844141839252
-0.00929049996092079
-0.0226165217233573
-0.00733702393635627
-0.0198047666048021
0.00570376052390253
-0.00144191100107571
0.00308047756297092
-0.021880989113656
0.0130494704287571
0.00629541888619856
-0.000288729542084143
0.00279196102458967
0.00854453692225277
0.00218939546341557
0.00987842904519765
0.00404439428141457
-0.00028102107728345
0.00580954829638736
-0.0109930318983802
-0.00979654258490803
-0.00199770732502735
0.0276426831515515
-0.00426676568531237
-0.0260828602903187
-0.0196078712690233
0.00487804878048781
0.0294174660194175
0.0099028860690642
0.0184908102635262
-0.0286997804639606
-0.0138770980836402
0.0170400059069502
0.00338855428065798
0.00281429648807308
0.00383532265976938
0.000838728931855881
0.0107076441209004
0.0232150799664188
-0.0040514720446565
0.0121135053666559
0.00142911755474384
-0.00356762387885412
-0.0190655655293093
-0.022173483791349
0.0166106563415209
0.0103726636612325
0.00844916871082035
0
-0.00342339639639644
-0.00632801465391386
-0.0017284843837061
-0.00674387113613761
-0.0194512802908758
-0.00814075957310489
0.0185849150943396
0.0155598868615368
0.0124031005489631
-0.0178362576734301
-0.00467763005299116
0.00718767067418913
0.00301915819709531
-0.00994249776363676
0.0175971621743396
0.00615663212738715
-0.00494911378428287
0.0253209888710257
-0.00361612286865742
-0.00672746740968866
-0.0103377240026532
-0.0018010355209086
-0.0111862609145018
-0.00273700389802933
0.00219563630400965
0.00885434936957519
0.00452406816478645
-0.00999813574125752
0.0112819393583135
0.0205128021500172
0.00608307326104196
-0.00630915686183431
-0.000881825381272905
-0.0045013414518621
-0.00558557491279743
-0.0119472534968883
-0.0229200595560367
0.00720353719249656
0.0144874475424071
0.018528588381495
0.00488061043782739
0.0114800690830108
0.00384147019520276
-0.00530527034340045
-0.000961799397696916
0.00630142646067866
0.00217429112434453
0.00512016822563122
0.00483506302883785
0.0179584469313914
0.000168793786031962
0.00320706394138015
0.0111886427730636
0.00224628957353468
-0.00962897808891028
-0.00947110903480186
-0.00990013538669832
0.00495678993322302
-0.000680278958424263
-0.00297845284693299
-0.0125469609919098
-0.0172011839017862
-0.0430079079069808
0.00257327456250844
-0.00834169982002742
0.0206138288038453
-0.00489087021498524
0.00364061153252182
-0.00272055870283561
0.00663813761354781
0.00614272826041717
0.00637456472547759
-0.00651257940985206
-0.00853086378833634
0.0023548047330928
-0.00768047361851409
0
0.00637403933709724
0.00208109850021065
0.00442436117381484
-0.00251707124266587
0.0109949622476115
-0.00454628275985025
0.00985044344677077
0.00762614190723077
0
-0.000792009173422703
0.0134754182360803
0.00234636308334069
0.00277447556006516
0.00242087143624858
-0.00439884415389258
-0.0193190938230964
0.00998237658963896
-0.00647254427582356
-0.00554623665978471
-0.00398368452535125
0.00275529281387787
0.0154227796489983
-0.0108240050772347
0.00847157606777271
0.00481276693045807
-0.000957946512967878
-0.0104602858223475
0.00889712849446256
0.0047149306270402
0.00677846528200221
0
-8.63357805150899e-05
0.00595651781617823
0.00480560374843897
0.00495347185766404
0.00195465287591823
0.00602204400301876
-0.00278224430670049
-0.00777813669071814
-0.000766905242272409
-0.00230235360200448
-0.00273504273504266
0.0107987829962291
0.0178056551160648
0.00249912527075025
-0.0147082936582448
0.00261446402968724
-0.00277585807812564
0.00067477012210615
-0.00016855770467572
0.000674487811529678
0.00235907823137449
-0.000504303601712164
-0.00866207186402923
0.0105192232062916
0.00117527700196596
-0.00176085021363659
0.0146156905178743
-0.00157300271899163
0.00563848268057199
0.00263851420381367
-0.00879933402630484
-0.0127769104187913
0.0124380454229438
0.0039843612186905
-0.00496071942854204
-0.0182799836855835
0.00321622508309405
-0.0111364212531547
0.00546027647351144
0.0102672891008448
-0.00277166979290555
0.0110334200867492
0.00908027316660887
-0.00354990514859843
0.0115161477593078
-0.000163780822795667
-0.00876546243958376
-0.00396696694214871
-0.0031529871345749
0.00566007163026527
0.000248286707498879
-0.00372359129041933
0.00705978393588391
-0.00197936494845363
-0.00404929337989757
0.00215733493587789
-0.00140750125358091
-0.000248727300814822
0.000331738259549796
0.00174099647468906
-0.00777954965191496
-0.00283589959826425
0.0183186528234549
-0.00213565799467164
0.00345735091889976
-0.00188682523565498
-0.0136434291714216
0.00899919991668696
-0.00850605362973178
0.00741295198089209
0.0026457214380915
-0.00643192066707154
-0.00987629695205072
-0.00544845753272949
0.00632111240925215
0.0159966161474603
-8.23922196420135e-05
-0.00700746891160431
-0.000498115412987499
-0.00240884626969728
-0.00616150718004183
0.00837801601559973
-0.00299103520279964
-0.00466664999999999
0.0116376421360072
-0.00256562935420612
-0.00082972952613003
-0.00348777617485097
-0.00541668333333334
-8.3803939401772e-05
-0.0107256413851397
0.00626804177990925
0.0030303113712884
-0.0134273745073054
-0.000680461052746884
0.0126829925259706
-0.00193328568602769
0.00151591715539712
0.00916585955542981
0.00308303469572491
0.000581491956674451
0.00423413875219936
0.00702710819301511
0.00574668755843843
0.00906049287306354
0.000323580318955408
