0.0698630402334388
0.00448142560240239
0.0420649548294922
-0.0140672953374047
0.00744422226128827
0.0190886578788414
-0.0102719073494156
0.0134309692468211
-0.0198794401475029
-0.0030732013404936
0.0332922377620095
0.0101432023015267
-0.0218546970628859
-0.0181159779287443
0.00676516881541045
-0.00244360210403105
-0.000612322097924833
0.00796569113284251
0.0261397773039054
-0.00829385028610152
0.0119474554851855
-0.00649347223278396
0.0196078711125089
-0.0273893149298694
0.025763970772638
0.0192756499736848
-0.0131805317642604
0.00871084467147298
0.0132412618201141
-0.0176137257678155
-0.00867550100291758
0.00933491279072274
-0.00520234286379939
0.00174319153573754
-0.016821296231695
-0.0389381329137708
-0.0153468146224748
-0.0255610978099223
-0.0300703913308492
-0.0191292317799517
0.00403486389866314
-0.0334895375257886
0.0429660159731782
0.0485049494059444
0.0101394430197546
-0.0125470484677747
-0.0006353026746303
0.00254288270018566
0.00317063975071363
0
0.00189624184446369
-0.00378614747402939
0.00569973517110256
-0.0579344556340486
0.00735293724244745
0.0258792057840347
0.0284605576630419
0.0132075606253808
0.00372441036011706
-0.0228819249388933
-0.0537975026431654
0.00133783798374232
0.0207080857094604
0.0176701876357954
0.0237941446365868
0.00753774830511911
-0.0174563673290856
0.0203045500521652
-0.00995028136249076
-0.00753766451108373
0.0113923967627454
-0.0206507476249271
0.0268370300928447
0.0336029337949237
-0.0114388380468126
0.0395858964196725
-0.0292912063080503
-0.0555219751909626
0.0166133549319307
-0.028284091516662
0.0122898365978201
0.0102235615080126
-0.00379508247785565
0.00634922391629855
0.00946377647136387
-0.013124985357255
-0.0177327503568038
0.0148290848905399
-0.0470139310727714
0.00733329975603492
-0.0211780091184103
0.0108180655061529
0.0153846460434168
-0.0388669427722644
-0.0143934048598052
0.00695412193016653
-0.0538674144278594
-0.0145985474903708
0.00666671124316154
0.015452521296162
-0.0166666988889125
-0.0206337615702715
-0.017306212593726
0.0168453545900955
-0.0240964303219221
0.000771613913068014
0.00231305695227779
0.00692305458448073
-0.00916730787829334
-0.00693906800401833
-0.0139751792960839
0.0204724338319744
-0.00308642134154591
0.00619198807796817
0.0107692188237387
0.0167427276218712
0.00523951542744916
0.0178704489299268
-0.0336502981822487
-0.00454203271187226
0.010646376415322
0.00601960021257009
-0.00224309056666072
0.00824516666666653
0.000743436905474848
0.00891530917141892
-0.00441746215836314
0.00369740974113975
-0.0280029129785028
0.00227440929327716
0.0173979499303603
0.00223040989865075
0.00890208184980423
-0.0132352519973723
0.0543964245327884
-0.00989401338702189
-0.0135617404577431
-0.00868307234780341
0.000729967946325294
0.0080233037933044
-0.012301027203292
-0.00732602737298416
0.00590409500581512
0.000733651612247366
-0.00733133322286195
-0.0103397226243511
-0.0238806412934155
-0.000764500886784258
-0.00535577067866522
-0.0046154039281403
-0.0139103452361595
0.00235112446211772
-0.00860053392023341
-0.0141955384608911
-0.00640003864689753
0.0161031037434982
-0.000792437447739824
-0.00872319598576765
-0.00640003864689753
-0.0136876167004756
-0.00489790735709383
-0.00164070812142492
-0.00657354479800809
-0.00248141841785721
-0.00497510860235995
0.00166668605908904
-0.00499166452841771
-0.00334452040136624
0.000838935938703989
-0.0142498070655835
-0.0017006622664798
0
-0.0144804257319177
0.0103716563019924
-0.029084645922006
-0.0176211538313116
-0.00717493127801194
0.00271005866913288
-0.00630629944917371
0.00271984620569032
-0.0506328966336175
0.00857144333316273
0.00377710804798981
0.0178739403758854
-0.004621084736805
-0.0185700706236086
-0.00567646660283716
-0.00190292940363335
-0.0276454009160478
0.00294121070533215
-0.0234604654963623
-0.0030029044901978
-0.015060281171501
-0.0193679899506165
0.0259874577098345
0.0293819930309371
-0.0177164790880896
-0.0110221272173534
-0.023302894741774
0.00933606972673817
0.00308328361867738
0.0153688943314023
-0.0504541324212889
0.0712008272601949
-0.0595237969198692
0.00316529736121085
-0.0210311909127525
0.0107411199380083
0.00212542321926334
-0.0169671343937847
-0.0172599389429523
-0.00878161150241685
-0.0332225835093741
-0.0607102376146617
-0.0109755750371526
0.0184957348429275
0.0726391507528195
0.0620767696015594
0.00425079918379745
-0.0243379190657117
0.0108460087451756
0.0268232764872478
-0.00835950727550949
0.0242361332767809
-0.0154321401359757
0.00627036227536237
0.0020768195593488
-0.0279799935940352
0.0266524771436185
0.0238836965411464
0.00912775954537892
0.00201002891676216
-0.00702105571887268
-0.0404040163581764
-0.0315789394851279
-0.00217388992751921
-0.0119826610877591
0.0573318949066015
-0.0145985245772419
0.0222221981720376
-0.0414071529062096
0.0280778197425957
0.0934873804351155
0.0547550392884992
-0.00364298629057858
0.0063985256251764
-0.0681199041038574
-0.017543877137125
-0.00496032739466568
-0.00797602577133827
-0.025125632856746
-0.0154639480082899
-0.0136125275128777
-0.00106158265078737
-0.0318809461467082
-0.0021961944441854
0.00550056517715292
-0.0404813846288347
-0.00456100567551254
0.0297823999375735
-0.0044494891696385
-0.00223386802680137
0.0268757439950826
0.0228999937882444
0
-0.0191890402194664
-0.0119565550996378
-0.0528052695497049
-0.0301974123807807
-0.0323353611020831
-0.0321782382548286
0.0217391403239562
0.0375470093104522
-0.00241251773637963
0.0169286256811276
0.041617097702517
-0.00799090362256127
0.0437284395505069
0.00220504663827836
0.0352035619513638
-0.00956430274588993
0.00429184446972064
0.0128205097751843
-0.0137130417733383
-0.0385026632679232
0.0389321233915829
-0.032119882131913
-0.0575222052947205
0.0258216169489822
0.0491991115620865
-0.0338066439018671
0.0158013376346586
0.0133341310989046
0.0131578915291244
-0.00974026942757844
0.00874248701634062
0.00975078078077063
0.0257510852474807
0.0658995541004135
-0.00686947234522584
-0.0138339768115829
0.0150307689058546
-0.0167825016771572
-0.00903624906440248
-0.0162107035091841
-0.0453140867164776
-0.0711974220250998
-0.0394890120253245
-0.024183702647129
-0.00867409177871381
-0.0899993174361924
-0.0206044351221901
0.0154276879397981
-0.0469619622035765
-0.0231884170048391
0
0.0519287925839573
-0.0310296656229639
-0.0101892177892956
0.0499999934607793
-0.0252093189002973
0.00574712496807162
0.0414278144970097
-0.0109740030843665
-0.033287057537815
0.0832137825588588
0.100662300566853
-0.0228640159699119
-0.0270936353096682
-0.0113924245856041
-0.0345703255662743
-0.0278514072638244
0.0491123683509218
0.0559168466922326
0.0492610505629607
-0.0469483266690693
-0.0307882592804927
0.132147407735409
-0.0426487061787153
0.026963606221251
0.0125571734689724
0
0.00676430223478497
0.0201568603979105
0.055982401145064
-0.0155925578276251
0.0105596911465953
0.049111774182764
-0.070717113696528
0.00964627144809382
0.0180467307273549
-0.00729926228862088
0.0157563456480716
-0.0527404936796819
0.0633188353763097
0.0205338450929946
0.00905438653265578
-0.013958109799139
-0.0040445810787505
-0.0538070561386913
0.0268240113495049
0.0135841354337662
0.00206187958353676
-0.00411531971533086
-0.010330515302012
0.0052192208283135
-0.0238837427163272
0.00106384216705346
0.00956430997722646
-0.00210528759610296
-0.0116033228820952
0.0394877094662673
-0.0266940807975444
0.032700473992515
0.0224718524435972
0
0.00799201216353063
0.0436075107210361
0.00569807210877427
-0.0160528981559337
-0.00191940807568181
-0.0230769349171688
0.0492126461547375
0.0609755660076865
-0.0141467408208208
0.00179370290916703
-0.018800377596729
-0.0556568926612375
-0.0106280137198026
-0.0214844069746887
0.00199598681371516
-0.0577688885711853
0.0221987542085311
-0.0134429222098101
-0.0104822009116785
-0.0254244293935034
0.00869560804344593
0.00215524542480527
-0.0301075883711074
0.0110864555908299
-0.00109640649079279
0.0186607353005348
0.0150861908898943
0.0191083614346053
-0.00937501592232037
-0.016824450194515
-0.00855610675242313
0.00323628352217131
0.00322574814980281
0.0203644143814175
0.0336135093573211
-0.00508131440666781
0.0102145320622611
-0.00505562518557767
-0.0355692008466748
-0.0179135211199499
-0.0236051853323825
0.0384615459791546
-0.0063491860335223
0.0202342897825187
0.0187891299992777
0.0102459295542683
0.00304263161319818
0.0262891700347154
-0.0758621139836111
-0.0298507611272109
0.0252755567230913
-0.0246524522674424
0.018681340482406
0.0302049770948527
-0.0303665182798175
-0.00755943507506418
0.0163221344016955
0.0513918886454805
0.0325865282565949
0.0542406475544346
0.00187092910277675
0
0.0196078211566824
0
-0.026556799713719
-0.00188144759314901
-0.000942559920658947
-0.00283013778552976
-0.0075685940912632
0.0171591441995733
0.00656048473789839
-0.00558657436859045
-0.00561795951723332
-0.0141242901186661
-0.014326686262593
0.00872090242583945
-0.00096058328010995
0.00961541092704188
-0.00476191766833911
-0.00956936149903753
-0.00193238956523389
0.00871250306757809
-0.0239923022253919
0.0344149511644591
-0.0218631174689284
0.00680271344522998
0.00868723059768994
-0.01722491027088
0.00486856257902368
0.0174418910274556
-0.0438095663200917
0.00398406586244837
-0.00793646802403047
0.0259999904841264
-0.00877190169166764
-0.00884961633590198
0.00496033111458605
0
0.0187561684927131
-0.0106589094679516
-0.00881485921215475
-0.0513833801053878
0.0187499392056858
-0.0265848582426123
-0.0136554341694554
0.00851965859045967
-0.00316784160651107
-0.00847462736765159
0.00854706052065279
0.0243644064802677
0.0113753356787409
-0.0020449681108281
-0.00819677097950078
-0.00309911784126282
0.0238341971776961
0.00809721500738525
0.0180722302571323
-0.00197236565607839
0.00790509822131447
0.019607853394856
0.0185905013654697
-0.0129012242241644
0.0044628829684763
-0.114249419227356
-0.0286636020514063
-0.0132792299783617
-0.0115887950578465
-0.00340381922603883
0.00607205371437991
0.0199924378152714
-0.0129437961229638
0.00711878188055115
-0.000744022620431606
0.0160089432629351
0.0183217488627028
0.0154731511512172
0.00531538959961231
0.0123369840983159
-0.121195011286048
-0.0517969873150107
-0.0250836663832962
0.0108633504859921
-0.0192307692307693
0.00403690888119956
0.00689264790350363
0.0524814573598713
0.0222222210177658
0.01219506828234
0.0429544264012571
-0.0150677548970366
-0.00560943367621447
0.0210256410256411
0.0135610246107483
-0.0143707135777998
0.0196079446761159
0.0123274155657094
-0.0185095461027985
-0.0238213399503721
-0.0198270971021862
0.0114107359226798
0.00974364102564107
0.028948652668936
0.00296150049358346
0.027559005905512
0.00143682957072921
0.042563318986131
-0.0100916977106283
-0.0180722428174235
-0.0207645577742067
-0.00915667469879511
-0.0145913917602817
-0.0118460019743337
0.00399600399600408
-0.00398009950248768
0.00249750249750247
-0.0144493771798705
0
-0.0267947913652784
-0.0285713766233766
-0.0085561492750722
0.0350593292848258
0.0265763404598052
0.0203045167358114
0.0263681094527364
-0.0116335439473362
0.0156939684008812
0.0188315315708127
-0.00473933649289104
0.00619042857142871
-0.018457123448042
0.006750192864031
0.0205938707180973
-0.000938432704759906
0.001878769287047
0.0393811533052042
0.0234551646368966
0.00749228702105387
-0.0113736215497103
-0.00442477876106206
0.0128889333333333
0.109258441893004
-0.00316455683684502
0.0277777369929468
0.0115830501930503
0.0160305337392925
0.0255446271395707
0.0241758250613855
0.0593706029817811
0.00101279537431487
-0.0043844856661045
-0.0105013888888889
0.00958579286497052
0.0142421159715158
0.0127048144433299
0.00858362467535079
-0.0320785280549436
-0.00845451471085557
-0.00272851296043664
-0.0153898426812585
0.0260507111479433
-0.0338524023746648
-0.0157673785645628
-0.0138839088643645
-0.0259928149461077
-0.00481838398813927
-0.0134078212290504
0.0128350320875803
-0.00111818859485646
-0.00485070913622043
0.02212223472066
0.00220102714600134
0.00658857979502203
0.0134545818181817
-0.04018661499151
-0.00934579439252337
0.00679245283018859
0
-0.00449778860569705
0.0180723651382668
-0.0310650876085397
0.0137403811549472
-0.0082830951913816
-0.00607441154138189
0.00763938120702834
-0.0185746784903215
0.0104287759918416
0.00955657492354733
0.00454377129875039
0.00226155287366936
-0.0278300112824369
0.0019342359767891
0.0305019691119692
-0.0333458960904497
0.00658914754221507
0.00539091279903392
-0.00421298336985898
0.00384615384615383
0.0337164750957855
0.0192735359525575
-0.0101818545454545
0.00404118310217405
-0.00292718624222454
-0.0036697247706422
-0.013627955801105
-0.00597460769325586
0.0255446271395707
-0.00805857172375724
0.00664697193500752
0.000733712399119568
-0.00256605562441137
0.0180081594269812
0.0144403965905995
-0.0245551601423488
-0.0207953301714703
0.00298062593144577
0.0245170876671619
0.00181287164612054
0.00868628334007537
0.00753494770237007
-0.0309829415954416
0.00771778786173427
-0.00729398249452951
0.00918442355563642
0.0182016752166609
0.00679302848741603
-0.0245028764204545
0
-0.0207498733436431
0.0204461338289963
-0.003278688405148
-0.0197368779335937
0.0313199105145414
-0.0274765003615329
-0.00743490706319694
-0.0101123966250038
0.00681048051456679
-0.00751600873671521
-0.0412722453616055
-0.000789928909952664
0.00948624543423904
-0.0599060665659331
-0.0903790087463557
0.0576923076923077
-0.0121212121212122
-0.0074496056091149
0.00838852097130238
0.00656742556917678
-0.00304480208786417
0.00916226003490395
0.0302637713040972
0.00797314309693675
0.00707747710241469
0.0107482426313252
-0.00245406942928139
0.0229603125444984
-0.00280569127031294
0.00964638302437226
-0.0147293385856154
0.0185858181818181
-0.00158663235171086
0.029797377830751
-0.0127314814814815
-0.0183665103556078
-0.00676751565415934
-0.00641282539427557
0.012505001512505
-0.00876498007968129
0.0180868576401469
-0.00789581523884708
0.00835658608661305
-0.0138121546961326
-0.0136054421768708
-0.0255578093306288
-0.00124895920066614
0.0237598582742811
0.00773619738339559
0.00363636363636366
-0.0225442431561997
0.000411861597534591
0.00782210754128831
0.0494281454248364
-0.00467111698438616
-0.00391087211576058
-0.0086375739551463
-0.00316831683168306
0.00715137067938021
0.00197238658777099
0.0027558661417324
0.00157051439224642
-0.0439043904351235
-0.00204997958384501
-0.00328677074774031
0.00659521846661182
0.0229320229320229
0.00720576461168942
0.00357710651828302
0.00435647524752469
-0.000788682934200202
0
0.0236780189423835
0.0100231299142972
0.0225190831099586
-0.0216499432008234
-0.00305227024236054
0.00535786472858257
0.00418724781119151
-0.0136466646568107
-0.0438124903920061
0.0418006849598347
0.00810181327160486
0.0244929592228456
0.00298841987299214
0.00931098696461818
0.0107010701107011
0
-0.00146035054619742
0.00767820840950639
-0.0145137523408474
