-0.00737230121116361
0.00106106100795733
0.0196077891039856
-0.0103949584199583
0.00105031507088693
0.00577130145704619
-0.00938967136150248
0.0126382306477095
-0.00988034321372855
0.028361290527243
0.0188968845760982
0.0175437585191098
-0.0172412816375015
0.044110223352871
-0.0120019203072491
0.0034013605442178
0.0130750605326877
-0.0148183078393882
-0.00970407522056893
-0.00342969132778048
-0.0117994100294985
-0.00995024875621908
0.00552763819095503
-0.0219890054972515
0.0786919264179866
0.00284220734996654
0.00614071799716576
0.0201878413233729
0.00414173953060293
-0.00779101741521548
-0.0277136720554272
0.00427553464491859
0.0160833025583398
0.0135009310986964
0.000918741387230249
-0.0399266158822112
0.00239000956022939
-0.0228897960367095
-0.00732064421669099
-0.0216322517207473
0.006030150753769
-0.0319680819180819
0.0149639326606776
0.0188104219623793
0.0104789914930643
0.00246908641975296
-0.00344822677084855
0.0059317844784974
0.00343980343980355
-0.00293824681684629
-0.00589395845314555
-0.00444664031620556
-0.000992605459056883
-0.0139095386939662
-0.018639798488665
-0.0215606262833675
0.0099685734506072
-0.0181818181818183
-0.00211634920634907
-0.0159067860070633
0.0199353997810021
-0.0200740095087163
0.0916442637004995
-0.00148153086419744
-0.00593466893841088
0.0243781094527362
0.00291403593977657
0.00920096852300256
-0.017754366602687
0.00977044503030999
0.00387034349298498
0.0072289156626506
0.0110047368421053
0.0250828691473197
-0.00646352723915056
0.0139405204460967
0.0132906049495876
-0.00316598809742252
0.0108892917019376
0.0170556096474144
0.0123566195939981
0.00741063611985027
0.0164430542430525
-0.00340570455512978
-0.00384451089278082
-0.000428859348198918
0.00257408848451668
0.00727428295788268
-0.00339855550558388
-0.00468878962867814
-0.00128479657387581
-0.00300171526586623
-0.00645161290322571
-0.00735930735930745
0.0157
-0.00944615674340243
0.010836584308626
-0.0248713550600344
0.00307823218997383
-0.000876720774954931
0.00877573458640901
0.00826446280991733
-0.00301980155306292
0.0203374720754013
-0.0182357930449534
0.0116630669546438
-0.0102476515798464
0
-0.0207074633304573
-0.00969167358186462
0.012455516014235
0.0114235500878734
-0.0125977410947002
-0.0131984161900572
0.00936241640659841
0.00132513256736466
0.004411116012351
0.00834426877470351
0.00174220390863256
-0.00304347826086959
-0.00610549498473612
0.00570421212355376
-0.000872600349040242
0.0126637991266376
-0.0163864589742794
0.0118369579937287
0.013431499133449
0.00427537427427849
0.0110685398041721
0.00800004210526306
-0.00918972392691197
-0.0105396294493941
-0.011930038855136
-0.0159551955172403
0.0100788343558282
0.00607383974289966
-0.0206986623243354
0.0215764870795458
0.0521551270622791
0.0262187218353134
-0.0163672661224458
-0.0012174513481108
0.000812596472466565
0.0219245238296599
0.00993245927691699
0
0.00236034618410685
0.010596546310832
-0.00504850485436903
-0.00507419964581579
-0.003138485680659
0.0118063360881542
0.000777946354646009
-0.0182666148464826
0.00554235946159931
0.0051181496062993
0.0168428508874716
-0.0104005396918544
0.00311401311350679
-0.012805549088087
0.00314461465626525
-0.000783699059561105
-0.0078431764705883
0.00395260885188176
-0.0338582283464567
0.00814991816830002
0.00525468876313662
0.0108563727038049
-0.00517100259232306
0.00879648140743705
0.00753071739992084
0.000786821400472038
-0.00157236629039437
-0.0141731889763779
-0.021964895288942
-0.0114332788893425
0.0214787699908621
-0.00404371209057819
0.00771421062583078
0.00926668009669629
-0.00998004031856448
0.0133064521494537
0.00915248743145591
0.0208989739393148
0.00656624204581857
-0.0111281278253311
0.00310438494373311
-0.00154742746615089
0.0170476953524872
-0.00609523809523815
-0.00536600229973172
-0.000385356439870699
0.00925208137039002
-0.02177230710466
0.00390464646994748
0.0105017895955577
0.00307925327174763
-0.0103606297145292
-0.010469212467266
0.00587774294670851
0.118426139462407
0
0.00243824459903319
0.00104232102007229
-0.0121485599496203
0.00702744227081675
0.00662944870900217
-0.005892547660312
0.0216178172942818
-0.00273037551980793
-0.0082135184193538
-0.0345065562456867
-0.0271622944960686
-0.0389419191382043
0.000764525993883769
0.0423988158899924
0.0234517763484141
0.0461868600071609
-0.0201916502461208
-0.026894796608271
0.0183058141311623
0.00810711991162782
-0.0174825174825175
0.0274021708185053
-0.00623484564479226
0.0128964094494106
0.00309707512378088
0.00205828473413394
0.0201985628277495
0.0241611081933257
0.014744397116645
0.00419764301574577
0.0135048231511254
-0.00348984771573602
0.0066858007004138
-0.00411135344366376
0.0181010161956177
-0.0233936985841017
-0.0207601092545547
0.00750159817351603
0.000323761745670392
0.0181229449838187
0.0162110621808984
-0.00187672824137408
0.000940175493575612
-0.00657485890498244
0.0107154112826977
0.0159027751792953
0.00920807187181882
0.00425787699945634
0.0236220169594183
0.0109467163001986
-0.012291425946235
0.00207407407407412
-0.00118276167947973
0.0287152465575859
0.00431660431654679
-0.000573094523031892
0
0.0114678322400277
-0.008219869847502
-0.00657342060169053
-0.0054659957115073
0.0361585189470639
0.0326633724176437
0.0100026758581955
-0.063169189957998
-0.0271428857142857
-0.00557997079530026
0.0209686644722782
0.0127277408157362
-0.0119965159666676
0.0104076611737496
0.0334763366673436
0.0207641201761939
0.0037970980145674
0.0135098629294712
-0.00426552941964975
-0.0136545656575402
0.0105863192182409
0.000268654311039507
0.0112781411773286
0.0241635687732342
-0.00492608244749804
-0.0198020317925474
0.0337586399191558
-0.00514271034051716
0.0173171883514394
-0.019563033039557
-0.00544179839336623
-0.0302240742515874
0.0198817297183844
0.019757640141139
0.0129165593623497
-0.00867125755346243
-0.0102906614430321
0.00701848175153397
0.0121320850732018
-0.00943634301036322
0.00205968074150342
0.002826336219236
0.0140918015396312
-0.00378984316372699
-0.0182602333248795
-0.0281580994099225
-0.0127591709930667
-0.00942374823434988
-0.014134302415485
-0.0154397849462365
0.0140016805937182
0.0251311799262959
-0.0608835684505272
0.015490561804631
-0.0138418636247536
0.00687487825837874
-0.0125178655750858
-0.00432146367967345
0.0393517639076457
-0.0331291221118666
0.0164122948459546
-0.0348441652930358
-0.00821834458467874
0.0304823607433455
-0.00430792647903511
-0.0360542276350867
-0.00897663129722504
-0.0356279600129216
-0.044145271003592
-0.0592860118150667
0.00313370484448838
0.0465116642315746
0.0122719734660033
-0.0786369266055046
0.0462304037613657
0.00101974847042818
-0.0193549059641798
0.0453601816260449
0.0440542880405999
-0.0250634517766497
0.0318906280507647
0.0192368659488131
-0.0133044863861387
-0.00689868318904607
0.0170508051784024
-0.00620928302419388
-0.0153076548145989
-0.0104695114213198
-0.00673295906595184
-0.00645574564234996
0.00259909023394767
0.0126376859158235
0.00863999999999998
0.0282360406091369
0.0021598272138228
0.00954436576354678
-0.00579454084188646
-0.0122698473785182
-0.00496894394506397
0.0156054926465201
0.00122928699356839
-0.0113567519118015
-0.00217323819227688
0.0342253588744665
0.0249698540932699
-0.00675080716172571
0.0171394208037825
-0.00551998869959269
-0.015191381828805
0.00860281841005084
-0.0170588823529412
0.0164573020022325
-0.0164851628941667
0.00209518108350792
0.0501792114695341
-0.00711035267349258
-0.0097393297049555
0.0251663002603413
-0.00648984216957782
0.00113606933076027
-0.00170215602836876
-0.0153451837267742
0.00779209190233243
0.00830472556155359
-0.0238568595244778
-0.0136746294348161
0.0168141288015264
0.00319120965502728
-0.0135916996187566
0.00498381691633498
0.0183780927181474
0.0847894299627614
-0.0190123321629874
-0.0199192990622182
0.0192255149684153
0.0215575041348017
0.0100237668161436
0.028728074465185
-0.032241686525557
0.00918158471095465
-0.0174162199787831
-0.00714285733182174
0.00532909686461758
0.034190299496422
-0.0017939261916966
0.00385101402179688
0.00613815888174729
-0.00203360447381795
-0.0155373415964005
0.00103485117542812
-0.0227448442167186
-0.00132248079020147
0.00979880878171646
-0.000262313132381009
0.0110178911599657
-0.0199792677742794
-0.00370661900979619
0.020728115314161
-0.00208273887008581
0.0182623783844309
-0.0243401748485824
0.0160188279401876
-0.000775368332265991
-0.00879461976202789
0.0156575678496869
-0.049845788789609
-0.0224445105462411
0.0284923359063713
0.0225927918235611
0.0423461599158337
-0.000504668167936817
0.0136329458815212
0.00896627601662403
-0.00296220700874883
0.0222827933221785
0.0220392341477542
0.0109004499786622
-0.0128926160337552
-0.00617437648600383
0.00836327399585546
-0.00142184830753911
-0.0147128385076611
-0.00337184489402709
-0.00265831313053855
0.00411919069542033
0.0231660961188729
-0.0198113434051254
-0.0161213181876486
-0.0151626073651897
-0.00273156195679181
-0.00224103585657365
-0.00798602445719987
0.0158490817610062
0.0111441552465539
-0.00661280888499594
0.00123274158696396
0.015759640094567
-0.00363641212121213
0.0051095622924362
-0.0041152746522567
0.00826448731804774
-0.052314344262295
0.0145001268252321
0.00351050643153195
-0.000999500249875274
0.00350172586293152
0.0129611169731088
0.000738164388242257
0.00786830626350166
0.00146369839162253
0.00584657748712725
0.00702351641987131
-0.00505057695764421
0.0188543151765608
0.0154210431591439
0.0165887620698311
-0.00298775007987828
-0.00184421388095402
-0.0233255894532469
0.0276660669740822
-0.00115046021975307
0.00575904169546182
0.0213009619789282
-0.00381255886970178
-0.00675369233470025
0.000226699914476436
0.0122365055010989
-0.00358182241243876
-0.00336996195776074
-0.00856629827397881
0.00522962710322883
-0.00113094325109586
0.00113222373188426
0.00203573856674355
-0.00451469536150551
0.000680340166908877
0.00906408318458896
-0.0121265890888522
-0.00159136160075635
-0.00295985896902828
-0.0203242516482244
0.0100233095560229
-0.00392342469774187
0.0122798656163114
-0.00366216533902886
0.014932253961228
-0.00882750113173392
0.0121031968005665
0.00496392148014424
0.0208801072995037
-0.00901693404405257
-0.0137594759485247
-0.0162015755220876
-0.0091491534961311
-0.00346265004616808
-0.0132036142322731
0
0.0180751416936686
-0.0385058344133233
-0.0146283209921265
-0.00194699440253099
-0.0209703984867301
-0.0361145934687624
0.0183462269161181
-0.0416138036031463
0.0201217633042095
0.0114197251860819
0.0248908897898155
-0.0388082132901405
0.00104196408028034
-0.0327869372885766
0.00242130763633619
-0.00107345684774329
0.00403003750590969
0.0155205249002013
-0.0353096169878889
-0.0281343614276327
0.00365365353267832
0.0215626161176872
0.0060307291666668
0.020435966745614
-0.00160218954333269
-0.0160470183484094
0.0103288118964717
0.00403556653406323
-0.0155412111468383
0.0068045723024186
-0.0140578797481544
0.00438716741466494
0.00546003261097372
0.00190062438769356
-0.0124662052863845
0.00164656974880817
0.000821890410958703
-0.00273744874726101
0.00137249519626681
-0.0101425164473684
0.0146773188956713
0.0196507101433052
0.0155245713189356
-0.000790695856370593
-0.00553940912687934
0.0180371348000761
0.0213652938675015
-0.00178571424016039
-0.00460005099412086
0
0.00333763791174224
-0.00562950329429368
0.00283067414228855
-0.011290787495746
0.0147936417024044
0.0117647832104748
-0.00227502522055034
0.00354699762992139
0
0.0151476391025591
0.00646610312027107
0
-0.011366518127835
0.00449890049981994
-0.00348345368209635
-0.021473159087969
0.0137790511298557
0.188774226025673
-0.0323946432352318
-0.0157549449506578
0.0111160515784794
-0.0019789138082672
-0.00132181100070095
0.000220560325587593
-0.00242611380679325
-0.00331633871324333
0.0104258424833255
0.00307354562181228
-0.0122564677666113
0.044537956026192
-0.00975814615524284
0.00835475578406175
0.0157212874442321
0.00522903147397957
0.0108198291548101
0.00905718365347119
0.00367199102407167
0.00609754052647271
-0.00848480808080809
0.0028524652464359
-0.00243809422108721
0.000611059088026833
-0.00346024825035107
-0.015114338544002
0.00953958918416431
0.00205421117502058
0.00697006984358484
0.00366449518860934
0.00933060870853164
0.00763667635195642
0.000997207837997616
-0.0065749752256421
-0.00661857186886139
-0.00989295396513135
0.00326264267408982
0.00325203245422689
0.00506482971910804
-0.0114896187968229
0.000815681060039264
-0.00896501593459587
-0.00452304696799033
0.00784801767236742
0.00758194687667935
0.0036607689103425
0.0121581159942499
-0.00160164160957676
0.0202526974183417
0.00943396207873493
0
0.0107087030625252
0.00654979772683495
0.00861245933014354
0.00626182151305832
-0.00358285882675569
0.0049204769114306
0.0137477217984077
0.00297232015707527
0.0116687715625572
0.0250824427880345
-0.00428651529607016
0.00466364125560537
0.00714161782330347
0.00655910299592266
-0.0449101628198338
0.0169648165222203
0.0132366087674847
0.0221903718290914
0.0119047621131787
0.0122837199357047
0.0121347295209273
-0.0158730493773549
0.00514761505057693
0
0.0167292414909783
0.00151109802701321
0.00251461852423751
0.000668913054664211
0.0115307319518716
0.000330414675870028
-0.0416184977971676
-0.0218852493862699
0.020084637776062
0.00949911884286281
0.00786995709375593
-0.00186727210999826
0.0258503575824891
-0.00281826923076922
0.00881127152747219
0.007910349373764
-0.0117724166121648
-0.00363994049702077
-0.0320491525730796
0.00892091252494587
-0.0209147930468493
-0.00017370614193446
-0.0227549418099704
0.0159971921790683
-0.00944718334499639
0.0259625755203563
0.00723012566706838
-0.00905824676322853
0.0524318730596758
-0.00852179613241566
0.00413223140495877
-0.00411522633744854
0.0137190413223141
0
-0.0040763083620966
-0.00245582834132851
0.00837024454291813
-0.00797522799438843
0.027727612342451
-0.0234674492890717
0.00457745641907659
0.00537018705662828
0.0100356589516941
-0.0152243745120393
0.0410089496987966
-0.0306394086190495
0.00806321587044723
-0.0188769162974538
0.000815245367185913
-0.0190616158510651
0.0088025744693998
0.0189331077071746
0.00129264826777598
0.0148458606608703
-0.0241691846743392
0.0104285320258846
-0.00370906317397413
0.040142490128561
-0.00389044494583113
-0.00906111516759522
-0.0134005675547848
0.00271649080484204
0.011633466135458
0.0346565847511029
-0.00182707064555443
-0.00671133333469587
-0.0010749385254174
-0.016141475043437
0.0285937812499999
-0.0136716082736863
0.0189435391960573
-0.001058161967463
-0.0104402185165815
-0.00351688062639499
-0.00260853161296715
-0.0123077384615385
0.00171341129501923
0.0107293114827962
-0.0136922923076923
-0.0032756043787926
-0.0275430820800286
-0.00611523987955009
0.0215350071740612
0.0071326834680614
0.0152659896873468
-0.017361695322843
0.000946553099014924
-0.012923561656051
0.00734470689214906
0.00253605959740044
-0.0327272727272727
0.00441322327558025
-0.00146460534638559
0.011245078043594
-0.0156325062954473
