0.0205026989550978
0.0108878286224801
0.0562892564761959
-0.01845103247576
0.00643081861945571
0.00577538728589522
-0.00342086752402859
0.0322422091455192
0.00807600978893164
-0.0293355099906518
0.046850358621803
0.00104343188405798
-0.0113504174820671
0.0158153465813573
0.0106100566325691
-0.0295560434630621
0.0102305149314379
0.00291002198067636
0.0103296072270378
0.0045949912259049
0.0179531166822111
-0.00561671553415133
0.0326480693396318
-0.0236298425279579
0.00761904761904764
0.00311352162793277
0.0103092784647965
0.000109754225474656
0.0288535045780909
-0.00405200473503953
-0.0262313163547898
0.0137438157364644
0.0317787428995253
0.0834647666392756
0.00892595323566514
-0.0315414853647752
0.0191639362443048
-0.0330280498151603
0.013098267002519
-0.0134262154124452
-0.00997981885019616
-0.00896036054332927
0.0170553371610946
0.0268714421026657
-0.0147565171715393
0.0125811480263376
-0.00621245414801475
-0.000595336382172462
-0.000992831602533384
0.00665869588574752
-0.00434399245390471
-0.0025781061492931
-0.0049706732267889
-0.015985593605179
-0.0227434058837122
0.0270129662337661
0.0499747405154223
0.0106946814655102
-0.0165872065474317
-0.00562235340743111
0.00789624667778832
-0.0200212691751743
0.0246742992499014
0.010113687150838
0.00486310656441957
-0.001708104053182
0.0169202096079908
-0.00233688533360765
-0.0181767258078311
0.00200399845401278
0.0145714190476192
-0.0342626681147346
-0.00447121902618253
0.00761569044357913
0.0155039345592229
0.0133587209916395
-0.0137476369231913
-0.0238686275323396
0.0469483870686305
0.00840808101263013
0.0163053082026068
0.00410214231819905
0.00653655004018971
-0.00784705489725657
0.00818183636363634
0.0104598375029785
0.00704979487863278
0.00292425348558711
-0.00441774165046827
0.14705360312389
-0.0126111953578337
0.0109700749654424
-0.00620061211593204
0.00920287779439333
0.00904183194938946
-0.0205254488498265
-0.00602076789444661
-0.0157331651416025
-0.00367646250775744
0.0117118478513767
-0.00888045491086764
0.0389599599999999
-0.00592892145718482
0.0103795192697356
0.0122661068343131
0.00946682873574534
0.00862787201136683
-0.00981855831867662
-0.0652794120071893
0.00225025315438399
0.0280651754315224
0.0182512742550589
-0.0273458438756222
-0.0106316425272095
-0.00485552825413182
0.00647900351493358
-0.00143050144750057
0.00907281322605957
0.00339143462898139
-0.00314416755899882
-0.0115912474373127
-0.0109293579725466
0.0154863603286088
-0.00452740262863549
-0.0277667273954084
0.0096840461170955
0.000568958795163388
0.0389927219982571
-0.0299452849109416
-0.0368340452970097
0.00543934728033468
-0.022471951352943
-0.00357597284570377
-0.00128173973580914
0.0506502921967049
-0.0133550403903492
-0.0360680328138648
-8.56408931788621e-05
0.048809762363502
0.00693990022191615
-0.00421636253601942
0.00113996419086337
0.0014640097957872
0.0309429472332401
0.00732630365012898
0.0180651438633344
-0.00545392562741953
-0.00278056690522455
0.00371772129410797
0.0235357905250648
-0.0101025030918462
0.077608543542836
0.00629019696479638
0.0399634906600825
-0.00979274621091908
-0.0167780049371847
-0.00763045206352786
-0.0130015449881385
0.0184844267383377
-0.0360197001045782
0.0113972584795043
0.0189001773603792
-0.00608985016036789
-0.0107050070179235
0.0188651952810905
-0.00789540273530609
-0.00915559514206654
0.016419062955163
-0.000769237762237807
0.00272937226348513
-0.011446119566207
-0.0117904406367582
-0.00528688286570778
-0.0293040445106384
-0.0232334379533897
0.00696915411594401
0.019333537465845
0.0157933505535055
-0.0249927493823943
-0.0101341358450253
-0.0360583645305139
-0.0263178674037203
0.0413859159448189
-0.00508320255955663
0.0241524242844633
-0.00438399083029506
0.0226237168036463
-0.00772080937759789
0.00733199888277736
-0.00096556744626819
-0.0365772000809307
0.0183656537808674
-0.0264454419455524
-0.0298100414013088
0.0302446525432065
0.0012459430189371
-0.00723285103075366
-0.0196631645959551
0.00527412502216817
-0.0185214780956723
0.0103668825595944
-0.011863751503006
-0.00584078865516646
0.0385964576434976
-0.0241200504723449
0.0122373722907767
-0.0122484766026768
-0.0179563810619796
0.0291898821678409
-0.0261312864754132
-0.00646270462144483
-0.0528612446157574
-0.0311223335749139
-0.0135486320380968
-0.0130070945423487
0.0708689969427887
0.0865749161766329
0.0107714317951619
-0.0129290233600763
-0.0523934107137143
0.0391220397305343
-0.00217674941811719
-0.0211682561485398
0.0661164000641121
-0.0154072928024993
0.0121884329981667
0.0183343767997641
0.00083918216601786
0.0243159002314828
-0.0215061757141624
-0.00669255431239801
-0.023122310518932
-0.00258636264868284
-0.020116336317518
0.00673619903936329
-0.0114704714714795
0.021273167143806
-0.0464730952575839
-0.00976417062083856
0.0446227466302789
-0.0229581869777108
0.00974294260473996
-0.0171085783327888
-0.0339052958760494
0.0130646228924549
-0.0164362526671969
0.00188535432538584
0.00658622849760571
-0.0361998810333106
0.0356198295824339
0.0375447304405307
-0.00656439632646932
-0.0174279425125959
0.00781775393256345
0.00508800571430479
0.0401659419087137
0.0338280368223405
-0.0460719316858785
-0.0171507400926241
0.0460943130478939
-0.0550790795524142
0.0253143567429215
0.00544145225634995
-0.0134087557332289
0.0161290487647703
-0.0245749977876482
0.0711217589810302
-0.0244466572753398
-0.0524901106719368
0.000750842643493677
-0.000833672384335293
-0.0192740679061171
0.0334354259534164
0.00485714164108719
0.0316237920960807
-0.00563849278333062
0.00950405725983594
-0.0157436548141827
0.0315890352354624
0.000389613538712918
0.0128514215503657
0.00315290696762793
0.0187045002385089
-0.00511695391012834
0.095075949886305
0.0192015404006185
0.0086066956981119
-0.0070550492903978
-0.0144133510245863
0.011534555916288
-0.0197516049718103
-0.0132253360092138
0.0053330224311634
0.00425770212165277
-0.0236308651782435
-0.00199315922531773
0.0399429823097643
-0.00480107671877072
0.00971736003925461
-0.00129675794473949
0.000205023226933054
0.0108643384681513
-0.00385296060763884
-0.0150641316096943
-0.0197726153540178
-0.0334551239348828
-0.030759241397346
-0.0318102650061659
-0.00658664068376669
-0.00124808115245112
0.0146829514431477
-0.0508774638373993
0.0152461603316223
-0.0416966284575985
0.000833533376398021
0.0313150828683268
0.00565288693123023
-0.00016057978126216
-0.000160661791652639
-0.000803269351807634
-0.016400040328001
0.0328566004553592
0.0580834361458391
0.0296910163201174
-0.0322486071015416
-0.0141099064053621
0.0362362512466787
-0.0570084799077459
-0.0506388279009129
-0.017643213378933
-0.00426031245727432
-0.0242449586638832
0.045997816971848
0.0376458478498818
0.0351710636117089
-0.0276246800839667
0.0125914692689069
0.0153104921941476
-0.0189834278856662
0.0170099245627366
0.0163419139586285
0.00483128251807008
0.0064608218281057
0.0332909753430546
-0.010546789524146
0.00262832005089941
0.0635694740614654
-0.0174585994448665
-0.0270363747138308
0.0166869721160576
0.0173287607685171
0.0304667571038189
-0.00456933186409547
0.00222763603501841
0.00107768572049793
0.0196460869391748
0.00620258648229788
0.00262308339487549
0.012230989680365
-0.0114369995941135
6.53310652549699e-05
0.000653633986928082
0.00672762220531853
0.0181664043934857
-0.0154845670578727
0.0213592427184466
-0.0113435232317455
-0.00628162317420755
0.016190376160681
-0.0163132671968572
0.00761433175702186
-0.00345816856067238
-0.00115678940198716
0.0260567662767637
-0.00413838109200848
-0.0209671442716912
0.00263675469043823
-0.0309813161378312
0.0142979340697322
-0.0122690729561854
-0.00673937204865394
-0.00818197288389577
0.0111333932474824
0.00510748226013136
-0.0233616711104182
-0.0151361911231775
0.00226416466552326
-0.019715258492398
-0.00789099178542574
0.0035897443152797
-0.0048394093864581
0.00359429842550085
0.0155197127325724
-0.00525548022090117
-0.0195343266096214
-0.00701921475563327
0.0185647336258892
-0.0103750162092541
0.0191967630402603
-0.00792326911581642
0.027952857364689
0.00933694566447074
0.0224172306920769
0.0141989765446966
-0.00358144803626925
0.00182981958358863
0.00691453345894599
0.00265614794858671
0.000904568045368759
0.0493834730002332
0.0017224286629236
0.0122819948976172
-0.00691579123794694
0.0026878558831005
-0.0202265871830546
-0.00503676137758158
-0.00637453929049869
-0.0037109942854584
0.00145208970146826
-0.0165794926376004
0.00596149358974363
-0.00713690849396764
-0.00430010274436954
0.0224313266883545
-0.0624132789816315
-0.034225362868307
0.0427487209235979
0.0349201833499317
0.00258060645161295
-0.00759326284143869
-0.0224355205392587
-0.000862231389699875
0.00238996207960018
0.0274852232768652
0.0143096687785851
0.00781643996049541
-0.0074405197664551
0.021472517083476
0.00230120664287847
0.00725985338148805
-0.0110885417225585
0.0133308354409196
-0.0138931212134152
-0.00461321601862186
0.000688927170901632
0.0229065153517742
0.0135829782968309
-0.00863218619746009
-0.0137002986957389
0.00944560462885802
-0.00379179266686425
0.00748972931112868
0.0175492290686172
0.0187435768985096
-0.0104043560546776
0.0167507686337711
0.00397270554387696
0.00139650853430862
0.00220817600576839
0.0178001506476482
-0.0178876559485793
0.00365432147288836
0.00520137551408051
0.00574943966104802
0.00571657257197744
0.00801456861309613
-0.0115032877298588
0.00422127773722858
0.00636225315005534
0.0013546511322049
-0.00225475768618122
-0.00327684745762713
0.00379774406300593
-0.0224744202941876
-0.0116110853699319
-0.0128580474742942
-0.00307867980149235
-0.0451360361938462
0.0230127940229681
0.0046206773983628
0.02644635601409
0.0183361828999693
-0.00856875863496553
-0.00297832857456404
-0.014643003915961
0.00951082469264275
-0.00582939403133254
-0.0129708721386136
0.000240072015844195
0.0250164913910074
-0.000936462595479082
0.0103105449966703
0.000347889351529629
-0.0142012343101963
-0.00599755370151778
0.02620522284167
0.00409272548057937
0.000114845856652446
0.00321449387232975
-0.0205985347462715
-0.00408948418635835
-0.00897518033099565
0.0068071148714679
-0.00711382814072148
0.01948124646254
-0.00174248128875509
0.00896031328795921
-0.00282570779480518
0.0209923955701179
-0.0164259923575306
-0.00374312710889002
-0.00439303468208097
-0.0167789068515179
0.00549154394479312
-0.0086915433914232
0.0222748514998545
0.00249192747440796
-0.00474019871841735
0.0278213919709751
0.000226000217099953
-0.0202260000000001
-0.0315995621220109
-0.00238185658709222
-0.0224423669398148
0.0163023447081594
0.00829080819989447
-0.00470719770354289
0.00670504697638474
0.0262844784423293
0.0257272102708632
0.000338933446188516
-0.00186357576390817
-0.0118812220650637
0.00458060708550612
-0.0282701173257929
-0.0451640082947971
0.00878437288218326
0.0116307635389676
-0.00824661384919601
0.0230032053594078
0.012815211875137
0.0490890320214212
-0.00519287520672029
0.00718454182342754
-0.0101427049694304
0.0134556923053624
-0.00883282619945636
0.0114337463449585
0.00892164433973464
0.00120824952788623
-0.00927087094682155
0.00741968967597928
0.00203361545527536
-0.0116285229732711
-0.00177594204144582
-0.017234619926464
0.00888155209862429
-0.00712116759271442
-0.015756525044922
0.0132545157978801
0.00215190559265865
0.020342464709598
-0.00636877086680299
-0.00312115152291992
0.0088896119373274
-0.0074258577017321
0.0329964991737117
0.00291857090220371
0.0297478123490817
-0.00041868326963912
0.0353403141361257
0.0239190695322378
0.00834651340076076
0.00754277815097981
-0.0121044475974375
-0.0183052897436016
0.0210025162907268
0.00176739651659497
0.0103406075421619
0.00194021144857959
-0.00314675642086337
0.00475933651091576
-0.00749191844696162
0.000876633892600287
0.00579020522012041
-0.00667604350668893
0.00321435247441326
0.0106315255441642
0.0107119371456603
0.0111211252103773
0.0066275158636897
-0.0167164826911377
-0.000997278934397716
0.013832790175234
-0.0110184077785934
0.019959257287796
0.00999346476709806
0.0047402735200972
-0.00174058715562431
0.00601081943644299
0.00173320410490319
0.0108363609061521
0.0195487189664592
0.000441753909208975
-0.00927353070355741
0.00704250928346295
-0.0158013194821813
-0.00530674579372759
0.000271326529972304
-0.0235942907341735
0.00648085350465966
-0.00257564623839235
0.00972977953642995
0.000365355983169557
0.00867379125304102
0.00162933245027386
-0.00573857942016698
-0.00490813504070609
-0.000730745318253456
0.000731279697468779
-0.00835769976934642
0.00170402519909674
0.00344827586206886
-0.00105381901489121
-0.00215577007328194
-0.0383820082043391
0.0101338911587079
0.0120669501965329
-0.00360026660121249
0.00248709049778251
0.0214389453391624
-0.00252052143511461
0.0164476749710984
0.00885912111600251
-0.0068100538549738
0.00636053340185749
-0.0102200817646705
0.0023097187836576
0.0186607169228943
-0.00243957865299949
-0.0066696311250235
0.0136526547981912
-0.00604987864053708
0.0150169049669726
0.012562351886823
-0.0010375048542125
0.0210740883824325
0.0130106454862073
0.00690287414509849
-0.0394714985719649
0.0280301548412971
-0.0149793736433665
0.0182827803942902
-0.00771881853094181
0.0129365565678359
0.00525874360787792
0.0014531512021374
-0.00576261332308647
-0.00141777579049107
-0.0204192420313887
0.0849993748241507
-0.00911480772056272
0.00654214327031055
0.00165444732665865
0.00263488281671731
-0.0455383453093352
-0.00275334104961533
0.00111263857182697
-0.00987901942966141
-0.0106010978390608
-0.00731125242003339
0.0207407153439154
-0.0048102385604869
0.0213758485483593
-0.00440601347107561
0.00499918880099304
-0.0102340171702279
-0.0305664181256436
0.0243062973330532
-0.0290811446287349
-0.00423000354473613
-0.0141171763898239
0.00805190651227172
0.0148093432286631
0.0194860540180495
0.00897257760146442
-0.00363984359283875
0.022956532122365
0.00361171985724962
0.0120496341599583
-0.00507407022061812
0.00746928347170051
0.0140305681196076
-0.00381289710250543
-0.00126264455209923
-0.000316076013132327
0.00501918351586439
0.0106567320803375
-0.0235788987362789
-0.00231122537132367
-0.0148180336066229
0.00701368268849945
0.0200088651717416
-0.0121171770914226
-0.00447478936962542
0.0131235864118762
-0.00427824826272971
-0.0087126153377125
-0.0339526871931026
0.0143741053524211
0.0276037435197096
0.0110796618535784
-0.00106430682278125
-0.0255307436313688
0.00979954658594306
0.00100252638654452
0.0223139456436572
0.00677930556229223
-0.00727856883613021
-0.0370907935256914
-0.0095280591152419
-0.00624873175745122
0.0177471065692649
0.0245915084205917
0.00261827659646952
-0.0145609664790245
0.00132504314806225
-0.0113481511879832
-0.00989658069482968
0.0148703616612578
-0.00242191809110526
-0.00364163633423009
0.00288333327478618
0.0145778742406708
-0.00291357410201265
-0.000240220952359538
-0.0274262937905649
-0.0104153758936992
-0.0047424909571826
-0.015591079761096
0.00747318176453615
0.0139503432553574
0.00980962665383966
-0.00164653411009674
-0.00853464195490439
-0.00403377134763683
0.010438413361169
0.0069008181818182
0.00849512462342616
0.00276712373306909
-0.00174495983885203
0.0179275129491541
-0.00662934920038372
-0.00313579635089256
