0.0133928568281754
0.00695569193239765
0.0280912272622611
-0.0132139075828037
0.0027235360253397
0.0495699185151652
-0.0241535265075162
0.016353635359116
-0.0128288752846759
0.013436034650395
0.0182569014673724
-0.00618990421301613
0.00107388313844736
0.00686545790891535
0.00937564457702966
0.00781091424553337
0.00628401733204775
-0.00166532053152946
0.00291907845953032
-0.000207858636501301
-0.011436868371803
0.00504833813528949
0.00397660117154897
-0.000625432548979954
-0.0014601585619558
0.00835598513382041
0.0182308266003728
-0.00203464895077732
0.00285423043535649
0.00650536707675076
-0.00767515684407827
0.0160797269269342
0.00841350193964363
-0.014302761223679
0.00443371633280365
-0.00882821027287328
0.00688259081446985
0.00160832321639237
0.00802892412685674
-0.00179211465965534
0.00777975248793639
-0.00771969517022963
0.00159581085984817
0.0173272857464106
0.0174236289184171
-0.00250146233401072
0.00752314814814792
-0.00153164847788623
0.00901240617402088
0.00095019005986674
-0.000569565239018965
-0.0144376522499554
-0.0017347725186051
-0.012357578444534
0.0099706349962605
0.00987220286488588
0.0297106202687607
-0.0130305470396399
0.00697847981893629
-0.000561865528411198
0.00318586950551225
-0.0212964696674101
0.00629895030156424
0.016691900290366
-0.00932835855702829
0.0148776088466143
-0.0243087219207409
0.00760741697955813
-0.0113250094375236
-0.00916378371203164
0.0165702498431504
-0.00928730133765354
-0.0204706141189975
0.0123047067909237
-0.0063670072789116
0.0163106796116506
0.0011463889950325
-0.00801530503758385
0.0257791458253176
-0.00243812828207057
0.0086482987149521
0.00260948732117461
0.00371818174905769
0.00166697530405724
-0.00517757007479402
0.00520451682536271
0.00758136066636972
0.00275274352164656
-0.00384331998249132
-0.00238840712842181
-0.0138121549505001
0.0070961906087057
-0.0124235490450584
-0.000563236971957926
-0.00432087168889717
-0.0141509433962265
0.00306220095693766
-0.0145010112573936
0.000774385255590149
0.0123815634045572
-0.00611511537874576
0.0130744284973823
-0.00873029054337249
0.0114876890675857
0.00321783065614878
0.00924532075471696
-0.00355212175912789
-0.0061913321987116
-0.0105720405782135
-0.00496084716657119
0.00402682630769591
0.0248280934906782
-0.0139768915393217
0.00132300132300123
0.000377500943752329
0.00754720754716987
-0.00168541192189475
0.0103170134999622
-0.00259933155218461
0.00595681299410233
-0.00203554770474557
-0.0159465974411274
-0.0111173921236104
-0.0112423971036584
-0.0158026405049652
0.00704914822792246
0.00136107330351942
0.00543687378640767
-0.00521438789521789
0.00776552155952315
0.000963186283953199
-0.00230944962104407
0.053433661265432
0.0179454125994249
0.0102536427415001
0.00854699074074095
0.00406073453497058
0.0149464043422967
-0.000346500340497324
0.00866551111498248
0.00189003433178625
-0.000857537285927967
0.0269482329882675
0.0113654684484217
0.000165294998026644
-0.00512229015201582
0.0131207608889015
0.000491786885245871
0.0152384075903393
0.0100065043577551
-0.00798977283509839
0.0177190393776083
-0.0058562678062678
-0.0143289442074679
-0.000484558229688181
-0.0179379602789599
0.00608851406944222
-0.00948639204262991
0.00396297879849761
-0.00180921055607253
0.0088976933415339
0.0133921117099463
0.00193390816976491
-0.00128676214530354
-0.0164277661459172
0.0119534796135583
0.0105178318854018
0.00272214567298401
-0.00622802628917329
0.00208904065563242
-0.00336752720706335
-0.00804505203394845
-0.00405514990899758
0.01302929924986
-0.0189710768654168
-0.00131106194690267
0.0208401710016439
-0.000642999528098431
-0.00949004373460005
0.00600842786591671
-0.0203390150066342
-0.000988597808347258
0.0159986307768658
0.0126623867747528
0.0110612213680472
0.00713492944347549
-0.00881613664987402
-0.0181067188390521
0.00339694273697821
-0.00757694676087284
0.00552308308117144
-0.0109854762201784
-0.018131329334673
-0.00532357336011358
0.0224117741693968
-0.00441681654806458
0.0121590040723134
-0.0121753250706275
-0.00509444552487914
-0.0037991410010052
0.0175758246132345
0.00814730337538383
0.0189106516714184
0.0255393555593377
-0.00556846077127726
-0.00948827174539946
0.000157019472361908
0.00439632602286588
0.00812876335581114
-0.0110094436659776
-0.00391972411288377
-0.0240830949800581
-0.0282258064516129
-0.0501244813278009
-0.0230648261401363
0.0377392237524594
0.018786642537056
0.00778208411804981
-0.025012556656035
-0.0306474335176504
0.0209591655587773
0.00904662491301322
-0.00965518965517242
0.0290738514810907
-0.00981224818453308
0.00615069205793106
-0.00305654615480633
-0.000510969179202347
0.00937286980231766
0.0165456525409422
0.00132871618217423
-0.0187427596824886
-0.00726842461122379
-0.0245189681593734
-0.000523703953155708
-0.00768421263304975
-0.00158394931362205
-0.0186850343733473
-0.00143700382385492
0.0176290699766144
0.0279300335867068
0.0228718478805898
-0.00235373234700731
-0.0123019716885744
0.00307114821581389
0.00612350729505873
0.00777682137694602
-0.00201306824336411
-0.00403432496102452
-0.0104641181434599
0.0121098241154729
0.00893156386922822
0.0051779022077485
0.00980392156862742
-0.00592397564587799
0.040390630690283
0.0168655852622301
-0.00516347989360033
-0.00676313284796692
0.017577196592963
0.0143168062770993
-0.00322183185026093
0.0110820530847768
-0.00882936493136366
-0.00998313607766643
0.00574004042413967
0.00401039629768962
0.00399450016865877
-0.020504912639783
0.0192156844488147
-0.0361740814277769
-0.00811071870052926
0.0155523651683882
0.00378910640985164
0.0283107100248283
0.00948306865171622
-0.000757621212121307
-0.00363909038540211
0.00608738405246356
0.000907532885985107
0
-0.00317362862849124
0.00333536997173112
-0.0131459957691148
-0.020058154036385
0.0243749687499999
-0.00716903621626097
-0.0132123683031107
-0.00949718155859336
0.00125749766201655
-0.0119309574265156
-0.00190656183518534
0.00764086278255327
0.0199051977868119
-0.023079275807908
-0.0160139368955129
0.0135353043258895
0.00270267082026487
0.0137941810686539
0.0018767438516849
-0.00109266316243084
-0.00625100777462073
-0.00393143576033972
-0.0107357120303128
-0.0233003351420363
0.00767968941699859
-0.0116749963247931
-0.030024642657512
0.00964140747025377
0.000335064505529781
0.00318209685449822
-0.0205342897985212
0.0214760873180873
-0.0165192891706991
0.000509026136902513
0.000847871784841914
-0.00220266011521519
0.0314145530890566
-0.0424761592862641
0.024931241403026
0.00150981376430437
-0.0058626967192178
0.0259477852046432
0.00229922815403549
-0.0191708671009482
0.0648179240758784
0.00988391873599248
-0.0181761992460991
-0.029588591303978
0.0254361152637823
0.00238514871021067
-0.0120558690980985
0.0272960987041764
0.013285432947796
-0.00971780010125556
-0.000311479765333744
0.00638822062947941
0.0068122468996592
-0.015992572904699
0.012345631744159
0.0225378052259617
0.00317027485417487
-0.0200149595191103
0.0256449312510014
0.00988165878302638
0.011712394887134
-0.0055685376778587
0.00117891244947099
0.00353249916006781
0.0134936638310355
0.00767002916555803
0.00315957215968288
-0.0088760918790578
-0.00317782739370953
0.00275315163735246
0.00867060731230973
0.00945552967956176
0.0072381777921966
0.00662253055343776
-0.00125985438802212
-0.00504555024654663
0.00394420352005076
0.0162761757938619
-0.000414165401076971
-0.00400553856338293
0.0104007764470839
-0.000549011795923593
-0.0104367206811316
0.0133222179662011
-0.0198575329988032
0.00209586418890595
-0.00501952028695596
0.00350336317960531
0.00977512903539823
-0.00414874855894742
0.0080543533383044
0.0110208436986277
0
-0.00504158611584116
-0.00287591082755057
0.00975139430713923
-0.00992921694488103
-0.000686948747259941
0.0237833798125757
-0.013831059301315
-0.0113017562281658
0.0239635997250571
0.0110289175797962
-0.0158307174625708
0.00108130571446452
0.010937145853015
0.00427406153569954
0.0167574806022746
-0.00850221092879822
0.00751978862058866
-0.0103443887516935
0.0153479223247441
-0.0185040140345066
-0.0116834572490705
0.00241806817791312
-0.0175556814169521
0.00190968495183985
0.014295480502198
0.00550340939597316
-0.00720866334488524
0.00403381723676954
-0.00388376868578466
-0.00295769035860549
0.0151024128855226
0.00624337149632526
0.00330033003300323
0.000263118421052644
0.0057879770766105
0.00143867383519058
0.0070523834399896
-0.0181559069101814
0.002245383730622
-0.00289922257113429
0.00303984916522082
-0.0112003954565871
0.0157249464855416
0.00144320386456043
0.000393017152023667
0.00995288095923419
-0.0453838156619366
-0.0340940219738921
0.0125158063209703
0.0113888888888889
0.02650370777259
-0.0284949431438127
-0.0205178454757154
0.0097005908772918
0.00487326649958253
0.0156575451200649
-0.00422926312840677
-0.000411001518317633
0.00301536462466245
0.00245970210439994
0.00231731185499862
0.0038079559881401
-0.0121933887601513
0.00713202539393643
-0.0145716873212585
0.00331670808020035
-0.00468314062487984
0.0568779530341004
0.0285452391562693
-0.00509231043568514
-0.00332697368325086
0.00333807938551911
-0.00383882267846902
-0.00783558144728536
0.00194201196121213
0.0138260758990318
0.00331381599941127
0.000127057925215279
-0.0005080782227328
-0.00495614423799362
-0.00140486584655686
-0.000255838335954994
-0.0111295256781253
-0.000129391974279747
-0.00439906838660808
0.00649772604929399
-0.0037442609584607
0.0129600822726759
-0.0101074841296068
0.00685018714552732
-0.0124518867149708
0.00571952424281807
0.00168019897840765
-0.000774167741935394
-0.00129139976003623
0.0103439751923442
-0.000383900695980377
0.00281655354222821
-0.00906420250059481
-0.0295027172312787
0.0127439131091489
-0.00891335681067829
-0.00119037162821878
0.0174788010121345
-0.00559593990608742
0.013610691605251
0.0021950420475807
0.00682812393088938
0.008829097662723
-0.00748346055217963
-0.0100958594249202
0.00413116452531859
0.00681407825680203
-0.0160898356810071
0.00960412681619238
0.0032137806502921
-0.0293439386296267
0.0039604356435643
0.0151215510142715
-0.0103626299363716
-0.00248695019667677
-0.00852907766079358
0.0068820012409212
-0.00473187421840493
0.00964072887426393
0.000784892117131175
-0.000914913059340883
0.00274725267537268
-0.00939337222717873
-0.00566311075991055
0.00529803973509924
-0.00171284580466802
-0.0634815651371876
-0.00845543980348706
-0.024872086059237
0.017198658836924
-0.0085972057802377
-0.00289064885415102
0.0211624734356419
0.00326476947898247
0.0131579088851159
-0.00488757149996399
-0.00308729994141732
-0.010698226200757
-0.0103869665678282
0.0172537303844544
0.00593636749116611
0.002950667498965
0.00784540520504651
-0.018904642232287
-0.00467557368445515
0.0203558718861212
-0.00641739676339304
0.00688006168379585
0.0119927626829279
0.00523628221027983
-0.0122001238738914
-0.0122120181019154
0.00758641472323673
0.0138036529029051
0.00687663329496124
0.00136591997494762
0.00504708784741759
-0.0143864956568948
0.0012392728763726
-0.00220046764132109
-0.01061342478511
-0.000696517145395981
0.00292763127306728
-0.00917435337296768
0.00336697535587782
0.000699147121049126
-0.00279442503842386
0.000840647295475172
0.00363995520089588
-0.0125540657677762
-0.00240144084755711
-0.00566414589362163
-0.00113930502507387
0.0285144001784203
-0.00984196021405537
0.0135797564048719
0.00220988944171574
0.00234295761695047
-0.000412567011718656
-0.00784044048860133
0.000277346469319761
0.00415793474267678
0.00993790241288783
-0.00929342652161902
-0.00110351775702899
0.00662884924022378
0.012896186210676
0.00893940108521196
-0.0154383411313825
0.00586311730914191
-0.0116577610813784
0.00150861327616991
0.0907971141110837
0.00451977389780867
-0.0119984873891141
0.00581908896322236
-0.00465354031810983
0.00341173873403755
-0.0064223898036827
0.00468941686465363
0.00227072040888299
-0.00201379491556175
0.00315298268188946
0.00779485783511613
-0.00935628695826907
0.0118372239346569
-0.00672059755371746
0.0105250472503458
-0.00495972709337322
0.00560743925233642
0.00012394052505349
0.0141246315713621
-0.000977409920034367
-0.000122233097305857
-0.00758320676166324
-0.00912000257727386
-0.00534827101123714
-0.00100040013754654
0.00763551142365126
-0.00248443478260862
-0.00523046057669518
0.0086379948161488
-0.009805150800546
0.0076460266689149
-0.00758800855315345
-0.0122837304121801
0.00139595172350426
0.00963114892251182
-0.00075306892815552
0
0.00992338889682975
-0.000746343265016325
0.00174268119206777
0.00149099149511711
0.0045906080543574
-0.00382854138781596
-0.00719070135429212
-0.00287217775044502
-0.00388224180043184
0.00364597682114676
-0.00200430910674398
-0.000376540739965958
-0.00200899048228276
0.010191217531786
0.00560464558967921
0.00916528385348725
0.00883645033739144
-0.00620431896122808
0.00918105008737791
-0.000363876750027359
0.00958612985870011
0.00408658668581441
-0.00395022738867346
0.00468692470480625
-0.0017942703778534
-0.00131816661419404
0.00431966663401329
0.00561530486076367
-0.00487104680696326
-0.00895415451398862
0.00638476071835292
0.000598455822379051
-0.00287113304802644
0.00983803262958705
0.00166330050287034
-0.0198078405837465
-0.00169408278913463
0.00315153939393942
0.00519574661199274
-0.00468805133578432
0.000241509653085226
0.0121951460999759
0.00548728365770534
0.00154225884989612
-0.00189523814013837
0.0176833368696099
-0.0116618075801749
-0.00731566961651919
-0.00499225026716699
-0.00143355634253439
-0.00370854186905323
0.00972618887759591
0.00428113945920505
0.0121966374966243
-0.0003510294682606
0.00117034527221827
0.00116889534182718
0.0119088847189988
0.0144225225434989
-0.00216099868428121
-0.00205174961637689
0.00571102207729224
0.00136280517787157
-0.00113414996334704
0.00806175769274442
-0.00720883089895052
0.00260953032232281
0.00565802855070618
-0.000562653294835624
0.00405314118441802
0.0179412312177618
0.00716017853227791
0.0034999453133544
0.0160218092643052
-0.00150181289957296
0.0100987857735544
-0.000425377592811582
-0.00617153630012113
0.00717342597059045
-0.000106325077070313
-0.001807346413084
0.000745553315002034
-0.0286292255069095
0.0117234473010883
-0.00563131928227512
0.00228707253321736
0.00977943072671339
0.00548802324330144
0.00684931492188956
-0.00860974684077909
-0.00235867917954369
0.0052659643654176
-0.00149667520315722
-0.00546041744196102
-0.0103347939534373
0.0118568149679104
0.00709528081365129
-0.00170797395388556
0.0120830307554436
-0.0157421866721144
-0.00128813863082267
-0.00247208724772063
0.00409442956781469
-0.00160962546175292
-0.000859866714747803
0.00763768295651568
-0.00394998407067337
0.00160765268142593
0.00620654915590846
0.00244605979417267
0.00795671529903008
-0.00221028308156435
-0.0180380479523825
-0.00451174151946454
0.00561135223074039
0.0106234357629911
0.0111488957315777
-0.00231020679480598
0.00789390573847171
0.0111737675193448
0.0214809661988855
-0.00414522276230012
0.0038578375634517
-0.000606765795108322
-0.000607144302772644
0.00131629199440475
-0.00283140866448994
0.00801136793417134
0.00533197172370281
-0.0159111778244773
0.0109823270686324
-0.00160929393702069
0.00453351794210111
0.00180523520013276
0.00450492546305847
0.00368749267241353
0.000794379910578735
0.00416706018288449
-0.004050943622675
0.0113095135522963
