0.0291625630399441
0.0173165411160925
0.0194024159170954
-0.019617001630278
0.0196522393955723
0.00922790551071251
0.00266197910504684
0.0159298747291887
0.00374950565277787
0.00452798299877677
0.0136353282315826
0.0100055700946828
0.00583378108604915
0.0113810574977367
-0.00908889870350371
0.00742520184701467
0.00151745064995779
-0.00714290027829223
-0.00207101595969073
-0.00524306918919504
-0.00439224772153268
-0.00595567455510482
0.00499284383644194
-0.000883219234196875
0.00132599999999994
-0.00253811512233115
0.0071910831639681
0.00395431674039637
0.000546991235295557
0.0106069002932827
-0.0030296365078909
0.00933363370234019
-0.0188172043010753
0.00635618630136969
0.00892954352761532
0.00982186703028876
-0.00213763364979969
-0.00653385811339047
0.00409700269541791
-0.0228712237583343
-0.0105494395604395
-0.0199911481564733
0.0249320495224854
0.0301857136181842
-0.00289788564769533
0.00775027970397679
0.0021362635504294
0.00277128544020466
0.00223213218043949
-0.000212153990750252
0
-0.0130475871342183
-0.000215004296915233
-0.0264459157099307
-0.0213118489689011
0.0188424467621273
0.0141749607693811
-0.0126665644755062
-0.0101747182078018
-0.00301672625698324
-0.0242071380407777
-0.0136671988055587
0.00186311138320128
0.0141794628756455
0.00469855593173163
-0.0376410981553805
-0.00284468402827953
-0.00986561309398359
-0.0108043333443818
-0.00813105562788707
0.00330352367661124
-0.0159755853658535
0.0178460151729827
0.0194813838846237
-0.00143320190732588
0.0133955506112242
0.00330460273912658
-0.000352887887239528
0.0101199455123577
0.00198049869433836
-0.0642948363145022
-0.0298210848724745
0.0128073767211225
0.00885175748983924
-0.0172975309262664
0.0182397954530664
0.00588752333990938
0.00697382290259685
0.0162008036581649
0.0131435076826945
-0.019939987987988
0.00539285478087304
-0.00146281849887631
-0.0156269922780128
0.00644927470355716
-0.0103512505150648
0.00249039976317778
-0.017389156194531
0.00429776255469894
0.0265575969751137
-0.0117704760120273
0.0111662781927115
-0.00539879754601236
0.00986926992028803
-0.0039091130722072
0.0142260974463317
-0.00604594943334757
-0.0100972509767853
-0.015484846424302
-0.0203469976239297
-0.00649849618379861
0.00102606129247085
0.00089686095207453
0.0103686247938317
0.00975544153046992
-0.000878293634063665
-0.0163254432874085
0.00459594013542874
0.00597282994096249
0.00543193504639028
-0.0040205932413917
0.00277533755930381
0.00327087692215056
0.0145455047021943
-0.0443703352183743
-0.00116395499223998
0.000647364988448862
0.0150103909809833
-0.00369709322546941
-0.00204739598087278
-0.00641107850778511
0
-0.00425853669527776
0.00375833313850005
0.00296969669346803
0.00772398300720911
-0.00562088663286775
0.000128494353982322
0.00745025067309579
0.00701266097156683
0.00911615564258716
-0.0077791094521622
0.00986341654366685
0.0111444902185764
-0.00656345510835921
-0.000623323352987648
0.0148434954432703
-0.00491644536730029
-0.00247031870640213
0.00606733516425617
-0.0130461292307692
-0.000997643072761289
-0.000249719133070481
-0.00461974052289882
-0.0031359758763676
0.00654331185927637
0.00762595343482819
-0.0153845785455231
0.00037799898717239
-0.00730571869638152
0.0045679483458434
0.01288371890574
0.00137175454865313
-0.00958909055084345
-0.00352067148900637
0.00138802523659298
0.0120967614403129
0.00560255229083673
-0.00718082235412232
0.0132185805407512
0.00135385846153846
-0.00762048909021029
-0.010651486516014
0
-0.0260389844531416
-0.00102830330225057
0.00874936941907656
-0.00242350759123711
-0.00792741347560943
-0.000515440160610336
-0.020889786425927
0.00539965757934935
0.0127063407234131
0.0157806368071567
0.00560297982430891
-0.00544510566740386
0.00483826069724658
0.00380135589967945
0.00100987123188756
-0.00441369466278596
0.000506662463837682
-0.0250664141047326
-0.014413712130536
-0.0129117783158951
0.0025360785514168
0.00785509242637339
0.00554829612476726
-0.000788294766620012
-0.00105173549965121
-0.00342197933316746
-0.0017169175684506
-0.00780521274270207
0.0629333466666666
0.0193176239423278
0.000984420354801285
-0.0041799362763677
-0.00296293827160499
0.00185737984503764
0.00111229755964426
0.00296293827160499
-0.00356968251033196
-0.0270536761106983
-0.0219655022355129
-0.0308970145514348
-0.0151373740083758
0.028699674729312
0.0165278335261603
-0.00299161041850715
0.000913228938989485
-0.0354536100696869
0.0127027297297297
0.00427008261889283
-0.0156789791209414
0.0190334228122726
-0.00490124532789105
0.00252921981379584
0.00252293194855757
-0.00476822516556286
0.0180995610606809
0.0107189542483659
-0.0033626745990688
-0.0144043735895243
0.0104015935642499
-0.0134219315460499
-0.00105669001527786
-0.0124288647003383
0.00548930230313815
-0.0234354466960173
-0.0032724026873413
0.014090273983318
-0.00323752879687822
0.00703755592147193
0.0388388502169681
-0.00504526500471159
0.00351054461003542
0
0.00194353459445429
-0.000258683557256334
-0.00918380569612731
-0.00561357717006716
0.0074832613229161
0.00612458968268403
-0.00271984202460607
-0.000649389610389628
-0.00571793394611819
-0.0524114742540459
0.0288275310344828
-0.00536256899651788
-0.00242620292691198
0.00594507482921025
-0.00308926808956078
-0.012934505349845
0.00928200902861032
0.00121716253131821
0.000540335006623316
-0.00189010395571743
0.0050047747869606
-0.011843942994188
-0.000680945265076227
-0.00626957859058552
-0.0127554649427808
-0.0108364263335748
0.0064607727441337
-0.00767517400640949
0.0146252423762447
0.00817735251067631
-0.00439923025568401
-0.00248550131139202
-0.00844408938106556
0.000837707699471224
0.00223177563867272
-0.00292274190459962
0.00781683427996693
-0.0138504160879674
-0.0109550425964202
0.00965634790276471
-0.00689165982817608
-0.00991356734296034
-0.00071524813530266
0.00357858569168923
-0.0178291254053755
-0.000435652041306245
0.0191776835921058
0.00798285080590588
-0.0161221753093223
-0.024435776915337
0.00780903162771351
0.00657888869652368
0.0162672916853244
0.00271549231505652
-0.0057012824571675
0.0113245552945942
-0.00552797992085141
-0.00869442652825381
-0.0281812640611965
-0.0153867888969841
-0.0320060842070886
-0.00900338432174441
-0.00328945802005021
0.00660069139398578
0.00546446500556752
-0.0240683843457024
0.00700084350042451
-0.00600412377936288
-0.00429186138928617
0.0062260537392409
-0.00618752984590709
-0.121008909977792
-0.000726498352224825
0.00127226463104324
-0.0103467053911781
-0.0300806859867939
0.0117246404741935
0.0224299252336448
-0.0190128150089065
0.00838615355944849
0.00498983542802001
-0.00735566371173846
-0.0292700629862912
0.00438929372559937
-0.00646019368306683
-0.0225664558698325
0.0303267260746092
0.00987466767945322
0.00808576532531013
0.010072766087059
0.0103415877990181
0.0168159754490216
-0.00934747421629567
-0.0085284338862559
0.0137262081575076
-0.000180501898907837
0.00361143005396469
0.0219502870834729
0.00563380291608806
0.0169818105213904
0.00344295059390598
0.0121804595611519
0.00728813559322039
-0.00639409389197376
-0.00508042345606141
0.0120850893617022
0.00185000003111324
-0.00570757092496232
0.00793518487253086
0.00636517577277762
0.0189746831233462
-0.000163377978383283
-0.00980228736811461
0.000329978545949849
-0.00263895756821775
-0.00314208693332096
0.00530854355190025
-0.00511546221503179
0.0184110297161879
-0.0048860584727668
-0.0078559577039593
-0.00709336864225285
-0.00515032405964988
-0.0170340678518025
0.0108732414054835
0.00504199999999999
0.0147157360320358
0.024390243902439
0.00563059845559866
-0.0059190371434662
0.00724172847186555
0.0156574532672951
0.022809454145037
0.0090741929748166
0.00487728997291148
-0.0034885939632946
0.00761035042360803
0.00045326286041969
-0.00588867555992711
-0.00622715712194144
0.00382087727342206
-0.0126370584652864
-0.00909785687271725
-0.00529106737344953
0.00923035072685696
-0.00821581124737836
0.0134416380118787
-0.0038556449016437
-0.00387056843911249
-0.00341922619951673
-0.000779834648479416
-0.0204464179803339
0.0121096562176437
-0.012279565491184
0.0188077137772487
-0.00516267225164802
0.0201289982701682
0.00678271897104721
-0.00122485074949774
0.00444571495727208
0.0036630801433033
0.00228105224206043
0.00758610180026698
-0.0138534248544843
0.00687133934558992
-0.000758310562380737
0.00561546525444623
-0.00830067889222219
-0.0112615737522687
-0.0200092808987336
-0.0408355282184868
0.00573109546422135
0.00830351704016663
-0.00113029226546102
0.00711280298880057
-0.000160481543507007
-0.00545833993484757
0.0209846485716765
-0.050434766798419
-0.0397935890810258
0.00398827827252579
0.0298790835965774
0.018950142227903
-0.00115205731244428
-0.0253748068112507
0.00557900234728637
0.00554810020174856
0.028088964586374
0.0108960477835081
0.0135135135135136
0.00158726984126978
0.00808245667456275
0.00267250428120569
0.00329261529151159
0.00265669627577148
0.00498751527509245
-0.0162841648751163
0.0134005833201956
0.000777893602642798
0.000621809400845441
0.00341763227819025
0.00309653216265882
-0.00509340939815706
-0.0051194850313292
-0.010291533305389
0.00567198667603619
0.00172328053506865
0.0247106353567508
0.00473145626059757
-0.00668392809710061
-0.00994037329775765
0.0114304143166639
-0.00152727543399767
0.00382379950246858
-0.00502809713674068
0.00581924934980482
-0.000761312423873339
-0.00152366302866047
-0.0025942011688419
0.00489594545752858
-0.00791711327649214
-0.00245555540481557
-0.00323075384615379
0.011267108947876
-0.00106837611729449
0.00198632553031275
-0.0109789719128096
0.00508789693049816
0.00874367207413185
0.00653892924151678
0.000755340663080695
-0.0169081375878062
0.0119778710698155
-0.0233687549812215
-0.0136731042002315
0.00551357908002537
-0.00266335570536258
0.0062833490417844
-0.00530747753067351
0.00878841794117369
0.00544489740891252
-0.0120686838342264
-0.00673453427516157
0.0135604072393696
-0.000933385204315407
-0.0132357830389943
0.0105728579860007
-0.00359150525309959
0.00156713678785247
0.00704116726646853
-0.0376010248974359
-0.00290605429296176
0.00226690421848774
-0.0168013080193439
-0.00279332890579476
-0.00461359374878234
-0.004303890084423
-0.00415627583852785
0.0030050082469113
0.019474000683289
0.0902856979591837
0.00868526517947377
-0.00400838770771395
-0.00521684335768924
0.000899086032337015
0.0019460627868535
-0.00717171671896022
-0.000451452240095462
-0.00255944000480102
-0.0120755169811322
-0.001833384346832
0.00275524253007076
0.0227445879180403
0.00104477611940279
0.0248993290591919
0.0199302158839165
0.0055626728631768
0.0272340141843972
0.000690458455963938
-0.0109010761570155
0.00139507533482131
-0.0108665228596618
0.0076056478873241
0.00251607488794958
0.0161739540410772
-0.000274368836760575
-0.0100192696950415
-0.00887285493717682
0.00769342586916855
0.0068017489339014
-0.00923752942558298
0.00236568324011022
0.00388725536425438
0.0273821470718338
0.00834571263500172
-0.00186900270356405
-0.0159154078874714
0.00353348726465108
0.00311489724349379
0.0117456730120158
0.000800613803025874
-0.00599995999999992
0.00684097893329372
0.00346392228787429
-0.0098247211895911
0.00522927044169297
0.000133413363566648
-0.00813550247523998
-0.00605089393367364
0.00216455633562096
0.0171435740511996
0.0120770275269284
-0.01232627819758
0.00199151619755722
0.00516761620289374
0.0104139334245461
0.00339206775232692
-0.000390157306453864
-0.00338181594882225
-0.000261093698991299
0.0116187992589765
-0.0103238614098299
-0.0063894247909918
-0.00301832032880522
0.0192180989967343
-0.00697405398424389
0.000520236708547728
-0.00103993240608358
0.00559532870775103
-0.0116459887635351
0.00497519003568425
-0.00325690455297278
0.0199973723696936
-0.002819079922872
-0.00128500385505004
0.0010293617983872
0.00488428001731567
0.00383733691481192
0.00547911548882074
0.00633633220953844
0.00239257008474647
-0.00113060304348245
0.00251536907268601
0.00326184924428374
-0.00137551580123152
0.00237918855022312
-0.00362274814655539
0.0051403709844442
-0.00137208435504776
0.0232325761487031
-0.0222167974174023
-0.00274657934448386
-0.00475709832588
0.00100631446540866
-0.00678563692421108
0.0032894989462362
0.00100875153813051
-0.0021415722653656
0.00605987887968551
-0.00577235523221609
0.00681552416450115
-0.00651870401850463
-0.00504734384858041
-0.0167406345400287
0.0018057397369502
0.00218872157045746
0.00462488461587274
-0.00767262177772199
0.0134020750876824
-0.00495929558696973
0.012268357827476
-0.00126244162684563
-0.00657318914709659
-0.0041989313754387
-0.00638895971405673
0.00205756167547433
-0.00192506421778915
-0.00360034731645942
-0.00296807337638594
-0.00750714451185219
-0.0114762258737611
0.0114775061420513
-0.0114777230071142
-0.0031666182455915
0.0591660333885096
-0.00537366928419158
0.0108053906674401
0.00223741462662841
-0.00136425653097816
-0.00235960018726789
-0.0134445658298377
-0.000252328075709851
0.00391263395509411
-0.00892631369215113
-0.00634276274659995
-0.000127690536762648
-0.00204284984678238
0.00358236931512956
0.00267720543913286
-0.00928167808565339
-0.00551848063445803
0.01084016030043
-0.00255336390773986
-0.0225264823701453
0.000130862899141215
0.00549890045164569
0.0023437499084471
0.00285780711128325
-0.00103619175011105
0.00414936446514425
0.000258225716471383
-0.00477669771206679
-0.00194569993232319
0.0174161289988009
0.0026826648273206
0.00611546709429134
-0.00151960236140802
0.0121750161616998
0.0017541536587935
0.00450282693569082
-0.00174324496932488
0.00523884259046614
0.0031021220053169
-0.00173180364828329
0.00929368064288782
0.00527931265608284
0.00769424796144036
-0.00363595918952953
0.000486570982685564
-0.0003647294832827
0.00900021881537083
0.00144651641087901
0.0107125539067754
-0.00404911273015218
0.0072940454607453
0.0102089271179706
-0.00246767338349407
-0.013546955042372
0.00704566532232298
-0.000355733419761917
-0.00166072354706803
0.00784215742195071
0.00648435510492806
-0.00105428132642793
-0.00070354128404726
0.00352025342032092
0.00479423543478386
-0.00674970324682889
0.00281192742382963
-0.00689328224761221
0.00482357647058818
-0.00128791704540832
-0.0169988856858541
0.0113298154163344
0.0050707545375912
0.000117270909869571
0.000703953559454629
0.00281357551652128
0.00502688794684492
-0.00139587063631641
0.00104838674544872
-0.00290900621575507
-0.013187116041846
-0.00319296365167832
0.0139992880057029
0.0154440152633204
0.00691321572861825
-0.0148758784171631
-0.00824717194782998
-0.000936917343766108
0
-0.000234513473581055
0.000938109767097739
0.00128865977871762
-0.000701965593752574
0.000117012053997945
0.00316089916087336
0.00478464220364927
0.000464587699525953
-0.00963548885112031
-0.000937697829977657
-0.00962101338891186
-0.00189555730858637
0.0170920118694362
0.0100361883525222
0.00103981509971751
-0.00519387125108339
0.00928177261209484
0.0101161630099129
0.0128598720999247
-0.0064044943820224
-0.000113106411851138
-0.00022614793544784
-0.00214935515499204
0.00544159398528055
0.00902013735437723
0.00726339272015641
0.0035500333209455
0.000884390900778298
0.00982989827888336
-0.00459365634911957
0.00164819247009795
0.00427818103211153
0.00152920803290413
0.00218123018472616
0.000761780397886325
-0.0038059809026314
0.0136447984538282
