0.014678038078614
0.0118214650517738
0.0333589223662294
-0.0206040163551917
0.01420213433891
0.00763819869303117
0.00795189518358952
0.0204969320763497
-0.00325118840398264
0.00260945188267514
0.00802476824628839
-0.00831950841452023
0.000144564977375694
0.00433875211780488
0.0132478725124046
-0.00241595260188887
-0.00363269466224569
-0.00686307524796004
-0.00151159662412326
-0.00490237160755091
0.00188360502704921
-0.00629109150363483
0.0087323316654393
0.00144287986736691
0.0195216241416845
0.000282682118863065
0.00663973972961651
-0.00736782006062109
-0.0027569629626838
-0.0203445796951014
-0.00846597702892848
0.00839227912422302
0.0113620428392989
0.007084114490161
-0.00362376710161405
-0.0181844332363812
-7.25958781825353e-05
-0.0334131696580687
-0.00991964327468631
-0.0138899582542695
-0.00577278334009823
-0.00627078278657234
0.0359924818012427
0.0315085135060464
0.0015309980539624
0.0194351281323653
-0.00407002490389097
0.00329800697728722
-0.00200084318992655
0.00157526130387353
0.00943660246509137
-0.00800276220969032
-0.00135647883561529
-0.0240205953667217
-0.0125256808518698
0.0177286479894465
0.0349854453714018
0.0669014084507042
0.0104950231023104
-0.000849101857707479
-0.0136637807554494
-0.0132564463861751
0.011889595347941
-0.00424853295438476
-0.000133359999999971
0.00446724908567142
0.00809824791629254
0.0146177722597542
-0.00519179064681141
-0.010502968709771
0.00158231151817101
-0.0133622895387348
0.0110080326306494
0.0180810751390228
-0.00849104231586106
0.00712556052085023
0.0011684214094303
0.0222380244347113
0.0180757660693318
0.00230497751545022
0.0107526633771686
0.00479645199841516
0.000550862933324181
-0.0102759003524404
-0.0095791546823949
-0.000499201313465703
0.00374582361231601
0.00391842893343952
-0.00873554281059297
-0.00468749999999996
-0.00483518995290422
0.0159010857117892
-0.00677016149068332
-0.00156337936180651
0.0018163158758282
-0.00862763379732978
0.010846855799155
-0.00754876194922538
0.0115036583919579
0.00142933934673195
-0.0106739543916715
0.0156818468910029
-0.00419956156372969
0.0364053325351859
-0.0075399137840948
0.0139884951225144
-0.0186121486425895
-0.00533197429304311
-0.0147417089487887
0.0257821124711848
0.0125971668350995
0.0272024226190477
-0.0255548636560003
-0.000416317782675479
-0.00862631348982856
0.0145223176579592
-0.00786704138018512
0.0073332798505521
-0.00994322875471942
-0.00167383429981971
-0.00233532335329334
-0.00456152088973338
0.0180282779127545
-0.0082918386233557
-0.0108696068935785
0.0121966191340606
0.00345980674934276
-0.00439903100464256
0.00179127661311873
-0.000238371678617066
-0.00178850000630437
-0.0109889869685977
0.0207125173654885
-0.0123055198030263
0.0204253013553515
0.0165531344414585
-0.0165145289040403
0.0032291450058477
0.00298478384107193
0.0168047025089071
0.00631244136096765
0.0111199645807483
0.0151148103898799
0.00644474119549021
0.010322992337499
-0.0144793407391687
0.00637583318666723
0.00539883196564928
-0.000328756164383548
-0.00416580240993414
-0.00792595803325469
-0.00549270401984281
-0.00362618688981864
-0.0118141149446547
0.0050994049209756
0.00631374940139673
0.0067223798869076
-0.00734521144390143
0.00896914630287093
-0.0138896601508511
0.00918355937845616
0.00318226337601235
0.0114085534931432
-0.000935391192489421
0.0110150350988309
-0.0020700821785119
0.00158302307349723
0.00773925240329731
0.0057328990502834
-0.00311896094949049
-0.00102493793761638
-0.0224634319081652
0.00800970561790693
-0.00115076723259022
-0.0164590987774379
0.00396046178478349
0.0440048792978081
0.00585420987293905
-0.0104761693121693
0.0113356590453286
-0.00972822253213601
0.00272287769263935
0.019274772581596
0.0112313068934815
0.0163756481415884
-0.0134180381194409
-0.00190611507956262
0.00077420251950544
0.00443550984803509
-0.0127342541720155
0.00015602537772863
-0.00395221002674662
0.00198394598458607
-0.00192786058699312
0.00626466709060813
0.0198184539559014
0.00676597116873467
0.0166245987859908
-0.00119292707199237
0.0174172682371327
0.0123257717631564
-0.00797214085146569
0.00608805745852137
0.0166528919176538
0.00542830830504037
-0.0137342840748553
0.00571429531812728
0.00687549172196822
-0.00331948019443573
-0.00304500914128392
-0.00959241227043472
-0.0311762204557231
-0.0192479659728237
-0.0466048070733323
-0.00872339893617013
0.0160978749941088
0.0332699776443282
0.0121128230172172
-0.015957198484862
-0.0148303950025759
0.0139598294397296
0.00662690318243286
-0.00137792296062145
0.0311733760129478
-0.00971350981124741
-0.0483936175620293
0.000368167248009588
-0.00189254546371276
0.017065232186531
0.00678403914705195
0.00308621463739089
-0.0187682123677815
0.0113404647606856
-0.0283175428210511
-0.0378111054279821
-0.0407339594602205
0.0149804449755755
-0.0345140886804247
-0.00123475421878239
0.0336139822692054
-0.00153778332910603
0.0163709716088183
0.00931643879905208
-0.0193505064357319
0.0369698569008288
0.071631619870089
0.0282171604901962
-0.0181628161918221
-0.00283049271173641
-0.00947840775684972
0.0213386451881963
-0.00345709711823439
0.0127199551348403
-0.00501412418755331
0.0295879056939219
0.0174460426233281
-0.00452487265336798
-0.00574161244019133
0.00606349846876575
0.0198986082454664
-0.00614387484221057
0.0315700149767353
0.00137231469243404
-0.0215623624000647
0.0131665285842082
-0.00875573271889396
-0.0208740347501432
0.00579270212339056
0.00179391491484759
0.000706818693993139
-0.0146449471904081
0.0121385567502987
0.030596398386018
-0.0124616344442822
0.0449083408270701
0.000754775132171925
0.00425912611160051
0.00870295543071675
-0.00950377953397474
0.0153431240653852
0.00853543072474339
-0.00306572396158256
0.0101351175906288
-0.014921516101014
-0.0183685945336338
0.00532102243134047
0.00401377909309386
0.0148047046785418
-0.00398267532467533
0.00860568490433167
0.00861846081718909
-0.00465691279720515
0.00163113275687365
0.00638521517758184
-0.00911258319047159
0.000128917062255152
0.00167575734414571
0.0209763216578656
0.00894922080898319
-0.000249841760014302
-0.00216596132817426
-0.0116046043713859
-0.0035898555772863
-0.00902805943795371
-0.00252350723879169
0.0126923841651443
-0.0263792863308573
-0.0265286855133626
-0.0373481064572572
-0.0424633106081921
0.0134735567927733
-0.0456218925655306
0.0372300082146111
-0.0190338260869565
0.0169900375947014
-0.020676916872716
-0.0277393189344511
0.0149519499834219
-0.0360274677947974
0.0121634054433046
-0.0022596651486253
-0.0231624460735147
0.0666560968840557
-0.0112136989502342
-0.0182853913212351
-0.0108905801526717
0.00571105162733554
-0.0568884992229575
-0.0386764565659955
0.0157431101696022
0.0169435202750825
-0.0433190925742281
0.0259806307891099
0.0345614773037084
0.0481467375767752
-0.00282284444308856
-0.0166246081443835
0.0338113999142824
-0.00151884869342145
-0.00238313050206296
0.0392376162642947
0.020883278618461
0.00330549000418001
0.0363845211034315
0.0152499329843363
0.00803232887986782
-0.00823842776215666
-0.0227417609249874
-0.00538802562922647
0.000653803748801973
-0.008120618693786
0.0146802569739812
0.00129839558446743
0.0100032560089973
0.0221010045779448
0.00767121694547179
-0.019499555237725
0.00363234644859367
-0.00131194810524637
-0.0133635198187996
-0.0132690494040076
0.00283839741587832
0.0132237887300706
-0.00925030474081379
0.00827359810657913
0.0238378886212429
-0.0141935974602597
0.0219376029607812
0.132666693333333
-0.0257014041427961
0.00732981062428739
-0.0077962459578651
0.00668897938259239
0.0270583754788585
-0.00646947669775866
0.00690389145383929
0.00619423034637712
0.00487846525042013
-0.00759035960424903
-0.00764840993307103
0.00168228869290399
-0.012225149444304
0.0141558603595697
-0.0070571308576558
-0.0329838381669127
-0.00966420985643068
0.00533028416634673
-0.0117867734264303
-0.0004952950826006
0.00730863015591887
0.0063947449033992
0.0134414201751745
0.0142679274487998
-0.0017039467359965
0.000476362494877813
-0.0186867960481635
0.0168998466386325
-0.0155057607266896
0.00302883456564151
-0.00994484458559497
0.0200894758866892
0.000398684426705209
0.0208814495825183
-0.00148329303764183
-0.00261922592706143
0.00423308109134402
0.0110456972772774
-0.0150556279512791
0.00152857255439587
-0.00328727352282432
-0.0103655384163843
0.024161919966333
0.00507475371456856
-0.00404709173804174
-0.0263544820360947
-0.00222583174571067
-0.0157749751654184
0.00971382171855439
-0.00817736798742386
-0.0115183731990002
0.0190121594651063
0.00393215510062439
-0.00119900480239388
0.0199271534564098
-0.0322492095894277
-0.0557424904183118
0.0504035982346178
0.00797023202860747
0.00547425487419706
0.0092353320509464
-0.0130269530469531
0.0172071740311921
0.00951281624118749
0.0433307959758154
0.0128485906743365
-0.0008580703284784
-0.0247582238962469
0.0157757502561531
0.000527797046621759
-0.00651801264134511
0.0114149568704545
0.00419945612900818
-0.0105668617953549
-0.000113208049858704
-0.0104543670519676
0.00240285668863893
-0.0049843884221491
0.00818318197456369
-0.00462735075958309
-0.00129557218713194
-0.00789807711699142
0.0172294869222536
-0.00283553875236298
0.0149383962085308
0.00623849597490755
0.00252459176517994
0.0103687857601871
0.00842991875721921
-0.00385268569531771
0.00700530170413338
-0.00123186956521737
-0.00137852787668113
0.00911802531647066
-0.000828003141034483
-7.20168617381889e-05
0.00580091139220218
-0.0136844244388555
-0.00588383422253247
-0.002374750726582
0.00626232700697527
0.00855262981431348
-0.00721709019950001
-0.00378019780059968
-0.000291838163287816
-0.00693428467153279
-0.00588021302726471
0.0011090129390019
-0.0347119439311053
0.00237182484403586
-0.00992281546886109
-0.00289106453787746
0.0219197537984428
-0.015661587586617
0.00972328548547474
-0.0348266608948605
0.0210584863076071
0.00784025528378152
-0.00459862787820076
-0.00554379980750719
0.0145561884135819
0.00293810424479446
-0.00924513786706938
0.0160900193373523
-0.00408169680842707
-0.0323314714467449
-0.0470980196078431
0.00403307123681906
-0.0132393162551161
0.0126692196421614
-0.015176984725538
0.0189928696570929
0.00024530145706847
0.0135262020567881
-0.023667486111322
0.0178814871248769
-0.0138753572521154
-0.00374394802718636
-0.00958080552337315
-0.000291902595239146
-0.0244827999767018
-0.0109025739061206
-0.0237745314044183
-0.0121324391096783
0.00210668304509154
-0.0132844339893946
-0.0146419352318604
0.00855684336745743
0.0323405151181957
0.00145805492132212
0.0196779488994825
0.0456059580043877
0.0549969308089451
-0.00541305400946845
0.0103328404348701
0.00964166237603092
-0.00819638526649269
-0.0187112736081988
-0.0110038098121609
0.0104032612756153
0.00826874170222136
0.00453414019370468
0.0107936259156669
-0.0262105386798063
0.00550285112649673
-0.00297430198327564
0.000198890255775241
-0.00584586796738618
0.00932038062881757
-0.00186271792549531
0.00956914410397114
-0.0294580002646504
0.00834784603723548
-0.00204957198047206
0.00410755867931334
-0.0209753552735278
-0.00114701978146325
0.0177582822642144
-0.0104368027008896
-0.0563994201457998
-0.00595548504248444
0.00850919090925051
0.0112784974867175
0.00285202624597347
-0.020331903227334
0.00862214026920971
-0.00829070002162846
0.0144243307007521
0.0245099745974637
-0.00525151101054722
-0.00548873763345814
-0.146823415289756
0.0317515537936781
0.00660479078582576
0.0221566605406209
0.000930305161974232
-0.0205873833261069
-0.0212099691577698
0.000824112860306814
0.00682976033174754
-0.00235738476687497
0.00737811176588021
0.00871233629618962
0.00616933842934064
-0.0314121444880266
-0.00248341934902896
0.0116182081049097
-0.0054045988593272
-0.000194042015457585
0.00135875668699326
0.00237455772111783
-0.000725169226942102
0.0118534857820554
0.0144878981279903
-4.71037380129768e-05
0.0112650780304473
-0.0121184151183629
0.021372960906435
0.00928496414052038
0.00823830820087168
0.0133460578937872
-0.0255341894106381
0.00928609391479829
-0.00646776579638664
0.00783932040894597
-0.0388464026354877
0.00719358248187052
0.0055915231691539
-0.0207466384922816
-0.0222360206343841
0.00244009560411707
0.00710769179479698
0.00657418201223425
0.0161360037676801
-0.006569303966526
-0.0211703000167026
0.00777645686512751
0.0100312849761865
-0.00520458881932917
-0.0101276761088159
-0.0144498669340032
0.00910212054120541
-0.0134568986799541
-0.0115646735507497
-0.00705001999999988
0.0189335317777035
0.0243142962891734
-0.00342551255028678
-0.0123934838535388
0.000294107843137326
-0.147652677130772
-0.0202955162540598
0.0127348185235265
0.00318704280982018
0.0190042115008149
0.00719907585286372
-0.0162088592608173
-0.01189932473857
0.0136058706947322
-0.00211349737365352
-0.00274754440894465
0.0181953735610414
0.00146566887347466
0.0014636082678392
-0.00893708596622811
0.00102083140230369
0.00198303682719558
-0.00424088195959693
-0.000113594544681628
0.0145388287762513
-0.0074451467053579
0.0140995997304112
0.0299760806404101
0.00912528092535547
0.0239712987531238
0.00632286686321959
-0.0207705886304851
-0.0803373042704709
0.013492539321039
-0.0174660461406145
-0.0188187611838811
-0.00200646802017934
0.000768754060855192
0.00531785614163738
-0.00240979782772888
-0.0110763568273459
-0.00917490583825176
-0.00865854739532868
-0.0126766304566212
0.000798654630781659
0.0250445086233011
0.00455114065060358
0.00244413710879288
0.0236084735107405
0.00511235679101962
0.00127160861428832
0.0228020382797907
0.0331866194395889
-0.0208128375484851
0.00764292887029283
-0.0102978632016903
-0.0126985347029127
0.0103688704637976
-0.0123934831384344
-0.00772245183281794
0.0115021173104435
0.00220637593930673
-0.00333048839956485
-0.00696644774542876
0.0250954996281811
0.104545754288004
0.023977407334729
-0.00103301850173665
-0.0107844680381579
-0.00925926400688815
-0.00246208918777835
-0.000503732435922721
0.00493882494870612
-0.00616825121772724
0.0262892632153842
0.00644081816431896
-0.0132388472873305
-0.00118820235684436
0.0118958810408922
-0.00318390408573799
0.0086486240786241
0.00691804557434583
-0.00208047713645898
-0.0160000145454545
0.0018231584403523
0.00388547104466697
-0.00715303999239125
-0.0083888332116111
-0.000696685753122872
-0.00403365374267872
-0.00065002500000011
-0.0105568622243674
-0.00627018118603817
-0.0134337418393294
-0.0453889146536798
0.0032958720197116
0.00538531956071608
-0.0243719693141361
0.00680798290769746
-0.0121606006063748
-0.0155671658482086
-0.00902821164102274
0.0242190978711005
-0.0282320497237569
-0.00227411451631199
0.00717986759416878
-0.0110891485148514
-0.00457685240596128
0.00235639397791831
0.0137041231778943
0.000961672078350961
-0.00226044859955266
0.0189170595708774
-0.0032239411859013
0.00239790867284539
0.00111263977746878
0.0145040346958161
-0.0111196265460082
-0.0140696505515407
-0.0420810426967514
-0.0156598123167155
-0.0605970200727283
0.0186477351605294
0.00510580304710562
0.0159212429181173
0.0110981946735109
-0.00470417350828267
0.0221171545907843
-0.00326054080402993
0.0187354660460517
-0.00700605445472935
-0.00246941436418857
0.0511021914157213
-0.0148040148622889
-0.00848087530900021
-0.0175086283153036
-0.0137890802380045
-0.0220984368427576
0.00230221740339531
-0.0175894763347499
