0.00596537531719421
0.0185977522693337
0.0191671130188844
-0.00948874631081809
0.0184504061062558
0.0084278287732662
0.00656658721910097
0.0188112086815826
0.000582127295499113
0.0025817105243211
0.00373553461324172
-0.00242091875918071
0.0039479735369552
0.00864066514468931
0.0123400942570646
-0.00674853472481662
0.00739916964228771
0.00790970864837726
-0.00362605675220329
0.00864975932453782
-0.0115212757688714
0.00167518298941594
0.000933051089437864
-0.000140728813732727
-0.00177659140953379
0.00301325462555058
0.00381227124634154
-0.0042004007473101
-0.000755724305097627
0.0161112201096378
-0.00344472299980281
0.016970088744759
0.0086423305033787
-0.00419944297755193
-0.000204048835294568
-0.0117357323908006
0.0426125299222964
-0.0122810832184382
0.00671828472950065
0.0038844684369479
0.00183560768725233
-0.0130563080144588
0.00757618626433421
0.0216113227841697
0.00506920793751897
-0.00316838195286318
0.00755703958005394
-0.00622886701230718
0.00215411790013254
0.00926042392429349
-0.00326663042269104
-0.00536593611632863
-0.00374732609101758
-0.0134567491302525
-0.00110105837566865
-0.000954257828502225
-0.00204200978265612
3.30363036304959e-05
-0.014290014709415
-0.0140785677165839
-0.0104762422519485
-0.012869349714796
0.00968214907387299
0.00599129059790138
0.00296062319180823
0.0239565540182116
0.00649895710044168
0.01347684602649
-0.00579930720588484
0.00325338883675141
0.000917172467660876
-0.0231865280448798
-0.00537728136173243
0.0237305717894736
-0.010216540083169
0.0220235026343143
-0.00575718509500078
0.00279707024647347
0.00588856548513639
0.00624337101250427
-0.00483473264194401
0.0016031966834027
-0.0054162910266774
0.0045028999299852
0.00067977086282367
0.00803760193903802
0.021594426598625
0.00160176824907676
-0.00105047589819607
0.0123210322413441
-0.00355051878841661
0.0106585486939221
0.00364878434280991
0.000889639482510418
-0.00231426104445376
-0.00886363312755634
0.00881897534744613
-0.0120450872179995
0.00118188323486912
0.0139016356188988
0.00291066084149372
0.0164207381592887
-0.00485412021319387
0.00791324119634051
-4.49012627181666e-05
-0.00743196914625699
0.0133448471437194
-0.00569071742545579
-0.0100832135425897
0.00199783124158071
0.0291523920629457
0.0118002431699202
-0.0104732251409002
0.0157881148502976
-0.00551283396387769
0.00920031219689843
-0.00336476663976237
0.00740142994765836
-0.00353742271335677
0.00856599138893621
-0.00381912142331442
-0.00463484737231701
-0.00235698682788965
-0.00254974868309732
-0.0129549836641832
0.00867680971092533
0.00198734337618967
0.00387994307124195
0.0128640261134518
-0.000469888787339112
-0.0137036965811966
0.000967652149342468
-0.0153812469296227
-0.0142587695982039
0.00979696617090076
0.00808242914979762
-0.017276655625152
0.0031505789556785
0.00362939557463737
0.0127679418659723
-0.0106393656403352
0.000206169433429659
0.00204723928799511
0.00260159333150667
0.0113174482040268
0.00532006106788652
0.00152843028237304
-0.00974692452172876
0.00596091218784545
-0.00394557110972593
-0.00108824981516842
-0.0111848889186907
-0.00179214965675523
-0.00866803271963568
-0.000385989136204246
0.00353452098879914
0.00895313003452691
-0.00529486369188026
-0.00395174294090384
0.00436715321983727
-0.00355226465822511
0.00819483932945753
0.00478301874862619
-0.00403015286955466
-0.0118461423859599
0.00264099258160244
-0.00362545783370583
0.0161881435920002
-0.00374142769949948
-0.000249362601022707
0.00592806749816588
-0.00860630041914212
0.00098579098524687
-0.00417460717665352
-0.0211227044925361
0.00563974177012039
0.00935671131419835
-0.00215410311033126
0.0050320906816177
0.00839910370955055
-0.0184358024860564
0.00324755382975628
0.0178113301318246
0.00442623340629456
-0.0129282450672713
0.00638619705452448
-8.82193916414975e-05
-0.00527377798939299
-0.00159499208722846
-0.00643439993670991
0.00836682283697798
0.00586129297668903
-0.00886550249532658
-0.00130322843391339
0.0189362220957057
0.00806237139311405
0.00339267197515269
0.00850319087436158
-0.00567806087346123
0.00835056074421447
0.0126781818383175
-0.0204864715803609
0.0104575162554872
0.00719753950491064
0.00668111575366459
0.00970301842109955
0.0248633991001042
0.00297673153985811
0.00257662248366652
0.0040636441083528
0.00526667506941814
-0.0157839666738834
-0.0506169609686886
-0.0227272632916217
0.00429203790262678
0.0266306269335752
0.0262372092035399
0.0022213443190775
-0.014317411838322
-0.00226259448124411
0.022887265862839
-0.00124531015452434
-0.0165933407779923
0.0211926442046653
-0.016250253699304
-9.70970873787058e-05
0.00903001548445781
-0.0103238878524033
0.0132096302313662
0.00449655762092394
0.00259311070422563
-0.0131088250599549
0.00470356011398176
-0.000549181750164274
0.0250411813186813
0.000402086498856535
0.00930967373048563
-0.0301003246297267
-0.0083196730977505
-0.00122799706867738
0.0172968220520757
0.00601623296583087
0.00877453460614275
-0.00355962142272104
-0.0115763678895032
-0.000937502717391347
0.00218953231205776
0.00968899631535702
-0.00545654652973293
-0.0143513445945946
0.0110367544281667
0.00324100460069032
0.00567707409945739
0.00258055152870762
-0.000871415929239894
0.0218707476031563
0.000853428980104098
0.00764853205878113
-0.00626244607413773
0.0193904931557989
0.00664470865137567
0.00150657282041222
0.00108366419252537
0.00793365244716848
-0.00346181257453426
0.00841840253565773
0.00238871869670132
-0.0173211734513989
0.00787517761462153
-0.003001323279894
-0.0153312754742824
-0.0257478895183839
0.0268652472691162
-0.00327510904924622
0.0133893609314359
-0.00547645130712304
0.00610993891641209
-0.00302364698379032
-0.00229066347496576
0.00824725421680705
-0.000165381820828037
-0.00278640381024364
-0.00577979494546121
-0.0129741608871999
-0.0152900158926969
0.0047796915957834
-0.0115901747932322
0.0583911150307097
-0.015425427506329
-0.0078080096140849
-0.0280445896744344
0.00611207462750651
0.00105192373438534
0.00445292795669938
-0.0122664138088209
-0.0177807695324589
0.00144229119640449
0.00251698629759223
-0.000631066560487947
-0.005091661345066
0.0017689275731041
0.00985347574274109
0.00132143144404551
-0.0110108511233247
-0.0086668103058376
0.00459564514590882
-0.0130741591047187
0.00927044691271894
-0.0324746226500874
0.00931101876052876
0.0143316144253249
-0.0340059237301736
0.0119425913897884
-0.0110439022265455
0.0155660699770988
-0.00286435698395171
0.00570300584869687
0.0147548901329162
0.000274622416077674
0.0206857829384015
0.000941313055023096
0.00438002673200044
0.0265400673111909
0.00151158208645708
-0.0064407157338997
-0.0153220958194477
-0.00535979368448591
-0.0274379492922431
-0.0438440297686901
0.00304833481859013
-0.000587794933925134
0.0223475154982398
0.0236688810943528
0.0384720912150989
-0.00463251328476688
-0.00751807665627113
0.0152302078097795
0.00656663443999839
-0.000810556910114557
0.0177290881429011
0.00941080549736628
-0.00447049467325755
-0.00904509475503235
0.0206437001891295
-0.0122318141879979
0.00204891209935631
-0.00622371539858291
-0.00857743247715748
-0.00765292678924046
0.0146918373652729
0.0155483225882893
0.0109848738707863
-0.000514460101014746
-0.00343956271148171
-0.00170049883293544
-0.0098546381200566
-0.005734602431266
0.00816446190177245
-0.000750116945826163
0.0245550048290055
-0.00276916397933868
-0.00407194980218639
-0.00218807442970981
0.00561380648025644
-0.00726463870645866
0.0109327617745101
-0.0154581718760912
-0.00674700286151209
0.00144745306594585
-0.00457690119148146
-0.00152842458237223
-0.0128200070028447
0.00408328549592141
0.000527687135294386
0.000887520727184565
0.00210760784484276
0.0044114261356647
-0.00739253110796889
-0.000488796423371296
-0.0135126441826803
0.00589657435360902
0.00464292083403528
0.00534428951363464
0.00190043791241501
-0.0164046402808096
-0.00291866924393325
0.0127412676643954
0.0123874645123092
0.00107059316041691
-0.0144890698560186
0.0028035296130402
0.00967515078026149
0.00648192873472153
-0.0247337858732319
0.0149748733630324
-0.0145617961208533
0.0125935784139279
-0.0227818206025835
-0.000682996659466917
-0.00570402582020402
0.00666205502400308
-0.0255790496496114
0.0247142701324081
0.0094816314157804
-0.000325677733245988
-0.00212411711196459
-0.00463596212863204
-0.00190240353866589
0.0103056549457772
-0.00947192748312886
-0.00681720063263891
0.00624243774957955
-0.000341740695511517
-0.000670554035868132
-0.00778873386066925
-0.00399126023232754
-0.00367442812908847
-0.000921995504142181
0.00484157336639091
-0.00729390133844587
0.00835308429266401
-0.0044145520421629
0.0100969603613665
0.00855484874078827
0.00937368120472271
-0.00294830508380239
0.0297140588638867
0.00298558426019935
0.00128657197219284
0.00614726372319851
0.00580931261076478
0.00273851454027785
-0.00732412857471598
0.0192082228930071
-0.00650296786574645
-0.010670298756902
0.000287088674189251
0.00482958531611888
-0.00750140099419982
-0.00345372518982168
-0.000904131187974722
0.00550487035747871
-0.00926200340453487
0.00239711339214321
0.00494631147540936
0.00247974844756849
-0.012643040046367
0.0324678266685965
-0.00246330675907025
-0.00269044568967269
-0.0113947124461717
0.00296555133639753
0.0041371297557522
-0.0024126645849335
-0.00623841066768172
-0.00406860439721679
0.00682958897243102
-0.00275066521500034
-0.00671459870593827
-0.0018847536354023
-0.00606778676043207
-0.00415427728980688
0.00267084040049315
0.0070272960391311
-0.00406857400472882
-0.00226387499018033
-0.0149072228038026
-0.00523729543209095
-0.0253282676462573
-0.00347723877638118
-0.0119730855528454
-8.0873751399424e-05
0.00400381780540027
-0.00676724339682755
-0.00333901567704475
-0.00697178055269798
-0.00374254223175541
-0.00951493453676444
0.0248325161263703
0.00509200542226962
-0.0066384490232847
-0.000135329604608492
-0.00485714585495689
0.0147242164801984
-0.00306823618093077
0.00993201357399154
-0.00428509142135736
-0.00451733302640456
0.0188360467907165
0.0273165452553992
-0.0159823004319269
-0.0018119193854057
0.00336922399486483
-0.00993050567701326
-0.00285265598880191
0.00118652150987875
0.00327871983756789
-0.00208676127020502
0.00539229141490405
-0.00501022577308818
0.00211670374009088
0.00739945713125389
-0.00566506275229339
-0.0112113762594939
-0.00152331145336815
-0.00445739725854166
-0.00555671604510233
0.000951344662083464
0.00797882427853036
-0.0033867067671085
0.00155916653555144
-0.0335169554886288
0.0123903796439169
0.00923341725412663
-0.0103885432797385
0.00487441887331608
0.00113811900193017
-0.00977163919073476
0.00166742426020883
-0.00135083985802975
0.0122560678509041
0.00732949068759914
0.00545364587265396
-0.0279736012145884
0.0211692488175095
0.00959992496670137
0.0281534445936016
-0.0231270761532949
0.0300037528468269
0.0204267303120689
0.00536667143459435
-0.000112732286639661
-0.00508797168788477
-0.00461019509932648
-0.00893399105251569
-0.00308994486788428
0.00381676822817822
-0.00933984113787534
0.004366212970075
0.0385478476514738
-0.0026670613966876
-0.00570755082199537
-0.000908954080207747
0.000785180158687337
-0.017484405977584
0.00837809878280504
-0.00106846159674301
0.00499550929241721
0.0108051997375573
-0.0045830797799119
-0.00498993308398199
-0.00473978323319713
0.00973838296578533
-0.00955734028535005
0.00326675162522316
-0.0108955805444725
0.00211454189913751
0.00199625496687439
-0.00131138155559674
0.00114895580808083
-0.00324115736655017
0.00422598614001357
-0.00211671330361984
-0.00218431818181808
-0.0132360101424575
0.00318023621954144
-0.00510039769421666
-0.0107927073487247
0.000155859197635166
-0.039830190389076
-0.00124431328851493
-0.00464498061091079
-0.00695236054421777
0.00015068708673871
-0.00765757123287669
0.000786856919762435
-0.0137796770608755
0.0146016072197037
-0.000978760193059758
-0.00583671096321969
0.00162387127682373
0.0268825010750595
0.00658516721071223
-0.0070916936828922
-0.00615674995239057
-0.000407625411286694
0.00504222959122713
-0.00289386747802567
0.00500434397725003
-0.000526300528055579
-0.00719622525085484
-0.0110291240837513
0.00760434149298139
0.0110542149437052
-0.00580412787919149
0.00328556518827883
-0.00736151970104881
-0.0113015673145672
-0.00183389914833576
-0.0154577259843884
0.00694524105035921
-0.00242449878247175
0.00153651336130012
0.0160662155475779
0.000603942086675469
-0.017421380504827
0.00776221665913068
0.012357199274881
-0.00134110865686587
-0.0062757178613928
0.000192984095302551
0.000206829813143905
-0.0059821185389386
-0.0097065842005627
0.0039627213887552
0.00762916090362697
-0.00467846648544379
0.00552090296788199
-0.0309245368523537
-0.00573722900073581
0.00912920917392257
-0.00105265916031017
-0.00263420532536773
0.00456857545380429
-0.00433458577536983
-0.0103484202180913
-0.00703840079897766
-0.00123469333416126
0.00212332867737519
0.0123354665181357
0.0125148456963402
0.00210957103966436
0.0207124068659814
-0.0143816372446819
0.00429738646826783
-0.0156896340172952
-0.0166359164664555
-0.0132911656819915
0.00871171186564546
0.0119603898395784
0.0106142231192798
0.0010360512395855
0.00662117652272376
-0.00412686566176135
-0.0127571729765732
-0.00598835698514055
-0.018923406289777
0.000426076819185939
-0.0164167821850372
-0.00862909820895652
0.0146675554190359
-0.000207711608319561
-0.0210198671350452
-0.118409630447916
0.0164946088822315
0.0276655058066211
0.0136331669771537
-0.00428838410292387
-0.0115175001310809
0.0298059108573747
-0.0036539121014747
-0.00744732975813422
-0.0213752116459617
0.00478574381677044
-0.0128714302661164
0.012354686002733
0.00933444676432593
9.80311068907724e-05
-0.00604498088033478
0.00761038325051455
-0.0313208784306801
0.00513630119107567
-0.0195355247344987
-0.019121670831408
0.00979076131442369
-0.00802240215290451
0.00805246297445006
-0.00144919001007204
-0.0168460695320742
-0.0164318243143713
0.0192792883802024
0.00219121402340794
-0.095992728635427
-0.0180910660999785
-0.0120004647828384
0.0122658884620988
-0.0157031994693447
-0.0128510777469473
0.0276994913640818
-0.000986563015672792
-0.00523393575174869
-0.0158241709421104
-0.00453912725881445
0.0184824820911054
0.0177093143812055
-0.0258280045994839
0.0256096537882589
0.00970619146971297
0.0252728641837956
-0.00395082694181903
0.0244819411223582
0.0148938125592666
-0.00907160613308911
-0.0250511827888379
0.0142266608342998
0.00901599407042974
-0.0197356321915263
0.00412453080138508
-0.0143295697105904
0.0160221907435609
-0.0161441266204289
-0.0174941024090866
0.0163912617325939
-0.0172134972745107
-0.0104158507658306
0.014347611617838
0.00313036457014615
-0.0111532331867429
-0.00333116825117552
0.0338526021357954
-0.00671138655726122
-0.00574803742300556
0.0136873998460183
-0.00205848004891895
0.0195481378413893
0.00228294068775381
0.00120374814814816
0.00094321460716329
-0.00120105520073277
-0.000351525404681974
0.0207839444301754
0.0322546267556079
-0.0101521564019598
0.0112321971439853
-0.0113881465356082
-0.0500710344307688
0.0156767035420067
0.0182309369183453
0.0371100460190796
0.0164624680288283
0.00625561308890155
0.00195872122052432
-0.00168295871216795
0.0133154102622879
0.00421772456061209
0.00322946523902701
-0.00718872168503815
0.00771122081364184
0.00276740568653477
-0.0157110046004257
-0.00755011682673901
0.0016848902908686
0.00202188732507103
0.015955867740568
