-0.00817134358008764
0.0048294884991622
0.0197908119816459
0.00194064319378984
0.00276710024258708
0.0115893481462832
0.00272771412984207
0.0133297613345897
0.00885911409395979
-0.00266104296641612
0.0106723852721453
0.000263938746992265
0.000791739266079006
-0.000263660351458972
0.00923233975204441
-0.00209090444803484
0.00680982189628088
-0.00286152452813537
-0.0172189920574489
-0.002389063041628
-0.00399153783972661
-0.00240448837830609
0.0026780664167112
0.0037393964673984
0.00399143140013658
-0.00583095679830359
0.0149294062878915
-0.00131337010769628
-0.0031561809573909
-0.00817947186388002
-0.014365549348231
0.00971662644309368
0.014701924619086
-0.00105376715104766
0.022679352461991
-0.000515755557394248
0.0043860167381844
-0.0213203698946828
0.00209979013647188
-0.0191199319015191
-0.00987981282029871
-0.0102481386058177
0.0223432963939156
0.021321961620469
0.000261012526096005
0.0101747711883762
0.0134297775457184
-0.00331297128883934
0.00255683961757014
0.00408059178986453
-0.00076197614330642
-0.0114387646161668
-0.00617117526796551
-0.0315653799966168
-0.0195030456852792
0.0133514437778899
0.0166712023842754
-0.0259190418958201
-0.00923160416879709
-0.0016443408251936
-0.021136426022509
-0.00448681996634881
0.0146478873239437
-0.00721826762909494
-0.00335567692145844
0.0356341480256492
-0.0024383635871037
0.00461711026615963
-0.0189240595337086
-0.0256268937551145
0.00876688323623065
-0.0106531264734022
0.0189854911027065
0.0144605398904487
-0.00301537828947362
0.0197965636457675
0.0253437314640064
-0.00999203286857819
0.00424964120851845
-0.0105792380169469
0.0243250467789362
-0.00104386743215046
0.00417972842684766
-0.0161290066630855
-0.000528847170809144
0.0103174605904091
-0.00576061811365847
0.0065841452045261
0.00313969117897206
0.001825769431403
-0.009372585264254
0.00919850221283847
-0.00598968718803716
-0.00943141259792568
0.00423168462756718
0.0129048719277094
0.00286014047998284
-0.0259268861809696
0.0106468192706948
0.0268633387710471
-0.00205185934589081
0.00822410691338993
0.00560797858781559
0.00659057017514408
-0.00377733577882999
0.0063195145015289
-0.00753587019502955
-0.00987089394436325
-0.0163598930562345
0.00467775467775478
-0.00439725814795655
0.014549154868841
-0.00153641489209777
-0.0110284939200567
0.0103733918471631
0.00616021576386583
-0.00204086729487585
-0.00332303178228621
0.00282113347929558
-0.00153445020636578
0.0097335294637928
-0.0106544399114379
0.00743592307692298
-0.00254522772855104
-0.0170961729292209
0.00700937175493244
-0.00335140491489028
0.0054319451629592
-0.0259839986103422
-0.00211310084223193
-0.00476445221716382
0.00957449519013287
0.00922028475290526
-0.000522056890575495
0.00443974916584633
0.0163806816531638
-0.00306981325147093
-0.00795486251078126
-0.00232798758406616
0.0127042001555613
-0.00128015869738451
0.00281981557650934
-0.000766845622874324
0.00204650805832673
-0.0114883079646825
0.0131714614366873
0.0140198572521031
-0.00477624446395775
-0.00075774185400368
-0.00379173397897548
0.00456736868815044
0.00808284920434432
-0.00050115259333483
-0.0105289047512886
-0.00760078521406682
0.00714840475610945
0.0139416726504011
-0.00725002499999994
0.0123395117688117
0.00174126861340129
0.008194636205612
0.0137931533888251
-0.00631676384839641
0.00415643011459998
0.00438276113951797
0.00509088484848497
-0.00723586606936499
0.00291542759961128
-0.0062984255401749
0.00414429546562656
0.00898281158006342
-0.00962466290604769
-0.00340136054421758
0.00658217942467076
-0.0251877203878004
0.00149070807453411
0.0181096497616062
-0.0160818709531707
-0.000495294688080961
-0.000495564903479351
-0.0131382994546357
0.00929412184641754
0.0129417869586859
0.00958228477684808
0.00316381114626441
0.00897620065559912
-0.000961793700408831
-0.0168471965546858
0.0080783847284398
0.00218552695483254
0.00799607463048213
-0.00336536073871918
-0.0161601065161628
-0.00809026702401883
-0.00148287200896868
0.00519799479217831
0
-0.00837234650646757
0.00124161907126896
0.00793648313492068
0.00565944895815562
-0.00440420857362878
-0.0100761860426687
0.0171301394520891
-0.0185502070161043
-0.0223824427352014
0.00966670033918349
0.0156211140242155
-0.00297697834341404
-0.00248815631968535
-0.0127213270142181
-0.0250126819094146
-0.0256543664161701
-0.0539893113824101
-0.022209755411864
0.0442783508993201
0.025055066079295
-0.00349186140209501
-0.0048517522831133
-0.04306598283131
0.0155674771827072
0.0167223796900116
-0.0167215186403508
0.0239754955108864
-0.0125238224884289
0.0113041080783016
-0.0065431025081788
0.00329313949761634
0.0142232217116187
0
-0.0248112715851526
-0.0237832134955751
0.01246467457407
-0.0137101838998217
-0.00056737588652489
-0.0051093102469485
0.017974351440067
-0.0232623878923767
0.00918220999610964
0.0122263299531606
0.000842780946223698
0.00336792019736398
0.0229370629370629
-0.00410177741318019
0.0107084849373138
0.00271662584306909
-0.0100243565429423
0.00465238082505826
-0.0133478075006213
-0.0129762834628305
0.0310489790209789
-0.0100379541498113
-0.00657719887217323
0.0137931034482759
-0.0127891428571429
0.0176405462414706
0.0200433922017005
-0.0098247211895911
-0.0101904261144965
0.0300731509076133
-0.00683855865334038
-0.0161545559403897
0.0174965535668072
-0.00052910054309796
0.00105878774639478
0.00872559492332092
0.0233289371780372
-0.00998972822772204
-0.00827943036070222
-0.000521810564998115
-0.0135734791549602
-0.0116433709541314
0.0152610449938979
-0.00316453075762291
0.014550238480165
0.00495444615147034
0.00285420335095488
0.00310473463882355
-0.00722202734072752
-0.0002598596903165
0.00467775467775478
-0.00103468701500253
0.00906271385454982
-0.0123171410747464
-0.015848297435786
0.0282470953472256
-0.00641848507269616
-0.0206718082513745
-0.0174142471021507
0.00859288353421683
-0.0199680505865801
0.00271662584306909
0.02086155513411
0.0172505838641188
-0.0130446118943589
-0.0158604802611431
0.00134297609454737
0.00965665261954562
0.0159405689676027
0.000784466486168256
-0.00470342304677296
0.0118141506957206
-0.00960049274518693
-0.00943141259792568
-0.0306796871018332
0.000272796710897749
-0.0139115657392253
-0.0284924742189503
-0.0216400347847391
0.00931312545654484
0.00634377162629751
-0.0338109149678558
0.00889676723319188
-0.0258671663727219
-0.00663853369458467
-0.00182250922372484
-0.0328667062426443
0.00534927610606428
-0.0262910789893246
0.0115717771915211
0.00571976503717075
0.00821484992101107
0.0235036038859291
-0.0113288120024495
-0.0219882619390441
0.0063331538948701
0.0119571739472255
-0.00310942164179095
-0.0227698370938916
0.00861793807851918
-0.0104430379746836
-0.0316597057882955
0.0429325943549341
0.0316656744775174
0.0104357267995256
-0.0200486038911666
0.00371987003842955
0.0182211235879828
-0.0263877153051952
-0.0031152026863055
0.0153125624999999
0.0249306540516681
-0.0342342052322585
0.0401119713930349
0.0107623315168213
0.0136054121974147
0.00641966734753407
-0.00405926331926565
-0.0200872791899436
-0.00594180035650604
0.00597731637708643
0.0234700237670826
-0.00203193027483517
-0.00378129715586684
-0.00846718248175171
0.00559490593624568
0.0152268219486487
-0.00115364875417645
-0.0066416111278772
-0.00755822630475422
-0.013181019718249
-0.00385865253364959
-0.00715140026366501
0.00630249099639846
-0.00775422033266371
0.00721364592726181
0.00537156104873526
-0.0186998521430648
0.00211736230739978
-0.0208271047139419
0.001541399554297
0.00400113856564244
0.0131820972771948
0.0350983369167426
0.008477082972145
-0.0136232173913045
0.00646491350176071
0.0134306277372265
0.014405070999858
-0.00198807162703984
0.0196358286748954
-0.0103266251562029
0.0197405814929661
-0.000276493362831753
-0.0152144943173171
-0.00617969135840957
0.000847908398871944
-0.0163794973171419
-0.0206718621491897
-0.00322488996702164
0.000588235294117778
-0.00852439741328648
0.0192707085680404
-0.0130890339415639
-0.00589448865310938
-0.0180848206344499
0.012379227426909
0.00268416351578193
0.0356930706630896
0.00545657668006894
0.00199954310194461
-0.00285068398798849
0.0160091766723842
0.0233539104289839
-0.00659879039314792
0.00608903941076555
0.000550233867963268
0.00824852923421848
0.00709031944861294
-0.0151638505280259
0.0112730275301904
-0.00435019043910245
-0.000273020214992425
-0.0117454517414517
-0.00718634604754009
-0.00417589110110739
-0.0109029633771318
0.00537023727048513
-0.000281107675006997
0.00534305384299616
0.000279664335664398
0.00643187955435542
-0.000277910515259161
0.0269594496942747
-0.0657645719684824
-0.0425840382387023
0.0323751900869951
0.0164126909851317
0.026816637831603
-0.00954790762291735
-0.0297703147150553
0.00701338378102334
0.00899596659883817
0.0129422203048606
0.00454287323841918
0.018089287221897
-0.00333142698500843
0.0214483553510665
0.0027270795051586
-0.00244764753875448
-0.00163579607415487
-0.00491534693925033
0.00411638320846275
0.00792569007925659
-0.00244034700541362
0.00543628688675502
-0.00108140032001069
0.0043301757962062
-0.00646731321834237
-0.00542449160359348
-0.00790829058676246
0.0208905436808537
-0.00457722144795969
0.0294833640929573
-0.00157648445673975
0
-0.0228947105263158
0.00161589007228957
-0.00484003777467157
0.0140502844663757
-0.000799333887538833
0.00453327999999997
0.00212375907214013
0.00132447682119197
-0.000264497361494698
0.00185234184037197
-0.00237720543113551
0.00370664548583521
0.0021103139013452
0.00263221886642717
0.00630091887634543
0.00443511586563439
-0.00467532467532472
0.00443637787056361
-0.0166277985644168
0.000264280066804679
0.00977282066104546
-0.000784697881245022
0.0133507326347977
-0.0242831057680989
-0.00900185332274306
0.0181672722415174
-0.00708478071149865
0.00634254756871022
-0.00341389162742167
0.00843212098993096
-0.00339694277501956
-0.00707918214680614
-0.0221811466115962
0.00999197974593535
0.00668449162115015
-0.00982743639694905
0.0118026290719591
-0.00291622473710984
0.0178143574098815
0.0146290756172696
0.00308957260556131
-0.00179671462517239
0.00771406551077569
-0.0112273286865866
-0.00103228387096765
-0.0216998197287477
0.000528122538371312
-0.0121403803679172
0.0122895805503607
0.0232251523680431
0.00490067062161459
-0.00410677628610834
0.00309275781166907
-0.00102767220080535
0.00462962951055479
0.00691246782098132
-0.00457665880617042
0.00127711360014748
-0.00433678560365347
-0.0105047402127783
-0.00284829111466312
-0.00675144153474128
0.0284967320261438
-0.0116929079816981
0.0444958836292211
0.0199457517866104
0.0103814587340154
0.0238948637464691
0.00303388578921271
-0.00372266170311764
0.0277907052779076
0.0109067035176869
0.00292193738269564
-0.0026893546098018
0.0024719325842697
0.000896682338115351
-0.0136618358942068
0.00249775198688118
0.0249150158588893
0.0130386740331492
-0.0137434773123909
0.00707808022734069
0.0103228862359519
0.0106522173913042
0.0105398575805611
0.00574712643678166
-0.00804234920634916
0.00405380849272041
-0.00594989362622422
0.00384779828661408
-0.00787902486965553
0.00579525649280943
0.0168587491067276
-0.0052465894964705
-0.0018987551941454
0.00486155136627442
0.00357589390879487
-0.0106895412007869
-0.0101694913099684
0.00642121133516249
-0.000850701829009037
0.00766283524904221
-0.0128855090832278
0.00663387545473992
-0.00659015717282829
-0.00149796704472505
0.00235747963994881
-0.00919392773145178
0.00388433318946912
-0.020636263972485
0.0140474097004519
-0.0196969692706285
0.00287032451158487
-0.000440246606791983
0.0123347351394389
0.0221932337291826
0.00510857811834842
-0.00529436668161021
-0.0104322118281412
-0.0062392641996557
-0.00519588666802095
-0.00304678992281193
0.0174634355498049
-0.00386185359661328
-0.000861533491277156
-0.0129337791104502
0.0135400521174918
0.0047403792286147
0.00750587588449747
0.0189442103022563
0.00814704424790147
-0.00538744324025875
-0.000833354166666633
0.000625583832893684
0.0033340277835372
0.00789194152058381
-0.00865439951894498
0.0014549781447728
0.000830240763802559
0.0306926580113509
-0.0229376252930056
0.00164740523790363
-0.00842925592987798
-0.00622019489944015
0.00146046317546422
0.00166670833333327
-0.00769556956341222
-0.000628778047134348
-0.00314599412751682
-0.0107300444083744
0.00616760952786044
-0.0101458251924366
-0.0128123419682964
-0.0482370754921047
0.00204545454545468
0.00521660240417332
0.00203068592057742
-0.00540423328079254
0.0165271458694656
-0.00957685926160978
0.017090150279061
-0.0117178642493919
0.000447427283055468
-0.0040250446327138
-0.0125729902879885
0.00750343337880865
-0.0054164070093341
-0.00635350578624927
-0.00388221046169868
-0.00894083009951474
-0.0141105944945639
0.0124355469834714
-0.013441528925074
0.00140946676062947
0.0243958943374174
-0.0169452263313591
0.0186349871884461
-0.00182936199405437
0.00412371115126176
-0.00570385554625341
-0.00917856772929937
0.00926359425660039
-0.00252411645139428
0.0156429948092247
-0.00203852765397383
-0.00748980918089415
0.000228721701349244
-0.00617286208628876
-0.00230048303886632
-0.00783952058656956
-0.000464815255979745
0.00837017011718988
0.00830069191378113
-0.0393323119140176
0.00285653429452659
0.00284830280445525
0.00355034319526637
0.0148584191104519
-0.0111550083930979
0.00188018805828882
-0.00164203608627644
-0.011513181120461
-0.0099833135250772
0.0184872980318225
-0.00612913748840826
0.00213472485768507
-0.00733730177514791
0.00762992388244932
0.0265026751775994
0.0168280309629314
-0.000453434585050094
0.00453619868450872
0.00541878515649619
-0.00269479008971008
-0.00180135104706136
0.000902255768001181
-0.0094658104454769
-0.00682591565811341
-0.0071019928017414
-0.00392251961236745
0.00648605543136704
0.00851551188686961
0.0219077818347786
0.0185351053714851
-0.00438502511762717
0.0156353005945828
0.000433651353721975
-0.0132206331430568
-0.00131776853322563
-0.002639168624606
0.000661587680775622
0.00110178490300172
0.00286156724631303
-0.0164618082427171
0.00223162235591112
-0.00668000445335115
0.00336240745657035
0.033512065840575
0.000432360589379899
0.0066983795742952
0.0133075552693711
-0.00974367739342685
0.00278077005347588
0
0.00938564399774644
0.0112002958579882
0.0016719331942292
-0.00187773836845395
0.0108695861204011
-0.00413566988966774
0.00186877076411962
-0.0116062383419689
-0.0211784235935925
-0.00792628534704365
0.0118764843041139
0.00277424236503965
-0.00361783342762989
-0.0140965399401966
-0.000866572790294562
-0.00520377287952678
0.00544899726571502
0.000433579006425822
0
0
-0.00021674971975072
-0.00151710016291939
0.00499238115910572
-0.00453561564871729
0.00433935777825978
-0.0196586731549216
-0.00683122505880951
-0.0312846682937653
0.00710034356390299
0.0161473500989913
0.00246197403760062
-0.00178615758459111
-0.0143144489893637
0.00158835942818247
0.00226558682069733
0.00926763068410352
0.00470322487331565
0.00847082014108747
-0.000442108733770485
0.0024325740284703
-0.00308852843200846
0.0196946895263264
0.0047742402441735
0.0138228944670171
0.00468685566013738
-0.00593721374045797
-0.0108788820205017
0.0269570849031073
0.00146997063145671
-0.00440341799965238
0.0048441238416177
-0.00754560904518153
-0.0105596625368389
-0.00320164367989939
