0.00345375413542159
0.00998139299287137
0.0170392583353376
-0.00830991148431903
0.0422354383628987
0.017765707521642
0.0108300757416699
0.00983171374338832
-0.00343258449560224
0.00820398332557537
0.0185104410674439
-0.00670858079704473
0.0046048997545558
0.00586729635335836
0.00236966214157652
-0.015699799868462
0.00917594503091679
0.0024410142930682
0.00572230460285361
0.002300036219961
-0.00936048697048097
0.00469400775943707
0.0154723805044885
-0.0041228668491704
0.00263996523237497
-0.00365029619023227
0.00690687087087083
-0.00715775152368925
0.00432562939607628
0.00107679608873368
0.0160740179477497
0.00558699152616393
0.0082460316905657
0.000406073099979309
-0.000579845766916942
0.00179844525725037
-0.0149408565241255
-0.0154615220883649
0.0100316056008145
-0.00981371007320286
-0.00764223512919471
-0.00222616560024558
0.0182706166973132
0.0160478893837832
-0.0121226365296347
5.89675516224908e-05
0.000176968915608811
-0.00259518118536195
-0.00413963320616328
0.00184093236962934
-0.000296384315839671
-0.0120953928116828
0.00516145136122481
-0.0148673934766514
0.00345471230211802
0.0294757432891488
0.0259915099038781
-0.00663343073807487
0.0020724194663122
-0.0032745848054111
0.00288184438040351
-0.00666668965517236
0.00705856299603247
0.0098242331359788
0.00318597022959621
0.0128168432732167
-0.00218376733711345
0.00140291809320292
-0.00661245738210914
-0.0119592144872971
0.0102198576152963
-0.0334011695105553
-0.00561300359944461
0.0146409766420483
0.000115924897031938
0.00712710618696133
-0.0104136587125443
-0.0179650930232559
0.0252204955249424
0.00288733617702075
0.00696727709987077
0.00285910330343375
-0.00393433105444385
0.00761349810964007
-0.00267015673968507
0.00837368826476181
-0.0054796123493478
-0.00891796065462158
-0.0163915696100773
-0.00396220149056636
-0.0105300279568267
-0.00496627648673442
-0.00665484242445324
0.00287122275450735
0.0156268336961272
-0.0212003818487221
0.00461993165680608
-0.0120043536549886
-0.00550074979450665
0.0136153108773327
-0.00635642859068208
0.0181050093802959
-0.0106698460700032
0.00826845446141844
0.0143213870591952
0.00462823827256154
-0.011779735520871
-0.00584212179337396
-0.010803151832355
6.00660087632932e-05
0.00630026985958798
0.00989796631515261
-0.0119264867428258
-0.0126083114690776
0.0162792781324352
-5.95188496197441e-05
0.00792045030872379
-0.0018907355982275
0.00935299867087558
-0.000175936900355889
0.00469265027434651
-0.00671411727413651
-0.00464356066997118
0.009035071667298
0.001111974047872
0.0169531686771094
0.0051161126936492
0.0013725478510993
0.00662518719801675
-0.00493614184397162
-0.0214392170874896
-0.00804096282603894
-0.0256697008438176
0.00428050293243221
0.0178892782099977
0.00813873564683565
-0.0163800337383874
-0.00535264663585489
0.0013154866863343
0.0168994737949582
-0.00786890630737191
-0.0105948093032521
0.00448671920347654
0.0250729015526674
0.00906343275224941
-0.00201514863027419
0.00288467082576971
-0.00454472180239629
-0.00381407782419407
-0.00249453525656884
-0.00895605133392363
0.00927176200289281
-0.00750048236814693
-0.00222606916624601
0.0133277883202529
-0.00278112875093872
-0.00284705128785645
-0.00640945712648455
0.000410462106252396
0.00134832642823901
-0.0150451170511895
0.0143833462109955
0.00457021743212294
-0.00548265976347606
-0.0072722481752463
0.00478524239888367
-0.000470378639812141
0.0145294176470587
-0.00359479907465177
0.00936864092981171
-0.00282489323317037
-0.00508761632024257
0.00447443208726672
0.00393377297273068
-0.0149820854262683
-0.00140403063760342
0.0121265790063254
-0.00850842719202571
0.000350251015465597
0.00741132115189469
-0.00446042969181404
-0.00384035840893548
0.0195093227717755
0.0209694290522859
0.00600452872061497
-0.00580134978967262
0.00235649447021258
0.00106354327669345
0.00369047201275929
-0.00707523119777154
0.00656454034819132
0.000278723532175729
0.0462524554960009
0.012729688415446
0.0147785737602744
0.00829233493069204
-0.00745308135513112
0.0183841941465293
-0.00233914067650565
0.000509664095931006
0.0194101234697175
-0.00564720122996909
-0.00201032315419247
0.0025683385306019
-0.00050234076248401
-0.00537738476987415
0.00560860986087408
0.00256253135237605
0.0016038039472952
0.000800545385022389
0.00259989007049377
-0.0261307835542351
-0.0194070005420094
-0.0379634673629243
-0.000488503511664851
0.0287824645855461
0.0372149647675786
0.0049875106878845
-0.0186357825561564
-0.0321997534723065
0.0229805274916473
-0.00766184714030116
-0.0129208782652496
0.0253818133223684
-0.0178515934278919
0.0103561558268033
0.00805351946421129
-0.00705541105663554
0.0131139502543558
0.00526011540900195
0.0118504698248258
-0.0117116809036788
0.00743862951864993
-0.00371733873822855
0.000562233597615203
-0.00378009306753402
-0.00948623711442442
-0.0404824355798771
0.000269695162567141
0.00490832809843567
0.0209865441574424
0.0150877667170237
-0.00844160253646709
-0.0223023338759201
-0.00197657458222578
0.00107053309338534
-0.00165756065324441
0.0129612656487128
-0.00491729485228964
-0.00653557927527493
0.0319837191421954
0.0115055767531316
0.00302299024463792
-0.0173171234500696
-0.0141394243941213
-0.0153439973217189
-0.0391989225875837
-0.000501594030783536
0.02425690599167
0.00261330040447016
0.0110230123583186
0.000859358710356695
0.0199087302417367
-0.011838366956102
-0.0029817262444144
-0.00827771962616819
0.00188479270680886
-0.00456869651327019
0.00442768365703583
-0.0111278731076686
-0.0106550259960048
0.0017582998582808
0.0134935331412818
-0.00633218582384176
0.00876906834088009
-0.0175476479518734
0.0300614738929967
-0.00090699464519528
-0.00544691886806903
0.00622846310597991
-0.000160080047814759
-0.00293530455610025
0.0115083712634696
-0.00243428056075412
-0.0278499821720328
0.0236276389727066
0.00810280416019626
-0.00676854208255229
-0.0123516316631888
-0.00743889837310374
-0.00651719962751329
0.0187503861108222
0.00729770333066271
0.0196036276390175
-0.00407523001280763
-0.0173643746029895
-0.00176179597204418
0.00930583504772353
-0.00402709832541814
0.0101616723178777
-0.0058987466661069
0.014569536423841
-0.00422975456919061
-0.00655514178451788
-0.0292441297588246
0.0048940132102453
-0.00422077374100482
0.000815096167479767
-0.021664793632674
-0.0123209350996034
0.00533826119707892
-0.0157062094750161
0.00482675168108737
-0.000113048885782119
0.0099474881005619
-0.00990544507353019
0.0110784932294654
0.0234235346762204
0.00562625750049817
-0.00510593139252813
0.000709701884479275
-0.0268972240072048
0.0275286105206962
0.0262454187538512
0.0043066620129022
-0.0197999101053519
0.0106940916238971
-0.0225511723787963
-0.017823027328784
0.00996386339985067
0.0260141200836186
-0.0250322512885205
0.0121211955922864
0.0203593089879037
0.0033077037632554
-0.00388171864172837
0.00950194299362694
0.00190365394794734
0.0107668442984807
0.0125320299862155
0.0137177192776501
-0.00442595497287646
-0.0169647013331328
0.0110198302573077
-0.00760923393316193
0.00129520254284121
0.00543282960764047
-0.00138948121795812
-0.000309188348737166
0.00778388041177691
-0.000255769820971863
-0.00194418012705311
0.00194796732641733
-0.00573034032842679
-0.000926300613119047
-0.00236926095398182
0.0161081933387559
-0.00360749965558149
0.00912795994509041
0.00485121534615818
-0.00326884073616784
0.00554997990237105
0.0154038733255815
0.00252018586055724
-0.00103512911486781
0.00996696116807572
0.0113341784031054
-0.020143950054199
0.0127193948475526
-0.0103202951058348
-0.000491913421172052
-0.00152558073118481
0.00966044166622537
0.00673658754981932
-0.00067885372019294
0.00339655982137055
0.00923644308068616
0.000431221855743624
0.00167635428772672
-0.0101367266430942
0.00101435608126055
-0.0014476813482156
-0.00676554413259944
0.0226731037934758
0.0191731241336588
-0.009569615304035
0.0128670218491496
-0.0042344766189244
-0.000514042700265338
0.00771457808783937
0.00403653785568836
0.00614603529055557
0.0148349380394972
-0.00733169328692129
0.000501509081818341
-0.00364549105006373
0.014909719137701
-0.0121220447546835
-0.00492656689660365
0.00201706703042581
0.00530699510195798
0.00200231177750276
0.00499593984454338
-0.00501627352230782
-0.00267972932442861
-0.00264141540539742
0.000182616438356265
0.000410938654476611
0.00730156055077891
-0.000498350935502212
0.00412475759506759
0.00505572610958205
0.0105996005551205
0.00671085300010787
-0.00507685405126523
-0.000133109999847059
0.00820984304978856
-0.0115762312463028
0.00222657643593327
-8.88874085922531e-05
0.0121756402649729
0.00193169726021458
0.00113922968565761
0.00967264547746227
-0.0196367331081821
-0.00499648470115865
0.0115095587766501
0.0207802965640167
0.0120938150524514
-0.00174351077150003
0.00937165921192751
-0.000464237186717398
0.00405339898755952
0.00504624467982029
-0.00765691213389119
-0.00674617790400278
-0.00335360180211741
0.000511095495830505
-0.0113665307288173
-0.00146405290382901
0.00396739404013724
-0.00154632963830026
-0.00430200048572171
-0.00626483913931519
-0.00452170869565227
0.010962587016343
-0.0337841057856997
0.0026827901457489
-0.00231885841694535
0.00634692721310381
-0.0111924897497443
-0.0125769345421342
0.00723284349512943
0.00496796138531264
-0.00476360318598601
0.00496699614030094
0.000224672000581183
0.00224608057928188
-0.00273408183078272
-0.0011685168539326
-0.0155687811472106
-0.00274250846851865
-0.000320799350286838
0.00444730179979236
-0.00506664684072811
-0.00133049501614679
-0.0123116183672424
0.00148840465116273
0.00812743796724846
0.0152024134776021
0.00335801614008302
-0.00122113427153392
0.00298860719051985
-0.00130922347629803
0.00375202736646552
-0.0104035177122349
-0.00432347434257452
-0.0239052748144496
0.00833527967686343
-0.0107277108556383
0.0182611957889174
0.0309805950674364
0.0117157579100353
0.00220994475138125
0.00533630429988974
0.00241265126825518
0.0124283885262875
-0.00622434390600368
-0.00878606830871087
0.00307164422779271
-0.00564326095880419
-0.0156621115398754
0.00241348881707593
-0.00227392100175638
-0.00978684345914382
-0.00099287389662539
0.00402059539202826
0.00323959955005626
0.0200923710808971
-0.0426027791945849
0.000275587809413835
0.00385638129191679
0.00521356891587743
-0.0034577342567188
0.019996371164968
-0.0132038180396009
-0.00127000951934497
-0.00367862751552173
-0.00209685016644989
-0.0181801390296011
4.65013487811472e-05
-0.0218190372898679
0.0211643303805842
0.00917510100029939
-0.00895324008986842
0.00298034825881666
0.00812517392224965
0.00257908620229608
0.0134594743584044
0.0160003584443922
-0.0231987380735776
0.00634847690817741
-0.0322228879408712
-0.0444100580470348
0.0413701370884794
0.00372294067468815
0.0142260149719233
-0.00134250529872226
-0.0024567700821726
-0.0297397494852195
0.00574711198639211
0.0124285761904763
-0.00776066032754508
0.023321946514725
-0.0246896510864913
-0.0175255376272779
0.0149860097892969
0.00119070295134827
-0.00699301627443449
0.0116891249475632
0.0115068097383639
0.0141847197500831
0.0148172406518523
0.00231974066900875
-0.0110728035438701
0.0128029048531837
0.00144983004780563
-0.00316697734772187
0.000635405976168402
-0.00367395562355899
0.00464348985443896
0.0109661640237591
0.0018825548574839
-0.00478707489643748
0.00755229499958143
0.00236469454413291
0.0125077759724423
-0.000395638983621383
0.00774031999867342
0.00226937681011341
0.00213354520363063
0.0109059746488631
0.00825237671705703
0.00294143573244576
-0.00467550465974409
0.0048682581446664
-0.00220987210241697
-0.012394003521266
-0.00181127303322259
-0.000734528622043928
-0.000778209198181723
-0.00255288389704955
-0.0171785785670904
0.0524364587962258
-0.00679414102672249
0.00215351315313494
-0.00433994434466822
0.00554379171971497
0.00105214426559419
-0.00382579667104266
-0.00126610256931126
0.00414118328690938
0.00934225877746364
0.00183442563682901
0.00124850392750231
0.000290984667541849
0.0066068144833904
-0.0018988937048503
0.00256425417903872
0.00342395522587435
0.000575563217900754
0.0014791683482791
0.00590788533051856
-0.00383386910366701
0.0040943333586978
0.00917468583480097
-0.00432343520296907
-0.00255663097602976
0.00524841953187249
-0.00562570822708675
0.00382597172187737
0.00648741421385446
0.00620395610851165
0.00344317166283914
-0.00570565363871745
0.00609953458386281
-0.00462668712258019
0.00516912970964212
-0.000677747641752102
-0.00454763057217733
0.00012027731362485
-0.00336583313875538
0.00474413226782655
0.00348123318824811
-0.00119627961239444
-0.00319387980188246
-0.00456584440868668
0
0.00816775592328911
-0.00866030625924041
0.00197264497518468
0.000562497491110481
0.00144560896858037
0.00188460644726995
0.000520307370045936
-0.00356013833433055
-0.00116422317549036
0.00992725782667292
-0.00680512578321046
0.0180710617201689
0.00271568795091559
-0.00667267328692278
0.194965802486424
0.00363746564415912
0.000658894248660724
0.0061571764361219
0.0062177632071172
-0.00182125009745759
-0.000553932597415763
-0.000521610431947872
3.26494671405442e-05
0.0047292301749009
-0.00691438105168829
0.000163402189709227
-0.00232045951459148
0.00832070338987401
-0.000292387925629134
0.00100743560192051
-0.00551906389425927
-0.00457036422044743
0.00482094299267932
0.00378593603972366
-0.000942864611654493
0.00351489281016404
0.000324336775304301
0.00048629879077744
0.000356511881221211
0.00430834774311561
-0.00838630457822231
0.0181179687305264
0.00115011182108615
-0.000319042011697745
-0.000638485582631576
0.00329009776586009
-0.000668569526805274
0.00117877849530434
-0.00245024343675426
0.00188208491545572
0.00181490746424573
-0.00225661697861279
-0.00117859079492288
0.00519837992855199
0.0012373013024698
-0.00183784467929526
0.00311114603174589
0
0.000443015365297894
-9.48975087767812e-05
-0.000126571547680365
-0.0036702200412676
0.00387427337129131
0.000885862558248629
0.00410881171455424
-0.00201458653395081
0.00428959486350777
-0.00116200808816302
-0.00411897233973479
0.00663017689220502
-0.000815418908510779
0.00461437664469155
-0.00121864451016185
0.0013765118356297
0.00268679437266761
0.00295990641682842
0.000994119310235408
-0.000341431319156427
-0.000310375352071013
-0.00251544354164646
0.000653773325512752
-0.00320462644964847
0.000686687672659225
-0.0010604990444073
0.00708795643889459
-0.00979755064582366
-0.00247364502729819
0.00113006156912165
-0.00238292153770026
0.0014143315415811
0.00156921819086064
0.00194276624036038
0.00353402658326818
-0.000155877584207764
-0.00165196216524499
-0.00355911346459359
-0.0030078706227864
0.00383406962285093
0.00256708085476154
-0.00493375608711444
-0.000470702310039539
0.000847662527152515
0.00232131878512254
0
-0.00143963137154468
0.00548486181586449
-0.00240014028490476
0.00459317884846078
-0.00171073678234779
0.00292872328750771
0.00624420639162859
-0.000555688301618562
-0.00247125064966547
-0.00814419551298862
0.000655704052040296
-0.00293283507744435
-0.000156516565711251
-0.00384946182506285
0.000848248428683807
-0.00373556946092146
0.00397016107335535
-0.000408012421805659
0.000941877551020376
-0.000156800507784216
0.00197648627450975
0.00350677870394556
0.00171603120124808
-0.00426723267779705
0.00118870435535823
0.00281195090178055
0.00324030729425084
-0.0024223571428571
-0.00386025152898262
0.00500023734295096
0.00223894840819172
0.00335096816696123
