0.00786557383561481
0.00763986673030814
0.00529915195502517
0.00332497775241225
0.0103459342843037
0.00584002400000005
0.000556748574960242
0.00572332259801289
0.00197597222516532
0.00591622637649825
0.00925345065684091
-0.00994560240743436
-0.00847592228026883
0.00696537144104381
0.00558087560461518
-0.0186820839521613
0.0219850404493784
0.0035852844056441
0.00458225398346745
-0.000309300333546147
-0.000850676681628415
0.00263154804872023
0.010807542655958
-0.00633878866138993
0.00222882943487157
-0.000153289884353702
0.00559898736006348
0.0276103651314898
0.0484672989970252
-0.00658355537956801
0.00584331210940903
-0.000920935214492435
-0.00460933897009397
0.00220843492941647
-0.0108757398075788
0.0045275244496239
-0.00236086709372496
-0.0200789032645157
0.0100256864994814
-0.0074626791055592
-0.00905179177123172
-0.0125967366482503
0.0205909440774141
0.0265350140379748
-0.00441497565267268
0.00135900152147905
-0.0109999500000001
0.0104000211411228
-0.00400284506087956
0.00193774226891752
0.00229204210090916
-0.00550267304022523
0.00503015938401408
0.00614900610504066
-0.00191873222058891
0.0234247637612979
0.0182273264843702
-0.0118201420345713
-0.00739823662455108
-0.0128169199333648
-0.00642113317512605
-0.00099424758176625
-0.00206151278967093
-0.000712394902678715
0.0183205518842355
0.0162407553556561
-0.0121926294991063
0.000627691797532526
-0.00885081856398295
-0.00984386155362205
-0.00362170838409348
-0.0158933506648614
0.010428751297382
0.0122562496486167
-0.00927563575092083
0.0383790385703122
-0.0135589930133729
-0.0165364909590048
0.00610146164103864
0.000141061986334678
0.00817882664910341
0.00503533096596498
0.000765430343344198
0.000486663861725356
-0.00347487666602875
0.0147848247073354
0.00941522951739504
0.0123910126500879
-0.00396769342234748
0.00290319355274327
-0.0122525386142978
0.00899667387543168
-0.0120237644161467
0.014358034129565
0.00768400507088152
-0.0309029765886287
0.0022777608269684
-0.0194202042838549
-0.00983210906546883
0.0145399526725318
-0.00831926075387879
0.00310177639329812
-0.00520057654370676
0.0209112817892345
0.00290635952205243
-0.00144892023833876
0.00538971112914788
-0.00893472852233679
-0.0110263247786335
0.00420732063524754
0.00963612130819902
0.00726193394458607
-0.0140758240461123
-0.0114214015299507
-0.00507221567605953
0.00162862710836587
-0.00530185185131515
0.0046193871627056
0.00813521499621372
0.00491202038144745
-0.00530696154494281
-0.00800280115134011
-0.00353832005574017
0.0112208012388437
-0.00603975002485946
0.0190065853105814
0.00936074047038749
-0.00851827258619287
0.000138599041937137
-0.000138579834904839
-0.0158664793755078
0.00865961039578478
-0.00760808940858271
-0.00921365919605865
0.00937039147335805
0.0123074757393984
-0.0134778516954585
-0.00647885915492952
0.0121916712192844
-0.00553226879133895
-0.00302790659206764
-0.0170927953511402
-0.00215581339017479
0.0156992077221718
0.00311970378501081
0.000918893155750444
-0.00134173433132045
-0.000282795931025093
0.00728532298467499
-0.00330034398426104
-0.0116951034000971
0.0090533505065109
-0.000847827604779416
-0.00650497097882197
0.00220633414726112
-0.00220147695348427
0.0004982350187972
-0.00277422104461211
-0.00114132960779889
-0.00328495324776801
-0.0117504758740895
0.0153701885564512
0.00578363429238915
-0.00894501626476629
-0.00730661859713677
0.00476261358402907
0.00373448708221469
0.00751290095567048
0.00724383221708447
0.00803778455844606
0.00139887387984272
-0.0102675212721592
0.00148205366581622
0.000915996028018062
-0.00183042813864409
-0.000916948800373518
0.0110837067878733
-0.000279346458041174
-0.00370162750322245
0.0041360744817136
-0.0146607506750646
0.00488878422055272
0.0172037084227072
0.0116447837625346
0.00877012008434641
-0.00326017804143663
0.00851788756388405
0.000337858108108158
0.000742998971772879
-0.00438720965477279
0.00338960081993078
0.00108102834541679
-0.00587160026822697
-0.0065852069263026
0.0242602538883312
0.0140779285402344
6.57609031593509e-05
0.000986802631578909
0.00184028268841074
-0.000524745809048155
0.00991135504123308
-0.0238528465887636
-0.00845598230966138
0.00926675408631161
-0.0113106917236722
-0.00450883561875504
-0.00223069705681656
0.00453928165829476
0.00222568281579072
-0.0102288286583245
-0.00387548947680871
-0.0199985878096576
-0.011561526513978
-0.0262119578102024
-0.00419683077127708
0.0168580663006128
0.0215091821993829
-0.000839419395020968
-0.0126723935773663
-0.0434690457107065
0.0135666247577035
-0.00138971619814421
-0.0161868601493215
0.0275461346573633
-0.0153601647482926
-0.00515082436280312
0.00576922350079645
0.00205911904865785
0.00675178360310369
0.0123195953217463
0.00669696862882452
-0.0105150283866589
0.00563868277830282
-0.00611031553367614
0.0073774340871342
-0.00315912552526654
-0.0193748348998801
-0.0422328332970767
0.00375770722811541
0.0135228437124519
-0.00354290657190082
0.0240562293054507
0.011967275318286
-0.01751959203155
0.0196894946040416
-0.00087445348023707
0.00466744474429137
0.005081388105451
-0.011194589929495
-0.00839974411219779
0.00964947000771477
0.0181658340471231
0.00279448986521191
-0.00135764204410804
0
-0.00937319724431873
0.0127844278682072
-0.00228217798971497
0.00607581155435932
0.00866785790408531
0.00887507917957975
-0.00495700635221685
0.0160678777415695
0.01256824131715
0.029871034922218
0.00814522244040861
0.00170779684354327
-0.000590137704918114
-0.001968394410645
-0.000986089008046309
-0.0232298883745116
0.00168429570700046
0.0141915529952978
0.0011274886125896
0.00384198445353823
-0.0104261981851881
0.00840220019461602
-0.00198388439370534
-0.00245159690500385
-0.00285624703707255
0.00779375192491871
-0.00687416913291816
0.0161064758735441
-0.00582956056631367
-0.012188733773809
0.0325485575124385
-0.00768686141317576
0.00703034783981082
-0.0118293602811124
0.00968150093810105
-0.0172984314623221
0.00995522857124609
0.000652725365197337
0.0169613550703207
0.000128327667767714
-0.0178949966546085
0.00306949461433836
0.00507844925004086
0.0097169142228708
0.000256681858493701
-0.00346359429251253
0.00746607477203054
-0.00702744526306431
-0.00862122537700938
-0.0398468372988992
0.00317675572511167
-0.00997167511078934
-0.0164012724050459
-0.0150141701723806
-0.00849962764470635
0.00921008186511152
-0.00751135150954052
0.0285047309200475
-0.0204938513033807
0.000491518664892387
-0.0115087649122806
0.00560835577446839
0.0219555321689602
0.000967111113812757
0.0042098069376042
0.00364234773013372
-0.0257463310067401
0.0217177117073215
0.00447141103636972
-0.00664293229303015
-0.0273698787858694
-0.0224695063443507
-0.0192879698560519
-0.0175230683918668
0.0109872888701352
0.0133988614976583
-0.00594973561003176
0.0331042336051985
0.0165224020674113
0.0140022943288172
-0.00645345911835793
0.0120128585283559
0.00538301609591518
0.00535429734678794
0.0068960395447748
0.00813722785558268
0.00652452420158101
-0.0146351377615286
0.0181078199682838
0.00399684265910083
-0.00809448641126265
-0.00234117725752514
-0.0031511969085295
-0.0100214626725198
-0.000543521971009819
0.00951664734201163
0.00855163990814223
0.00654290296797244
-0.00975061056482518
0.00328224276894429
-0.0138202164095356
0.0171281421711666
-0.00712198458726088
0.00254746266068873
-0.00207287190759875
-0.000737067785544387
-0.000670596101703391
0.0167080790223988
0.00673171180750498
-0.00471998186075706
0.0109998545843828
0.00931652194551691
-0.0132971664510348
0.0167473307814514
-0.00250932315672781
-0.00251564215000744
-0.00472060918727757
0.0244298219886994
0.0083084798415487
-0.00496914089744982
0.00606860097264561
0.00207352819630024
-0.00934280810992749
0.00462052013986591
6.29725298451067e-05
0.00724506412763981
0.00237671996570166
-0.0044302509806019
0.0119084548058579
0.00297303195366427
-0.00413757814464921
-0.00223242596528672
-0.00292107531091634
0.00729298168080095
0.0223391142695872
-0.00223964036270496
0.00691579730443559
0.0100012232799427
-0.00351942259317228
0.000598569279882
-0.0051450854374544
0.0137110715976758
-0.018627358780379
0.000120921240684524
-0.00912659430268836
0.00646576788500952
-0.00515155151515156
0.0116966985694804
0.0056000057855119
0.00113773652694604
-0.00119622583651857
-0.00323377438068828
0.00354458402303259
0.0102371113006452
0.00284442074074076
0.00443183843129091
-0.00800094735853507
0.00901437578621689
0.000528958507869826
-0.005521958656452
-0.0055525254821176
0.00392033844061745
-0.0133128221203722
0.00323823468572293
-0.0090257619421561
0.0135111049796595
0.0118431530788736
-0.000294100687116772
0.013061134240977
-0.0318252798440644
-0.0221943005496964
0.00656405762112944
0.02492684026174
0.00844382480161543
0.000294846401199145
0.00925493992722792
0.00502307087692611
0.00639269457343605
0.0142634464891545
0.0040423992487042
-0.00368590290833337
0.00136599319350017
0.00335339884786423
-0.00821388437213999
-0.00388398441987692
0.000688130757619199
0.00721977407243246
-0.0052338036479338
-0.00680546147314742
-0.00512465601571543
0.0130223406240442
-0.00285665316149608
0.00819347967795481
0.000227284601096889
0.00443181250000002
-0.00197989592702741
-0.00368414683324281
-0.0241779498474113
0.0128257273527996
-0.00120872621213897
0.00363064768025234
0.00470862491100643
0.00994459615965826
-0.0154491024382111
0.00132205428950583
-0.00820852960530549
0.00190995486694034
0.00340821441044281
0.000863609686763578
0.00350877756081291
0.00257937052587653
-0.00949061781509075
0.00513707936507934
0.00763754454828036
0.0101441784342384
0.00270801692524691
-0.00292572447928263
-0.00107219114324619
0.0016947406689698
0.00315812078667466
-0.000674668296754333
-0.00624438023864715
-0.0319841165689482
0.0133917719298247
-0.0126377003200641
0.00993569222902302
0.0186342647227848
-0.00465860118944206
0.00262561077555268
0.00130931910943133
0.0198419808962533
0.0120972122840559
-0.011291671529193
-0.0138718941504178
0.0110728549537555
0.00111748895838693
-0.015236903669553
0.0186465311874118
-0.00734430551036125
-0.0130598169820118
0.00323711945437166
0.00260405896192673
0.00163736095286904
0.010090237094371
-0.0291310951600972
-0.00287405872924029
-0.00351645815693502
-0.00538012261147691
-0.00226836512463524
0.00728693045941764
-0.00329875584866779
0.00470327485365662
-0.00410328847080443
-0.000928522478530369
-0.00685413552848191
-0.0200607853564343
-0.00179052816847758
0.00322865769805691
0.000715245276873944
-0.00917163339475591
0.00300534961247068
0.0378138562298154
0.010451623011672
0.0165723408031218
0.00460963519371327
-0.0218231148074433
0.00457641444512813
-0.0298957916411605
-0.0443766022283599
0.0244471494266496
0.0148698645813039
0.0245775914149116
-0.00899548505357484
0.00122195972755756
-0.0255710398152074
0.00483090600382785
0.0131173198745802
-0.00222628153698179
0.0142093713135971
-0.0210154002435107
-0.026493263400594
0.00552790686210392
-0.0067661149445184
0.00206797635014966
-0.0046130197268589
-0.00213431300279554
0.0175384748077394
0.0173563094515736
-0.00755607464779484
-0.00220077927078211
0.00858421460506698
-0.00851115304082795
-0.00602083457526081
-0.00353850894990682
-0.00108331631959013
-0.000361493038733007
0.00343554931142065
0.00348391406736948
-0.0071232073162123
0.0016880629917424
-0.00361114066606583
-0.00241624278315489
-0.00127152290420307
-0.000848787427564002
0.018749975386833
0.00583713148988707
0.0122579917172378
0.016204545264952
-0.00126649007618773
-0.000806957150067511
0.000403761162834915
0.00322914315798806
-0.0026439361453946
-0.00708858328518702
-0.00818380670547703
-0.00304309448024653
0.00710264142344075
-0.00279775590380427
0.0244900525919702
-0.00262432680639169
0.0141287375649173
0.00947604527233525
-0.00558752860486378
0.00786646059523255
-0.00563078568408271
0.00252297038280469
-0.00419439633347574
-0.0014040211322478
0.00123728138166901
0.00292087852002965
0.00123215343771244
0.00738374431093036
0.00294296747055278
0.00155021042936032
0.00619132137726885
-0.000384611572692872
0.00192363839390453
0.00614369161584705
-0.00327113186425831
0.00125804611745806
0.0125102046570302
-0.00329124858727203
-0.000216499761089173
-0.00108287940784146
-0.00298120757273546
0.000652364894505153
0.00548739004115384
0.00129675793441786
-0.0022125303784204
-0.0103839808669761
0.00852550570609911
-0.0171778374349457
0.0133428795650572
-0.00631148617541977
-0.0071729615295143
0.00727990265299283
0.00585856332598866
0.000870872537716449
-0.000598248778980959
0.000870717263569798
-0.000271873643669762
-0.000870114778651065
-0.0014697348522773
0.00457913754274819
-0.00656605169614743
0.00131092473274452
0.000490949762598225
0.00387135781476644
-0.000380250934874482
-0.00141270381378467
-0.00304711069238828
-0.00343851651872862
0.00750320954057071
-0.00315287006919918
0.00425345718580372
0.0102628092905559
-0.00408497709080924
-0.0443628167226495
0.0112949676451981
0.00413241174441903
0.0152383350785643
0.0242125331545462
-0.00315556504703651
-0.00590195284091777
-0.00820382128780128
0.00598610159953483
0.00292109162111265
-0.0149946013482611
-0.0107326199412063
-0.00498178335034238
0.0283711957157098
-0.0012983122292638
0.00276248517935462
-0.0128558576984861
-0.00694940629274965
0.0062266091299672
0.00832377192747513
0.00347579961234445
0.0100123989822503
0.00203625018851827
-0.0012299251336898
-0.00155275469180804
0.008526442696835
0.0061678574829851
0.0190244996887281
0.00119273970655254
5.1843986862643e-05
-0.00606004535960891
0.00359563325468382
-0.00394617589586532
0.000886190888951699
-0.00520833333333337
0.00712042408376967
0.000831789348971768
-0.00348014744483383
-0.0029190147640652
0.0114486020186115
0.00506517996826905
-0.00498818248011268
0.00811407803726105
0.000461375991606339
-0.00220339745437037
0.00138662694439895
-0.000410282568073184
-0.0086194036505175
0.00972936417180281
-0.00246013017036473
0.0120741455049542
-0.00832571851610753
0.012542218952436
-0.0014661661876898
-0.00567086075949363
0.00901308155074121
-0.00131211207606696
0.0137955228348856
-0.00314021541073206
0.0051002048827391
0.00502467053939282
0.00648449645610349
0.00968868824385294
0.00160741351767046
-0.00661382564280932
-0.00758801081729066
-0.00517957278423653
0.00153715477301697
-0.0028715814015563
-0.00099303379323834
-0.0013419682108643
-0.0101030163276818
-0.00930111139168754
0.00400909915236092
-0.0061160080088154
0.00615364374323235
0.00192076934736685
0.0107960851034403
0.0070373477388832
-0.00143731969197958
-0.000446679580041298
-0.0103282238955669
-0.00812802175633964
0.00748644840420409
0.0059748105234203
-0.0138750198948142
0.00141714240897728
0.0035884261417749
0.00241726334833636
-0.000753624706049449
-0.00502765223813928
0.00778174859368619
-0.00145411149765229
0.00461969885874058
-0.00419858534817763
0.00170662554247114
0.0206944423266968
0.000834550822305546
-0.00819148497060584
-0.0275964494697792
0.00498428961917141
-0.0114372972235638
0.00138223101018187
-0.0133428811750786
0.00518134715025909
-0.0125773298969072
0.00783044485101736
0.000725157989486691
0.00579715329912767
-0.00138948121795812
-0.0023189744552593
0.0121383828882733
0.0017351161276109
-0.0130419129415325
0.00655553619068883
0.0115384615384615
0.00420786818757923
-0.00474557244804563
-0.00431168714777141
0.00621530410875293
0.00668324152405564
0.0130764521141029
