0.0224237367568576
0.014699043054152
0.0126465618465597
0.00397363751195212
-0.00441026800859434
0.0109041344843253
0.00573035955056178
0.0160875205879227
-0.00527755933051388
0.00453184471025003
0.0196963032503588
0.000755368528226219
-0.00129389694401327
0.00345497725210597
0.00398101992724276
0.00300072881793456
0.00534245134490652
0.000637751116495
-0.00223048322399388
0.00319348513533124
-0.00955010631473063
0.00749950749944328
0.000425372182049966
0.000106228739238379
-0.00233812317305226
0.00287629694521585
0.0071170384533672
0.00548469582290245
-0.00230779393039349
0.0203974766060351
-0.0151468515137826
0.00439420371638
-0.0390625
-0.0143089430894309
0.00373909600791822
-0.00295821202840862
-0.00703296703296707
-0.0274457945993802
0.0159308151099413
-0.0304659505032696
0.000693207040046495
-0.0109674899337914
0.0177425473968145
0.018235989947563
-0.00743406189308549
0.0113481613402595
0.00998653478486222
0.00444397279315689
-0.00154858968925597
-0.00564965129720407
-0.0112522501949142
-0.0102535661971831
0.00466762316337088
-0.0054391388101982
-0.00546879368662612
0.0170695154084088
0.0153187883604142
-0.0116485910805414
0.00527558672244188
-0.00256806615828642
-0.00212696737653706
-0.00437514022885355
0.00777467042253521
0.0180009164132173
0.00779789092595751
0.0176547075489384
-0.00492610847989083
-0.00462763677631595
-0.0160016870148489
-0.00911989871179208
0.00288314482146812
-0.0173595750252196
0.0127151791894862
-0.003111088888889
-0.00234061519526041
0.00893750398977744
-0.00132871224291231
-0.0107550723859615
0.00470744217199193
0.0107094823739402
0.00441503321004499
-0.00307690109890113
0.00573187818051424
0.00800092082421999
-0.00478421213908409
0.00742928017981592
0.000650645266240257
-0.000541822934510772
-0.00281936667058413
0.00500215311004792
-0.00789868011033712
0.00207215613322798
-0.00729209854793433
-0.00888058326937824
0.00431413707269623
-0.0223592686419209
0.00123929695269731
-0.00765162579832046
-0.00839104187796713
0.0285877657444376
-0.014674797762081
0.00913916301792095
-0.00592573779235839
0.00461135959458492
-0.0027989252127183
0.00752215111709909
-0.0109203924876397
-0.0102524107649299
-0.0100170292547986
0.0172473262677399
0.0107380578560405
0.0154328565294757
-0.00495601299753246
-0.0139457889085952
0.0223370309725908
0.0126262843077232
0.00422853716888061
-0.00442671119786853
0.0111701333911725
0.00386100394382249
-0.0110042523718858
0.0015123690180403
0.003559486571028
0.00236459587274274
-0.00804203285348415
0.00864767033514924
0
-0.0070731541543918
-0.0106853532501813
-0.00349125012039053
-0.00175165324071169
0.0115157271331432
-0.011709876972357
-0.0100932307165501
0.0150725029337249
0.00534999477453835
-0.011077367265913
-0.00450248197896941
0.00330936561920869
0.0168225186068176
0.00475772038245159
-0.0072104822903678
0
0.022655783197832
0.00752605501488479
0.000420746957569884
0.00283945747563186
-0.00262164429530198
-0.00304910104090006
-0.00337481543978058
-0.00296294179894185
-0.00286569724335173
0.00957958529343639
-0.00611493950690434
-0.00678898936200234
0.00768984316329901
0.0254372236446683
0.0176744186046511
-0.0123908389193581
0.00195394903237256
-0.00277117930822135
0.0131741246120163
-0.00172700118392932
-0.0010175842481972
-0.0102882145316944
0.0193494845883293
0.00939016558966066
0.0163048511292418
-0.0067912796612456
0.00525218490725665
-0.001577326467324
-0.0102685626040396
-0.00159612932155095
0.00849318528191101
-0.0112949569008224
0.00390820723519392
0.0139748652425633
-0.00876156706513931
-0.00705132571156386
0.0207041399998344
-0.0127388922003374
0.00605459057071966
0.00335434096290443
0.00363819090022388
0.000587812285686384
-0.010476843444176
0.01197306574259
-0.00537786273111829
0.00471877694221834
-0.00293536215011203
0.0111874188186964
-0.00766692546583858
0.000782415647921697
0.0033225446433589
0.0207461385165313
0.0103052858662105
0.00831133374218607
0.0154552451207335
0.00147584165756509
0.00865802707930374
0.0107752714678975
0.00108407261569998
-0.00902445643939098
0.00655678001196214
0.000633312234385341
-0.0166364921634086
-0.00101140123186094
-0.0013805982258519
0.00239633179723509
-0.00533286124801646
-0.0145128489554447
-0.015570809492543
-0.0258218018417076
-0.0312988855887888
-0.00827946284329573
0.000509000193260167
-0.00529150321731986
0.00736574936061385
-0.00375753013592905
-0.0219164326588468
0.00917150637504971
0.00609311151310332
-0.0226852601659878
0.0287784476420545
-0.0182745489851781
0.0137271208932146
-0.0137464499898871
-0.00582481797378831
0.011194810395589
0.00641483690812561
-0.00390661062636422
0.0191970275570235
0.011443017721519
-0.00700839020841781
-0.00604958661020383
0.000101379588123729
0.0100416476332954
-0.0338421563799527
-0.00717185323770908
0.0144472995999707
0.0133126932236802
0.0154801707815424
0.0331962290642867
0.00194142892414773
0.00552216613985346
0.0161865497639464
0.00218065796566491
0.00728482525202745
-0.00169063582810858
-0.00508044030482646
0.00160754609929081
0.0118957894995428
0.00251908938234746
0.00483951623413748
0.00120400108911745
0.00804814075944749
-0.0044966320180484
-0.00931049006967222
0.000558258108155796
9.30159042689116e-05
-0.00753204389064543
-0.0051532275778795
0.00659255980410611
-0.00261976052806434
0.00234521580385016
0.000280767436233287
-0.0228293043194105
-0.00574498265520917
0.00260019270416767
0.0105657477667851
-0.0117859328961125
-0.0149081847666021
0.0195274364289677
0.00861905781687522
0.00797573110520333
0.00339103227614812
-0.010889936571158
0.00199316628701585
-0.0060623283129676
0.00142954350519386
0.0136086788426213
-0.0372735135241101
0.0131655939145698
-0.0179035710848012
-0.0049985495442233
0.0314224204658162
-0.0151847770031515
-0.000969802153417243
-0.00368856547033847
-0.021044388152767
-0.00437902052631278
0.0096961415433825
0.00356400349343633
0.0187431583556643
-0.0172363519797174
-0.0120209087007765
0.00249326827538709
0.0158177881344126
0.0104788953089805
-0.0124054855592169
0.000490618243560004
0.000588582661641412
-0.00578378578994632
-0.0211003750956493
-0.0208501011452479
0.000514370949490806
-0.019329672643848
-0.0211784235935925
-0.00353472579263059
0.00935186519083864
0.00713522881501105
-0.0323569630961192
0.013441109967411
-0.00797927556565181
0.00684780434782617
-0.0085285762394165
-0.0135017209713293
0.0175497134116935
-0.000542379855898112
0.0173648578250489
-0.0105611054098806
0.0222102210242587
0.0319586337297466
-0.0159443792291242
-0.00488159544830913
0.00532305615954609
-0.000622902823920191
0.00155830040394145
-0.0216782897343309
0.0163273960983885
-0.00605051116211131
0.00314865665719255
0.0150658502811081
0.0123686461500163
0.0164935244045301
0.0135216952532731
0.00810356738603479
0.00754824022060108
-0.000194551472943227
-0.00389258458753239
0.010062524423603
-0.0317245381564948
-0.0163819598441715
-0.00822583511270769
-0.0150522418573728
0.00696536007973036
0.0119760066074748
-0.00499895960003915
0.00481905064737109
-0.00683671428571431
0.00205482375311172
0.0036911925292975
-0.00500559812033918
-0.0167351741943496
-0.00459427814949487
0.0262246926209022
-0.00132889703917205
0.000204769711556585
-0.00204672529580985
-0.00922881498067341
-0.00124199956029802
0.000414507772020789
0.0200953387197016
0.000507656356309782
-0.00060891100393623
0.00710872332469337
-0.00867197758741522
-0.00152572477928437
0.000305603084531425
-0.0268866274185431
0.00722128698184044
-0.0122610143861391
0.00999373048587704
-0.0101031348796347
0.0019992003367002
0.0039902970076533
-0.00732136805773453
0.0179116629264919
0.00962633267777679
-0.0385483083863031
-0.00565150363940092
0.00868630563002681
-0.00754837353919557
0.0121050457869318
0.00984335267386327
0.00953774197514967
0.0040490033222591
-0.00806535001551012
-0.00114666944647157
0.00208720517637251
0.0130181217670535
0.0080189989932764
0.00928093791816664
-0.0106103071948261
0.00469817159848129
-0.00752265919441575
0.00378983926641063
-0.0132653469387756
-0.0143743335832196
0
0.0020984577084977
-0.001465815067201
0.0075494808105383
0.00478726214121195
0.00331432404705034
0.0153814180782199
-0.00294835298901996
-0.00693382277964716
-0.00349107711263985
0.00236985049480265
0.00904611449519144
-0.00825189452926267
0.0354391994954124
-0.0189484516290297
-0.00687632723227838
-0.00957136747785348
0.00709369824585981
-0.000612474479379288
-0.00265579156985107
-0.00993447357640309
0.0122064758913101
-0.00051092489547111
-0.0113497132372304
0.0132381836128206
-0.0415433287426084
0.00127789134658385
0.00276539046013147
0.0180314598649014
0.0393831823553581
-0.00882121072932618
-0.00657356404881815
-0.0122162878055058
0.000618344854546926
0.0121536723515778
0.00305285450505144
-0.00152178147509374
-0.00436903077360362
0.00469433625256332
0.00213314381444984
-0.00506790978844884
0.000611226543959731
0.00590513121757019
-0.00323886626563297
0.0143175867458332
-0.0122134548002802
-0.0050673964744582
-0.0159926661096602
0.0145963150019941
0.00183654725361615
-0.00468477432152425
-0.00879977452983627
0
-0.000309755335815898
0.00681540713818296
-0.0043076717948719
0.00216314375436477
0.0118203515263644
-0.00477448182091678
0
0.0015310809118898
0.0141663266578409
0.00221085313614999
-0.000802185869760885
0.0115404112084212
-0.0013888888337743
-0.000397397162829494
0.00934203917030318
0.00492319820644349
-0.0101901040601626
0.0108889927099185
-0.0142968857364495
-0.035366638769456
-0.0131822659769777
0.00438319766228346
-0.00727346232904114
-0.0175842579024493
-0.00298314510973796
-0.0258602046193587
0.0188678578820598
-0.0200258617576627
-0.0043945728145276
0.00684171249521714
0.0107409471885345
0.00650615904345786
0.0032320836026718
0.00665803250304919
0.014721613286145
-0.0037846929397668
-0.00886454181374963
0.00425896516735436
0.000636111111111282
-0.00233093880760626
0.00764649500227299
-0.00569142086196084
-0.00784394775679231
-0.00534188045602313
0.00257785182766601
-0.00621377785360089
0.00840877515289407
-0.00833865725892668
-0.0101336996521411
-0.000435656719668831
-0.0117672916053017
-0.00793817014060294
0.00866857040815439
-0.00550903469570219
-0.0104143804472773
0.007613076578594
0.00822220000000007
0.00220414375587707
0
-0.000219969205630721
0.0125384956563679
0.00304147301849822
-0.00866359145174744
0.00742846842910194
-0.00346996305638758
0.00174097928746497
0.0199870089069523
0.00191693286651895
-0.0299744891587055
-0.00745123805717218
0.00110397436290643
-0.00154389060432292
0.00640603048376409
-0.00131696660849501
0.00857140659340661
-0.00130740905006343
0.0178922095617626
-0.00192928180367502
-0.0158934919266862
0.018769096464426
0.000214203084832887
0.00514030852731429
-0.0336672064777328
-0.0165380382155695
0.00964127845925011
0.00111043751078044
-0.00288378425537783
-0.0131256949249012
0.0288547784297841
0.0050394391989359
-0.0100283193814764
0.00330325919401031
-0.0177787748512122
0.00871506145251399
0.00487377059977323
0.0019841269403853
-0.00242026397315143
0
-0.00860165416850467
-0.00266961061914106
0.00356903843100431
-0.00311189139311441
0.00624309949802004
-0.00465329039101947
0.00356197700632133
0.0110913925868947
-0.00658189966731471
-0.00485861318150638
-0.00687973797426233
-0.00402234636871512
-0.00493610051604221
-0.00405862476025365
-0.00475433573712181
0.0113739766008638
0.00697258225309461
-0.00357379941925406
0.00919074178007762
0.00955133274100395
0.00902090189172933
0.00392498901166616
-0.00760212841871999
-0.00218864088834836
-0.00241280982671654
0.00263847845206699
-0.0129385970587104
0.00288826940183373
0.0124058930528554
-0.0054704593988959
0.00726068190845575
0.00895587612398163
0.0101753845026062
0.00642946849549952
-0.00191652474268589
0.00554730116379987
0.00785060454380204
0.00673684210526315
0.00794648682559607
0.00394186713813549
0.00785288298931364
0.0030756202583555
-0.000817600196958312
-0.00163670209417555
-0.000819692639747682
0.000820365086971364
-0.00204913938625284
0.00513347012046261
-0.00960165455359241
-0.031353155940594
-0.0127767890284667
-0.00323559095695436
0.00411172915195257
-0.00366383604897269
0.00237940731126995
0.0101424471299092
-0.00277720566594308
0.00235649100257063
0.000427441751924773
0.010040546677194
0.00507616338993588
-0.00315658670033681
-0.00591089309501558
-0.0046719260989595
-0.00106675914373289
-0.00192225544639046
-0.00791780440830303
-0.00388267894989902
-0.0064962970983109
-0.0013077811397606
-0.0026189218681798
-0.000875295385661001
0.000218966272448551
0.0067878697958339
-0.000652435841670185
0
-0.0104461368782124
0.0101165381544635
0.00762026997605036
-0.00108035870960155
-0.00237942894224519
0.0030355377934852
0.0146995466796171
0.00809546246475201
-0.011834361792054
0.000427737400672923
0.0115434162364989
0.000845329670329686
0.00295605990379944
-0.00231581052631569
0.0213125769426583
0.0126032226197017
0.00775354041026488
0.000404960526522613
-0.00323821088848408
0.00730966497461916
-0.0082644626433287
0.00548780476650812
0.020012087729693
0.036068173524934
0.00573838955123174
0.00665648510245398
0.075382542981296
-0.0621925004284083
0.0179842446986842
-0.0504232977548768
0.00251941870230299
-0.00521942779818274
0.00952199785312846
0.016169393336489
-0.0047357453166178
-0.00399693559198822
-0.000191133185892145
-0.0309632836391437
-0.0285996246824531
-0.00182741116751273
0.00244098860862496
-0.000811627451534624
0.00203082851215175
0.00810705310093218
-0.00542824666553077
0.00101069332907433
-0.00282712035541199
-0.0111380921195202
-0.00184312914834617
0.00348785377563177
-0.000204416274790398
-0.00654396701251669
0.0131741246120163
-0.00954898395877735
-0.00307696410256408
-0.00761312788531399
-0.000621998755960917
0.00269711612661583
-0.00331065577030187
-0.0170230440947912
0.000211256608712018
0.00696786302855035
-0.00880685696806149
0.00253858684154862
0.0052753746629115
0.0107053528695498
0.000415285548690081
-0.000830330115438205
0.00270095568873985
-0.00580186513890879
0.0177157565652355
0.00327667404150422
0.0334761978576772
-0.0118507206823876
-0.012592384820955
-0.00485833988427786
-0.00447520341741248
-0.00858191680796716
0
0.0103050288540807
-0.00142796817625468
-0.00898882514833854
-0.00968866253096956
0.00832635286581285
0.0121800167667221
0.00591476659014423
0.0164233779399838
0.0101735086739776
0.00454186422870984
0.000589797534692238
-0.000196522585598324
-0.00707408149094302
-0.0114782903518362
0.00920918900482093
-0.00733979369172788
0.0231814543728728
0.0378905851974496
-0.00188178400229189
0.00641025628939951
0.00337204939355473
0.00896191170720839
0.00407100288543671
0.00129015854368442
0.00588993168084184
-0.00494054876704308
-0.00202282085283512
-0.00110560162152207
-0.00553401596631664
0.00593581895752182
0.000368799557440624
0.0012903225806451
-0.00607507363770254
0.00444523043359024
0.00129078001106397
-0.00626151024422661
-0.00871010023554686
0.0171994385044143
-0.00202170556882919
-0.0117863538082202
0.00521802087215817
0.00389327037251141
0.00701748819879988
0
-0.00440121042364228
0.011788524373024
0.00673582741671219
-0.0021699638728746
0.00126857557085902
