0
0
0
0
-0.272727272727273
0
0
0
0
0.375
-0.272727272727273
0
0
-0.125
0.142857142857143
0
0
-0.5
0
0
0
0
1
0
0.5
0
0
0
0
0.666666666666667
0
0
0
0
0
-0.6
0.5
0
0
0
0
0
0
-0.333333333333333
0
0
0
0
2
0
-0.666666666666667
0
0
2
0
0
-0.166666666666667
-0.6
2
0
0
0
1
0
-0.583333333333333
0.2
0
0
0.5
0
0.444444444444444
-0.0769230769230769
0.0833333333333333
0
0
0
0
0
0
0
0
0
0
-0.538461538461538
0
0
-0.666666666666667
2
0
0
0
0
0
0.666666666666667
0
0
0
0
0
0
-0.4
0
2
0
0
0
0
0
0
0
0
0
0
0
0
0
0
0
0
0
-0.6
0
0
0
0
0
0
0
0
0
0
0
0
0
0
0
0
0
0
0
0
0
0
0
0
0
0.00335570469798663
-0.0401337792642141
0.00174216027874552
-0.0121739130434783
0.000880281690140761
0
-0.015000042857143
0.000725206703054759
-0.00111598550724645
0.0011172323223263
0.00121739130434784
-5.78715766315074e-05
-0.0156340759804841
-0.0108823235294118
-0.0187333030409366
0.0037878787878789
-0.020528316981132
-0.0137155033705579
0.00890624999999989
-0.0441381291621494
-0.07809460340093
-0.0031634621032175
0.0313822103070838
-0.00905981196581196
-0.0105226839654532
0.0113318861343814
-0.00879155348359095
-0.0266086782608695
0.0264427367081876
-0.010269799647175
0.00615543429202559
-0.00978844624695763
-0.023477527856045
0.00397687997107732
-0.00360102622252367
0.00758941091434773
0.0240315647070144
-0.000525359037665818
0.00735941825827924
-0.0593146613562476
-0.0166420482011077
-0.00338473110191806
0.0290566226415094
0.0104510449128887
0.00145160585281068
0.00289905785285471
0.00487806702359772
0.0169004318033159
0.011492185086772
-0.00489423186320981
0.00983667662041099
0.00330488769160242
0.011615776699029
0.00565556146205859
0.033401482617587
0.0107190305197729
-0.014031668885109
0.00612277014727791
0.003125049393504
-0.0126250364772901
-0.0122882927218817
0.0183254875588434
0.00742942050520057
-0.0147492789249427
-0.000332684636272229
0.00948419332726091
-0.00395579376811583
-0.000496409068343473
