0.0215343788323159
-0.00903442482525074
0.0300094575494982
-0.03485155817813
0.0340083874665646
-0.011640743008883
-0.0441204133811772
0.0189711907105186
0.010940499460288
-0.0115814889531608
0.017287706160436
-0.0200150494715833
-0.0362235438834857
0.0265893242702917
0.0027264655394923
0.0157311510689007
-0.0126195031093594
-0.00309835404915493
-0.0097125097125097
0.152412710867007
0.0194042382978723
0.0891635346328858
-0.0257550808329718
-0.00062944139464105
0.0141710916130087
0.0220462336875493
-0.0168616279246049
-0.0234857845567709
-0.00981011060427039
-0.0891658967987888
-0.00859652631578944
0.00424707146512371
0.0137444757709251
0.00139061361708004
-0.010241294736308
-0.0312170817257104
0.0266110960676651
-0.0241579796183738
0.00777014817491861
-0.0139859781244398
-0.00109114380465014
0.00400513380666312
0.0217587662100176
-0.0102927776501429
0.0247445221445222
-0.0190726327533637
0.00677841586196193
-0.00177177536803286
-0.000177458288959986
0.00656841801638852
-0.00723104043684242
-0.00390834954861696
0.00178344925985385
-0.0179810937504395
-0.00308190717911527
0.0269139651968009
0.00991673437370744
-0.00981935840468795
-0.0244377718357044
0.00272285351243418
-0.0077842321584275
-0.0233534387273593
0.0566038120045547
0.012376184363929
0.0186867627903164
-0.00205731177585078
0.00326409557230867
0.00907530790837985
0.00610895978279302
-0.0394670258143527
0.00228272164560628
0.0159425362318661
0.030005137782199
0.0341536916122553
-0.0127893799579085
0.0213184486716957
0.00626202643323737
0.0030318015966746
-0.0127266940387099
-0.00757333213707156
0.0128267738269199
0.0309393550666983
0.0113513143010828
-0.00907140207454804
-0.00279286281425262
-0.0121362227541415
-0.00897785449746868
0.00174826769702063
0.0103125656086398
-0.0185301507537688
0.000159967999999955
0.000639913634295608
0.00159876901037204
-0.00303276925673512
-0.00576370486333189
-0.0190016109179263
-0.00508859176259335
-0.0089094372395736
0.00166469119360735
-0.0073125812635062
-0.0143981416373681
0.0181756415521597
-0.0115114950202118
0.0254851983122364
0.0027979263593787
0.0252749220416872
-0.00672325905677518
0.00402900892875113
0.0160513646236173
-0.00726696693944651
-0.000795655633354708
0.0109889948878963
0.00157533081285455
0.00393205398137608
-0.00109672564321706
0.029799342214534
-0.0202558927654042
-0.00170994864884344
0.0258485825934509
0.0100182761089076
-0.0141268858712521
0.015701204746988
0.0343689194523003
-0.0100115354037011
-0.0183203861210441
0.0203044631096836
-0.014486363154016
-0.0041573572132847
0.0193827791859251
-0.00409546566788943
0.00455288615378979
0.000438567238638443
0.00467631155925763
-0.00421819636363641
0.00817993000554984
0.00159374101392662
-0.0212641843453284
-0.00635532034553243
-0.0168080462528017
0.0242057344691597
-0.0189069284596864
0.0085817527426002
-0.00731449491907732
-0.0150375939849624
0.00534348091603043
0.00258160979746735
-0.0237806736040901
-0.00294794427996636
0.025210005440087
-0.00531265962261651
-0.014191988618831
0.00464402491157978
-0.00585523864852877
-0.000929913248446157
-0.00217187406409991
0.0139925528606966
-0.00812632615568332
-0.0162313026362251
0.0163419392888426
-0.0103586580086581
0.00031240430206525
0.0165546933711493
-0.0106006151851661
-0.00419262409339671
-0.00545763318841275
-0.00282221704017271
0.00330193406609847
-0.0235072868906553
-0.00609855551117711
0.00775068625867914
0.00769105912514023
-0.00397519484775311
-0.00925922747859564
-0.00257813402226659
-0.0127625359365902
0.00965472083693797
-0.0273906478542845
0.00566572256842934
-0.0173984927058324
0.0232715180990137
-0.0154910678971655
0.00686307308794532
-0.00731509535111896
0.00988109210988264
0.0137645441751997
-0.0266645014450433
-0.0105882521008404
-0.00934260250284702
0.0195473079561044
0.0198452744676298
-0.0389182064465404
0.0168153571862621
-0.0101248400312131
-0.0156835663143539
0.0140283507437358
0.0191289328630049
-0.0164236472741293
-0.00920083505198221
-0.0447120019015649
-0.00450045012602074
0.0186257327057096
0.00408306394166291
-0.0148514848859355
0.037867928250755
-0.00501471537213505
0.018421914869275
-0.0290101716385723
0.00755711748481125
-0.00994250793851359
-0.00193791409224509
-0.0451897954037142
-0.0504714180070255
-0.0358255639442062
-0.075928957996769
0.0432693200729597
0.0305822986769042
0.092479652591877
0.0180465302325583
0.0233917941631616
-0.0289285535714285
0.00662009917947581
0.0014614175571277
-0.0284568040861
0.0140818630898183
-0.0188853182331169
0.0130212865438277
-0.0111773099850968
0.00188391100663488
0.00451293719443391
0.0419318997353761
-0.00664748472871002
-0.0329173443133053
0.0235645965295568
-0.00803944820025582
-0.00534170187250493
-0.014629648148148
-0.0133433379692415
-0.0380952380952381
-0.000594039603960317
0.0311075880501765
-0.0165257683219491
0.0423993356779993
0.0239925594748851
0.012447373010299
0.0247694625787478
0.0114679251940719
-0.0155242101683513
-0.0134656097353936
-0.011853448275862
-0.000181788440567043
0.0214506642956067
-0.0420003032924062
-0.00928850049086005
-0.0030002624038904
0.023321460346867
0.0216871898548063
-0.0298614858787553
-0.0272575746337844
-0.0182996381681213
0.0252426990291261
-0.00397725386320547
0.00171135196805472
0.0115793659832952
0.021955300770214
-0.0532500560640848
-0.0325833973509815
0.0441058732135953
-0.00806455422179142
-0.0354238869531551
-0.0166566720185963
-0.0175510408163264
-0.009970897589757
0.0362987620646245
0.00161980161206321
0.0446735184015863
-0.0156733939628483
0.00275209362595041
0.00803763999363416
0.0324776753200187
-0.0111132039932191
0.00533331428571415
0.0244410955748597
0.0127611984464584
-0.0166179699276103
-0.0228412079049659
0
-0.0524515023270906
-0.00982755696294502
0.0741340910296555
-0.0254572699501653
-0.0750774187306501
-0.0213389125803121
-0.00598544262474221
-0.0374193978494624
-0.0312778610937383
0.0129150596652432
-0.00364298741543656
0.0322212080539857
0.0544609942201015
0.00188956536028639
-0.0425398566106485
0.0175093678596927
-0.0157023869347219
0.00852281505781538
0.0238352752400748
-0.0281481904761904
-0.04943371295443
-0.0258877880463785
-0.0221071966133585
-0.00168359780261673
-0.0113225011477959
-0.0436160077091615
0.0489171464968152
-0.0310905771722407
-0.00250684388335043
-0.022870067281476
0.0475822775827603
0.0321630493493739
-0.068030469361787
0.0201633741704952
0.0215161615832833
0.0560861348965891
0.00904450392032707
-0.00505624017725781
-0.029799052210694
0.0573809523809523
-0.00382792163927048
0.0137883357238546
-0.0452619418177008
-0.0249883232134517
-0.00574855089820347
-0.0416766823260267
0.00301666674250045
0.0325814269382743
0.0313107031235265
-0.0117674741460356
0.00357220749834708
0.0320361421935484
-0.0229937906188186
-0.0136503170792979
0.0319732760677642
0.023121387283237
-0.0311864632768362
0.0324235836814459
0.0259828751008979
0.0251045804888792
-0.00751875418944692
0.00822512969209677
-0.0543152187928202
0.00590242919188255
-0.0176032945700002
0.0519182644594134
-0.0417121633170525
0.00752046473289747
0.0382267142779171
0.0198256854106456
0.0134586196654856
-0.00843166122326444
-0.0129677080576592
-0.0316605858281283
-0.0062277359036419
-0.0181289391226499
-0.0262137685482965
0.0152153086326003
0.0106064793775993
-0.0200775943382343
-0.0344586720731391
-0.0508801531015156
0.0881605922723427
-0.0210133541436678
0.0281421655139518
-0.0317791456325877
-0.0122185427782203
0.00169776861508608
0.0455206064290703
0.014358476146364
0.0433790420862794
0.0175054481946291
0.010752688172043
-0.00659576595744682
-0.00556862295070948
-0.0299375188455741
0.0168738450960515
0.024890830237791
0.0195995317341187
0.010447137266044
-0.0198510955365777
-0.039240525770442
-0.0230566310264244
0.0125870302276003
0.0184240181670148
-0.0355274839684506
0.0221468926553672
-0.00906478001326549
0.0145024765729587
-0.0184737185292783
0.0280080656955397
0.0200522663458529
-0.0181623508154348
-0.0154515557029042
0.00198938983247632
-0.00970666182631086
-0.0207173094390134
0.0361692455907472
0.000439099899870454
0.0103138248847925
0.00738488255028491
-0.00107802929974066
-0.00928124285425236
0.0074074070846446
0.0709342097346797
-0.0125201534733441
-0.0198364409064851
-0.00792824953056537
-0.0338590964008222
-0.00957768849755525
0.00241760439560434
0.00833152799097725
-0.000869776000444578
0.0187159952401306
-0.0200812215321251
0.0159145196406043
-0.0115879189522712
0.0240989356470054
-0.0413397727937151
-0.0698805822671257
0.0387541122502588
0.0325017631609468
0.000443360664079906
0.0155107685461828
-0.0388392520689831
0.00363223617780339
-0.0151548974249017
0.00344506193281902
-0.00205999089173703
0.0509174793998843
-0.012221780881711
0.0203270446454724
-0.0056301862278042
0.0204704494978418
-0.0239009597972479
-0.000655946626324844
-0.0266899371404494
0.0013485501753856
-0.018855219278456
0.0244795246963971
-0.00558284961105071
0.03413429225543
0.0386537033366712
-0.0434873910312611
0.0203278688524591
0.00964012425021421
-0.00106087415529654
-0.000424830058418424
0.0197620267793874
-0.00291735766128953
-0.00229876707622856
0.018223690061848
0.0236576214018183
0.0176849082670782
0.011058491529591
-0.00937499981689449
0.0262223575271616
0.0124880309795972
-0.0170778364880866
0.00115833979070157
-0.0121481100627052
0.00819836033574095
-0.015295275303184
-0.00412896177489253
-0.0128332077854607
-0.01739998
0.014247933762509
-0.00100347176385829
0.00361591007665552
-0.00120090074461376
0.027855690266305
-0.041918540808763
0.0113960523279619
-0.0273642046808007
0.0016549027720314
0.0156960353447351
-0.0158600650671005
0.00206607429479022
-0.000412371134020706
0.0352722566006602
-0.00079691175128338
-0.0181455625864183
-0.00162473592100987
-0.0223758950366151
0.0366208689841683
0.00782816138097164
0.00517829128018898
-0.00871808978169042
-0.00139916053166411
0.0252202166777464
0.0208902768276009
0.0105182442050442
0.00965174110522327
-0.0155576013329934
-0.00609289794364054
0.00574710716959559
-0.0142857142857142
-0.00772950724637678
0.0048685493619689
0.0238372877456314
-0.0109786480795515
0.00191383732057404
-0.00382036308769296
0.0429529609605768
0.00680270282777529
-0.00383489787563551
0.0837763535064409
-0.0629228190616173
-0.00108306855295781
-0.0159017166606433
0.0137715757211085
0.0525267533513267
0.0103252106294063
0.00255496512612763
0.00237850828442898
0.0062711694915254
-0.0122957724826641
0.00596867336235785
0.0344125772363935
0.00245817764667322
0.000980905704786705
-0.00604277315041646
0.019060121277356
-0.00725572396001295
0.00698392074062038
-0.00193546774193554
-0.00985780527055902
-0.012893748979925
0.0636574404761905
-0.00512983040168402
0.0203125468750001
0.0154669977580244
0.00874681069964756
-0.0112124384992142
-0.00498943158435805
0.00774961275640829
0.000301507840772208
-0.00165801939451438
-0.022497432168318
0.00942230489410889
0.0159143233638661
-0.00994119611298694
-0.00882399168611014
-0.00399083640856979
0.0110957314084716
-0.0103642888223701
0.00954879100569839
-0.0128147057445598
0.000154566529973144
0.00386279351262675
0.000923472357650112
-0.00430568974789625
-0.00617763706563712
-0.00606059070895382
-0.0112569889189649
-0.0135990033649903
0.0160307788388783
-0.0151467810800445
-0.024030760141966
0.0160867372320006
-0.00258481413296241
0.00356328138764894
0.000322805040716467
-0.00903520490480791
0.0205145236246995
0.0146776962348436
-0.00786163546734697
-0.000158446914689248
-0.0201299730543668
0.0203817858298285
-0.00792644236124151
-0.00271655472302479
-0.00897295305239543
-0.00274855303956512
-0.00518805123216604
-0.00325946865613647
-0.00163503924133412
0.00147397639249958
-0.00147180698375127
0.00720601036347834
0
-0.00487803252032515
-0.00718959138579089
-0.00345620485372633
0
-0.0095788275735561
-0.00283478401142601
0.00752510046028587
0.000497908713692929
0.0257133879514497
-0.0179524658595352
-0.0136693344257356
0.00133581568435148
-0.00933801885379337
-0.0286147281602422
-0.00537163412530994
-0.0195122467068904
0.00710733843474309
-0.00370499294283688
0.0219585262624664
0.00918390242910938
0.0118474927250174
0.0251145426777533
-0.00297963913259391
0.00514695334550885
-0.022794862524036
-0.00287352941176466
-0.0155958970810002
0.0172205958326157
0.016082613847977
-0.0118293735421526
0.00859887019728767
-0.00217320294215984
0.0077065338868576
0.00349125507925985
0.00960897929739923
0.00557925837839268
0.00701697139388013
-0.0136120566133862
-0.00870706437829905
-0.0145840404375207
0.00269088467357692
0.00654141238747763
-0.0089984505581886
0.000504439204566332
-0.0305882352941177
0.0168169556171984
0.0109121735409319
0.00286722882666179
0.00319547600396031
-0.00469409875292215
0.00572679814261079
-0.00234464917676525
-0.00872924290750376
-0.0277730572019147
0.0334436857690299
0.00252819812815774
-0.01479492266308
0.0250853592179303
-0.0123189279174296
-0.018034787863314
-0.00429110896982865
-0.00879155348359095
-0.00121739130434784
-0.00522373324046665
0.0190792925069265
-0.00377878729339087
-0.00568968965517247
-0.0128315939945065
-0.0367117512734937
0.0111232859226842
-0.00685303865008047
0.00145273288541858
0.00689024453707177
-0.0104447687816454
-0.00400365779793166
0.015896181253426
-0.0237409900626256
0.00110539795698972
0.0218991350754507
0.0113452370132403
0.0162037037037037
-0.0168214298230244
0.00374263048043799
0.0172230291193181
-0.0129167740806986
-0.0190981082068631
-0.0111772667896654
-0.00601637214280293
-0.00972116654438748
-0.00537138339057663
-0.00614528852615848
0.00243584415281695
0.000373831775700939
0.0184977204783259
0.0581545058944966
-0.354195561719834
-0.00644300671140929
0.0243178073124994
-0.0179372197309416
0.00322315337093748
0.000535502036707047
-0.0141824729510963
0.0138435939196524
0.00776441808644823
-0.0236450325091667
-0.00571425850340146
-0.0429666107562502
-0.0243066049669259
0.00703405647813748
0.0259021820168166
0.0226950070921985
0.00305134543831742
0.0259955199115045
-0.00566035070945281
-0.0322580111753324
-0.00980400532761894
-0.0011314569239862
-0.00226567538188405
-0.0190178541016178
0.0109953121818487
0.00228966806782105
-0.00913760708166766
-0.0118155616191482
-0.000874978102216817
0.00145951555513801
-0.0139900607988906
-0.0304464362727499
-0.000914603686420712
-0.0070185840707967
0.00460964952029363
0.0107066996239429
-0.00665862570645792
0.0134063985374773
-0.000300601340986306
0.0150375939849625
-0.00711117037037023
0.0116384369822999
0.0117993208377982
0.0195335865753232
-0.00657703727260417
0.000287795032366533
-0.00949646043165464
0.0307961087040156
0.0135287204058627
0.00361515582911998
0.00803549459684105
0.0142935949891809
0.0124660968853063
0.000802944303989861
0.00294198991553851
-0.02453328
0.00246025136904038
0.0231797667401019
-0.0127931503198296
-0.00296978933666869
0.00270779853777414
-0.0110721039987065
0.0065538505339664
-0.00515472042445131
0.00109083725611336
-0.00626529573046319
0.00137058662280709
-0.0188885578671928
-0.0242745256696428
-0.016585701556028
-0.0136667930696945
-0.00560135646234416
