0.013113566529483
0.0153239644547478
0.0493239934578338
-0.054166485894762
0.0226162061723447
0.0177498419145088
-0.00525383757173536
-0.00609416817602404
-0.00933874480187002
0.0188535581721168
0.000249180685358397
0.000529503571955692
0.00252139455252931
-0.0077936099347552
0.0122672919643485
-0.00840881995731046
0.0221979579111458
-0.0100039620886933
-0.0109985121044827
-0.00946974675773238
-0.0394679463043354
-0.00985489332738854
0.010382861136905
-0.00638176794332879
-0.0148545147485843
0.0148779067560432
0.0105089841084098
-0.00436850767322505
-0.0015716470511784
0.00908431353110295
0.00243751826554317
0.0642912296440721
0.0580924471898647
-0.0177347932024504
-0.000908605446861666
0.00932904933448309
0.0103473248776862
-0.0115646534146595
-0.00366718767911967
0.00630971016862736
-0.0252257024942872
-0.0317748165017803
0.0238674065163564
0.0625131306506745
0.0197059676661815
-0.023234545978182
-0.0469215662599162
0.0152787849869316
0.00442951959153159
0.00300817470224612
-0.0036106077665734
-0.00800721816530447
0.00754160527176539
-0.0154089641996152
-0.00620655717189988
0.0555505642710394
-0.00846447198687772
-0.0225838800856532
0.0160658995859777
0.0140869194352222
-0.0113114194962697
-0.0254336774193549
0.0378662904868441
0.029851166548547
-0.00399144462671053
-0.0226072832376937
0.0109713136316354
0.0137331217344927
-0.012553766071329
-0.0187488382429445
0.00589443317176674
0.101656062278839
0.00215848491974002
0.00997439743589745
-0.0070324707266316
0.0272806661290736
0.000522638680146903
-0.0127363059701493
-0.00440939321193567
-0.0129830813531865
0.00541021794871788
-0.00114758873074849
0.0159577182662747
0.00806712816398547
0.0139858797116308
0.00324533957244677
0.00129885802128737
-0.00903121082139546
0.0100026843092191
0.00283661171400884
-0.00124362348826701
0.0151371201947033
-0.00721518058410109
0.00324619290870487
0.0277207153826007
-0.0187495131252619
-0.00507625164528103
-0.00315274715042368
-0.0147031067686209
-0.00115157682309586
0.0140074349668542
0.0192814827248362
0.0113927369226499
0.00424762513197718
0.0133666746747521
0.0976133231538796
-0.0257363748831881
-0.0237638706544701
-0.0465639955359413
-0.0062553853270696
0.00219150447704886
0.00407099825611223
-0.0217320909797055
-0.0199649303705222
-0.0033106884962214
0.00237612984979085
0.0112959771011376
0.017388574396791
0.00298575334960094
-0.00229709816120405
-0.00538002826801398
0.000496083728838803
0.0174469010502909
-0.00536011938054826
-0.0214860425263415
0.00829680284046908
-0.00191532198784827
0.00345886629523817
0.0158415182593417
-0.0663986428985744
-0.030967619125012
-0.0374804028368084
0.0242874083751783
-0.0256657617011458
0.0328671361754069
0
-0.00108749676068698
-0.00580609141957766
-0.000703902913254284
0.039500074733229
-0.0038149462307171
-0.00405637545986381
-0.0133062968876184
0.0110501407562014
-0.00788643578719772
0.0106840382037634
-0.00063223911734589
0.0147531108338426
0.000374049875311755
-0.0061573003538421
-0.0145479785839167
0.0255548968443939
-0.006998925119165
-0.0077730966092513
-0.00916895662784845
-0.0145672070995214
-0.000361137200881601
-0.00810368254067173
0.00915852900201419
-0.00384156669319724
-0.0113103891517249
0.0170157068062826
0.0129729961389962
-0.0121208006579071
-0.00126035963130899
0
0.00664465336006148
0.027349954997312
0.0236583247015314
0.0158618639833168
-0.0031371913165209
-0.0134771918157597
0.00155854135967681
-0.00622431360835707
-0.0306315163140785
0.019509884090732
0.00363915926306313
-0.00278731404960608
0.00086575146152601
0.00847686270819192
-0.0254374480489998
0.00404852149552304
-0.0276991603864548
0.00772737788166511
0.0229276915057521
0.000874502722403747
0.00793914141872354
0.00230350227791232
0.0105520411154842
0.0013938987351314
-0.0433699877899878
-0.0170776590870899
-0.220802471496246
0.0313301804197255
0.0339333621094708
-0.0205982469421053
0.0116806154551685
0.00561513880126174
0.0175669929655782
0.0184968244266475
0.0152248892907427
-0.0560806111197566
-0.0240050721919444
0.0192233074433656
-0.000285756015204419
0.00597111311473175
-0.00890350425302755
-0.00414137486360588
0.0111000996977113
-0.0124967798103587
0.0118220034629481
-0.018744895411265
-0.0460147766250038
-0.0584833179635713
0.0122148156159909
0.0585625554569653
0.0209220117351214
-0.00262730475967365
-0.0210412392832083
-0.0161452680583357
0.0400341572649572
-0.00848093776117964
0.00208866820129527
0.0214384297810351
-0.0170369215857006
0.0301172521046207
0.00879662223780664
0.00272700641670109
0.0114789041954655
-0.000937869736972519
0.0179621668416707
-0.0326774527885934
-0.0556456232771058
0.00639384161537437
-0.00240755034045048
-0.0178654758713611
-0.0280536525014965
-0.0439271379074258
0.0218525489270331
0.0488084910437645
-0.0154552963603393
0.0106161438475243
-0.0130877145564792
-0.0368522018573597
0.0117757894045361
0.00229198905214112
-0.0383021323727645
-0.0166814940305917
-0.0326066557453185
0.00292922970487797
0.0452509622366188
0.0147535149248759
0.00238643761035418
-0.0264082898340459
0.0396147551981847
0.00177314542625973
0.000577982904720331
-0.00862841288957761
0.0583758144564643
0.0105288406129986
0.000102145118307639
-0.0109287450261176
0.0432686536343447
-0.0129997761943945
-0.00859132135832785
-0.0119365003757781
0.00791730200975094
-0.00660237670690966
0.0130197923589597
-0.0112037749438
-0.00871083694354158
-0.0222771128603387
-0.00459906269623744
-0.0142489648864281
0.0446886165762144
-0.00869925647067671
0.00248756908176095
0.0140956573739226
-0.0173322209005947
0.0108939791297384
0.00311325021333908
-0.0216568541144971
0.01108563120088
-0.0175148870582196
-0.0334081600950079
0.0327113343544052
-0.00991389306040891
0.0242516275920246
-0.0133467590658006
0.018516637777132
-0.0221471432636411
-0.00377469848998901
0.0237967691598444
0.0352115960297947
-0.0070834172082237
-0.0127873534803795
0.014282316090301
0.01078771011418
-0.00192834066300418
0.00699559274462458
0.00512748338963465
0.019187786587517
-0.00429494928202812
-0.00645388216194953
-0.0382895732667294
0.0070599994409748
-0.0101786952404976
-0.0329269382678036
-0.0120418783830896
-0.00730598748787892
0.000466733667693564
-0.0409804157866099
0.0498409990645463
-0.0258046826794283
-0.0127317936761911
-0.00185288118911509
-0.0269909739671585
0.0260990015998435
-0.0253607268715994
-0.00850824474990663
0.0515258215939858
-0.0267145529270822
0.0266957709439839
0.00142830880706302
-0.0270251002951135
0.0164248479021638
0.0105017789206538
-0.0344348240889343
-0.0496095722888789
-0.00311041586935579
0.00884032143605107
-0.0281125935144241
0.00860837987593976
0.037618266978326
0.035513863989757
-0.0247713619551375
0.00907163137950051
0.0169471809551764
-0.0257307201388083
-0.00683419849547062
0.0199440361560375
0.00815698094552353
-0.0191688804555514
0.0442524879528088
0.0101882984906969
-0.0183438899606243
-0.0174955804703928
0.0211411190335598
-0.0305728344326996
-0.0215094726787717
-0.0144332431442815
0.0308369606269121
-0.00758451172651531
-0.0288628906292113
0.00203728676517168
-0.0180593129972781
0.0181478666570409
0.0210143911835647
0.0131615901501234
-0.0161128971957919
-0.00215484637684438
-0.0115042089480999
0.0115983399189374
-0.00196324805144787
0.0241561655877454
0.0008451213663343
0.0133184957401304
0.00609819680700752
0.0525186818108327
-0.0233572909700573
-0.00809413246100499
-0.020824817305035
0.00912546846317386
0.0153956363025842
-0.00430579234032413
-0.00761383062990706
0.0164618733705773
-0.00703507587770769
-0.0188560332103321
0.0515626395372537
0.0110872887463387
0.00760521368495737
-0.0110584305200963
-0.0058218456873903
0.00364203744656177
-0.0216664198152252
-0.00472740116831161
7.30351852604727e-05
-0.0386905715838484
0.00570082102654346
-0.00381683175528746
0.0248853547789549
0.0114741675642589
-0.0220294552725291
-0.0169878727782975
-0.00258837510294774
0.0161432317526362
-0.0102907717910775
0.0029220553739473
-0.0210753634655935
0.0190940127586039
0.00451339597188194
0.0305455760495621
0.0247673845917245
0.00822305291856762
0.00280145035460988
0.024541185258069
-0.0100438473389628
0.0101457497000899
0.0017257445933001
-0.00134381347627077
-0.127587619066901
0.00518072053634122
-0.0145964945870598
-0.0172881972330217
-0.00723194638540714
-0.0108451358090002
-0.0115432065975575
0.0137290106947552
-0.0164333579715649
-0.00344237427439398
-0.0184927714667541
0.00686697854077267
0.017135502545554
-0.0402312932744802
-0.0192996154170009
0.0174532408516499
0.045466479162148
0.0121803313016562
0.0133983578951762
-0.0123643149625751
0.0225178573834559
-0.000848521106328159
0.016297969566903
0.00493430157261088
0.00324704214274685
-0.00856488392577803
0.00668813641714916
0.0293826596548159
0.00461011162244085
-0.00642444741873816
0.00996842787399377
0.0763690701365181
0.0188705497381956
-0.00149417263706353
-0.00107881327136639
0.00456381326270106
0.00235822086301596
0.0031138428644566
0.0410443703214933
0.093695123804912
-0.0265668698267337
-0.0210991413592971
0.00445063901609011
-0.00731104274528227
0.00245502635016792
-0.0176516054021026
0.0181953413765554
-0.00174882513748686
-0.0017518856994847
9.57209820484639e-05
0.00127622354479318
-0.00140208396592123
0.010945155865959
0
0.00429284116216544
-0.0277839696979865
-0.00801726668678915
0.00430179884044057
-0.00661974856067515
0.00565112851319505
-0.0072434876523495
0.00130875239163775
0.0247034507228163
-0.0093114673211705
0.00524664412976361
-0.0146332922689706
-0.0377928852704587
0.0221546702704221
-0.0173461968235485
0.0080024376046206
0.0101070679777056
0.00558088290381709
-0.00331683677656447
0.0116968303130147
0.0161211926183173
0.00900640384615392
-0.00708367273646748
-0.00882967597026629
0.0152023494079903
-0.0126538359223407
-0.0153598106080107
0.0237098568373009
-0.004600207662525
-0.000352979881934279
-0.00571464921387832
-0.0119794054124869
-0.00130721269672907
-0.00327235843152407
-0.0206507373275647
-0.021521901636818
0.00866794215657229
-0.0132808122919628
0.00402758347676424
0.0115883527594591
0.000305124567570036
0.0153147278250292
-0.0300674427008284
0.000447290564884684
-0.0164385412216745
0.0365733951048952
-0.0187882890409992
-0.0249235093201807
-0.0121986384748992
0.00849455728268222
-0.0187570358066041
-0.01359741709596
0.0128341443136548
0.0672201985559568
-6.7617212428428e-05
0.0820702926508059
0.0141937385509476
-0.0160912487563115
0.00723728632953491
0.00339045392984105
-0.0152830094819243
0.00519437755758312
-0.00720321981346261
0.00416405993690838
-0.000659782594186642
-0.0382886189504551
-0.00238610471906231
-0.00465272917486004
-0.00332480743737174
-0.028734624685672
0.00581491467778283
0.00476706675490934
-0.0234530130660316
0.00323893252277951
-0.0201264456638763
0.0148616234782317
-0.00611321387366537
-0.00444799335902968
0.00310661814048019
-0.00393209332709132
0.00251528733624462
-0.00198629472771972
-0.0266410794687376
0.0244646384801486
-0.00868381608156887
-0.000141210137819869
0.0157557914639823
0.0124856398027533
-0.0064234509209854
-0.00767502506482287
-0.0120196913633406
0.0286691740344849
0.00802165531587828
-0.00163231089810489
0.00487104597166854
0.0136270813559323
-0.00411337049443883
-0.0358642791135414
0.00229878455811972
-0.0104944543053098
-0.00611058823529409
0.00211997801773856
-0.0114945847199279
0.00110575349871755
-0.0165325124131331
-0.00797037202983164
-0.00211824185659304
0.020677884668346
-0.0024383232221491
-0.00772795035962603
0.00427440414601454
0.0160511187437282
-0.06198299860142
0.00166522341022035
0.000906755537885662
0.00452976853225961
0.00988315038235021
0.0063258616627917
0.015973997811167
0.0151040684559591
0.0223369936920583
0.0263028673825383
-0.0085771250387614
-0.00410161989277869
-0.0070603169719643
0.00254447896572629
-0.0100128809579515
0.00133452151009661
0.0210430326334825
-0.00869027223765539
0.0161469296712351
0.00112523354275251
0.0145100652544035
-0.00735270087588979
-0.0154231141794884
0.010271349839821
-0.00350232246594329
-0.00279808914760193
0.00242958535551563
-0.00163854234626215
0.000581304063386634
-0.0467469358214734
-0.0102881957721314
-0.0046724184819793
0.00360269666387336
0.00754191933037007
-0.0088530285538746
-0.0021422497056427
0.00149190011482681
-0.00406941814204986
-0.0203567411088655
0.0019737049937576
0.0162046199078616
-0.0026699252625666
0.00568406611401895
-0.0138564328273203
0.0018488389154796
-0.00815675420272566
0.00212100240638913
-0.00241364288512336
0.00100509587206621
0.0110069606459524
0.00798139973551937
-0.0105454629686026
0.00287652304356789
0.00191214604756818
0.0017617669230563
0.0143620684812629
0.0362278066294051
-0.0240858992600353
-0.0121794551968927
-0.0193803227549543
-0.000663662866313919
0.00114377375620323
7.36677242378914e-05
-0.0101709137402848
-0.024013446969171
-0.00659920289755955
0.00330230380566032
-0.0128597137663032
-0.0146170084133797
0.00271494006016004
0.0144796855200076
-0.00344247864248814
-0.0244527970548364
0.00584865927983858
-0.0107590760710342
-0.000199940024790179
-0.00775870682415192
0.0210801929605757
-0.00142107526608715
-0.00857808432391949
-0.0169856856022446
0.0049890931894363
0.0186059689452966
0.016918887849297
0.00720828382329919
-0.00518373694390706
-0.00672737195944362
0.00681212092426442
0.0105766685947168
0.00854195956701131
-0.00263237587076282
-0.0307934266685236
0.00651225098694108
-0.0128617322114073
0.0349567165536522
0.0209564397458819
0.0473684436090225
0.00707107307097465
-0.000891043211186826
-0.00181938137580018
-0.030592180626798
0.0124977511520739
-0.0100495552332388
-0.00191268203044204
0.00427477912780705
0.0190444819077107
-0.0207050527037034
0.00724371990437378
-0.00127772061820197
-0.00665244932554221
0.0122165766773412
0.0119237972771897
0.00880159912352352
0.0065524590046826
-0.000176854771134272
-0.00230004949115248
-0.00180886674337155
0.00525870874602963
0.00629152735123073
-0.00611177002690122
0.0447059457250265
-0.0259124298524624
-0.00177117547749928
0.00747980094990397
0.00538691951223336
-0.010819144993697
-0.00663195833333341
0.00761995536537396
0.00950505118311162
-0.00601353884699707
-0.00179775973872098
-0.0262866117021061
0.00899875174815068
0.00835446650620852
0.00653740632214261
0.0213947406288844
-0.0328481176109411
-0.00931729090385769
0.00489762946329941
0.0126081832090734
-0.014229861836531
0.00994196451624174
-0.00136631278193822
0.0253981268883612
0.00437905936554484
0.0346413701557933
0.0421728329218107
0.0140574046882576
-0.016136640100413
0.00484437217166445
0.0206075413067592
0.00750229405685032
0.000643587804880497
0.00964657595755747
-0.017107021643926
-0.00120346864509058
-0.00741517014873416
-0.00958730282054088
-0.000785718792821744
0.0033655428036321
-0.012445144200627
0.0108878265907624
-0.00298304662076054
-0.00141731594540917
-0.0134359743482999
-0.0089513686298478
0.0100645000000001
0.00974073214327942
0.0038586897866244
-0.00778222969616738
0.0375332672172854
0.00226486203907883
0.00467203783011971
0.0116105190842066
0.00108167837653395
0.000360142859268775
0.012990960445177
