-0.00698689956331877
0.0211081794195251
0.0361757105943152
0.0241064006650042
0.0316558441558441
0.022029897718332
0.00846805234795989
0.00839694656488565
-0.00529901589704773
0.00304414003044129
0.00758725341426403
0.00150602409638556
-0.00300751879699257
0.00527903469079938
0.00225056264066015
-0.00898203592814362
0.0158610271903323
-0.00297397769516727
0
0
-0.00372856077554073
0.00149700598802416
0.022421524663677
-0.0431286549707602
-0.0106951871657754
-0.000772200772200748
0.0154559505409584
-0.0213089802130899
-0.00388802488335915
0.00468384074941453
0.00155400155400165
0.00387897595034903
0.00772797527047908
-0.0199386503067485
0.0101721439749609
0.00232378001549183
0.00772797527047908
-0.0337423312883435
0.0230158730158732
0.00853374709076804
-0.0153846153846153
0.0117187499999998
0.00540540540540535
0.0184331797235022
-0.00829562594268474
-0.00380228136882133
-0.00305343511450373
0.00535987748851463
0.00304645849200291
0.00455580865603644
0.0105820105820105
-0.00897531787584138
-0.00226415094339616
0.0446293494704992
-0.00796524257784226
0.024087591240876
0.0399144689950108
0.00411240575736804
-0.00477815699658701
-0.00548696844993146
0
-0.0131034482758621
0.0104821802935011
-0.0089903181189489
0.00418702023726447
0.0375260597637248
-0.00602813127930346
0.00808625336927227
-0.0147058823529412
-0.0101763907734057
0.0178204249485949
-0.00269360269360264
-0.0135043889264012
0.00273785078713207
0.021160409556314
0.0113636363636365
-0.0270984798413748
-0.0183423913043479
0.0186851211072665
-0.00951086956521741
0.0109739368998629
0.016282225237449
-0.00934579439252337
0.123989218328841
-0.0137889088729016
0.00121568381667592
-0.00971463325529043
0.0190068681181401
0.0180504802617041
-0.00591016548463363
0.00475624256837093
0.00946739644970429
-0.0175849365524582
0.00179003579952264
0.0107205473066976
-0.0241602842757975
0.00241551946953611
-0.0108433734939759
0.009744214372716
0.0186971652593486
-0.0165777392882024
0.0379288959705661
0.00928074245939681
0.0206896551724141
0.00281525900900892
0.00168450318273461
0.00784753363228696
-0.00834260289210242
-0.0173864273696017
-0.00456615296803653
0.0223623266994077
0.0134604598990467
-0.0177089097952408
-0.00563380281690151
0.00396594900849867
-0.00225728003709269
0.00056566742081432
0.0113057088012603
0.0117384578948272
0
-0.016574640883978
0.00561803402348504
0.00782128491620115
0.00665182889956606
0.0132158590308369
-0.0114129891304348
0.00659692102270926
0.00546155136327409
0.000543183052688745
-0.00434310532030413
-0.0196292257360959
-0.0127919911012236
-0.00901408450704222
0.0130756111426948
-0.00448933782267125
0.00789171364148844
-0.0285233796713301
-0.0040300515814593
-0.00693635878244847
0.0192083818393483
-0.00228446601941745
-0.0114481403233052
-0.00231615518239714
0.0394660475914104
-0.00335008375209378
0.011764649859944
0.00332237006214653
-0.00772632407691354
-0.0061178531701892
-0.00223844419482688
-0.00336511497476155
0.012380416432189
0.0155642023346305
0
0.0131362889983582
-0.0118854132901135
-0.00328053563255681
-0.0175534832693363
-0.00335008375209378
-0.00840330532212896
-0.0175142362986308
0.0201265681498888
0.00394582863585136
-0.0140370586208343
-0.0108199322790395
0.0120897517507339
0.0017065415244597
0.0232821678999335
-0.00998890122086571
0.00280263452914786
0.00335394093649755
-0.000557103033030582
0.0161649377834483
-0.00767964893033468
-0.0154782200110558
-0.00617619349669818
0.00564960420058735
-0.0129212928607467
-0.00113836084234498
0.0136753284145485
-0.0191118595215368
0
0.00859593073948828
0.00397727272727266
0.0124504244482171
-0.00894348848202842
0.0124084038353074
-0.000557103033030582
-0.00334459290163902
-0.00671135384291688
0.0146396396396395
-0.0227524417314094
-0.0141964784669802
-0.01440092082944
0.023378081626062
-0.0108509423186751
-0.00404157043879905
0.00521739130434784
-0.0132640715109573
-0.00116896544892087
0.0339379754242248
-0.0141482739105829
-0.00746262916188301
0.00231341802698548
-0.0109637045585689
0.00991832029861861
-0.00346614693623037
0.0104347826086957
0.00803212851405632
-0.000569208878770544
-0.0113894083934744
-0.0282258048257026
-0.0308240052860694
-0.0305810397553518
-0.00441640378548902
0.0373891634980987
0.0348197901759444
0.00767408455288776
-0.0193321616871706
-0.0388291517323774
0.0261031696706029
0.00121144760751046
-0.0175439190838524
0.0437192733990148
-0.0188791729274823
0.00901996446301623
0.00655530354259226
-0.00947300233706339
0.02092050209205
0.00175649882903994
0.00526008151606772
-0.0261628473161135
-0.00179110447761188
-0.0101674647229346
0.0120846532981664
0.00238811940298511
-0.028588562919085
-0.0263641340505294
0.00755667506297231
0.025625
0.0170628275441802
0.0137806462683856
0.00886524822695023
-0.0292911540714704
0.0150875075437538
-0.00178353151010702
0.00536021409409093
0.00355462106366211
-0.0123967525149495
-0.00418410041841011
0.01140456182473
0.0130563798219583
0.000585823081429293
0.00644033957845447
0
-0.0447935401516264
0.0188794153471377
-0.00179312612074123
0.00718556843200191
0.0939357907253269
-0.0119565217391304
0.00550060506050598
0.0317286634721738
-0.0100742836652022
0
0.0144617568291374
-0.00844772922662462
-0.0101171986093078
0.011296342119419
-0.0420212256394268
-0.0149916712937259
-0.0129650507328071
0.0131353512278696
-0.00901916572717021
0.0108077360637089
-0.00844113674732705
0.0141884214422008
0.0128706763922399
0.0121546961325967
0.00327505458515298
-0.00272029394560924
-0.00272771412984174
0.0131290474218246
-0.00593952483801297
-0.0200977186311787
0.0260531582010446
0.00324149108589955
0.00861604738826061
-0.0133475707421249
-0.00216444805194815
-0.0184382311042173
0.016022044198895
0.0146819475085345
0.0117898713826368
-0.014830456293986
-0.0220429569892474
0.00439796567355888
0.0120415982484947
0.0135208220659817
-0.0010672892209177
0.000534241481529918
0.000533902829684907
-0.00693697972251861
-0.00913487323294615
-0.0244035236223686
0.0105614230127848
-0.00990099009900991
-0.0200000555555556
-0.0119047058902895
-0.0172117613310383
0.0385290156759495
-0.0134908367908467
0.0347578937183985
-0.0159691079295156
-0.0167879677231131
-0.00170739897552652
0.0011401367651005
0.0165148642662223
-0.0179271148459386
-0.0085568734422774
-0.00920598441921661
-0.0185829859804291
0.0372781656804735
0.0199656577315657
-0.00223708066202921
-0.0061659192825112
-0.0219966159052454
-0.0415224336793542
-0.0330927176237834
0.0497822650902302
0.00296378168560896
-0.0200945626477543
0.00361875753920393
0.0312500619741625
0.0238927738927739
-0.0204895276038702
-0.00290522968653284
0.00582750582750591
-0.0011587485515645
0.00522041763341075
-0.000577034045008529
-0.00635109699769054
-0.0133642657387719
0.0141342167255596
0.00871091804360713
0.00230276325257561
0.00172320505456636
-0.00630739642732825
0.0011540680900175
0.00403458213256491
0.00344431687715252
0.0326086384439359
0.00498614986072843
-0.0126791076449342
-0.00111675041876047
0.00223594199194754
0.0105968209704406
-0.000551876349234037
0.00993925952847818
-0.00710776341674335
-0.0126651982378855
0.00613502509760178
0.0282703975459868
0.0145553107576988
-0.000531402763017996
0.0069113241313834
0.0279829974665788
-0.0154082699233832
0.0203442357850809
-0.0138035794378109
0.00103670290115598
-0.00725007805541578
0.007303025560772
0.0134645786361769
-0.0010220235053654
-0.00460358079813716
0.000513874641000722
0.010272265550707
-0.00101677681748868
-0.00305343511450373
0.00867789688616649
-0.001012145748988
-0.00253287740628161
0.111731736326474
-0.00274093205760317
0.00412276683463131
0.00364963503649629
-0.00999995454545466
0.00137731857771728
-0.0004585052938334
0.0105505509426858
0.00499310009109855
0.00361336963023362
-0.007200720396072
-0.000453309177393946
0.0136054881453738
0.0143176733780761
-0.0158800617556242
-0.000896369381280571
-0.00538362470239451
0.00902124492557488
-0.000447027248679954
0.00760286191400428
-0.00621402546764194
0.00759267564058397
0.000886569188234265
0.00575726306465896
0
0.0123294148978166
-0.00826450630708997
-0.00219293869267279
-0.00527476923076919
0.00751215234256075
0.0228070624038186
-0.0128644939965695
-0.00304079061685492
-0.000871503229999848
-0.00566947230702142
0.00131583339104524
-0.0148926850635129
0.0160071142730103
-0.00393873085339169
-0.00439367311072059
0.0136804501323919
-0.0261209414941639
-0.0174341074012467
0.0168334849863512
0.0304251006711409
0.0147633515083216
0.00171155320019034
-0.00469888936351992
0.0158798719261748
-0.000422475707646863
0.0101437024513946
-0.00543933054393297
-0.00546912074042916
-0.000423011862225486
0.00634794779297265
-0.00841047063034184
0
0.00720949957591177
0.0214736842105263
-0.0140148392415499
0
-0.00919728260869568
0.0118143032989746
-0.0133444537114262
0.0287404902789519
-0.00246503697617095
0.00617788277685816
-0.0106426524764632
-0.0136532892014896
0.0125838506711409
0
-0.010770505831421
0.011306575012838
-0.0111801656314698
-0.000837437220998272
0.00125725057597448
0.00334868159684731
-0.00417179825497715
0.00125676576217981
0.00251041841004196
0.00876464978149638
-0.00206863880844033
-0.000414593680986952
-0.0199088336827526
0.00592471459689858
0.00841392511569206
0.0137672095856156
-0.00370370385611951
-0.0161090052089634
0.0214105793450881
-0.00287710645293859
0.0028854080791425
0.00328812166050141
0.00286767718148306
-0.0396241830065359
0.0102084219481071
-0.0206315789473683
-0.00644879621668104
0.0220683677166436
-0.00508048242673653
0.000425531914893584
-0.00850706082518082
0.0180180616910366
0
-0.000842857142857145
0.000843568150298069
-0.000421449641803573
0.00126479769244514
-0.0189474105263158
0.021459228388808
-0.0126050005296219
-0.00936165957446811
0.00644325573697357
0.00213401621852327
0
0.012350936967632
-0.0256625999158603
0.00086355785837644
-0.0012942191544435
-0.00863926565874718
-0.00566453134359346
0.0131464066608238
-0.0108131483212306
0.00612151263132876
-0.00825727944372012
0.00657313759859779
-0.023073488161667
-0.0155971918183069
-0.0271616115889544
0.027919962773383
-0.00407424173834314
-0.0131818636363636
-0.00506674366958737
-0.00277773148148153
0.000928412213165641
0.0222635446318897
0.00952808486714685
-0.0184269662921348
0.00183145604395607
-0.0173674139564632
-0.0330232093023256
0.0168349198251601
0.0104069068309796
0.0117041193022416
-0.0124942613376094
0.00562319587628868
-0.0288909146733883
0.00671785028790794
0.00810295519542414
-0.0189125295508273
0.000963855421686644
-0.0149254212806933
-0.0180840184791798
0.012941762070682
0.0176903685503684
0.00482858545768172
-0.00961066840993119
0
0.00970392966016842
0.0134551183784295
0.0118539592223803
-0.00609189315838798
0.00235742585372134
0.00658513640639691
0.0032709813084113
0.00279469039565372
-0.00232238725859779
0.0083798882681565
0.00692516158818113
-0.00229248061863729
-0.00643377757352959
0.00370027734966349
-0.00322589846885257
0.0115580218011107
0.00914081394610644
-0.00135874094202892
0.00453519294944171
0.00180591422121901
0.0639927866609831
-0.0127065644766385
0.00900905229554061
0.0127551020408163
0.00335852225020994
0.000836820083682133
-0.00167228260869567
0.000837562849144158
-0.00920502092050202
-0.00591211993243246
0.00169919279102837
-0.00678541136556388
0.0192143894107599
-0.000837913664100687
0.00880498951781972
-0.00415627614947123
0.047579342553395
0.00478083665338636
-0.00317208577208916
0.00357999218695282
0.000396353547364114
0.00396196513470692
-0.00552482241515384
0.00396817444570741
-0.00474304366573297
0.00913423351866571
-0.0019676898858717
0.00118288638868735
-0.00433233573581471
-0.00474687481222802
-0.027027027027027
0.0122549428104575
0.0012105729939238
-0.0104796457267089
0.0167006116782327
0.00160260423087366
-0.000800000000000023
-0.00880704563650914
-0.0113085621970921
0.00163398692810457
0.00693315660685156
-0.00202519230355636
0.00405848230756822
-0.0125303152789005
0.00900532132623821
-0.0146044219066936
0.00576364735431678
-0.0016373720835039
-0.0102501029212835
0.00538529434073309
-0.000824062628759781
0.00288659793814428
0.0106907894736841
0.00488205858421487
0.000404777311547422
-0.0105219753347623
0.0171779134078562
0.00201041407276192
-0.0116372792937399
-0.00852614732140267
0.00737100737100738
0.00203252032520318
-0.00527383367139955
0.00203915171288749
-0.00162796092796103
-0.00366897661357612
0.00736497514873258
-0.00609268862336754
0.0138945653410121
0.00846436954713292
-0.00639484412470015
0.0281576014417699
0.00704229292027736
0.00893547008547024
0.00808629218661117
0.00763938120702834
0.000758188049969188
0.00719696969696981
-0.00488909364422718
-0.00415718080714966
0.00607210626185961
-0.00452663145982657
-0.00037893142777301
0.00303260056984822
-0.00340128508697224
-0.00530910105009086
0.00724361418223407
0.00227100681302028
-0.0203927114803626
0.00771002283307554
0.0103290363553572
0.0147670957970465
-0.00485070913622043
0.0142481814773152
0.00776343836463744
0.00220102714600134
0.00146416544655925
-0.0120614030679312
0.0214576388657921
-0.000362223818825669
-0.00326086956521743
-0.00036350418029818
0.0123636363636364
0.00251436781609193
-0.00322465066284483
-0.00251617541337168
0.00612612612612629
-0.00358166189111753
-0.00251617541337168
0
0.0180180180180181
-0.00849557522123889
-0.00357015351660128
-0.00179143676101756
0.00861446487385265
-0.0135231672597865
0.00324675336388003
0.0111471417169053
-0.0106685984826245
-0.00359457225017967
-0.00324675336388003
0
-0.0115816146066455
0.0102526916972789
-0.00108738673432396
-0.00108846157795583
0.010533926242865
-0.00826743350107839
0.00688658934396513
-0.00323974070411304
0.00361141193169345
0.00503774720986883
-0.00716075904045821
-0.00396678687342233
0
-0.00144826207645687
-0.00580130529369094
-0.0134938366156091
-0.00147870615448076
-0.0144390596075529
-0.00525924097448371
0.0011329305135952
0.00867597133157294
0.00336574420344049
-0.00260901975400663
-0.00934230194319885
0.00226329686910587
-0.0116672939405343
0.00571210967250568
0.0102234002271866
-0.00787110194902541
0.00793354771188315
-0.00149928785607201
0.00938438473665104
0
0.0119003351394695
-0.0135979056816576
-0.00484355439642326
0.000374391627644854
0.00935628777531017
0.00296625891606439
0.00110909431087225
0.0173559453471197
-0.00181484580090185
0.00254545454545463
0.0235763148349655
0.0113395468228046
0.00875963529223411
0.00555748504489451
0.0020725042462002
0.00241296104791444
-0.00378270288858307
-0.0013807042243944
0.00207397165572076
-0.0103483615039669
0.00522826750685712
-0.00277392510402208
0.00312934631432538
-0.00346620450606594
-0.00243478260869567
0.00627618549511855
-0.00415803866396269
0.0149617258176757
0.0102845046280424
-0.015269732448922
0.00758097863542373
0.00649794801641601
0.00237852531430516
-0.0057627118644068
0.000340947834981398
-0.00238582140422627
0.00546634779637856
0.00033982330954796
