0.00643216080402009
0.00918711803475136
0.0146447855658973
-0.0111175931343866
0.0140039247730981
0.007586053297024
-0.00405403482729794
0.0164760418685792
0.00400463394364281
0.00949667580259539
0.00714951995674418
-0.00112082946237291
-0.00523661856673618
0.0156044560181323
-0.000555312847093758
-0.00444530452138148
0.0026046325581397
-0.00148446838902339
-0.00724777908850072
0.000374410347226073
-0.00112271708687717
0.00355936673736679
0.00448013813701698
-0.00278760448266857
-0.00260901975400663
0.00261584454409558
0.0137905702571748
-0.0012867646585748
-0.00368122570656271
-0.00295584698030948
-0.0114879190015209
0.0189316408221796
0.015636460345172
-0.000543361719676949
0.0163102935846322
0.00517113034339767
-0.00922478284947281
-0.024708989246517
0.000734294093367005
-0.0203631634695712
-0.011423239272538
-0.0306876864806273
0.0250147166314136
0.0314584741380652
-0.00166358601344119
-0.00092573600909962
0.00852481483552281
0.00220512687266172
-0.00201688665168887
0.00551166636046285
0.00200986661794267
-0.013311433260394
0.00277207535072876
-0.0315149108556916
-0.0352045296899054
0.00927015760808358
0.0150478997478172
-0.0223334621165473
-0.00787707774472379
-0.00714571244252249
-0.0193922630947622
-0.0371049752722727
0.00804575481685377
-0.00735145962294759
0.0101566656858512
0.0383325916073485
-0.0191648376033892
0.0055532703733705
-0.0118633260761573
-0.0248395772130082
0.0108256843382364
-0.0140696769019252
0.0164004256357737
0.0243084655425718
-0.00981994660761154
0.00289254120278737
0.0123608979736116
0.00142450145349016
0.00365779320580772
0.00587165429989178
0.0243558574879228
0.00609160947320908
0.00957027325058069
-0.00522346692248921
-0.00583428649686057
0.0129107983746244
-0.00888371975441704
0.0113016757599376
0.00366084764312724
0.00614321366865034
0.000190765121160119
0.0204121335525422
0.00448678240842093
-0.00111673180718397
-0.00204950631822265
-0.00933532469500886
-0.00207312472534626
-0.0324834932486593
0.0214718329104042
0.0334416192072762
-0.00998522522243994
0.00280160622335446
0.00279383503061714
-0.00222880757800892
-0.0249441544128043
0.0114547344128535
-0.00943752359380901
-0.0102896532012194
-0.0107816328606398
-0.00369797579412268
-0.00371164297151094
0.0125490000000001
-0.00232376069565765
0.00194097437888185
0.00464939954764421
-0.00462788267204228
-0.00193721429556781
0.0071816576086956
0.00462520725814608
0.00575482436687458
0.00438680144955161
0.00132928218761874
0.00910295846766562
0.0152227215790777
-0.017586079229915
0.00244961371773122
-0.013533853129063
0.0118139862804878
0.00225994358794512
-0.00601275824853897
-0.00189041580754579
0.00416668568497514
0.0139569596378726
-0.00818448691162532
0.00825202550637671
0.00762648837896163
-0.0151375305570438
-0.00993435838554291
0.0092768080272625
0.0133183077599268
-0.00092556460570159
-0.00426160822194555
0.00855971311649761
0.0073800183140218
-0.00659333357484748
0.00792765457493894
0.0120725082155664
-0.00795234021498858
-0.000910894532900275
0.0023705506929248
-0.0132799524598882
0.0116149885097718
-0.00583196657247975
-0.00861589383347194
0.00684169723218586
0.004958677594882
0.0166301166551512
-0.00539275561041241
0.0164467733075446
-0.0104907535387356
0.00628927201116714
0.0182142857142857
0.00333214661522274
-0.0017479112348876
-0.00805461376195737
0.00741390971177713
-0.00928682319957952
0.0038909974550585
-0.00933752675607924
0.0128045705139606
0.00772604025064028
-0.0127199688572918
-0.00829511118955162
0.00266953199269504
-0.025914075257366
0.00655978486589315
0.00796520608380868
-0.00556754669540227
-0.00523743914100483
-0.0105301739095798
-0.0311926788990826
0.0172348488112661
0.0158257683080574
0.0179618765036313
0.0066618471973019
0.00983722053299951
0.0377258419717648
0.00273084144051872
0.00170209361702134
0.00424808850460789
0.0209814220298283
-0.00778921113689102
-0.0195423086611376
-0.0126065074513372
0.00707384415241274
0.00942263165020774
-0.000678835732479177
-0.00713318602015645
-0.000342114272017024
0.000513381254506839
0.00461776971750005
-0.010895539295351
-0.00327018944131463
0.0143326195821101
-0.0187266421952113
-0.0126647989705899
0.00738010894394669
0.00453511234833037
0.00312554262892872
-0.003808222260689
-0.00955688982722658
-0.0292982105263158
-0.0312670149551052
-0.0608208604783902
-0.00913784266984508
0.0481154360842935
0.0221882177159185
-0.00299401203207361
0.00375377259297616
-0.0474944091249064
0.0159010800137629
0.000772966183574919
-0.0231705150961475
0.0209527969954535
-0.0149080536337637
0.00373425700207819
0.000587389857058973
-0.00234829754787858
0.0200078462142017
0.0113461538461539
-0.017874082525195
-0.0263310928816616
0.00835152101110537
-0.00650755287926552
-0.0051608176823974
-0.0197525542648155
0.0289028693486084
-0.0300692389726853
-0.00061184990030283
0.0124489999999999
0.00564398295416302
-0.000200400885957186
0.0256615672481642
-0.00195463252541039
0.00509202888578097
0.00643028059236173
-0.0052275118982571
-0.00194632148800467
-0.00136505462880354
-0.00956840479532128
0.044361197863541
-0.00528604860702198
0.00322645669437183
-0.000378376837336658
-0.0194927895533688
0.0135108470659941
0.0215197303949621
-0.00988064895377805
-0.00941442271861381
0.0402965018001045
-0.0195505207381692
-0.00913160641073418
0.0124130905553166
0.00613037316996556
-0.00609302067946815
0.00594464031415054
0.0317635630004225
-0.00286379099451917
0.00161550891429729
-0.0161289787836735
-0.0262295618859905
-0.00542463534277293
0.0097799702757182
-0.00372503266390456
0.027855635526056
0.00145509276100397
-0.00563023963621068
-0.00858449315068499
-0.00184228080033677
-0.00184566260612773
0.00240379059157592
-0.00221359531845777
0.0146053059715288
-0.0134840012120262
-0.0116365166537961
0.0295272296590257
-0.0125249228535125
-0.018566230935065
-0.0108634203195996
-0.0030297102247735
-0.0292497804653455
-0.000195715120412499
0.0277886899330213
0.0262757425742575
-0.0196660846135033
-0.0308478614685844
0.0113259521836739
0.00424786630145091
0.0119208426041468
0.00152000757134707
-0.00626063377462793
0.0114547344128535
-0.0128350509626274
-0.0105162334706737
-0.0119806570048309
-0.00528065704516612
-0.0145497834339405
-0.0510773753207776
-0.0300672827992582
0.0156079987945372
0.000640405576965097
-0.0360495299477489
0.00420451436611002
-0.0641251638579734
-0.0124794440197918
-0.0345731291028405
-0.00839713468030934
0.0226649801910346
-0.0367754983737092
0.0240202534518394
0.00148150617283949
-0.00419137070534092
0.0542214175345732
-0.00234856729222332
-0.0484934557438794
-0.00148433950936866
0.0106541127191746
-0.0227997052512943
-0.0514300037272953
-0.00793448802077512
-0.00266590256816346
-0.0649558941459503
0.0731847055460264
0.0359615866818972
0.0228850610153009
-0.0216189296535678
0.00179866401843087
0.0135931770406168
-0.0328947115384616
-0.0034013866195346
0.0139143869782095
0.0227861476640638
-0.016455746835443
0.0622909169776535
0.0230191664647443
0.0144481521921327
0
-0.00513660961304652
-0.0366111702273839
0.00243612673413218
0.00534622088232228
0.0391588841952835
-0.00744368423151032
-0.00187480674360463
-0.00845268842451297
0.0146814586786645
0.0161027545438859
0.00137797424487895
-0.00504580298375246
-0.0232826642857846
-0.010148690350453
-0.000476895576463909
-0.00477092102914689
0.0038350909914886
-0.00310413077592808
0.0172455329341319
-0.00965387309503485
-0.0130766283148684
0.00843177588204158
-0.0379837783568135
0.00496650111745711
0.016061230144274
0.0189689450138362
0.0560858684445886
0.0164971751412428
-0.00133397065362373
0.00422980873685685
0.0115273772660747
0.0243261226314677
-0.00299537856245702
0.00793997888154419
-0.00596129431634462
0.00878130239411656
0.00488331230927019
-0.012676990801733
-0.00962980954419002
0.0086430641452695
-0.0237789203084833
-0.0199692780337942
-0.00962830273175097
0.00406963599366938
-0.0117090970502137
0.0216450449224208
-0.00825153880463869
-0.0105689451187555
-0.02022725
0.00092788214038797
0.0127462103014502
0.0496567036691831
-0.0176585571759005
-0.00355079885595211
0.00467703765358407
0.0166260249029921
0.0235498904590081
-0.0176821051913529
0.0101930381654081
-0.000214727341574572
0.00794500751556804
0.000639156383450246
-0.0336385345190859
0.00771101581209543
-0.00437256211750936
0.000439174342574233
-0.0120720585585588
-0.0246610986296867
-0.0168565368174699
-0.0278035449490267
0.00119158725432755
0.00261844811323231
0.00854703249161992
0.00753293314500958
0.0028037150187783
-0.00559175235749076
0.0417056935332709
-0.093567253566515
-0.0451612666293119
0.050935524948025
0.0415430277335072
0.00641025656244687
-0.00518992699197762
-0.0329617990496467
0.00686616005066609
0.00560155855816946
0.0167110434315563
0.00738449261553109
0.0271931419438842
-0.00253215935847517
0.0258481178930017
-0.00269963998426004
0.00541389553738347
-0.00493610051604221
0.00270581748391518
-0.00764560360590061
0.00385220929408092
-0.00586902947785628
0.00249775198688118
0.00317098513381708
-0.00474145394577874
-0.00612524926836433
-0.00890214542565293
-0.00990317871502444
0.020935030428703
-0.00113918890724973
0.0428832344890511
0.00524929997267498
-0.00130541778297255
-0.00980394292793274
0.00616059392385915
-0.0032800787229389
0.0177708855738972
0.00495796518555647
0.00021454311914515
-0.00278792616796208
0.000645139784946069
0.00279391796247408
-0.00150021431633074
0.00150246834084555
0.0012859194170598
0.00834760256105294
0.00318397361103862
0.0135421927017432
-0.00334029213610476
-0.00795980276666097
0.00316716631826108
-0.004630541133679
0.00401774150945777
0.00652908593091817
-0.0129734879059742
0.0131440115812598
-0.018204707716997
-0.00362314593449042
0.00705886631016051
-0.0142311378831294
0.00387847446670997
-0.0010731702081993
0.00773530279898371
0.00447759042739482
0.000849097838057755
-0.0267232862471564
0.0104597953902765
0.010782833961243
-0.0228291022579283
0.0312227299393608
-0.00423461782765189
0.0153093985819563
0.0188482094240838
0.00863305206030618
0.00427958019156294
0.00547889621507514
-0.0113016551221323
-0.00591959559421928
-0.00472279251082552
0.00288838450818263
-0.000205780699325642
0.008024773992789
0.0100019999999184
0.00202105901374305
-0.000201734562253586
0.000201775267298698
0.000201653884564168
0.00846940915507166
-0.00159964013595848
-0.00741035449629479
-0.00827278030119494
-0.00427269565523114
-0.00817323269663339
-0.00721058905623007
-0.000415044623678029
0.0342537278079189
0.00180650341228406
0.0336605890603088
0.0391548943593718
-0.0145495054178416
0.0350179430241173
0.0140819495245061
-0.0147880971183391
0.0150100674535958
0.000180306579255163
0.00144251715547261
0.0100827689938285
0.0105169522465938
0.00158758161205808
-0.0230714692333825
0.000901370093719711
0.0156700108069163
0.0156056218408516
-0.0218264361795006
0.02249194930382
0.0111731670945037
0.0196823729172091
0.0184558242726749
-0.00182877799405567
-0.00816125902462916
0.00403026035315301
-0.00568656956536928
0.013120252092174
-0.00796945043997999
-0.00150627615062771
0.0191082634931279
-0.000822351987209702
-0.00427980246913584
0.00826582878935933
0.00163958020529353
-0.017187739400884
-0.0109926713692092
0.000842017500134462
0.0195187615682315
0.013533586400396
-0.0174238723334961
0.00348026184951933
-0.00545000834764664
0.000166041179574083
-0.0044828324755104
-0.0121747667140556
0.00675335134222532
-0.0209626023652087
-0.0169578962494364
-0.0127199688572918
-0.00970700670667135
-0.00766353577502155
0.0190373922413793
0.0167429849579492
-0.00572019424025305
-0.0043584378598599
-0.00875503399133193
-0.0137784664586033
0.00394047988749846
-0.00124886710524297
0.0317970346552341
-0.00207754508578761
-0.00780707855321094
-0.0152124325093973
0.0166903053977274
0.00646180602381441
0.0229047367186408
0.014927921714539
0.0111983616514002
-0.00198345454545457
-0.00347802246641238
0.00631545641733267
0.00115606938325463
0
-0.0174859455210483
0.00772328731156335
-0.00349881706097976
0.0289249284580348
-0.014787130081457
0.00610257288301885
-0.0118032950819673
0.00364965168629161
0.0100826611570248
0.00720009806578137
-0.000974768496746936
0.000650463468841567
-0.00146270114517633
-0.00976560888290379
0.00509536489151863
-0.0127555678575448
-0.0129203083140683
-0.0260110589025006
-0.00465198131199196
0.00484678899082569
0.000344547809552953
0.00447738935767172
0.0186867128857633
-0.000504863699254843
0.0188583771486508
-0.011403041196597
-0.00234035439652291
0
-0.00150804289544226
0.00503438496392006
-0.0076807314690388
-0.00252399461551411
-0.00421727402525762
-0.00880909721851753
-0.00803276390472629
0.01636803900124
-0.00966272216773267
-0.0118109897915437
0.0117789710722329
-0.0118130285909945
0.0297989946327271
0.0129542397872517
-0.00182695568554991
-0.0118136276809859
-0.00454621997888904
0.00575101498225683
0.00420450730246391
0.00887628552799002
-0.000498057752388426
0.000498305937523646
0.00431603571327899
-0.00446280991735537
0.00232440644197252
0.00546632442382511
0.0060955353196781
0.00573109546422135
0.0174211011859686
-0.0401664573478491
0.00166725575191728
0.0169772963722605
-0.000654615406043058
0.0106452340215324
0.00907472061375336
-0.00513889513409349
0.00193702983152488
-0.00692767842758168
-0.0178455226775719
0.00891973886819075
0.000491142747506723
0.00229093434313654
-0.00391839999999999
0.0142600070237668
0.0214931800017264
0.0196171178550406
-0.00201702104035795
0.00575251865671667
0.000463734720552278
-0.00957977426483658
-0.0032761155468366
0.0092346847587208
-0.00883999648697287
-0.00125172899389758
-0.00329003593012578
-0.00330083312324481
0.00583502602113239
0.00705556611877656
0.014790548896596
0.0276158791040195
-0.00149307249209873
0.0206340469782018
0.00278340161783164
-0.0119795476397171
0.00414027816680229
-0.00382862589729782
-0.0122690609824373
0.00149652798563316
0.00149430667944728
-0.00447621625527683
0.00164869601845474
0.000897755472160755
-0.00284051431963706
-0.00509739153361577
-0.0054249697796116
0.00151512121212116
0.0291982005808835
-0.000734911079449008
-0.00558995268064344
-0.0025147633880106
0.0151267536704729
0.016800599713686
-0.00258620697086787
-0.0185825559948879
0.0124762371558595
0.00086978830661999
-0.00231755500698794
-0.00653305777583002
-0.0176822884699694
-0.00624811058839458
0.0163173046564085
0.00117840626275445
-0.00382524637597104
-0.0163934576339309
-0.000300240249256567
-0.00946237580467479
0.0136467178307833
0.0056844429524141
0.00684216836938134
0.00236365778213443
-0.00058953575798204
-0.00486646526667056
0.00785416384762172
0.0002940302810166
0.0080847127456225
-0.0207057153483313
0.0023823107574561
-0.0187166072489602
0.00166515294172442
0.0232734025471784
0.0159504063794182
0.00872216879310694
-0.00216170921115022
-0.00288846051093183
0.0225955529751511
0.00779042514987038
0.00435694998293878
0.00419819485303941
-0.00501672226820726
-0.00784322106881741
0.00141171662403838
0.0188891593208582
0.00511902331376612
0.0012387611496556
0.0145725189599264
0.00447146323286729
-0.00094427361166638
0.0224142998221524
-0.00105655043506925
-0.00330512960477436
-0.0027855020929235
-0.0031923117850492
-0.0342940876889757
-0.00359267637449179
