0.0108140338216334
0.0184249916436807
-0.00671135982025761
0.00352525623273126
-0.00409834493055838
0.00529097411420087
-0.00409358918008962
0.00763363962562824
-0.0218531616465553
0.0107238358577693
0.0123784547346533
0.00291117025228416
-0.00290271994034319
0.000582234050456654
0.0110561219350958
-0.00374095863812329
-0.00259969374538715
-0.00955689455724529
0.0131579115458604
0.00230877225539294
0
0.00633460978641653
0.0200286089895436
-0.00224408216055605
-0.000843396427425369
-0.000844108345388173
-0.00168964293247642
0.00169250265762999
0.00957475184500267
0.0186889902774425
-0.00301200908521748
0.0112606019114911
-0.00461706580540255
-0.00381990365129337
0.0131470882255107
0.00135173385721776
-0.00161988402875102
-0.00486750218307541
0.0133152190233636
-0.0150174081491193
-0.00190584424148932
-0.0030004715873031
0.0150478239712504
-0.0140161290015325
0.00765439135738122
0
0.0018991226859193
-0.00189552285546279
0
0.0018991226859193
-0.00324941804428081
-0.0143982489090766
-0.0126791743542052
-0.0108877384236457
-0.00987868664515812
0.0236602647437087
0.021720900869785
-0.0122648684557808
-0.0154525502941513
0.00392375181680027
-0.0086543782590911
0.0233736833951763
-0.0030269282470341
0.00110404303980283
-0.000827119104761409
0.0256622013744605
-0.0110303615745367
0.00489663300637844
-0.0075798997616523
-0.00354608835262082
-0.0016424643085351
-0.0285165705629719
0.00903188508190467
0.00643355460973161
0.00778210714285721
0.00523993653815258
-0.00027434485359612
-0.00768386969211532
0.00746682365272755
-0.00713698794664364
0.0069118220710207
-0.043657327271323
-0.0307206857583302
-0.00562792710045645
0.0268096470617596
0.00145051782666283
0.000289683374433913
0.00521286510904906
0.000864293003991268
-0.00201494217555387
0.00894144280628884
0.00343056059134983
-0.00398862522430754
-0.0125858323752805
0.00984938362994114
-0.01721173802883
0.0023351293577949
-0.0125218644578736
-0.00973162977675823
0.0175699831350449
-0.00673107586501509
0.0144372440104101
0.00174268096760088
0.0017396120566755
-0.00549924222190978
0.0174621624350675
0.00257433721237188
-0.011982836065819
0.00895177064498265
-0.00543793306687412
0.0578417524131467
0.00380850787450515
-0.0100271437960934
0.00903365922664667
0.0260445035325998
0.00581705445783909
-0.00210308963114791
-0.00105372711791851
-0.000791095085359572
-0.00105567376831783
-0.00660506950644524
0.00505319421613293
-0.00582163832571203
-0.00505719498419732
-0.0021402227848919
0.00938335949783986
-0.00106240321970164
-0.00239294952160485
-0.000266521051601187
0.000266592104009034
-0.00453089212562141
-0.00963860055902144
-0.0156798834655411
-0.00714090824052027
0.0113416622660305
0.0153172275085731
-0.00296335821740035
0.00513378513299756
0.0043010883431609
0.00401497135010742
-0.00373232371365884
0.00829541918662069
-0.00583866743593875
0.0125466905915874
0.0147640845980601
0.000779413078515478
0.000259602022293803
0.00960288197516879
-0.000514132142861778
-0.000771594916040175
-0.0105534387509628
0.00676383370735611
0
-0.00232561753380145
0.00673401917255978
-0.0182659759601524
0.0044549022428535
-0.0109574996562046
-0.0129253172968765
0.00721540195070691
0.00716364469495145
0.00184409015920495
0.00447016456751226
-0.00235605754875756
-0.00183676440028646
0.0152470789136263
0.00466083685244323
0.00824744780954356
0.108640044678056
-0.00714782356052379
0.00766374491800548
0.010832055416284
-0.000228112387861912
0.00342079617138547
-0.012954552324251
0.00667741395744326
0.0201281202618933
-0.000896849306843195
0.00134648155131112
0.0194980171488459
-0.0184656383277431
-0.00291149628046461
0.00696315837052763
-0.00245376802084873
0
-0.00648482498885972
0.00427645010506472
-0.0040341281249231
-0.00337526489391404
-0.00609622087864115
0.00318033124451267
-0.00362314148936116
-0.00749999014346581
-0.00320582045263318
0.00941875730321584
0.004324022016021
0.00702469608205436
-0.0085508310630894
0.000226960286353828
0.00226908787070479
0.0131311180963938
0.00491622345412468
0.00400273070357637
-0.00354381062784015
-0.000444537454694194
-0.00622637790961267
-0.00559413494829097
0.0182268757241861
-0.00265198440347947
-0.00642579753928618
-0.00691346594261522
-0.0130249591255744
-0.0218429823577835
-0.0348918887299435
-0.0277175032892315
0.0359444507940561
0.00263217450663267
-0.00405719605868715
-0.00119816316136945
-0.0194338360525665
0.00562762095436042
0.015085180804814
-0.0117450290259992
0.0123696915519929
-0.014614304056915
0.000486256748436942
0.0126367494514783
-0.00791938649840951
0.0125785457785279
0.0148112986930145
0.00635594047074006
-0.0123976801827027
0.00426341831316801
-0.0707547365660599
0.00253810334909499
0.0397468387373818
0.0112003376605743
-0.0267275987099256
-0.00890652480504528
0.011233132650718
0.00987413565825612
0.0224883479932014
0.0126703830805399
-0.0106233035596168
-0.0231447799868918
0.0202735587362706
-0.000239372400697602
0.00670498588300128
-0.0126070907178806
-0.0190314975457303
0.0149803477370194
0.00871039076217794
-0.00239874876944068
-0.0125029363595606
0.00560021576235359
0.0263922188865808
-0.0261854746377407
0.00218029771160411
-0.02054633279114
-0.00197427634154146
0.00642922595783824
-0.00368551900630276
0.00887797186366424
0.00122217916901612
0.00146482472455478
0.0058507912586665
-0.0138148095041918
0.015482971317972
-0.00411427008317022
-0.00631832788491238
-0.0410858711847379
-0.00943634412674366
0.0239444067447148
-0.0103093056647885
0.0398882154464444
0.00415344149561059
-0.00608273974254225
0.0181150084761244
-0.000961757205308111
0.0014441483154175
0.000961294820394309
-0.0172869668333958
-0.000977265577760233
-0.0019564745458126
-0.0198480702407887
0.0287499793195314
-0.00923448161850415
-0.00515084219818895
-0.00394475349179579
-0.00198023581021312
-0.0250495961556064
-0.000508769773505224
0.00814455814773707
0.030042916923372
-0.00416667545904803
-0.000984481419004424
0.00985461075185023
0.0107343428749993
0.02389572735172
-0.00683639996070484
0.0056966707000965
0.00778851926967716
-0.00257607892150991
-0.0100963161624876
-0.0147059047640643
0.000722186113603751
0.0052923022746727
-0.0342186990719956
0.00495543253176844
-0.00912232759369835
0.0124409040670586
-0.0285082103417142
0.0126486193677877
-0.0247314508901925
-0.00435451741189796
-0.00437352910558086
0.0142118341392419
0.0254777695646904
-0.0290683593803625
0.010747210081818
-0.00405064526518173
0.0195729605949231
0.0381451494470046
0.00816521173753015
-0.0254883627306917
0.00537765116449695
-0.026744464830459
-0.0159880258416293
-0.00660060698716392
0.0145667699669141
0.0136020651406974
0.000497011417084137
0.0332835738957971
0.00408657823909842
-0.00167579138712204
0.00143883016562363
0.00191565310600894
0.0016730184694187
0.000238603450508856
0.00143140180941015
0.0119103700597827
-0.00941616441103499
-0.00047527898821631
0.0106989538340385
0.00588098360450573
0.00771748294820607
0.00487357660301524
-0.0106236259143717
-0.00140054207565299
0.0109865099627451
0.00346816285622831
0.0105991478318186
-0.00205207396232154
0.00731093677412331
-0.0040825054545468
-0.0054657419622316
-0.0093885624584148
-0.00277400774819914
-0.00463597875645294
0.00861665177973991
0.0175478598697891
0.00476520116111279
0.00361329336522997
0.0114762013593936
-0.00734148081454988
0.0255490077450189
-0.00764858662769263
-0.00704689953059734
0.00754046232585925
0.0145278265447353
0.00108493150746036
-0.00975299371012861
0.0135697298425919
-0.0129561909613803
-0.0105009327143781
0.00906474729394269
0.000219103203437099
-0.00788607192549107
0.00220796424221481
-0.0207094219407912
0.00292471217877677
-0.000672938742454776
0.0011223198232484
0.00627803158287921
-0.00423354233002615
-0.00290889036554787
0.00763014863665989
-0.0126948839114139
0.0101510940254457
0.00223319691710189
0.00245094846196703
0.0153367135583609
0.0144483457973368
-0.0110055510670214
0.0130918868052712
-0.0118458283500262
-0.00392333905281572
-0.0225382541280768
0.00111930489986301
0
-0.00760287844600971
-0.00090129520359683
0.00563829260650284
0.00291541391897909
0.0163237528804747
-0.00352030645032131
0.00905273851120891
0
0.0105033429543377
0.00714594104738442
-0.00451518216014424
0.00777536023851377
0.00171450840775855
0.00877200868466499
-0.00424183530372113
-0.0102235916481731
0.00322784691991984
-0.00278846658731202
0.0118304300874743
-0.00361387146644798
0.0044805018183971
0.0080713444631213
-0.00126420603883381
0.0107594346987017
-0.0200375785396252
0.000212989782073958
0.00298133143407253
0.0106156546605474
0.00441178840660572
0.0121313836023036
-0.0136391896995848
-0.00481879023701559
0.00484212341404966
0.0119420998886226
-0.0039336698401734
-0.00810639724848139
0.00963951901472693
-0.00166041840538167
-0.00249487683075089
0.00166744691541054
-0.00603415222891068
-0.00690809207819698
-0.00927494229215231
0.0068085317660489
0.0010565948009853
-0.0151994594373328
-0.0143622511779236
0.00935185443694331
0.00754157422335866
0.00320780062011417
-0.00362399590027196
0.00427901722733104
-0.00276942965763649
-0.0106815311961669
0.0073418147219213
0.000214359491113703
-0.00642948914804253
-0.00452970828060018
0.00931740523675217
-0.00644053149343848
-0.0103715993452165
0.0111353100728706
0.0118765245674743
0.00170716331540643
0.00234338672023915
-0.0170031318496922
-0.000432426809595321
-0.00346099445490411
-0.000651174536615562
0.0115117469907513
-0.00515354811900093
0.00604360501833989
-0.0126582288950327
0.0134723959126948
-0.00493140802638459
-0.0122817597274171
-0.0209424157152579
-0.0347593635711271
0.0263157137550438
-0.010571249872107
-0.00386455206123903
-0.00365125344980854
-0.00939071281121451
-0.00115617312933491
-0.0115740135505045
0.0128806052632879
0.0078612582737283
-0.000917629704222933
-0.0117107016919984
0.00464686922772595
-0.00254402647836893
0.0723394845597547
0.0185946306504365
0.00891527019640237
-0.000841562798987838
-0.0071593899743323
-0.00063625894349062
-0.00615450073688428
0.0117445099591063
-0.00844235289752726
0.0051086000091356
-0.00635326636275491
0.0134271273802558
-0.00105151104244694
0.0185263452455178
-0.0109549831158496
-0.00773247744724304
0.0111625306564378
-0.00666527201826583
0.00314535355271528
0.00438968248144245
-0.0122789031251251
0.0132743529357742
0.00187146655074844
-0.0122457724354116
0.000840501796421478
-0.0115472751996586
-0.0110450766952269
0.0322165452416181
0.0129005330904866
-0.0172555853810932
-0.0786894085164341
0.0183673766287864
0.0160321213856283
0.00929833703587857
0.0125628140703518
0.00689274882823265
0.00766700438116086
0.00652179365548333
0.0137688441207116
-0.0101198671137115
0.0145278727214353
-0.0013258817641445
0.0015932288900693
-0.0273065210152037
-0.00599612989904952
0.0115162596239029
0.00704806199642349
0.0126513317549755
0.00451892622325678
-0.0029108493540394
0.0201698248407642
0.00468262239028672
-0.00543757134742551
-0.0174433220515491
0.0180179110748326
-0.000260229060917827
-0.00130171830252535
-0.00338897280007888
-0.00601621763013327
0.0339473947368421
0.012216823308302
0.00201151621825479
-0.00777909700271506
0.00606975199621274
-0.00578180004479123
0.0053097093630774
-0.0168510571856668
-0.00358145305704793
-0.00539150178712455
-0.00774401095797561
-0.00390213329610134
0.00914071535281513
-0.00336441520094244
0
0.00259680615927316
0.00284900277521372
-0.000774845021310866
0.0113724996477771
-0.00613345243717212
0.00822833654482746
0.000255087994263992
-0.00688424255777054
0.0010269832855716
0.000769376723807502
0.00179395181957975
-0.00383732412381688
0.00770423748598437
0.00331286935204544
-0.00355598180228567
0.00790214121845523
-0.000505842172335624
0.00531376518218618
0.00276868864837665
-0.00200808232931726
0.000754602653651792
0.00376974104624939
-0.000250350532056909
-0.00801399949912351
0.0148952281016101
0.00696514908046875
0.000494071146245112
0.0162962962962963
-0.00655979105928073
0.00782587448828265
0
-0.00339720949762712
0.00194794253713182
0.00243008493656927
-0.0121212121212121
-0.0107975214723927
0.00644998743612035
0.00838057678087245
0.00268882913713053
0.00536328620185267
0.00630450987853992
-0.000481927710843433
-0.00144652844744453
-0.0144857080871902
-0.000734909358157898
-0.00759992626624351
-0.00321151185770741
0.00297405219202251
-0.00815423750545496
0.00149481817376218
0.00970146742036149
-0.00763737373737394
0.0014895978522742
0.000247843331680597
-0.00322173498001155
0.0044754101323865
0.00198014841682426
0.000247084980237178
0.00197574700045711
-0.00172541286665029
0.00296293827160499
-0.0073854999356352
0.00347219742063509
0.00815625329105907
-0.00759992626624351
0.0059288784584981
-0.00147350192845053
0.00664043285784555
-0.039091082335695
-0.00813638402560968
-0.00512681390037506
-0.000773048163539181
-0.0126353278142168
-0.00887960279760758
-0.00500666653473858
-0.00158890368585307
0.00106103445461447
-0.00238473755247803
-0.00956177904054301
0.00831314002914629
-0.00292542568752274
-0.000800293368882543
0.0104110787616412
-0.00739756974359684
0.0013308224647326
0.00159492295573949
0.00106159766454361
0.00901378555106613
0.00840777697299577
0.00416883782780508
0.00726515289919183
0.00540955692941769
-0.0130668463506749
0.000519236760124331
0.0365853649043757
-0.00901128888582503
0.00505180601161892
-0.00879622998752871
-0.000253524347198941
-0.00811562262236887
-0.00894919435057018
-0.00154791029658985
0.0072351160921158
-0.000513109286813584
0.00770017986910121
-0.0318390235272045
-0.0128912924436355
0.00666311300639655
-0.00238284352660856
-0.0156581740976645
0.00377460231868421
0.0112812785388128
-0.0172643284321738
0.00999997297297295
-0.0345195888284611
-0.00886928997398606
-0.00727063799052796
-0.0166197183098592
-0.0223431395015754
-0.0208029000643745
-0.00568515892789712
-0.00481492627144131
0.0093740852736619
0.00419409813678562
0.00179003579952264
-0.00297802245515066
-0.00477897252090786
0.0159063025210084
-0.00295415083924078
0.00385188148148141
-0.0011806670253639
0.0094562647754135
-0.00966036299765793
0.0153708533626453
-0.00320221270464127
0
-0.0119742983659872
0.0112325444142747
0.00292318044206885
-0.00961821598314738
0.00559146556798118
0.000585338050063777
0.00584966381543328
-0.00959575485884734
0.0217263058800263
0.0025862069708682
0.000286701068692885
0.00687670447697974
-0.0119521346599925
-0.00748853665067584
0.00116079515846756
0.000289797101449274
-0.00840327490021875
-0.0289304784064737
-0.00270842612097488
-0.018406759758804
-0.00307405481322021
0.00955911193339487
-0.00855232079704804
0.0129390638613389
0.0246349749198609
0.0163254086175544
0.00408875560229238
0.00349037220795889
0.00724637681159424
0.00201438848920854
-0.00258472142446875
-0.00719838756118629
0.0153711716937357
-0.00342756374907538
-0.0206363147215912
-0.013754668642357
-0.00830869411546908
-0.00807887540866992
0.00965306125773391
-0.00328652514829642
-0.000599550341739863
0.0182963707258548
-0.00618553737303285
-0.0118554231265308
0.00209958008398292
0.0164621071535471
0.00412246773034353
-0.000586392996269391
-0.0181925752234403
0.00777053221071533
0.00207591927414219
0.0236756133863389
-0.00751656548135304
