0.0194123234537178
-0.0107312358527754
0.0197809211930333
-0.0137657629968273
0.049698604208523
0.00171255167863049
-0.00905069370372702
0.0265882177127235
-0.00958878965643373
-0.00029941111289733
0.012480031450478
-0.0117345720645076
-0.0160646575926496
0.00811279780840901
0.0150890246418258
0.00842332738387364
0.00442214024327559
0.00313080914911268
0.00448648204902447
-0.0182541706622812
0.00227470079839098
0.00355240787655053
0.00334320560501111
-0.0072520383452368
0.00779854863380414
0.0427074264945606
-0.00460308138853216
0.00264249719368159
-0.00423566461287017
-0.0490594853099586
-0.0159045530000905
0.00515153535353541
0.00673297142532481
-0.00509085645837493
-0.00892945738796946
-0.0357359691813725
0.00209970603674536
-0.0254583559599273
-0.0035475705293776
-0.0236271653117454
-0.00828729281767959
-0.00456828969359335
0.00458925473871741
0.0216156211699166
0.000218093571423328
0.00665141213228004
0.012781629116118
0.00235295187165763
0.00544176263933238
-0.00551845466883838
-0.0119517982280631
-0.0114482886466482
0.00382386107094779
-0.0527862228815702
-0.00643453988779208
0.0154966691858833
0.0102494137398796
-0.0119490137746479
-0.00867088400066429
-0.00598453223598272
-0.00347346288734074
-0.0203322876728245
-0.00545539611005685
0.00131170997720353
0.0166726447937044
0.0169848535673589
-0.0139368693849343
0.00490594550980106
-0.0718354187124889
0.00200380718857374
-0.000125009370703477
-0.00037498750000009
0.0108790169953856
0.0380999771449766
-0.0234747503211333
0.0197681886431307
-0.00430777791073345
0.0175459562257658
-0.00909408312493409
-0.00584026207770527
0.0014386164038549
0.0191547709703672
0.00293668517338252
-0.0067930899552503
-0.0176886786195043
0.0136854616920001
-0.011250639240866
0.0120972814013003
0.00769233136094671
-0.0158543625166326
-0.0107398683506014
0.00120624846305795
-0.00192775903614462
-0.0133992401448209
-0.00269180217698017
-0.0177892769527843
0.00936797425350933
-0.0111371615180585
-0.00262804391800564
0.00614811817370597
-0.0119715547581606
0.00933987090723698
-0.0190071774539555
0.0367113462094841
-0.0152465998955711
0.0137346242344676
-0.00123175264855901
-0.00752241990491653
-0.00770380189970921
0.000250388176178618
-0.00262893099507744
0.0213380826242771
-0.0164680342951443
-0.0048731726211817
0.0075338900996218
0.0155782655926786
-0.0116578356033338
-0.00124160663966211
0.00298356531617183
0.0237976945959344
-0.00556899529222743
0.0104699416906493
0.0260241445783134
-0.00962902726026182
-0.0125681414545004
0.0158501322748574
-0.00803782524912111
0.0113203649027731
-0.000942641653965737
-0.0022408656416929
0.0086288890928814
0.0101956519349431
0.0150812418241733
-0.00708574857142852
0.00564003242311339
-0.000801190312423317
-0.00343646036300826
-0.000114965517241328
-0.00643749871105859
0.0101816267499708
0.0167220138981106
-0.00687161226331912
0.00317602072704082
0.00339208495268917
-0.00349332890451493
-0.00158316182291085
-0.0118926604157588
0.00790923906256857
0.0159217786875923
-0.00783616908460372
-0.00891347203814086
0.000910769622530561
-0.0217242498117437
-0.00802234605226504
0.00246131036099406
0.00748274298471574
0.000696356056547609
-0.0088136608321816
0.00678603010663359
0.00116210338772449
0.0067324548640173
0.0201775618525
-0.00350367302767829
-0.00362935246975971
-0.008195799845095
-0.00619764740724138
0.00762217381324293
0.00217767335243568
0.000914855880264076
0.00856947012920939
0.00203919798479202
-0.00316561910115143
-0.016445469353419
0.00115312498670295
-0.0175074521999538
-0.00562723309634594
-0.0102570502240037
0.00512209666904462
-0.0145768552231639
0.0101021765459488
-0.0204786408019678
-0.00704989693873448
0.00563104405359161
0.0181375162961044
0.00980392168584299
-0.00355191810977873
-0.00475287524938806
-0.00716329973344554
-0.0109428085164595
-0.0003647294832827
-0.0299197150338152
-0.036108386757563
-0.0101456689703046
-0.0102496454730525
0.0326606346255975
-0.00578551048837128
0.0131901716490321
0.00357369504974336
-0.0174233123778449
-0.00854263503643193
0.00365533952102726
0.00754425107482759
-0.00219465533429708
0.0371329145150354
-0.0264471418938551
0.0112762299938975
-0.0146983784768977
0.00938780840051923
0.000637062062353477
0.00356504961083437
-0.0178888099467139
-0.0129182269516482
-0.0184531334404852
-0.0290666666666668
-0.0104367206811316
0.025118027341605
0.0242317710478501
0.00383284410082774
0.00645167899084997
-0.0201465196194004
0.0160213079834097
-0.021682011082313
-0.0181329624499514
0.0164159375216399
-0.0180350463781275
-0.00740132959705753
0.00289973772161667
0.00192757821537559
0.0248729569138224
0.0142128851109444
-0.0208884323226922
-0.029705604366881
0.00417482599255736
-0.00665193976430478
-0.0206473632812502
-0.0626779798865232
-0.012462005510851
-0.0183133571108022
0.00815170076576721
0.0163272124499212
-0.0148409116456408
0.0203447432884725
0.052968084610415
0.0237062734894475
-0.00621297656029351
0.0207445163716047
-0.007516606765958
-0.0112202379570728
-0.00468087943262396
0.00769561087916792
0.00169711500066616
-0.0162360859456137
-0.00588408438576349
0.0144362645201213
-0.00853848051252937
0.0173675762126475
0.0122743092102557
-0.00320561672473862
-0.0157997489848888
0.0224463989550561
0
0.0141725300240028
0.0184956574461066
0.00551525453404644
-0.00267554515050161
-0.00442658600563717
-0.00511998106817591
-0.0264084115064145
0.00751148988053263
-0.00717929034930287
-0.0451953806037891
0.0141274824277611
0.0109148647529025
-0.0142065636341322
0.0134025221703777
-0.00426625426621141
0.0159954591257694
-0.00168684286880572
0.00535067609197437
0.00126044814396509
-0.00377671013503178
0.0200786433575029
-0.0150034958016932
-0.00740635850772364
-0.019569196389824
0.00488230908791354
-0.0231494988646971
-0.0266237561933329
-0.00946794395148876
0.00713082948682575
-0.0143114950728304
0.0105456671251718
0.00952808486714685
0.0145318501872658
-0.0416420401411394
0.00323573179550896
0.00199657499621297
0.0485899156526646
0.0216341896427896
-0.0072972100056834
-0.0115306289217627
0.00889472123375001
-0.00722647760582518
-0.0106275000545205
0.000441421430862565
-0.0104426977626915
-0.015755024015384
-0.0344307152758877
-0.0101657492988075
-0.0287565171629559
0.00211480393501207
-0.0115259581664272
0.0226638367985521
-0.0385418500080296
-0.0140303994326108
-0.00372688469806681
0.0149634073293079
0.0216116773598873
-0.0503443752049852
0.0215852184424106
-0.0141987829614604
0.0473251371742112
0.0189914859531275
0.00739072919695616
-0.0323764428648096
0.0428548225763912
0.0425161846056581
0.00242577323265269
-0.023291000153161
-0.0100650662723732
-0.0279993899577663
-0.0117476506557396
0.0283341801009609
0.032620695720643
0.031436942668869
-0.0169491371707067
-0.0105868869969651
0.0288902485139175
-0.0227306350536511
0.00152018853025515
0.00895573811273853
0.00601778236771811
0.0124120526807812
0.0205317438935781
0.00419743836719877
0.0341597449189857
0.0151915818815331
0.0264964457164441
-0.0406579393068587
0.00195176347615655
-0.00709617335065371
0.0201793999414324
-0.000961538421914709
-0.00398736405936884
0.0262285194304659
0.0209847468918347
-0.00566536216955571
0.00556509864098187
-0.00448011601634091
-0.0247518587126991
0.0218512622149836
0.000398446003473829
0.00916093998937884
0.00657808165825324
0.000392092526673826
0.0032662659620295
-0.0139341058219287
-0.00633918375146347
-0.000265776189946276
-0.013959093140666
0.00242685728534053
0.00376595840661631
0.0196971869099767
0.0398160194432595
-0.00101091877963799
0.00151796325675035
0.00101050905672628
0.0143848454258675
-0.0080855953238661
-0.0135439431538485
-0.00432245083536997
-0.0195352272727272
0.0111993877952938
0.0132646229680715
-0.0118200305033046
-0.000385839228295826
0.00154393976397404
-0.0190132974826978
-0.027763265744326
-0.0195312101166812
0.00783074587401078
-0.0351690562272483
0.0244419754795417
-0.00110332364906007
-0.010078738091951
-0.0227335713835526
0.00899096617668049
0.00495058012520144
-0.00647441211226973
-0.0164328667761929
0.00633736137116503
0.00758550132021618
0.00980105085792471
0.0208187379838929
-0.00675207385972165
-0.00166485844437125
0.00764317687108362
-0.00330995715597959
0.0186800339842272
0.0192882089396276
0.0183901516739053
0.0051033762131214
0.0169249190710825
-0.0121622966052708
-0.014644957768535
-0.0105221098319364
-0.0049182770868692
0.00280522304561548
-0.00106569868123074
0.0125350316718238
0.00658501251152388
0.000785005887740331
-0.000784390136864599
0.0234201360722228
-0.0663513415194151
-0.0225934824400039
0.0159708608561584
0.0235797858623739
0.0212851264467819
0.00844214505849217
-0.0270765216642193
0.00605008091086634
0.00294001061232119
0.0309127236144147
0.00555770949110612
0.0257069398827658
-0.0013784585947948
0.00464294128139175
0.00799399220569552
-0.0109045481129324
-0.00100228013029302
-0.000626987725783401
0.00401556019536797
-0.00787407804339257
-0.00869230317557201
0.0515948392020626
0.0163141752265861
-0.0140309159103665
-0.00192952247779854
-0.00978739705685372
-0.00866380751667384
0.00972428630537392
-0.00316959652772886
0.00966125753924141
0.010658963436506
-0.00731064220252553
-0.00217312562662975
0.007138487425566
-0.00288320525908714
0.0138554457831326
0.00166368385826066
0.00142369199876979
-0.0122024280439555
0.00551689873531647
-0.0029818703712724
0.00502459648400988
-0.0102368763186078
-0.00372827411357124
-0.0021727668842475
0.00532293707607367
-0.00746083050447244
-0.00642587270516948
-0.00610128149242029
0.00294665449772835
0.00477414604543624
0.0199804941525221
-0.00215002386347307
-0.0329183620670533
0.0139868422578682
-0.0206298222810016
0.00984661561087075
0.0124660829103709
0.000243862004679629
-0.0020719804239373
-0.00219833911327583
0.0216646764381154
0.000359398582012727
-0.0126945868263473
-0.000849090226853866
0.00619150153484882
0.044763503068177
0.0101628945680976
0.0148621925818888
-0.00551986049971365
-0.00872221351067304
0.0218260308118838
-0.0014537799475236
-0.00918355908630808
-0.00282581662907411
-0.00850147349238861
0.00125758544349397
-0.00696507177517536
0.00804871785617212
-0.00433440183265432
-0.00080192460989903
0.00894289143610538
-0.0155682159090909
-0.00346294598163277
-0.00393842224166741
-0.0175601236785702
-0.00414306329984382
-0.013312671341234
0.0104806044939019
-0.00500712941131853
-0.0146177931298561
-0.0137402362290914
0.00197258042198767
0.0127968627831989
0.0174948613168477
0.0111044776119404
0.0769957132735002
0.0246710534431267
-0.00470834686062105
0.0124717339539462
0.00286719768221722
-0.0115417617208438
-0.00610604190907427
-0.00474243376527739
0.00606460931620578
0.00775027970397679
0.0273445515698179
-0.00384697442295712
-0.00949792317081555
-0.00906218105243028
0.0161633026779742
0.00711594824436901
-0.0114297487828293
-0.00725249114202753
0.00815250422930136
0.0221592205192267
-0.0108908350787869
-0.00768669391357724
-0.0047105307726425
0.00988635864774179
-0.0237450434413157
0.00842757645461023
-0.0206283404276775
0.0014041585352309
0.0175816742269623
-0.00551193578596298
0.00319764442549575
0.00212491493439493
0.00243853901611546
-0.014806990540233
0.00150294145994767
-0.00589562647769726
0.0134785424515536
-0.00446853930138402
-0.00609169605642823
0.000430118279569847
-0.0072011822097896
0.0158059862789004
0.00873920902186498
-0.00697310075070046
0.00521337387410092
-0.00963169952481902
-0.00256490328096615
0.00053567983422953
0.0128507714559039
-0.00126879887357156
0.0188439447262752
0.0198462597640536
-0.00947530291441057
0.0182060993807232
-0.022224437260823
-0.0116747286736778
-0.00574956070459709
-0.0140889915456944
-0.00522553072066323
-0.00439532594763437
0.00473775154287437
-0.00428672177230127
0.0113012049811125
0.0250106324500918
0.0227390929859641
-0.0041624771573604
0.00948109937735153
-0.00767516686553726
0.00600443708519371
-0.00758725356777445
0.00101935781894702
-0.0269856831054689
-0.00073260070959924
0.0205278481191502
-0.00800490541861854
0.0198634173447789
-0.0428078810548208
0.00805428138984432
0.00567704986300299
0.00282245440842765
-0.028145491504222
-0.0197361787063334
0.0100667360768874
0.00357492153775163
-0.00841966762111046
0.0163291964257652
-0.00546275701089594
0.000646268188395638
0.0268001064772314
-0.0311320957833942
0
-0.00216376717515965
-0.000867407539821841
-0.00694519789592629
0.0157359301554818
-0.000968219504084544
0.00387680374890365
-0.00493455261816611
-0.00528250312025647
0.0201582319331819
0.00116860728254342
0.0167657261622607
-0.00313090169066987
0.016959820465656
-0.000411787115624729
-0.0230689706090417
-0.0185536894523119
0.0111707950842277
0.00265561931862779
-0.00974677412593261
0.0127313896145138
-0.00359184434431259
0.026399469889737
0.0786075834853339
0.00229846777051268
-0.0189184399419667
-0.0040903583950137
-0.00254255813529125
-0.00480390196078428
0.000295527528410444
-0.0211739410953916
0.00251534362124306
-0.00270971500110118
-0.000805092055798706
0.0107765131354969
0.00627737140018558
-0.00277254189073262
0.0169794361729665
-0.000781116984595265
-0.0214969424075412
0.000798901545824737
0.0220514765311168
-0.00136677731133461
0.0130999705435528
0.00308790899607958
0.0102934105904784
0.00609414414666176
-0.00179824903281289
-0.000379264242161059
0.00208671156217388
0.00283951722026465
-0.00707881096023055
-0.00617865036631127
-0.00994740287094975
0.0144913532124171
0.00866580309178544
0.00141618205090976
-0.00301687564815678
-0.00983452482269509
0.0161398435310844
0.0112781576827414
-0.00102230485171573
-0.00418640811585091
-0.0333520176256352
0.00357586736661974
0.00260020233436831
0.00134472191581292
-0.00306954436450835
0.0242470605215048
-0.00760918762637441
0.0172283227681589
-0.00455981764898394
0.0048611479399725
-0.00911709013149298
0.0038493661844079
0.00860454561549839
0.00370921749663267
0.00665189406230393
-0.00449704482835023
0.00276570477767413
0.000643550629131573
-0.0162623673745818
0.00728493508919414
-0.00491421427750061
-0.00680212448751394
0.014917009660081
0.0587909132926603
-0.00890522080578648
0.00748772042338941
-0.00236080259611426
-0.00131464507124712
-0.00745940344342433
-8.84350148264712e-05
0.00415599979329739
0.00695667500804298
0.00314823792126351
-0.00261524716777306
-0.000611904532404339
-0.0104075042997203
-0.00265138307288759
0.00762074448596795
-0.000527631699301923
0.00413551246571897
-0.00858748663019215
0.0068941047100417
-0.00280898881336011
0.0195422714708147
-0.00923847349335172
0.00026142919389982
0.00496601328599078
-0.0024273775886845
0.00816895802554973
0.0132747260878421
-0.00051046361946927
0.00672398513446226
0.000169124113705843
-0.0111580724135739
0.00675323969687369
0.000424581822821901
0.00891192497029381
0.0174139728085985
-0.0108318585938175
0.00710529149306915
0.00738711800994896
0.0202685914080434
0.00734875220304043
0.000881834229306211
-0.000480552670893863
-0.00288485453253584
-0.000884031182190936
0.0015283301158302
8.02746754433592e-05
0.00570194360027165
-0.00415239149998259
8.02020694428141e-05
0.00633419654959755
0.00979998390885206
-0.00268262589052592
0.0041930220855535
-0.000393941542582543
0.0103247559187756
0.00319840856231535
0.010808700895395
0.00553890277948677
