0.0164205502607957
0.00458842362500311
0.0153202118306295
-0.00805999085454512
-0.00415716191070148
0.014231498781186
0.0118802242866189
0.00804292332519041
-0.00614451571767693
0.00544427409492654
0.0031204478994169
-0.00457456529072553
0.00854779388195404
0.00701719656382416
0.00208147511312218
0.000722432925428507
0.00631715560539958
-0.0043942694934217
-0.00225184657499133
-0.00108328070100072
-0.000271116127047222
0.00470074114895835
0.00080982545267072
0.00979948728401991
0.00320512820512842
-0.00106498047568349
0.00737385407558389
0.00141109446521814
0.00422717734318323
0.00271855654405462
0.0046353596164197
0.000957604223271513
0.00608798905667118
0.00389001556016599
-0.000516636541375348
0.0130094081157921
-0.0129274023996019
-0.0102532743452227
0.0019151475080923
-0.0153792341777473
-0.0151782739145782
-0.00770609332806615
0.0176088498755438
0.0164167092658318
0.00139685698099479
0.00557976474925281
0.00754294286606361
-0.00154892007184337
0.00155132294709404
0.00223734620288574
-0.00171721471866382
-0.0119549327931951
-0.00383004014180111
-0.0163404575962871
-0.00879451008261523
0.0142498294631686
0.016170381128751
-0.0141738869565218
-0.0120843518015961
0.00151783928571425
-0.0206828924076472
-0.00027308147971028
0.0175742123474778
-0.011454129753915
0.000633656190516474
0.0261443728411039
-0.00484883187869178
0.000177223604993504
-0.0141718243725097
-0.0179694514473643
0.00759372348782095
-0.0197039685745203
0.0125046221980791
0.0155521364111635
0.00549500935960712
0.0132592273805978
-0.00194519013165673
-0.00806162317669101
-0.00196482091663097
0.00635345861297543
0.00444602529295768
0.000796777627450229
0.0076072620714569
-0.00175581593342766
0.00184679449342018
0.00509130978039507
-0.00820962445414852
0.00836565706878578
-0.00244519251689479
0.00481481209450729
-0.00670845972040823
0.00315762646859707
-0.00472152650026603
-0.0108056222295418
0.00523982247317623
-0.0106899812582388
0.00759063205240307
-0.0241070721597612
0.00644808821680054
0.0168742284786141
-0.00843024210790244
0.0202255417974859
-0.00561402631578956
0.0122618118184386
-0.00932461873638335
-0.00123151829697399
0
-0.0104809141229443
-0.00676459291080722
-0.00295720057199389
-0.00323566415179466
0.0118124163784956
-0.00641654938433778
-0.00448470722907357
0.00189205337223264
0.000539613323910393
0.000808880086124786
-0.000987876084200701
0.00467461353244536
0.00125268430113312
0.000357462013271581
-0.000267982843166314
-0.000357439000717052
0.00446947337616499
-0.0198451894675129
0.00926098610187931
-0.0193415070406079
-0.0105494998523163
0.00417204705940977
0.00184658853008202
-0.00580596247708109
0.00815725829135872
-0.00662008998491925
-0.00971865040986075
0.005981858229402
-0.00176526066427374
-0.00335070730918274
-0.0014942472638354
0.0068275721441744
0.0104969528936933
-0.00459643321011616
-0.0113594016564407
0.00140115829795917
0.0129664089449555
-0.00405188337975437
0.00545534895135735
0.00183928640498965
0.00156048280593923
-0.00192465400124042
-0.0022038383433638
-0.0173017203275641
0.00533806897675659
0.00214256175393679
-0.0102249393897575
-0.00103305782213403
0
0.0047945283972588
-0.0100112184696264
-0.0106795011942065
-0.013183005349637
0.00212966111917723
0.0148763624867569
0.00885208469164445
-0.00481172761226023
-0.000474051939494013
0.0080622118941478
0.000470483632578844
0.0125082476721858
-0.0153260443869202
0.00113192149548302
0.00263833984655637
-0.0110891923281951
-0.0235674515755739
0.00700730900243296
-0.0180729001829235
0.000787421275342925
0.00796614870180945
0.0121963120733011
-0.00395214968097457
0.0109358073950294
-0.017422937176172
0.00828136212277242
0.00338195001221275
0.00375584567626519
-0.00575655744728309
0.00144747664134348
0.00558876474839809
-0.00210810653403493
0.00076821587063769
-0.00326236803624669
0.0260877847349186
-0.00131343470544842
-9.38938495225194e-05
0.00526116111873054
0.00579442056074764
0.00343797611676333
0.00555605158914818
0.00165762046809537
0.0181116213508767
-0.00334111438217655
0.00688587459764767
-0.00890846780100241
-0.00254220085838208
0.00227562350013089
-0.00118061936989722
-0.00772873228599558
-0.0013744525256425
0.00633139090664203
0.00291784449562948
0.00445499598972621
-0.00678855883086826
-0.020322636827049
-0.0226046511627908
-0.0356904920529171
-0.0157915416502171
0.0213597771624572
0.0175748751610187
-0.00897336944204341
-0.00535483405077242
-0.0238841317978022
0.00912551134049844
0.0103349004372921
-0.0148519133441903
0.0180710555882166
-0.0121604196120386
9.92256497798216e-05
0.00119121503258324
-0.00644459640645845
0.0108771979929867
0.00503450133165328
-0.00255372758184313
-0.0160512550649555
0.0176141116415955
-0.00688431353265151
0.00356499296202251
0.00207230124619318
0.0184145243205951
-0.0243666220144387
0.00683839431440258
0.017816774005976
-0.0107350191347191
0.00420373443930244
0.015673685595077
-0.00996837899035019
0.0163617192723233
0.0152409883242239
-0.00103209793522052
0.0051657367787572
-0.00532610741897155
-0.00845461742943965
0.0189483651648972
0.0130171451506143
0.00514001849857793
0.0140626515557913
0.0227825207712962
0.0134706724164348
-0.00243244720326263
0.0038317076751424
-0.0059859028191005
0.0061965350637716
-8.67551384616805e-05
-0.0150936677228806
0.00466794958016603
-0.00376962391513969
-0.00598380857078329
0.00504603403900528
-0.00440412229722653
-0.00451209417422005
0.00915398175846027
-0.00158520471373313
-0.0171121367968914
0.003769164497891
0.0170764777304691
-0.00246131324786725
0.0163904912832968
0.00199413913626278
0.00787404170632522
-0.00377748960051105
-0.00413653047107443
-0.0044132486052828
8.68752693556907e-05
-0.00182513474404888
0.0111449631892897
-0.00645827968117485
-0.0139538918518086
0.0341918528836738
-0.0045045638448219
-0.0100742767030039
-0.00914185448404969
-0.00139260163106114
-0.0143815999028607
0.0090201271839383
0.0148992553006004
0.00949912756047167
-0.0111206499380556
-0.0165224570332604
0.0136335295341097
0.0172683533021234
0.00639767961108051
0.00177995418426979
0.000592266679206865
0.010231684251113
-0.0106303171454732
-0.0114213116265984
-0.0267008562550425
0.0101116149623244
-0.0186281254864588
-0.0102891256038519
-0.0145187575816677
0.00300110952165444
0.0164112520046127
-0.0181980377912229
0.00872250606437408
-0.0147721135319433
0.0136222896403992
-0.00162353202064935
-0.0113831599713947
0.00557434889883934
-0.0185387221143337
0.00537038888888874
-0.00442074038642948
0.01313597619123
0.0324141992078395
0.00185724772264972
-0.00715040613656792
0.00320086242374984
0.00345651859511631
-0.00856739967702347
-0.0299331937639198
0.0155202774866403
0.0100379813702662
-0.00761040365994448
0.0313064067595239
0.0118974719954068
0.0107202042140606
-0.00470449902644776
-0.00592989853961923
0.0122762861982586
-0.0118712020453055
0.00414868636513455
0.0190221983129626
-0.00743303494748748
-0.0168496550617027
0.0188695578539735
0.00552206274336986
-0.0043934183474702
-0.00560078090973448
0.00145074244751653
-0.00911801464197726
0.0128998969117637
-0.00152828155483342
0.0199829850337243
-0.00175072117759201
-0.00200432607323076
-0.000418435146443574
0.0128924323037027
0.012232440899784
-0.00881850241840032
-0.0104621139341142
-0.00449551270823734
0.000250869706458046
-0.0032605969127949
0.00167754569973555
0.00267961819929008
-0.00492730925216822
0.0142676959417927
-0.00215144397437228
-0.0218923549844052
0.0105129718655272
-0.0130883880679858
0.0100314633179834
-0.002020015184244
0.00725309943493313
0.00904297077786143
-0.00141072107857076
0.00182817024524407
0.0121101445273748
0
0.00467135726941548
-0.0368708389549177
0.0104175743203185
-0.00209555736557698
-0.00243595961942145
-0.00303132362695646
-0.0102195944219663
0.00571720273543463
0.00924822663118752
-0.00580071473225841
-0.00372063244172793
0.0393820998132746
-0.000898260663875994
0.004495333134374
0.0188771274389401
-0.0116594712373465
0.0130898107128343
-0.00207364815936317
0.00135867963494229
-0.00981724790631944
0.0125746012022345
-0.0061296368540924
0.00720866651515695
0.00103377335984089
0.00937401515826219
0.000865732738324354
-0.00629075263491008
0.00672626398529097
-0.00479484354036441
0.00568676245409705
0.00376970071829574
-0.00195602851038301
-0.00595794145434203
-0.0031545819442923
0.00411389233997017
-0.00330915542560917
-0.00553357312252967
-0.0104133940282974
-0.000883613155813534
-0.00104516001877697
0.00845072837022132
-0.0109337826592071
0.00621316065520849
0.00625506029482903
0.000478147900586201
0.0246933087088312
-0.0365360466148634
-0.0170243663542947
0.0278256500397989
0.0202843074566019
0.0230902078414181
-0.00298370422396188
-0.0102824656846435
0.00279113049437529
-0.00548933834820897
0.0125165197653532
-0.00222671981623468
-0.00238551756180505
-0.00107990590157281
0.00308875675675679
-0.00254031574474123
-0.00216110199021591
-0.00355782369019075
-0.00419164008085626
-0.0053784007923362
0.00697497659835378
-0.00428051193553913
0.00218851802112674
-0.00811106685297869
-0.00558263091681088
-0.00956747837773797
7.97940271468622e-05
-0.00191584581901127
0.00351917142701086
-0.000159432532402692
0.0123555443369201
0.000708629921259751
-0.00212444730897632
-0.00473110708090207
0.0029313500005439
-0.00205382738143067
0.000158283857226715
-0.00221605068802622
0.000158610295867501
0.00927913424630455
-0.00612917639275223
-0.00126504582704667
-0.00744144236858768
-0.000957050589178166
0.00638668359593342
-0.00118986198936788
0.0092923355002037
0.00125901792163963
-0.00243632509330904
0.00133930512881109
0.00558615272362162
0.00179950710898225
-0.00398308362919086
-0.00799809462869994
-0.0176270884890192
0.0163340764107986
-0.00364183364170423
-0.0095351292735022
0.0061772642410387
-0.00566097122725207
0.00465080590691058
-0.00103756883200923
0.0106263499320438
0.00758952498362753
-0.0154569952637974
-0.00876638487169934
0.00723590626875481
0.00319285602804009
-0.0102641709102482
0.0101294558254639
-0.0114604295828026
-0.010063602045436
0.00170786436001857
-0.0104733378334552
0.0209222437050109
0.00361646708993013
-0.00912875582468187
0.00961695506088511
0.00232130793244201
0.00503112118646287
-0.00135079859119258
-0.00270531508593264
0.00550505043896776
-0.023803856413583
-0.00918472737693843
0.00311728460841199
0.00139023553639372
0.0371580490932966
7.87559055117626e-05
0.00393669783581285
-0.00399970192142263
-0.0118897795275591
-0.00613592327892143
-0.00216488131683068
-0.0107673445745443
0.0112907074056479
0.00706824899598391
0.00374861230854862
0.00484704815013193
0.00308397124058191
0.000394197877716884
-0.0140267846489081
0.00239765819059334
-0.000637872757739966
0.00765922315810519
0.00593824213923422
-0.00503737886570532
0.00221499874329578
-0.00031573130766871
0.000868535319880959
0.0116756309296997
-0.00187152987088546
0.00804686718750003
-0.00937765643166444
0.00704115944296668
0.0106432177544811
0.0152971485985747
0.000908502409017187
0.00211799550948566
0.00286839531607486
0.00301064275921537
-0.0103556209798746
0.0035638533680673
0.00272006787819845
0.00399365512805683
-0.00187631334898253
0.00248140452359569
-7.50750035588554e-05
-0.00150024006451488
-0.00323047101472129
-0.00391912140061701
0.000605334424778059
-0.000907516602105418
-0.0031031487701767
-0.00144258590769031
-0.00676702382095418
0.00535862338824833
-0.00624386650051223
-0.000383020472876527
-0.000766564423072436
-0.00437256823893395
0.00354424088766225
0.00568142034548935
0.00748145631416697
-0.00530421303853745
0.00106650411925013
0.000152111706807512
0.00410871208065888
0.00833527310498394
-7.52160477454078e-05
0.00180373518418353
-0.0119279517195511
-0.00167035144110195
-0.0228915422126571
0.0178238486246529
0.00389993870459771
0.00114255028292609
-0.00517380382117194
0.000611869980879698
0.00802570499081701
0.00667265670789141
0.00790903163260892
0.00134524327546881
0.00350773925264058
0.00944510585961833
0.00338912556956084
0.00396500471451655
0.00753308732635372
0.00907375178113212
-0.00431617165370024
-0.00577995070356307
0.00406944986505731
0.0159948399217609
-0.0141046511574068
0.00180635845981314
-0.00692385172407584
-0.0020335390800561
-0.00327484889673679
0.00328560876898898
0.00291095253879781
-0.00195925552513254
-0.00152676320115852
0.00677195795861119
-0.00383335034837806
0.00268648813436401
-0.00695153481745703
-0.0077293058752318
0.00418865367153654
7.32528389280063e-05
-0.00439050184719725
0.00440986336042704
0.0098053268021272
-0.0108695652173914
0.00402932600732608
-0.00583730742421074
0.000146818348623956
0.00785199947598159
-0.00407745024253536
0.00592189651938813
-0.000872120092219597
0.00370986394333417
-0.00130448619523071
-0.00566036997836639
-0.00218948322319423
0.0107519089324757
-0.00499313980761062
-0.00385453818181825
-0.00138717966425361
-0.0095043354986426
0.00959553467952579
0.00248571430388722
0.0132001025816841
-0.0036708776052411
-0.00845252143407771
-0.00262295810564672
0.00102271897890804
0.00386775891314128
0.00537950720237723
-0.00397688350013992
-0.00377498366606166
-0.00663112312558833
0.0123238916793775
-0.00572458695652178
-0.00342542071293672
0.00460721059648916
-0.00254779801076643
0.00561953712977559
0.0055882505197602
-0.000577381648056985
0.00924320506190668
0.00608189775622137
0.00184904344037351
0.0134166257335355
-0.00364240696421991
-0.00246067201698996
0.00916204812997434
0.0115930161101612
0.00200202269926031
-0.00062006339134657
-0.0059980005653637
0.000762935256904962
0.00464352368497223
0.0110374649747362
-0.00600440100988542
0.000343238621654862
0.00658756622761447
0.00484008446601569
0.0012212212166034
-0.00318472010862281
-0.00122362856893743
-0.00210983471563908
-0.00729772225132042
-0.00480932315748561
0.00379694841020561
-0.00426406482520203
0.00587101813697344
-0.00453206054617672
0.00282819891820241
0.00667217613591364
-0.00259654926150132
-0.00363087618256575
0.00742575622351827
-0.00846304235700124
-0.00571311953271703
-6.91934939950345e-05
0.00283857653228226
0.00227812900470292
0.0024796805163092
0.00109938166617884
0.00583394658546221
0.00047759807961234
0.00259176792360427
-0.000748306122449027
0.0031996868622759
-0.0234799604812708
-0.00639331506851903
0.0165758152629967
0.0076367454707913
0.0109927620036234
0.00574046707514508
0.00637924397500989
-0.000467018097918714
-0.00327106134971167
-0.00515708934642134
0.00504914524938749
-0.00643037741987174
-0.0127418591958222
0.00655553118607588
0.00386707614112924
0.00033792660446097
-0.0139846435891192
-0.00349431319275739
-0.000756325622162657
-0.000137645356944271
-0.00736351947372549
-0.0102607456232409
0.00609421427900725
-0.0128803588080361
0.000775849913780657
-0.00514479530019596
0.00184183899569734
-0.00657610672572628
-0.0259093093490885
0.00628425986331327
-0.0205504455460522
0.0442615716095205
0.0357117414677284
0.00774602386392842
-0.0167335016915007
-0.0121757866722424
0.00504238416763547
0.000418172964189667
-0.000696566101024199
0.00285776815461247
-0.00646377514373886
-0.0025183701123126
0.00434820827121674
-0.011172445512135
0.00211851562659038
0.0019730673814935
0.00253183061351958
0.0206243559321426
-0.00542998125541339
0.000345563241442193
0.00663217271157168
0.00301960729437067
-0.00068416697984941
0.00842174580441468
0.000611053779270954
-0.00536060953248985
0.0154181605209693
