0.0129325056647149
0.0175983436853002
0.0169548999660902
0.00500163387795927
0.0112807236655847
0.00295275590551181
0.00130850507033031
0.0147010122606661
-0.00998065067548781
0.0234146016260164
0.0168414685999831
0.00968753124999999
-0.00433311654803104
-0.00279751338498679
-0.0087282725231751
0.00251572334955119
-0.0021957340713844
0.0260924245863698
0.00214460790884208
-0.0006114338309825
-0.0088711229388535
0.00370364174668891
0.019065159901599
-0.00663853369458467
0.000911391306888998
0.0163884972264492
0.00925640434419805
-0.00857991149644699
0.000895344726669078
0.00596305885619985
-0.0127445457768496
0.000900600393257456
-0.01139775044991
-0.000303337387844049
-0.00121399085845264
0.00546946216955346
0.0142037171350859
-0.0083433251387568
0
-0.0147234980385667
0.0082342174981942
-0.0269208400810393
0.0295306515095215
0.0371376520874895
0.0192139749178444
0.000856983767893782
-0.00142691205973422
-0.00171483271135553
0.00114517606641873
0.00257363447029912
-0.00370795768089116
-0.0194675064414543
0.0122627153284671
-0.021632536581052
-0.00766503582930644
0.0103980392156864
0.0217583664662373
-0.00287764028776971
-0.00432906179918835
-0.0118840579710144
-0.00968031680844827
-0.0154027260309674
-0.00451269527601095
-0.00423085524327604
-0.00940825464618333
0.0143995715195946
-0.00483237677945092
0.00971165372650518
-0.00120228434024661
-0.0153475473969303
0.00825186405098188
-0.0197029997148831
0.00711193568336421
0.0340804421246546
0.00178153206650822
0.0308238570940216
-0.0247268839771961
0.0032429542006458
0.0167498976417837
0.00346829499816748
0.0118087554202546
-0.00483922559523975
-0.00543475416003303
0.00661489790048875
-0.0125714
0.00578695006403507
0.003739959939008
-0.00630556051320041
0.00317280087526961
-0.00920069031629334
-0.00580385971572428
0.0160537954497253
-0.00948006292789261
-0.007830655452436
0.00935399033481388
0.00376487123558844
0.00605882862088869
-0.0215084606110829
0.00058616648845744
0.0248975695634905
-0.0128608452208719
0.013607324446806
-0.00228500441502466
0.0251932722588033
-0.0019547332601304
0.0293788176061098
-0.0057080455094306
-0.0142154448214629
-0.0158069601828353
0.00450831194655898
0.00785408090580186
0.0133593097689952
0.0631694314748696
0.00310005174632
0.00154511967318482
0.000771380837525815
-0.0146454272685215
0.00208610180370816
0.0057247462919594
-0.00362235427568669
0.00181781364932809
-0.00673929462212053
0.00234864300626292
0.0122364228065608
-0.0118313525763541
0.00312345149002868
-0.00544885818762686
0
-0.00260897455731945
0.00680099398378231
-0.00337752645479206
0.00782062023408181
-0.00181065700982908
-0.00647836227001819
0.00443395931142399
0.00181781364932809
-0.033696291669451
-0.01099785437226
0.0037970980145674
0.0145906789835546
0.0207723840418745
-0.0198278622578731
0.000798456215065135
0.0244681395993693
0.00129802699896153
0.00388905885403168
-0.000774845021310866
-0.000258438879773615
-0.0111168562564633
0.0010457777777777
0.00182815351715448
0.00651720525241894
-0.00751103321649738
-0.00208763048016714
0.00627609799811202
-0.00103952702702692
-0.00754414691842209
-0.00629100884450817
-0.0129254022685307
-0.0152324968055851
-0.00678426088381334
0.0136612029323062
0.00592997336549717
-0.000803831725616377
-0.0193081518018731
-0.0010938200710966
0.00465376415696062
0.027792914774035
-0.0159067334065024
-0.000269342679669826
0.00754508198477288
-0.00267445848286885
-0.00214540085423953
0.00752493973461266
-0.0261404093816798
0.0134210360679832
0.0140540540540541
0.0042643923240937
-0.00663481953290868
0.0165642265562382
-0.0194480425610524
-0.00294827116193319
0.0107526072378332
0.00531917581484986
0.00582013242910406
0.000526065228826811
0.00867502606006765
-0.0221526979972034
0.0133262260127931
0.00841662283008948
0.00339074074074075
0.00233948525241767
-0.0225622919459987
-0.00849031595888339
0.0101686114575492
-0.0150993377483444
0.0110274341043572
0.0101090981644054
-0.00579407411656385
-0.00317878145695361
0.00983255355215107
-0.0121052368421054
-0.00213111342218641
0.0224239194453795
0.00522195836088657
-0.0249350389610391
0.0127863342358463
0.00552340873224599
-0.00837038974627258
-0.00844104457926653
-0.00744876296887476
-0.0276065926666688
-0.0374862468987388
-0.0701602846598101
-0.0277179233841108
0.0183719353816916
0.0136857845296559
-0.00184108622276791
-0.0156778055849308
-0.0271705184259839
0.0378812841091494
0.0139188670634787
-0.030201282190399
0.0261087755234735
-0.00980993285744736
0.0068111766814607
0.00768757687576871
-0.0146475129691793
0.0210591507878866
0.0100090382162863
0.00210210216522833
-0.00419535523510217
0.00962982244959387
-0.0190759767235762
0.0118504709814646
-0.0168167272317337
-0.00549789215040353
-0.0500614542364418
0.0122857743291303
0.022037720282265
-0.00531250000000005
0.00408416588124405
0.0150187739367575
-0.00955604221812711
0.00591344519410386
0.0259900990099009
-0.0057297647768394
0.0112222926532517
0.00149967006598684
0.000599011698083407
0.0119724932654894
0.0168589169813984
0.00901681183778913
-0.00518884419685328
-0.00695444838913062
0.0294718120805366
-0.0102041102665563
-0.0120274348240226
-0.000289797101449385
0.0893011835719812
0.021027442108065
-0.0281543788280924
0.00751078346327216
-0.0114483490029726
-0.0102343385339526
0
-0.0160544217687075
-0.00553100110619453
0
0.00166854843349684
-0.0255414214325376
-0.0119657556675644
0.00893892733564017
0
0.0302942823495695
0.0074896257278676
0.0148678689427313
-0.000542620712354114
0.000542915309446057
0.0124796252718498
0.000535905680600246
0.00348154793786826
0.00640507055230666
-0.022010024450014
-0.0244034971691026
0.0191772651473041
-0.00790829058676246
-0.00797144013272555
-0.0210584095317263
-0.00424573992381883
-0.0173393973848778
0.00347118889210307
0.0253675706361363
0.019960612876019
-0.0248070017863009
-0.0404183142900419
-0.000883740769256569
0.0112028603303573
0.0166180762862413
-0.00372804713874531
-0.000287910173407568
0.0115174488914485
-0.013948248962475
-0.00173201506154785
-0.0141700975031753
0.00880020533880899
-0.0430357383842903
-0.0559100577332117
-0.011264917927261
-0.0205077806154877
0.00797607178464599
-0.0408836135839102
0.0130628738398075
-0.0179843236506388
-0.0131306837204324
-0.019257668741515
0.012138521956444
0.0141093474426808
-0.0504348173913044
0.0256410632102955
-0.00928571428571434
-0.0230713770728189
0.0321032841328412
-0.0157310695649293
-0.0450417709755986
-0.0232027758386164
0.0264797897196263
-0.0565250357919183
-0.0607157193117924
-0.00171237150203885
0.0295883361921099
-0.0199916284881301
0.0344240954345902
-0.000821692686935105
0.0625
-0.0228328173374613
-0.00752479207920786
0.0291301687601824
0.000387669624363207
-0.0205425976954495
0.0174119113573408
0.0190588105429332
-0.0301527087727974
0.0507674537583629
-0.0101123966250038
0.0219447597427167
0.032580488707886
0.00215138050022889
-0.0440072256169149
0.00224558391637664
-0.00896191153988379
0.0444611136224147
0.00613275635399546
-0.0340623174636902
0.0115070151630656
0.0209174311926605
0.0287563263838964
0.00838574394179803
0.022522487092083
-0.0342256862080651
-0.0161403157894737
0.00356626235498347
0.0156361412806021
0.00384888033589914
0.00453116052522984
0.0100624913254683
0.00446578480021342
-0.0119699384404924
0
-0.0294218771000996
0.0221112331629374
-0.00942083042568043
0.022190948298378
0.0389386629910407
0.00729688225538982
0.0013170562621978
0.00986514304505093
-0.00293057645491945
0.00195947087003701
-0.0179270208604954
0.0129439433436422
-0.0167103538663171
0.0123291902699101
0.00724163947470835
0.00915029411764712
-0.0404792759222563
0.0138373949995745
-0.0236351856313188
0.00272758267985007
0.00510027201632091
-0.00744245627342555
-0.010565746421268
0.0106785735212342
-0.00204495569188823
-0.0160519803260935
-0.00451228755683053
-0.00871687587168757
-0.00422092859655288
-0.000706393525481963
-0.0187345698573852
0.0374639409221902
-0.0065971530068456
0.0199230681606757
0.0281014393420151
-0.0203333666666666
0.00578428056428315
0.00981058896517562
0.00603018425460622
0.00532800515058263
-0.00132497511344898
0.0165837479270314
0.0104404241435563
0.00226031650824399
-0.00934281542065674
-0.0308943414634146
-0.0134227856853284
-0.0272108843537414
0.00314688811188812
-0.0118508535430165
-0.00846557319223984
0.0469583405564447
-0.0112130479102955
0.00446735395189002
0.0266849127608622
-0.0899700433188937
-0.0889783994499597
0.03255635179085
0.0315297379708159
-0.000754716981132053
-0.0207703927492447
-0.0536058233706131
0.0085574161142048
-0.00525248484848495
0.0641754644932793
0.0179388924450805
0.0322460067491563
-0.00108975658954746
0.00181814545454539
-0.00181484580090185
0.0221818545454546
-0.0152970823444653
0.0151734104046244
0.0160141992882561
0.0154115942350821
0.00103483959986206
0.0020675396278429
-0.00756530261347999
-0.00207907130703155
-0.0121527087553024
0.00421789088865054
-0.0087504375218761
0.0158898305084745
-0.00243305526590198
0.0317073159683863
0.00236403234164029
0.00808625336927227
0.000668482620320709
-0.00233800927394756
-0.00770010017743217
0.0010121795213287
-0.00943717559824742
-0.0102075199117904
-0.00550017188037122
-0.0138264431386105
0.01682435973276
0.0158565667011374
-0.0016966067762676
-0.00169949014276016
0.00885250225221323
0.0040499832618961
0.00840336134453779
-0.00366670000000002
0
0.00936771526824076
-0.013258203513424
0.00403087000335911
-0.0187353301684621
-0.0497783498124786
0.0236813769759103
-0.0175254112328983
-0.0132001779093764
0.0224150759219088
-0.00106085569091741
0.0159292389380532
-0.00383278732289938
0.00524658971668401
0.0198329505915102
-0.00580006843398395
-0.0298558349298502
0.000707499115670362
0.00353474713556912
-0.0264177536603647
0.0123010496490974
-0.00428874195854179
-0.00861450076760595
-0.00217241121750855
0.00979684360656163
-0.0201221703197987
0.00733403006967359
-0.0163814712916445
0.000370133234641079
-0.0159082864998783
-0.00300751879699257
-0.00452488687782804
0.00946969696969702
0.0393996622889305
-0.00433216590858609
0.00906453952139241
0.0168882141573841
-0.0137808838791832
-0.00358298101039045
-0.0438690774494455
-0.0236931553215495
-0.00770412202250081
0.00427022515527931
-0.00773100086080392
0.0151927931437474
0.0138143136536575
0.0287660862982588
-0.00551872700515088
0.00850902669223008
0.0157740645634628
-0.00180577819408523
0.03219978408827
0.00350501214493493
-0.028641286365396
0.0186983465910946
0.0127074126367808
-0.00209139065558062
0.037373455723837
-0.00437713789975969
-0.00541088941494761
-0.0129207412444747
0.00447809147509171
-0.00411519204389577
0.0137741042088806
0.0230978253023837
0.0162682597520498
0.0372426972478701
0.0233071496062991
0.0138503223237723
-0.00455367348371816
-0.0134188163031772
0.000927449825499194
-0.0172946566616845
-0.00188560653676928
0
0.00125941435768251
0.00849059775127659
-0.00343002806361081
-0.0068835734319016
-0.0040957466918714
0.0047453019694621
-0.0170025503778337
-0.00224212050743511
0.0109149277688603
0.00254048904414095
0.0161546404814699
-0.00841655184435464
-0.0191762973648631
-0.00224365377424185
-0.0054609703007058
0.0106589796724477
-0.0118248957550369
0.0129366106080206
-0.0226691890166028
-0.00326693880212547
-0.00852179613241566
0
-0.00694211570247938
0.0099866507993791
0.01779825313118
0.00420987707933529
-0.00644956465656243
-0.0233690043287571
0.00897311399135936
0.00428191685500923
0.00754342407346686
0.0250651375346724
-0.0149253731343283
-0.00225657640232102
-0.00549273003254513
0.0256659835716055
0.0769718086791258
0.0144118235294117
0.0185560731483867
0.00882430945561308
-0.0118509879190458
0.0188463735008566
-0.00532505605381173
0.00281763861270012
0.00309078392806961
-0.0120448456009846
0.0127587468103203
-0.00279960798433354
0.0151600509590131
0.00608409845132751
0.00137435400290387
-0.0139995059017294
0.00668157052792706
0.00387165376106213
-0.00798900848454565
0.0108304365915266
-0.0123626641558976
-0.0133518772363872
0.0138144343441096
0.00695216927008246
-0.00497100262278405
-0.0133222318435257
-0.0109704363142177
-0.00796356655290098
0.0020068806764082
-0.016309012408898
-0.0197789406696062
0.00860537066452904
0.00970867845197554
0.0122378205128204
0.00143923422917469
-0.0310434598722775
-0.0269949577868573
-0.00975606737061185
0.0147782943349755
-0.000606796134914989
0.00364304807659521
0.00907440988885622
0
-0.0215827931180216
0.0174632358291433
0.00511900045525437
0.00659068284629472
0.0169642867240647
0.00614583003487446
0.000872571236981479
-0.00319677419354825
0.00728862995010582
0.0419681922422053
-0.00527774999999997
0.012287042382378
-0.00827583448275859
-0.00639777450910217
0.0036393336047218
0.0256625397859158
-0.0119662224639653
-0.00192689226937004
0.000275841162484358
-0.0372208988144473
-0.00630002899771065
-0.00345818433838085
-0.00665135878245471
-0.0270742373842351
-0.00867734941216936
0.0166012370479554
0.0130641033254157
0.000879337657659462
0.00409953123868023
0.00320796141125812
-0.000290784866814775
0.000581593503390154
0.0136588491717524
0.0194954122851085
-0.00253093356212208
-0.00930369299961398
-0.0207740188040417
0.00581229293809948
-0.000289020505951365
0.00982661906512261
0.014596508717702
-0.00592380801343284
0.00652664548656978
-0.0107133067179784
-0.00113995440296388
0.020256748081505
-0.00587245558570793
-0.0115330523637989
0.00455321583816759
0.0014164023064136
0.0319661121338677
-0.00219292763157886
0.0200549164804991
-0.0129275245643005
-0.00682128202885224
0.014835081602468
-0.00460203044401808
-0.0165896110960023
0.012444717920354
0.00437036316934281
-0.00326347565950513
0.00654834889231393
0.00135538089876319
0.00595563091379603
-0.00645861141011828
0.00595885731088086
0.0183091281181778
0.00185084611316766
0.000264001062655117
0.010290210538775
0.00339506389670774
-0.0020821968809055
-0.016953599374022
-0.00159188117781595
0.00956686129240336
-0.0071071594047295
0.00212083769562987
-0.00952380977576217
-0.0032051015813328
0.00428724544480152
-0.0176093916755602
0.00162957631721894
-0.0333513819590189
0.003366002616213
0.00782776069331836
0.00221919562327866
-0.0099640462229712
-0.0240424937098128
0.00945293612145526
0.00766163407141707
0.0129541826501933
-0.0122324711639571
0.00900644551101748
-0.013667978447307
0.00395924762558697
-0.00985909859154932
0.0088192598111374
0.0174845746611554
0.00720615259389401
-0.00963120528343442
-0.00861355884336978
0.00896860986547088
0.00666672222222209
0.0206953630962823
0.00865095925109727
0.0034842668591728
-0.012820513162941
-0.00919913444802867
0.000819306412324083
0.00791260529808424
0.00514353018796787
0.00161589007228957
-0.000268862604701936
0.00591721355567509
0.0085561225371058
0.0047720306264043
-0.000791635842130045
0.000264114081439448
0.0089757125402401
0.00287810039565395
0.00782674104739156
0.00310636802727493
0.00232258064516144
-0.00077237384140072
0.00644163858691993
0.00435225283276353
0.001274509304104
0.0078920826856439
