-0.0219582609438758
0.0325727088700771
0.00249508104624696
0.00124444444444438
0.0113636186079547
0.0101826195607904
0.000868943328659499
0.00312554262892872
0.00882809416652219
0.00240217917642727
0.00890107870253609
0.0266372417142389
0.0271030251893249
-0.0107804019056991
-0.00146390696161347
0.00814464909830015
-0.000323153988094349
0.00824312280981299
-0.0213209679172657
-0.00278457007018129
-0.00114980287204658
-0.011017957391581
-0.00864649166355991
0.00402552841371229
-0.00618107239924703
-0.00100860645457701
-0.000841309103146504
0.00117884807714974
0.00555084935995209
0.0021746571123229
0.00400604239692881
0.00631748939925214
-0.00297374860356425
0.00364543508352733
0.00231135875846133
0.0153187286331531
0.00794941609262523
0.0167390468897626
0.00569892372008618
-0.0187312925976907
-0.00208535450753933
0
0.00916251421254644
0.0269194333692169
-0.00465337358998941
0.00794767049860279
0.000154638218923919
-0.00247338066243996
-0.00526882078519786
0.00623140656702259
-0.00696697674358104
-0.0112254601064151
-0.000946026519899945
0.0318812494968239
0.0104007499419125
0.0169543147730646
-0.0101220601369456
-0.00751879699248126
0.00212119696969704
-0.011641911273691
-0.00535422952328757
0.000615210732784144
0.021979711711642
-0.00902389860201225
-0.0300500687517086
0.0308245501486466
-0.000151700067624549
0.00834970358206921
-0.0108401237832018
-0.00608818901468122
0.00490045919293447
-0.0175251744502358
-0.00744530777966013
-0.00156279101225831
0.00939112551872157
0.0100790978470802
-0.0411421559892871
-0.0180915308692209
0.00423932808611349
0.00730639714239323
0.00209537391851433
0.0135113403091955
-0.00634815128862576
-0.00750681987690738
-0.00289668495166862
0.0104906715702173
0.00622902082368593
-0.00492065079365078
-0.013239719464663
-0.0163272386626698
-0.0134757440747986
-0.0091620691181421
-0.00840618695359785
-0.00729062394031865
0.00683180199541944
0.0159456825115236
0.00918350324233597
0.00248181671875947
0.00214558508004625
-0.0166337612543846
-0.00502426737605555
0.00993098804915005
-0.00216668333333336
-0.0182061135494591
0.0176931102023328
-0.00518224674022061
-0.00100818353245458
-0.0201850459178293
-0.0195707982832618
0.0108562246391837
-0.00450370691148438
0.0132242733039103
-0.0140820882706508
-0.0120187946350809
-0.0123413432238832
0.00285612281328085
0.0088999644001424
-0.00194071983062805
0.0102528195156444
0.0013997899772602
0.00069893412545885
0.0148419591409115
0.00481767042012504
0.00171229446190768
-0.00854700854700852
-0.00603444827586208
-0.00555073701471853
-0.000348874922418418
0.00575812239123863
-0.0067661173970528
-0.0122270917030568
0.00972588876615177
-0.00367774093442164
-0.0108982072578345
-0.0135063444108762
0.000360313470016527
-0.000540230515761353
0.00576576576576571
0.0182730204227877
0.00756509500351865
0.0143181421337524
0.0117059734894129
0.00136120469627365
0.00934586267955351
-0.0119529120554576
-0.00647466359643323
0.00240096034297799
-0.00513257476248807
-0.00154773855381807
0.018945900465968
-0.00591614266396212
-0.00731168156246076
0.000856440547166049
0.00154030463802846
-0.00786054340396447
-0.0122287803611991
0.00122057545668963
0.000870829009781637
-0.00643819372823751
0.00507882679785743
0.00348494517311293
0.00781387393644728
0.00913161596947609
-0.00443911558818511
0.0198936714132454
-0.00454010417790318
0.00101346282071857
-0.0102935541779803
-0.0037510996163308
-0.000513400650350881
-0.00856164354240951
-0.0134715539388064
0.00770311638135701
-0.00451706038017619
-0.0041884468444755
0.00280406584640613
0.0220202547707049
0.0162448700410398
0.0161534410230524
-0.00264942875723517
0.00166033538103938
0.00928223075477441
0.0157661194903287
-0.0236054817657391
0.00612682573483725
0.0108624098374723
0.00244223387959086
0.00568455416599001
-0.00532942523673852
-0.00714398441305408
0.014717857245532
-0.0101531186164886
0.00830351704016663
-0.0184078637171
-0.00723808180230157
0.00878215439211782
0.0129762974215457
0.00502678790422517
0.00596963536624728
0.00304736176575338
0.00767507183122706
-0.00190412567438913
0.00779009514180951
0.00804548048659859
-0.00860726107645504
-0.000789250222233639
0.00236969987945823
0.0151300706835293
-0.000621037067471741
-0.00264107491186538
-0.00685356729845321
-0.0114491691169752
-0.0255434083062575
-0.017095392937004
0.00248469442578592
0.0361863681427628
0.010684133482445
0.00694223718929887
-0.00877471012221864
-0.0107492257587489
0.0190156273884428
-0.000156844911400333
-0.00392095369890066
0.0148008034892395
-0.00139636934350829
0.0161591203207099
0.00902134528986709
-0.000909198390943944
0.000151706355225212
0.00606602954000501
-0.0182393589532324
-0.00752338434776834
0.0116027229517748
-0.00382321461726887
0.0136628801606213
0.00196887781264388
0.00362753907935076
-0.0112951803826753
0.00198015226260018
0.0197628917568087
0.00253425752730307
0.0010408921933085
-0.0155971925133689
-0.00995919767432618
-0.00792569718144032
0.0115225080056849
-0.00622715712194144
0.0076417545468439
-0.0112239951463674
0.00889699313094039
0.00897071654116077
-0.0171790232492612
0.00720639363375675
0.00167454706425496
-0.0100304554697361
0.0156586585148704
0.012243001073579
0.00597285342731291
0.0086090837787256
0.0125092867921688
0.00523257244625408
-0.0306535985741122
0.0190930635576809
0.00717210187353623
-0.0132247642268496
0.00706914559442873
0.00628840331771285
0.00566776647777267
0.0124277606543826
0.00813586948717893
-0.015715702210776
0.000575388402275001
0.00632550334460924
0.0085713999999999
0.0113315017374362
0.00462186261563402
0.0034852919217081
-0.00597388138480615
-0.00307478673341233
0.00700967315267986
0.00793540281399419
-0.00262435075623346
-0.0245117992592686
-0.00837597931925116
-0.0247672877528214
0.0198179380585171
-0.00302287313915539
-0.0436038682181962
-0.0298912448638661
0.00389044494583124
0.012866128883394
0.022956842544037
0.00822865100111625
-0.0204777714865377
-0.0146947579247156
-0.007995141328488
0.0106943898338989
0.00644069937802039
-0.0141703495735342
0.0114374812103935
0
0.00794616418257421
-0.00424498187151257
-0.0118757308160781
-0.0140215712165926
-0.0139084852661826
-0.0101426152184664
0.00640413074614354
-0.00493162575673511
0.0111910633283943
0.00648221343873523
-0.0149230442978321
0.00861108289923584
0.00901185770750978
0
-0.00532748354747736
-0.018588547574039
0.0386837887429179
-0.0210168601609776
0.00852408866690113
0.0061042417609054
0.00357814255722055
0.0327081217576151
-0.00720510324804391
-0.00710615372098811
-0.0210141166747104
-0.0410639128781473
-0.0162205996359903
-0.0128607250499349
0.0320695178231087
0.00145654634315351
0.00630250474624261
0.00160589368877462
-0.00400833740593776
-0.00515132010868191
-0.000161779937892903
0.0153746720282462
-0.00733189329512618
0.0126846662280775
0.0134770572379894
-0.0118898314108208
-0.00316657694743494
-0.00730621040829438
0.0129600160000001
-0.00521246240384676
0.0127024293426485
0.00360619322054245
-0.0129667547893531
0.0376701171256726
-0.00594874941881463
-0.000613794709645399
-0.000307016749901079
0.0115189677235605
0.0110840417387785
-0.0073584326390409
-0.00332830569828457
-0.0156344724788011
-0.00200457986135949
-0.000154542642853195
0.011435605183675
-0.0111534917259049
0.00509891833901555
0.00476553398467927
-0.00275399322591796
0.00230135010739474
0.0238787226732369
-0.0101659442392876
-0.0113275941901162
-0.000458279872567524
-0.00672477456824094
-0.0132328208411392
0.000155964454512603
-0.000935406936941274
0.00827089549716309
-0.00417899699459834
0.00202059384647768
0.00480840693642937
0.0106514666664319
0.00488773476572901
-0.00987995121021512
0.00598710478948572
-0.00686703810265599
0.00614629667651223
-0.00733052806976808
-0.0146153384615384
-0.0326308181437556
0.0179148001600193
-0.00951322340256855
0.00304144384438199
0.000159559527609376
0.00686133738188399
0.00142632334156345
0.0109194811033309
-0.00923606748221562
0.0164323113219733
-0.0115032174256732
0.000471756565497694
-0.013674929482473
0.000637466135458009
0.00796305131449193
0.00695210922812284
-0.00455046289031846
0.0127679856993692
-0.00108949416342397
-0.00825799314428177
0.00408480741288897
-0.00406818964168354
-0.00659861723177957
-0.00569351573620114
0.00190874824095344
-0.00254008564724284
-0.00636641711391317
0.00913022585295531
0.00396825396825395
0.0183399841897234
0.00294975917095108
0.00866882379779632
-0.0112032528420347
0.00574271302188412
-0.0189815268990035
-0.00597767815007078
0.000474790322436913
0.00838340701702922
0.0142745725490196
0.00201047002719035
-0.0189844108815496
0.00550659210971371
0.0287904866218121
0.0132319847908744
-0.011257880009402
0.0233793977510521
-0.00756567229991556
-0.000299028391658296
0.0113636667776764
0.00561794804284377
0.00455755680200909
-0.00848824795878089
0.00900370479704793
0.00292564360846037
-0.00539667460316995
0.00645248551246547
-0.00947098977725447
-0.0067667840497152
0.00503560448914109
0.00825223978408141
-0.00321544879320235
0.00938414997290993
-0.00726321948072162
0.00673115345221853
-0.00552332824752921
0.0014615463742047
0.00394051389114924
-0.00101758975116173
0.000145547145728342
-0.00203705796433618
-0.00422791976835801
-0.000146442160478433
-0.0169864399328388
-0.000446879209602846
0.0154992702086221
-0.0135015851702611
0.0151740104853615
0.00571510860829738
-0.0062654818417085
0.00293262476243217
-0.00248536542440458
0.0071815620468314
-0.00160069846331923
0.00422680361132777
0.00217708266539685
0.000434453275838242
-0.00564562809364111
0.0037850486596287
-0.00609134181688209
-0.000291799216281974
0.00175149608082048
-0.00131132163680558
-0.00787862550512664
0.0208823235294118
-0.0159896288098426
-0.0081978922031295
0.00590408856088565
0.0115920759620816
0.00667246861988757
0.00317004313630997
0.00172357073871421
-0.00473177530059576
0.0128223447444262
-0.0527739237792068
0.00480564678213824
-0.00896735860305742
-0.0156839244664129
-0.00643479422865612
0.0140324445345394
0.0164232659238666
0.00852794784727395
0.00222510000147746
0.00429248088491674
-0.0141488434531715
0.00313946782986196
-0.0043219077294161
-0.0137703790980505
0.0030353164825514
-0.0228475426144678
0.00665840796969941
-0.00246122127484327
-0.0164995995836423
0.00219502982431852
0.00641433061371477
-0.00637344920337468
-0.00641426803549017
-0.021256464218437
0.0173745495495496
-0.000474430725033725
-0.00158199654456581
-0.00332750747381538
0.00143084256181725
0.00650896947105983
0.00473184527659787
-0.0017268602554652
0.0408869633590188
0.0219065864358186
0.00443528983493935
0.0122165878064
-0.00348986491885406
0.00102143588240811
0.00393593305935669
-0.0027588644071932
-0.00320327606290061
-0.00292137018582184
-0.0046879576710237
0.00721221644944903
0.00292265088411514
0.00247713838600339
0.00145347377383098
0.00841801136667586
0.037132914343714
0.00804886228278834
0.0125275882781881
0.0175389931663223
0.00587924937890172
0.0185972505127159
-0.000260772039645363
-0.000913227189500265
-0.00417807829628292
-0.00917788157248789
0.00198492788143456
-0.00396200470203356
-0.00689467003168054
-0.0102804403129388
-0.00580062076624677
-0.00407048863244863
0.00463209796642783
-0.00583129931736648
0.00491065352368469
0.0029863038682314
-0.0119095549047172
0.039309614044388
-0.010411189130648
0.00546016808950167
-0.0128476953642384
-0.0114047901704654
0.00352880021715518
-0.00148769268358973
0.0161180410099409
-0.00346567595837155
0.00708933902917774
0.00610969576159248
0.0117491617161716
-0.00769827776224263
0.00973041381734063
0.0151060813243118
0.000256626052211439
-0.00179554954731886
0.00051395347516503
0.0224733521584686
-0.0146948751056942
-0.00650089253668151
0.0025660379120851
-0.00447911446735494
0.0179971844967581
-0.0280338545767433
0.0150707546437476
-0.00588761061900456
0.0184112274600547
0.00657402039378052
0.00678222782784887
0.00299398687654762
0.00671641774337273
-0.00494194452824459
0
-0.00347652094019724
-0.00697738582164509
-0.00928479332314158
-0.0115247721824312
0.016015374144188
-0.0132408948332575
0.000255552715654916
-0.00357734777989072
-0.00025640467384036
0.00538666146740208
0.00242381684428894
0.0133621147019061
0.00778604826520324
0.00161990031152648
-0.00149284653494086
0.00236724389814991
0.00149164704132931
-0.000744669231723893
-0.010806148036116
0.00113013562443665
0.00150501687551685
-0.00513457746110391
-0.0032729354664417
-0.000505190704723435
0.000884508477186019
0.00997350094651561
0.0133749999999999
-0.00493403231774991
0.00272717249850429
-0.00581037218210367
-0.00124344693467926
0.00946217629482082
0.000369992590774748
-0.0064111082923054
0.0116640159654555
-0.00294367721015176
0.0107024601955656
-0.0027994643232977
0.00353961918711088
0.00948673060706984
-0.000120506024096412
0.0102421740027032
0.00381688949508052
-0.00629761139269902
-0.0147075815391934
0.000121383492199367
0.00303361227843157
0.00387126765684642
0.000602506606320663
-0.000602143810696787
0.00939984299590835
-0.0179083090279774
0.0331874049796401
-0.00176493709295067
-0.00565764996028528
-0.00343765998769963
0.0110622100630429
-0.0125882352941176
0.00262125580841177
0.00308974443042787
0.00746353477248984
0.000117615238504065
0.00799529660216458
0.00349931167038453
0.00290596306992863
0.00405653690376151
0.000230924629952334
-0.00323137903678294
0.00521010749530704
-0.000806265837364539
0.0017291296829971
-0.00149602988501651
0.024317161149608
0.00112518005598039
0.00865359602201865
0.000111442896935987
0.0018939170701
0.000778383186923026
-0.00511109999999992
-0.0108331582439899
0.0118550637913515
-0.00736447196949996
-0.00157372978387738
-0.00281468137806795
0.00225806706559806
0.00957537488708038
0.00435169590431728
0.00599934438397187
0.00496959674313868
0.00439562637362645
0.00557989046871143
0.0121857790366324
-0.00913682692826856
0.00867870470817955
-0.00311896096626274
0.001078854222055
-0.00916045900247375
0.00652598419564954
-0.00605141553867072
0.000434811901452115
0.0119539886531401
-0.00225514382769076
0.00258312334159405
0.00848094453073656
-0.000958100895079861
-0.00479484293649102
0.00685223754063724
-0.00797532956215086
0.00214382032217997
0.0111241953390566
0.00719348362629302
-0.00441128037402871
0.00210989553634455
-0.0156858409450645
0.0121925026737968
0.00866441260211759
0.0140373351564775
-0.00134302681788134
-0.00455151555915012
0.00872905511600153
0.00484187699598237
0.00297314944665605
-0.00654196041005894
-0.00915731023444166
0.00820345768836583
0.0208054906089397
-0.00716374727914693
0.000609725597363164
0.013304875211303
0.00380881037813396
0.00189709432057716
-0.000697618126275334
0.00618332520743969
0.000495618995892677
0.0124826131863955
0.0149707049404317
-0.000482049537779194
0.0102237461419752
-0.00343709191210795
0.00335319036270909
0.00611095179668819
0.00455532871153097
-0.011147850942803
0.00783414555907402
-0.000568755343042016
0.00920043630845102
-0.00131578944895128
0.00319966114813353
-0.00272045033246626
-0.0150503153993098
0.0190048516761041
0.00581071244078846
0.00288852963101016
0.00511012743036687
0.00822702902569783
0.00247543779224357
-0.00832262697357322
-0.00239787881582587
0.00970697068885951
-0.00723311657907777
0.0061790832795352
0.0084326216027979
0.00436287050616802
