0.0200630410094638
0.0200396224660873
0.0249817854108876
-0.0112399081131062
0.00861554385545071
0.00545733769774182
-0.00401175221238936
-0.0103068707353692
-0.0124491379883992
0.00896967272727278
-0.0615088313673434
0.011136648317845
-0.010507583504433
0.0150971333113032
0.0065541344368103
-0.00075128974766725
0.00137845859479468
-0.0037542608557497
0.0113051248422922
-0.00372628235681827
0.00224410924129304
-0.00335857697920861
0.00499243615854583
0.00310481879426794
0.00260004961991012
0.00889100979657909
0.00575276642911038
0.00255566514678507
0.00157811367728011
0.00702937808679249
-0.0101094721439149
-0.0266261641337386
-0.00199845121155251
0.000625719633899235
-0.00850531614153771
-0.00151375053035518
-0.00227417555845422
-0.019121210344166
-0.00826231614074768
-0.0126269461077844
-0.00171386952442643
-0.00330163756865243
-0.00477010726420957
0.0189055782331837
0.0100614662231997
0.0128072181316732
0.0113679778851963
-0.00164179085627691
0
0.000126438957883224
-0.0017708070268353
-0.00278764578782698
0.0102923129717527
-0.00641431250372748
-0.00189875949367091
0.0209258343925387
0.0157763602484473
-0.00183434028987439
-0.00122526337079398
-0.00233065513974451
0.00393458738633745
-0.000245009179546618
0.0122503985881564
-0.00750326785077826
-0.00792587470001527
0.0478121798449831
0.0185337478005865
0.0140504545882656
-0.00283929575788888
-0.00728928221107239
-0.00458928386464963
-0.00288151215118693
-0.0017339151142316
0.0101898678764489
-0.0111187645831904
0.00533216663957914
-0.000807090944064615
-0.00542351694329479
0.0113701818918626
0.000114741312716271
0.00470286763019034
0.00468094552715814
-0.00454547727272725
0.0068493038093449
-0.00464848088373504
0.0104795305788867
-0.0091308421725943
-0.0124005002866782
-0.0026494183308241
-0.00565957482883861
0.00255548856106347
0.000926903045461946
-0.00104174095429721
-0.00556202761661562
0.0051270333255653
-0.0141432989996916
0.00540920736818906
-0.0108771929824563
0.00413855977296929
0.0121290511570666
-0.012099977152995
0.0104816742206255
-0.0032634730793657
0.0107577763362177
-0.0068255898467009
0.0110658709625131
-0.00633643987316457
-0.00475366956521739
-0.0139794624407951
-0.000354418718743199
0.00236375130169297
-0.00495223452310412
-0.0219220052366632
0.0142960986879561
0.0051361800628742
0.00938799740016649
0.00859425456571095
-0.00350175098638394
-0.00269420161552525
-0.00528537708815335
0.00366038484684417
0.00458822352941191
0.00538703601577506
0.00174725688403621
-0.00186051162790701
0.00687329948151461
-0.00740482471364112
0.00268091849072238
0.00720764963523535
-0.00761768245172767
-0.0113980340289125
0.00811767058823532
-0.0128370401951912
-0.0125309971642509
-0.00430984082736552
-0.000601118206110973
-0.0180461976162345
0.00539077412187794
0.00670244959060318
0.012831339876149
-0.0115931758478112
0.0030229747166739
-0.00735383992840888
0.00534373356054085
0.0123218653336781
-0.00250605002961635
0.00466571382537206
-0.0129793279478686
-0.00977195089603045
-0.000243713444353921
-0.00170606877177826
0.000366198739409018
0.00390482015514904
-0.00875159871465658
0.00870630256138671
0.00109404325081353
-0.00461441419828579
0.0207392580122088
-0.0106370147158364
-0.00229527666459628
-0.00738579766973235
0.00341545486403572
0.00814488188317819
-0.00277345954419406
-0.000725489748203856
0.0035092086581463
-0.00397928373326906
0.0108959082541382
-0.00850298203592814
-0.00157020169621691
0.00193559148630085
-0.00736538275778797
-0.003527563599654
-0.00463863536715425
-0.0132450574779857
-0.00198851605752559
0.00958900337774571
0.000493413099790452
-0.00431511522235095
0.0110203068097992
-0.013839619991681
-0.000993479917789863
0.0111883885830832
-0.0055322968051289
0.007911979328866
-0.00355698520246517
0.00553919265236824
-0.00734491351830313
0.0110988043457296
-0.0146358949783119
-0.0022279984870901
0.0328743452068683
-0.00996879630149416
0.00157707145456731
-0.00363367256864511
-0.00170190854116448
-0.0079152700469336
0.00540079777340385
-0.000366341088202105
0.00146559604783558
0.00304878048780477
-0.00255317933130694
0.00365669181305828
0.0146952521105297
0.00754035879567838
0.00914703017343776
-0.00117715130702123
0.0143783385828717
0.00313693505286405
-0.0116978694323776
0.00117189731227252
-0.0121737211752312
-0.020381573887683
-0.0331438014550333
-0.0050043913424247
0.0265308691881161
0.0291523521454233
-0.00321348499929131
-0.00429851940298509
-0.0231442621794492
0.00994350613728834
0.000607791440663252
-0.0155490646258503
0.0164116730452655
-0.0190603368073204
-0.0186881428704897
-0.00832392472791121
0.00101744884970545
-0.00431960366306194
-0.000255263483912249
-0.00459476718812424
-0.00743677413608856
0.00310034863194164
-0.0137797807139787
0.00326455985206153
-0.000650826483122979
0.0256577367238568
-0.0149841269841271
-0.000515676163465151
0.0172836839582571
0.00912885726655799
0.00439761298643626
0.0185138349133391
-0.00822891201741383
0.00619195046439636
0.00479998769230772
-0.00551196724046987
0.0038181794847103
-0.00441719018404907
-0.00813404003123053
0.010437338080119
0.00418106246925731
0.0110212338466209
0.00738856607045957
-0.000480954682721135
0.0440274766279614
-0.0169374465152963
0.0123066455696204
-0.00683112168005817
0.00244811147642943
-0.00372136303573345
-0.00245125487221343
0.0267961739620428
-0.0012535726495726
-0.00342312874741135
-0.00915954930888707
-0.0210307369883207
-0.00920678695459398
0.00464617572918313
0.00355739348850026
-0.00567168872757973
-0.00582291132922375
0.0109968677505681
0.00319219666133375
0.0120212731177671
0.0032607312241506
0.0104469063158001
0.00402066614518093
-0.00766589227309178
-0.00438147108100528
-0.00324259416890782
-0.00185890554200063
0.0159468622536671
-0.0166131647182994
-0.0124665032630431
0.00412929438109266
0.0156268474253691
-0.00543730899034467
-0.00663020813504467
0.000234145193579893
-0.00702409288279326
0.00448004008488567
0.00704232419163131
0.00198132860205136
-0.00360587410019919
-0.00980625683837244
0.013086536194294
0.0129175026184103
0.00298715529656302
-0.00412372265325123
0.00161030592108791
0.0105649744932252
-0.0111363977272727
-0.00655021856642912
-0.0122614000784753
0.020494203308282
-0.00837726656388882
-0.0248814014636546
-0.0140042721575061
0.00734232047803762
0.00442102988598303
-0.015227207119372
0.0142546510540547
-0.0576464513773993
0.0048027930433725
-0.0161006163522013
0.0116338019479187
0.0314672828813578
-0.00526832864732918
0.0298066133807953
-0.00502331054869842
0.0194734458595156
0.0163895652962991
0.00719261045913955
-0.0070260423865468
0.00649574302860167
-0.00633855040930809
-0.0250522265709554
-0.0280751969563453
0.00611995126511444
-0.00450115588203737
-0.00391054615885256
0.0198748001502933
0.0104655723733516
0.00809523809523816
0.0158242442135097
-0.00651009090363031
0.0152118302739508
-0.00472572603214094
-0.000578980905129756
0.00509843551222122
-0.0109522368215872
0.00827601109364706
0.0143352369942196
0.00763626641523296
-0.00588174388047757
-0.00728181826466967
-0.0112321260744985
-0.00915722762804783
-0.00304167045946402
-0.00258156532995113
0.00917645882352947
-0.00909301712628841
0.00352944705882363
-0.00339977713717088
0.0114104337981311
0.00511741084726425
-0.00578569788904648
0.000931121995603412
-0.00395344186046509
-0.000933948123560735
0.00128534701366356
0.00886912104401616
0.00555237728926716
-0.00494650868514901
0.00705203468208082
-0.00103322235066894
-0.00999764456438679
0.00975038863028699
-0.00252903787858461
0.0147517119310261
-0.00613289019422303
0.00194261222848557
0.00250914689781023
-0.00841863462073644
0.00137672090974217
0.00343724797705369
0.0058231786749674
-0.0055624704535121
-0.0195205369753547
0.0216556179026151
-0.00649572649572638
0.00435877494838244
0.00205573325846808
-0.00683837489943862
-0.00298372736956309
0.00748160707233914
-0.0141665487737525
0.0187739365074291
0.000341235338813251
0.00454848750174008
0.0127915446136084
0.0124064042426912
-0.00507837259707722
0.00377270293699383
-0.00674332309024228
0.00556483039654609
-0.00254560049907249
0.00410558131028926
-0.0106088962450855
0.00435607063951826
0.00489327190598909
0.010292164560733
-0.0023003505060758
-0.00296447072980965
-0.000110064973242174
0.000110077088874005
-0.000110064973242174
0.0110132154951581
0.0104575051048745
0.00301853162961341
0.0105330609358012
-0.000319070420731871
0.00457495487977355
-0.00307139383756394
0.00393076608724408
-0.00888884656084654
0.00320302143057782
0.00734358245363542
-0.00253563650215238
0
0.010168403339968
-0.00136316447426343
0.00881986578790128
0.00374687752400349
0.00767314376455519
0.0187281333607738
0.0134343636363636
0.0109637992432214
-0.00246475401754909
0.013639039335837
-0.00624024973167403
-0.00402272378380553
0.00679731047586807
-0.0162426227859869
-0.00387904312831666
-0.00349474780839243
-0.00330663316713531
0.00643410066920569
-0.00719210860860942
0.00271662141781492
-0.0117399754469205
-0.00223373951129535
0.00610568859587923
-0.015677181682699
-0.00595974106041919
-0.00692575991163458
0.00520453835744772
0.00476337371854618
0.00731731430812443
-0.00900344810729381
-0.00774313434087204
0.00790762659548827
-0.00671004418158216
-0.00332570148279254
-0.000834223131715994
0.00365266123982488
0.00103981493271932
0.00259686307043294
-0.00321174896016629
-0.0146553997989335
-0.00232068558056908
-0.00296044612052337
-0.00986214178593403
0.0036413836251028
0
0.0113114716819067
-0.00295451101470445
-0.0130172084457024
0.0050396846442271
0.00490770281955522
0.00615771300227808
-0.000211005599166647
0.0138258364116095
0.0205080266605877
0.00836477617428111
-0.012038381629507
-0.0445423491893366
0.006644539848774
-0.021931193441925
-0.00522481750653681
0.000765948142750217
-0.0119177346590612
0.015823834818286
-0.0025054792209539
0.0204215572785849
0.0148758558459789
0.00369079397467487
0.00451776633746581
-0.00658924791769433
-0.00642240451392695
-0.00381478211884767
0.00212740129502387
-0.00838553241041839
-0.0274030941426482
-0.0198107305765933
-0.00247026729104571
-0.00607826456903482
0.00452994322095313
0.00338222108395336
0.0275280561797753
0.00404595967345944
0.00228707253321736
-0.000434651748719483
-0.00184800525813689
-0.00119800697015893
-0.00185364738691141
0.0369237160047662
0.00231775183981764
-0.0126129599812167
-0.0150096121990715
-0.0189127852470851
0.00484690465793003
-0.0025214097509163
-0.0115396859333923
-0.0226817873541965
-0.0026166552305652
0.00159689749280001
0.0140075507119362
0.00853551203351843
-0.0453229383522404
-0.0330106252300025
-0.00784079595076492
-0.0031611185410334
0.00975732430192289
0.0277810722577476
0.000235104018573518
-0.00129245680539936
-0.00529408235294115
0.0102897098655337
-0.0147505739815167
0.00724801533992325
-0.00495457136798061
0.0104327803303563
-0.0207673816461088
-0.0231248505047309
0.00429287384144339
0.016853994266756
0.0021619024222459
0.0155800092142855
0.00306823231220754
0.00670588235294112
0.0149584901250439
0.012780668112393
-0.0198954072293702
-0.00371186641586663
-0.00221215510783745
0.0182030928192449
0.00355257841960621
-0.0050245860454492
0
0.0012624928702798
0.00332417476671654
-0.00868276029570159
0.00276599064536098
-0.00275836104451532
0.000345810776045008
0.00599074864087257
-0.000916193311955915
-0.0199449568992425
0.00269009356725136
-0.0159804263625186
0.00995727821292935
-0.000234706581034194
0.00586992251702267
0.0196078548085901
-0.00183154759808213
-0.0160549776165703
0.0118880765074099
0.002764316977655
0.00689186783578855
-0.00547574695524766
0.00952055517320471
-0.0131803655679953
-0.0010362233974951
0.0123328720070799
-0.0134350446673107
0.0129255046064511
0.0110516239393286
-0.0191570547477361
0.00436577430645935
0.00274543588985199
0.00136886829254546
-0.00250627708482898
0.0303792035262496
0.000332509417728888
-0.00232685872576177
0.00510882935241197
-0.0140331160220994
0.00862935082496863
0.00644446666666654
0.00750717581127902
0.0145736792773683
-0.000215962856289664
0.0103705196067843
-0.00555968144509444
-0.00344049019588233
-0.0101413526779297
0.00228881743869214
-0.00500216403873599
-0.00972676502732239
-0.00110361989732233
-0.00254118876276233
0.00354451709730297
-0.010485607295488
0.00301166752902038
-0.00333624340160699
0.00200848018271116
0.0121380396835844
-0.00209046101980925
0.0112459099640323
0.0139555057353302
0.00731182795698926
0.00298888770281791
0.00659858457427176
-0.000422932957857114
0.000846223811654001
-0.00179672368008699
-0.0023292112968516
-0.00424494308888013
-0.00149206007690361
0.00736465989188462
0.00127148764372187
0.00507939682539682
0.00884393528604122
0.00657479649342529
-0.00466559890095175
0.00312503124999997
0.00508824490898507
-0.00278958567218113
-0.00497302129008559
-0.00531030814962197
-0.00858369107697787
-0.00464578190946863
0.00243983247395252
0.00550261375661387
-0.00442011169501511
0.000951416510600822
-0.00359070644015835
-0.00296765242114794
0.00754756032741577
0.0120278435537862
-0.00583816734441556
-0.00429953854551657
-0.00252762514568594
-0.00306198926261192
-0.00381275161645322
0.0177546782427107
0.00208917783069551
0.0228291775252787
0.00540153876676919
0.00800810931559837
0.00472648823961208
0.0087077866596823
0.00386980555536631
0.0159138186401862
0.000291875854172563
0.00690593340931689
-0.0180640944183953
0.0177077714174565
0.011019806989458
-0.0108040638991898
-0.00289962307074831
0.000484635498850805
-0.0196686272615891
0.00869735125518867
0.00146973351890534
-0.0007827218548353
-0.00215404882465631
-0.00598568321123805
-0.00118462977735545
-0.000889543388021385
-0.00464925332473054
-0.0111310173584471
0.00241204020100505
0.00100258674559028
-0.000901402279703589
0.0216541754385966
-0.00716322217002363
-0.0113658924688674
0.00149956014695163
-0.00868438810141758
-0.00302080360529255
-0.00646398330544429
0.0111822503451586
-0.00301601484853697
-0.00887362123371227
0.0179062161165304
0.00259865059674191
0.00787558584140347
-0.042433235260796
-0.00175600664716458
0.0209023698354964
-0.0140888601626248
0.0195332688249183
-0.000302500762377811
0.00363123868903803
0.00060299497487426
0.00632788281092589
0.00389260397459612
0
0.00308209379435098
0.00911883248209766
-0.00874177406427201
0.0108997128596851
-0.00852769089965766
-0.0110726937998479
0.00739776074575382
-0.000595395472722027
0.00139012016075979
0.0150719388214564
0.00674020689439647
0.00708328172100314
0.00337217455080285
-0.000192010756597027
0.00681904513583231
0.00868068284497414
0.00340457732938493
0.00603204535404411
0.00234213982278697
0.000560846818597138
-0.000280298917880506
0.00233601202586464
0.0109071038754667
-0.0131870156180928
0.000186870382452797
-0.00953001036653289
0.00924437299793657
-0.00467333404380477
0.00413186222428141
-0.00673338632750409
-0.0118633086513823
-0.0013339590662399
0.00639256762508489
-0.00938571266441846
-0.0222987275777343
-0.00313241961110344
-0.00235661831722778
-0.00984251987878981
-0.00467197822409493
-0.0055926996582254
0.00421811790700022
0.00550058016802835
-0.0055699024709579
-0.00290059003098841
-0.000401243847903632
0.0224786448072525
-0.00314063208499993
-0.000492300876242857
0.00591022476094039
-0.00519004097561571
0.00610299266081271
0.00870755316219118
-0.00581957334276573
