0.00663012414615527
0.0286368859471298
0.0579065177008082
-0.00631584210526304
0.00185391958972025
0.0182394386339182
-0.00493245067497416
0.019827757900978
0.00741880276285478
0.0175215587221544
0.00199655602695281
-0.00199257773386907
-0.00249560768654844
0.000500400287705594
0.0145035751686136
-0.00419023909292582
-0.00222774741446796
0.00793847660782743
-0.00492249557168356
0.0116250803858522
0.0146698770332578
0.000240915662650609
0.0183088903063786
-0.0160870593801751
0.00024039432555889
-0.00072110580389928
0.0101034880923743
0.00643000683829476
-0.00331280186052074
0.0484330733246219
-0.0400815443840579
0.0106157350935536
0.00443508403361337
0.0127818501692274
0.0238640879364806
-0.0123262889360441
-0.00226909462219194
-0.0152377071813122
0.00531177841366692
-0.0133240986290856
0.00558784620284403
-0.00162074558047576
0.0345547781668547
-0.00246583720094506
0.00651687640449428
0.001562848815297
0.00980824766365918
0.0019867550107453
0.00859220111461112
0.0037134557386076
-0.0102285307893683
-0.00329810905892691
0.00617690244090419
-0.00482354736190416
0.00969383145392877
0.00370931687936649
0.0147826086956522
-0.00814055269922875
-0.000215939529502052
-0.0071290125917256
-0.0104438426989524
-0.00681622691292871
0.0064202128147095
-0.00175974486933017
0.0055090346957023
0.0135875298359078
0.00281083243243252
0.00819312185870813
-0.0136868910901151
-0.0208152432960808
-0.00620015500442861
-0.0204991528409278
-0.0102366016887308
0.00413700317798216
-0.00526436267485375
0.00552236552053298
-0.00846679614492463
-0.0156935141613886
0.0211019216364867
0.0119403217437501
0.00680732924892213
-0.020058576066229
-0.00436980220791172
0.0133979668884738
-0.00387503997891592
-0.0098398395917656
0.00577767506355453
0.00160845588235303
0.00688228951594394
-0.00273408527532659
0.00502631939684695
0.0272788575913228
-0.0110643950224474
-0.00223761472896866
0.0197353891006953
-0.0235319766102491
0.0132882876897167
-0.0204490322094228
-0.00521896982073966
0.0330748403284671
0.000883219234196986
0.0213985651269109
-0.0136069333392426
0.0229910892485699
-0.00085618576934543
0.00428451156812337
-0.0174914672036803
-0.0145462871353389
-0.0218109059663122
0.000450360340073841
0.0607834561361305
0.0127334892345818
0.00251464789365774
-0.0075250836120403
0.0103201558550969
-0.0043777985328789
0.0198911440490428
-0.00205292551946068
-0.00205725155200043
-0.00371049283489977
-0.0103455406436772
-0.0071085090065437
-0.0101074748322814
0.00553078092026293
-0.00550035963613282
-0.0110613916639606
0.00215095710256175
0.000643893539385987
-0.00707846433029746
0.00194426437795947
-0.0120741912015051
-0.00872985595809694
-0.0224569802931299
-0.00968470677095912
0.0127359105586555
-0.00449128687382172
-0.0209790200325278
0.00115205063815438
0.0237053849549969
0.0377697841726619
0.00151646447140386
-0.00930134112048442
-0.000655000014301188
0.0349573738256499
0.0111885795057753
0.000208726504854706
0.00939263201836771
-0.0173697473662169
-0.00252521043771048
-0.00105493666434864
-0.00844766667149588
0.0136315013071033
-0.00924559781466705
-0.017391303610125
0.00971286381554659
0.00534416428696383
0.0167978102657413
-0.00899207444583849
-0.00295418870973185
-0.0048677248677248
0.00382817949808589
-0.0042373092322604
0.0176596170212766
-0.00857210919623208
-0.0040067062001985
0.00465807749311886
0.00273974704447322
0.0218578595267818
0.00617027984718788
0.0204415380393106
-0.00881406285312758
0.00727566693613602
0.00401286115569799
0.0111909869865909
-0.0326086376525153
0.00898872300329479
0.00485932384813359
0.00463429368055013
-0.0100280784190117
0.017017827856203
-0.0252988241972346
0.00551810750051085
0.0280488002429105
0.0247133244478717
0.00713870317813226
-0.00689657074910777
0.00713732638888898
-0.00210689527115304
0.000959769710547898
-0.00364339391588131
0.00789068529427794
-0.0106931069446841
-0.0133179306443171
-0.00528170980598031
0.00963622456779656
0.0148032333463186
-0.00422259133292091
0.0271781027914784
-0.0200788136596206
-0.00670245103978462
0.0146520534924244
-0.0102603266148522
0.000767920906123987
0.00556295788292815
-0.00438761939670429
-0.0197355627464182
0.018569214229867
0.00633271912621924
0.00858123586157977
-0.00170164495559932
-0.00946969714904733
-0.0453154693176954
-0.0310434408171439
-0.03927244648052
0.0185025817555939
0.0318968736797633
0.0182191205002711
-0.00482513048551947
-0.00545454545454549
-0.0294536055250864
0.0347425708401543
-0.000809000825424788
-0.00951421014112508
0.0357653791130186
-0.00295976716653523
0.00376018214447238
0.0130126180399719
0
0.0108991434235277
0.0179052756624043
-0.00245880466160031
-0.0127038675500998
0.0117149990397543
-0.0548595102505696
0.0343442250583608
-0.0120388155339806
-0.00353773577952565
-0.0406312023544141
-0.00842925592987798
0.03047897574124
-0.00382299791100604
0.00504948515651327
0.0124598678641425
-0.0242159780822554
0.00183075671277466
0.00751267005076151
-0.00523978245142653
0.020259318876432
-0.00972998392116786
-0.0302786851870601
0.0465260536284935
0.00968182158305031
0.014872857724965
-0.00366376776583555
-0.00406423472282691
0.0178780026793237
0.0229095260994745
-0.00130653223939781
0.00616710918210095
-0.0102154346210996
0.0148245634298263
0
-0.00980035096892196
-0.010644239227717
-0.00339752736881838
0.00189399624799247
0.00869563294156395
-0.0148051159144468
0.0106524824044132
-0.0056465084576226
-0.0124929770019695
-0.01169248655137
-0.0153219741015909
-0.0106362024817807
0.00119452518415297
0.024855835656078
0.000776115623280615
-0.00368365631315792
-0.0194590391021413
0.0119071842013729
-0.00294179239294778
-0.00609758064516142
0.0184049083396975
-0.00544109998913922
-0.0365376905041032
0.0279861685664942
-0.000394574874621689
-0.0100650882204496
0.00299045055821368
0.0129198566304938
-0.00529827325938537
0.00197281518983639
0.0269737935228629
0.000766890337423387
-0.0333333710089392
0.0386444914515356
0.0291928830375883
0.00611792744008022
-0.00350097659848914
0.000739589469689772
0.0012934220490286
0.017530910085457
-0.00181352923129374
-0.0101744365884004
-0.00513948237885453
-0.0095941142141307
-0.00298062593144555
-0.0211136210762332
-0.00648978825137991
0.0363112398907059
0.0137189657715788
-0.0420628931967812
-0.00840019075219189
-0.0406237397116623
-0.0152518958357658
-0.015488057876503
0.0260815353740109
0
-0.0155336090377245
0.0209016602643783
-0.0355279205138499
-0.0247658277786853
0.0271020053968842
0.0174527318210529
-0.0794363675834927
0.00687659685551933
0.00264373215782632
-0.054273722446659
-0.0260223739307068
0.0250477826835775
0.0102396786074079
-0.00506797972817319
0.0201435985215004
0.0217884470769758
0.0199910706352731
-0.0126306190170129
0.0231583370092634
0.0288855578548297
0.00775189608212878
-0.00145528072579137
0.00999373329156228
-0.00350439099172917
-0.00786100537856849
0.0208507093588555
-0.016339849189948
-0.00228407392026575
-0.00166489077346277
-0.0191786946179134
-0.0146652075380491
0.00237273506529911
-0.00365831711516429
0.0347732404918626
0.00438319766228346
-0.00436406908487263
0.0192027134209978
0.00286706930710356
0.0134776390958211
0.00302232514563117
-0.0206910209058059
-0.0141538256410256
0.0178942359988714
0.00204419468700712
0.0126478784169726
0.0549959720990325
0.00763797990525084
-0.000379003221527396
0.00530803791469192
-0.0288515751244874
0.00951460194174758
-0.0155799570848256
-0.000781574833919385
-0.00664841624263623
0.00846458678079887
0.00878391567440961
-0.00212848297213619
-0.0106651153771572
-0.00352802822422582
-0.00472073170731713
-0.0110671348247879
-0.0171862706397627
-0.0136234648230987
0.0150485266975273
-0.00223397635117883
0.00732751867845471
-0.0157608197308214
0.00698008636789327
0.00978593292122176
-0.000807530805724377
-0.00666805388288327
-0.0156631611065906
0.0171523458803957
0.0105648311547168
0.01306789251838
-0.0021829728553876
0.0153142405591535
-0.0284035460999715
0.00786298418802356
-0.00120028000799033
0.00801125575806139
-0.015497774071219
0.00968718485746067
-0.00239854092341674
0.0184332197956323
-0.0236081241940538
-0.0411041901852872
0.0212229039714225
-0.0176953916747076
0.00649344338108748
0.00582732582366963
-0.0120008685288281
-0.0142408376963351
0.00913533035903979
0.00378947368421056
0.00734058305369123
-0.0183218200774894
-0.0108166061159446
-0.00257287741365519
0.0159070937231298
0.00444356768698984
0.00716241821861341
0.014432105952058
0.00309282474226813
0.00431652603015298
0.0102333194794655
-0.0751620527722436
-0.0440307319154115
0.0020623511013369
0.0169220443631375
-0.00607150874586226
0.0149321263590017
-0.0247436686414696
-0.0130285714285714
0.0148216767021769
0.0159744408945688
0.0249326370170708
0.0236685947037345
-0.00128445731715821
-0.00707399755309768
-0.0215889464594128
0.0066195719329214
-0.0107408595076909
0.0197207839636433
-0.0152107779226424
0.0136804721977053
0.00805402716704462
-0.00302316987641615
0.00324890635689434
0.00388601036269431
0.00473120430107543
-0.000214083899527262
-0.0310426253702125
0.0081750555976603
0.011615143291362
0.0192807409012132
-0.0121147505231616
-0.0307659423407917
0.00865704791691568
0.0105633585071161
0.00261330586294872
0.00238924842768795
0.00931744271647061
0.00880206059244037
-0.00468188956450766
-0.00299335043831528
0.00600469641851387
0.0187593476870602
-0.0104624396220456
-0.00211465421622636
-0.00190720495671126
0.00169855633539528
0.00487494701144553
0.00822609154186882
0.018828494117751
-0.0474333049808355
-0.0112093125934322
-0.0124264227692702
-0.00971298034686496
-0.0109229154943621
0.0191571336298657
0.00906678440807629
0.0131492217148976
0.00519145576465507
-0.00473425855962439
-0.00756752432432428
0.00631801715389901
-0.00801037038342434
0.0222610213880403
0.00896665243381722
-0.016715976162335
0.0404561428780688
0.00889350605557415
-0.0106601273198057
0.0116038546043868
0.00634987709954937
0.00122120901239153
-0.00853830064115257
0.00123030551568593
-0.0221175907385791
-0.00502621989528784
-0.013891812834848
-0.00320164367989939
0.00192719481954606
-0.0136781146895038
-0.000866760525817578
0.00889175864472458
0.0021495915735168
0.0124410556079162
-0.0103813980851398
0.00620854220099631
-0.00170217021276597
0.0049020462447591
-0.0131495858685224
0.0412637447080109
0.0134158304764533
-0.0138492877331685
-0.00309785225517767
0.00103584006629376
-0.00579468129139082
0.0197752077482263
0.0169421915924806
-0.00923321959052592
0.0113451577928454
-0.00200316514435761
0.0192693496587715
0.00374167002248282
-0.000588620745759938
0.010993345327706
0
-0.00466023300970864
0.00994931759458906
0.0102375700212478
0.0047801148141513
-0.00932441502044556
0.0222819819000772
-0.0340097889137583
-0.0297607274849251
0.0104250398872285
0.0244047410950499
0.0184001739608721
0.011030771737133
-0.00451471030850259
0.0079365460293479
-0.0226846456692914
0.000383675419457719
0.00498557986632475
0.0104941614195766
-0.0275679574691835
-0.00349514563106801
0.022798168355417
0.0114307101760065
-0.0128084385006594
0.0118297843922917
-0.00735432787769796
-0.00854863238124304
-0.00383209434435905
0.00134639348542454
0.00153664998969183
0.013041829939429
0.0168496592199925
-0.0011170545730228
0.00074551721358751
0.010430266538094
0.00571430414746543
-0.0168622064358099
-0.00335570476054636
-0.00692104390050585
0.00960629120361634
-0.00279845159695713
-0.00280639845076902
0.00881803018420335
0.0141342570206433
0.0238401434777213
0.0197026322872065
-0.0112418584226244
-0.0115473794360031
-0.00467286133488254
0.0016251353986072
-0.00288444198874283
-0.000542433546511845
0.0039797576696774
-0.000900882882882925
0.00252477903472004
0.0129519877675841
-0.00106554784113744
0.00373331555555567
-0.00159404891239912
0.00195141035925861
-0.00796743980169967
-0.011243923099124
0.0088447108720322
-0.00697797471780248
0.00756753153153156
0.00196711380426007
0.000356951639424397
-0.0017840856696536
0.00983018749186448
0.00123893805309727
-0.0150256142831889
0.000358955485302292
-0.00376754561293347
0
0.0120655863869186
0.0179714943421443
-0.0017479112348876
-0.00210119064785164
0.00666778358772468
0.00296325610882442
0.00173788665731878
0.00208187026512618
0.000519442538761794
0.00865201576999453
0.00394577107658667
0.00136701982228282
0.00460752575452306
0.0066247495604681
-0.00506242001560653
0.00559704894160529
-0.00640919199849566
-0.00322524189441509
-0.00136243185690677
0.0027285130069663
0.00442180279628923
-0.00761937000305846
-0.00290056299435992
-0.0112936346901717
-0.000865334040590748
-0.00450370691148438
0.017226343879827
-0.00153951422407661
0.00531096462756486
0.0090320211315611
-0.0042222598247299
0.0111940300406042
0.00687688706603296
0.00866233564321739
0.00710158558384122
0.0129550672351593
0.0126274728832767
0.00239811354753172
-0.000956969681706998
0.00526823124629994
0.000794013009464578
-0.0046017137416694
0.00781127052446995
-0.0170832328838464
-0.002413855848308
-0.0129053552861637
-0.00457589482882659
0.00476113938597944
-0.0236928264102479
0.0215899748953974
0.00753602543355147
0.00894307317073162
-0.00209510075898633
0.0016150194320097
0.0120928732666881
0.00939941054643922
0.00599749043564568
0.00517725117109347
0.020758576556891
0.00107032106818594
-0.00626245599110353
-0.0112203507906655
-0.000466329847152669
0.000466547412136142
-0.0153894290256666
0.00394695295232084
0.00739106777795229
0.0109273184804035
0.0114267754346271
0.00213738931297724
0.0103595522602002
-0.00934865802171281
0.0111111572805704
-0.0111395152792413
0.0115694166061981
-0.00677196418835047
-0.0143938939393938
0.0161413520611213
-0.0143721033092921
0.00644663065397899
-0.00488028061613532
0.0197701302681992
-0.0159302372117489
0.00534512803855547
0.000151815277174228
-0.00136688951196173
0.00334602281368812
0.00303163554598118
-0.00634725725698237
0.0193155437262358
-0.00402860358230106
0.000299580524344645
0.0121312720741922
-0.00858245017512715
-0.000149283582089543
0.00238847596323266
-0.00670148900367873
-0.00539731658458686
0.000904522213115655
0.00572284621316732
0.0104822403486409
0.000296339643020005
-0.00118521481481471
0.0057846338114691
0.00280197619236033
0.000441161764705988
0.00191099517728932
-0.0114437639997791
0.00148420903016655
0.00815050349064173
0.00999559032773156
0.00232868581470935
-0.0197473637397693
-0.00074067543354539
0.0154165581888017
-0.00306567883211672
-0.00834675635749382
0.00679266085657626
-0.000146699911997672
0.00557437305484432
-0.00641870139670175
0.00631331660089107
0.0137146481804107
-0.00503750697880645
-0.0312454230252608
-0.00014935045319775
-0.0194145014846848
-0.00137075836912848
0.0317218545066342
0.0078344121852354
0.00352006453505416
0.00467699516740705
-0.0407331405508623
-0.0113739759971496
0.000460177927283922
-0.011346181978746
-0.000465353576363792
-0.00186183096331261
-0.0129022536016709
0.0286614173228346
-0.0251071647274953
0.0108354742462311
0.00310699068943654
-0.00216818956171572
-0.00512186869470754
0.0170047431202729
0.0110446690889807
-0.0042483232135746
0.0124942867207505
0.00948088831365923
0.00178883417445341
-0.00505946451158323
0.0161531705630698
