0.0122700007527607
0.00727278787878771
-0.00180511421148521
-0.0156720916214588
0.0238823637477037
0.0287082553055176
0.00872087158599588
0.00922190201729101
-0.00114220445459756
0.00457404230989145
0.0216278315310188
0.0122562110163671
-0.00440286186020922
-0.00608070757324486
0.013904338153504
0.015907844212836
0.00863930885529163
-0.00535331905781589
-0.00107648008611394
-0.00862063624033615
0.00489130434782603
-0.0216333153055706
0.013819789939193
-0.00981461286804797
0.00881057268722474
0.00655027292576404
0.00976138775697466
0.0107410842781372
0.000531349628055233
0.00212432288900688
-0.0233174868406206
0.00325556158437323
0
0.00432666306111429
0.0134625740441572
-0.0127523910733264
-0.00914962325080726
-0.017925040738729
0.00276543141592933
-0.0132377282535979
-0.00335377324504049
-0.0112171060011216
0.0260919470273366
0.0337203427307906
0.0155079670851352
-0.00157983149025798
0.00105490511892969
0.0147523709167545
0.00155768431983372
0.00103670290115598
-0.00725007805541578
-0.0104330203442879
-0.00738002147496175
-0.0228359001593202
-0.0266304347826086
0.0284757118927974
0.0103149294245384
-0.00322418037484262
-0.0102424803365219
0.00381258149168939
-0.00922409115572431
-0.0290251916757941
0.0338409475465311
-0.0103655755591925
0.0110254140587329
0.00109056706652133
0.00490196051732239
0.00704601587826459
-0.0123789020452097
-0.0125340054495915
-0.00607069502921087
-0.00111049416990583
-0.00500277932184545
0.0189944134078213
-0.00767543859649111
-0.0491713259668509
-0.00464846046766176
0.00175137196446995
0.0046620046620045
0.0214617749419954
0.0176035765131417
0.00558035714285698
-0.00443945615982244
0.00334442567756832
0.0127777777777778
0.0148107515085025
-0.00162167567567562
0.0108284250583879
0.00321371183717178
-0.0117458622530698
-0.00810367368989739
0.0125271779669294
-0.00753087681549214
-0.00108406498189351
-0.0119371134020618
-0.00658973127895279
0.00608076285240466
-0.0197802736384465
-0.000560538116592069
0.00673028603477288
0.00891364852848753
0.0226393692634252
-0.00701949244060474
0.0130505716721356
-0.00161025236770007
0.00322580645161286
-0.007502679528403
-0.00161987041036726
-0.0270416441319632
0.000555864369093939
0.00444444444444425
0.0199115597345132
0
-0.00271160505902357
0.00598156639377745
-0.00216221621621626
0.0102925791057735
0.0225201072386061
-0.00262191924488731
0.00210299684542603
0.000524711465095029
-0.022024121657053
0.00428954423592498
-0.0069407367859049
-0.00913978494623668
0.0113944112859468
0.0101931872421237
0.0249601168348381
-0.00414507793497809
-0.0119666499462359
-0.0121116377040547
0.035181236673774
-0.0252317198764161
-0.0147913365029055
0.0166219302949062
-0.00474673020816097
-0.014838419987365
0.00268956428187206
0.0182403979742702
0.0105374077976816
-0.00208555787278419
-0.00731447269145624
-0.000526315789473819
0.0142180094786732
-0.00311521287642791
0.0145832804904542
-0.00410677618069821
0.00824737113402074
0.0132924853421517
0.00403632694248235
-0.000502562814070351
0.0110609356993936
-0.00944808505976702
-0.00652605421686758
0.00101051030770538
0.00706723912504992
0.0140350368904743
-0.00494320316361829
0.0129160463445626
-0.0191269749449228
-0.01450005
0.00659568780292674
-0.00453629032258063
0.00506329113924053
-0.00151133501259448
0.00201821392532797
0.00805634400521926
0.00699300699300709
-0.0044642857142857
0.00398604882909814
-0.00496282878411902
-0.000997406533536527
0.00549166223206887
-0.00496514423858707
-0.0274451583111199
0.00872242175474613
-0.00864699898270604
-0.00667003591585413
0.0010329544920995
-0.00567590328565037
-0.00259475869226766
0.0119668060336526
0.00668375286972989
0.0107252808988765
-0.00505305684421142
0
-0.0066024374503586
-0.00102239269030646
0.0204708280209402
-0.00702116313835688
-0.0156565159422484
-0.00974864032837341
-0.00725383457273754
-0.00991654488517735
0.0959410698967353
0.00865791204146649
-0.00190743928981596
0.00191108456760647
0.000476919431422029
-0.00190653002859875
0.00764083058066722
-0.014218056872038
0.00480774061575673
0.0229664593301437
-0.00140313383550672
-0.00468384074941464
0.00470588235294134
0.00983601873536299
0.0111317259337536
-0.00825678936957752
0.000462442161774268
-0.0536292211571531
-0.0327308271974025
-0.0404039919395955
-0.0131578947368421
0.0405333333333333
0.0220400307534596
0.0100299894669014
-0.00595824259971411
-0.0149850649350648
0.0106491384710516
0.0296036126442549
-0.0112085282651072
0.027599752212925
-0.0115107434052758
0.00776317284021477
-0.00577756379393357
0.000968523002421451
0.0227382196419932
0.00283831612290997
-0.00330198097632162
-0.0151443452505606
0.0129745801525505
0.00616693548387115
-0.00141438007611405
-0.0061379131255902
-0.00427553464491848
-0.0229007167414463
-0.00195307617187512
0.0117416334764369
-0.00773694390715673
0.0141325048732945
0.0235463730680621
0.000939014128592319
0.00375234521575973
-0.0014018224299065
0.0177818896686062
-0.00413793103448279
-0.00138508771929813
-0.0134072590572012
0.0023429709465792
-0.00186998606217781
-0.00655742388758784
-0.00330033018860587
-0.00662246956586887
0.00571433333333315
0.0132575277813671
-0.00233644859813076
0.0187353629976581
0.0303448275862068
-0.0165104417670683
0.00816687803235583
0.00180022510352051
0
0.00853553459119483
0.000445345191744106
0.0111308998722572
-0.00572430672498059
0.00885744021257762
-0.00965768175339399
-0.00576236727670076
-0.00624159607668295
0.00897258820221669
0.00533574922187641
0.0132684204657929
0.0096027498908775
-0.0717682694236174
0.0111783889696502
0.000460617248301265
0.0165746324389793
0.0131341032608696
-0.00312928014621006
-0.00134524669709624
-0.00224521778176912
-0.0450045024754502
0.0202639500595641
-0.00415709006928389
-0.00278288510124702
-0.018139488372093
0.00142103261861526
-0.00236513729257981
0.00474163110478898
0.0198206691920402
0.00740393302156717
-0.0197519522278364
-0.0159325210871603
-0.00380952380952371
0.0124282982791586
0.00661000944287071
-0.00140708255159472
-0.00375772645571981
0.00282890159495053
-0.00235077574047948
-0.0193213958209895
-0.0134549742169618
0.00048709203667352
-0.0165530663800844
-0.0222772761248874
-0.0258227848101267
0.00207905405405406
-0.00726151414618703
-0.0250783189696091
0.0385851554126475
-0.0196077925494218
-0.00789473684210518
0.0100796286472147
-0.00577736314194521
0.0311674590596935
-0.0332991290983607
0.0227873861797889
-0.02383414631265
0.00796178343949028
0.0300157451290155
-0.00102239269030646
-0.0158649428932988
0
0.0608424336973479
-0.0196078431372548
-0.0199999999999999
0.0112244897959184
0.0312815842583249
-0.014187915157147
0.00645166253101737
0.0162721885467363
0.0164968453907401
-0.00811455808522399
0.00818094282093651
0.0143197606529948
-0.00705882352941167
0.00947862559241708
0.0145540851903327
0.000925404862313517
-0.00369856697635551
0.0194895600691212
0.00910336864375827
-0.00045105999097883
0.00631764440433202
-0.00134524669709624
-0.0148180960933992
0.00319047387463667
0.0104497955474783
0.0134892535971223
0.00310558992433063
0.00221136655411902
0.0158870255957635
0.00651607298001755
0
-0.0103582218385845
0
-0.0021805931094635
0.00524479918027954
-0.00130439130434779
0.0269917730514484
-0.00932594319626967
0.0089858361580728
0.00254448685326558
-0.00380710676002993
-0.00212309987783865
-0.00170217021276597
-0.0106564369418771
0.00861701889776034
-0.00768902178556174
-0.0107619457597934
0.015230635335074
-0.000428632661808703
0.00600338765008579
0.00724637712047649
-0.000423106238811255
-0.00465711241925848
0.00297745640153102
0.0067854113655641
0.0025273378264532
-0.0113444542581704
0.00849974464514469
-0.0160134850400336
-0.00685220556745192
0.0150927117251958
-0.00764655872359565
-0.00941789343245325
-0.00345721708976732
0.0125759328957473
0.0111349464668093
0.00127056326681219
-0.00169200514771584
-0.0063558898305085
0.00980805928323836
0.0114020692567567
-0.0162840076708138
0.0152801789168158
-0.00627090301003352
0.0328144299537232
-0.0069246438665842
0.0340443000018169
-0.010709956791351
-0.000401002389695093
0.00481343762535102
-0.013173653220505
0.000809101974478033
-0.000404203718674112
-0.00121306105944197
0.00728736812601749
-0.000803778167354441
0.000804424746402965
-0.000803778167354441
-0.00643604157538047
-0.00445348160107362
-0.00813342822285479
-0.00163997546699357
0.00205338809034905
-0.00573770491803272
0.00906842539159114
-0.00163394607843148
-0.00613747929061048
0.0135858372340123
-0.0341186013761737
-0.0298570635047491
0.022973558734287
0.0148305508474575
0.0146136945881548
0.00329218120543961
0.000820385595585726
0.00163938524590157
0.00572827308804125
0.0191211960943858
0.0131736532205051
0.00788026035777212
-0.00273651290070354
0.00862406899255186
-0.00582977069568602
0.00312744331509007
0.00935307872174596
0.00810814671814675
-0.0103409034721983
0.00890092879256965
0.00230145761411582
-0.071565215138355
-0.00329760923330591
-0.00703060380479725
0.00166593086214073
0.00415804591093738
-0.00828153209109728
0.01127340245205
0.0045417425492047
0.0143855322646937
0.000405226904375944
-0.00243021456337722
0.00203008534429894
0.00486219611021066
-0.00362903240439649
0.00161881835770217
-0.015353494949495
0.00205166179517202
0.013923013923014
0.00928917609046831
-0.00160060024009601
0.0116232059469656
-0.00118862916006335
0.00872673576861316
0.00550530869052301
0
-0.00195541650371533
-0.00313475705329158
0.0027515329107104
0.0156801254410035
-0.00270165959089153
0.00541795665634681
-0.0103926481909161
-0.0260598220948978
0.00998402516038244
-0.0264926838081185
-0.00934207923062225
0.0180402221418705
-0.0241643173580346
0.00701609574907125
0.00409836065573765
0.00653061224489804
0.0170316301703162
-0.0107655901116426
-0.00120910927888396
0.0149313553296466
0.00675944333996026
-0.00394948657187988
0.0122919116689892
-0.00470039151193136
-0.00236127508854778
0.00473368836291921
0.000785276827062198
0.00156928207140061
0.0282020748843685
-0.0224761904761904
0.00350740452065468
0.00660194174757289
0.00270061728395055
-0.00153901500577136
0.011175298220605
-0.0038110137195122
-0.0122417372701505
-0.00426030209140205
0.00116690008428244
-0.00932400932400923
0.000784313725490149
-0.006269553291536
0.000788564637674849
0.00788026035777212
-0.016419077404222
-0.0158982511923688
0.00121167205169614
0.00564739791660362
0.0204573204973926
0.000786084874760951
-0.0157109197058491
-0.00877889101272511
0.0197262479871174
0.00710619818397173
-0.00274398275186216
0.0161163122595791
0.0243713733075435
-0.00302114803625386
0.0174242803030304
-0.00335074447688966
-0.0104594695554726
0.0101925254813138
-0.00896860986547088
0.00263951734539969
-0.0116584806318165
-0.0418569618775889
0.00555996822875304
0.00829387835702988
0.0023501370015615
0.0144587338804221
0.00847461511843672
-0.00878529411764706
-0.00385360293435055
-0.00077369439071584
-0.00658149438637234
-0.00506621200311774
0.000391696028527511
0.00587313994232019
0.00895286068692647
-0.00540119598765443
-0.0100853758694578
0.0094043887147337
0.00465834627329187
-0.0189335401442636
0.00512016562111728
-0.0117555250783699
0.00475816830920572
0.00907655880031566
0.00351974970668745
-0.000389711613406174
0.00272900584795344
0.00194405139751352
0.0131936748156771
-0.00651091510873558
0.00501152640664904
-0.0103567702339854
0.00426360481641885
0.00231566962562724
-0.00115510208529479
-0.0104086734615005
0.0218153486560186
0.00114372855508971
-0.0114242574257426
0.0100154087062947
-0.00381380640022155
-0.00344563539641518
-0.00806765239847662
0.120449264136328
0.00691320428620812
0.0085822179396573
0
-0.00476511248349609
0.0106018809849522
-0.00067675129193745
0.00982048730712881
0.00335345405767939
0.00601604278074874
0.00465116279069755
-0.00132271825396824
0.0195364231941582
0.00227346533701001
-0.00259235247594458
0.0165692002414166
0.00798977283509839
-0.0202917241505478
0.0132685760517801
-0.0070264773882619
0.000321646831778821
-0.00289389067524115
0.00741696227023536
0.00288092189500633
-0.00319182891796987
0.00544348382965087
0.00859872611464985
-0.00221029365329961
-0.000632911392405178
0.0015832488917038
0.0072716410771938
0.00219708091032378
-0.0131537738803632
0.0085687400825134
-0.00157334796811359
-0.00378187834856603
0.00221445738011838
-0.00946972853535344
0.00446147241751027
-0.00539340101522834
0.00159489633173826
-0.0079617834394905
-0.00160513643659699
-0.00803858520900325
0.0103727714748785
0.000320821302534524
0.00545221295702381
0.00414673046252001
-0.00667090216010169
-0.00511669331627751
0.00867881682163874
0.0248566292178656
0.00901744402985094
0.00986129399502955
0.00335675923100398
0.0182481442138642
-0.0462962962962962
-0.00563733166301283
0.00913388976377938
0.0165417909943262
0.00429840343874743
0.00244579646731236
-0.00091500454666027
0
0.00854710064390085
-0.00635590174467604
0.00517812944391527
-0.00212121212121208
0.00182210750075917
-0.0030313123351734
0.00790522979340924
0.00271493196289985
-0.0255716891954457
-0.00216113004511065
0.0142326423267325
0.0228798054569801
0.0146138089655179
0.00734861845972956
0.0142981616574263
0.00489073676011142
0
0.00601199541941044
-0.00455318738056898
0.00829045168667819
0.00708817692089592
-0.00309684684684708
-0.00169449308105052
0.0025459973151909
-0.0203159712278772
-0.0141129316211716
0.00496646216768926
-0.00174424408463691
-0.00553284799068154
0.000878418689404414
0.0023404915155063
-0.00496199678704012
0.00528014080375483
0.000291771228479565
-0.000583459760310823
0.0011675715801267
-0.0177842570782583
0.0118729893699314
-0.0190672044587856
0.00149530506863949
-0.012541116002322
0.00604777744179019
0.00030054102795285
0.0117187203040481
0.00683112603689495
0.0073746308333551
0.0169838350229086
-0.00806216527497827
0.008127692071765
-0.000575899798444968
0.00288107182025543
0.0146509332188758
-0.00651189127972807
-0.00313479623824475
0.00257289879931388
0.0447675791274595
0.0147380189611903
-0.00537923614846703
0.000811195240670859
-0.00297206176558029
-0.00487807561636444
-0.0182462413331634
0.00443828028955018
-0.000276111579014526
0.01187845271054
0.0046409499142519
-0.00652168495982841
-0.0101204045371881
0.00414481912530595
0.0184369290038524
0.00567422348955549
0.00913487347837516
-0.0191693551871843
0.00298591205211718
0.0010825710126503
0.0124357657509724
-0.00293727629005924
-0.00428494911622934
0.00591721355567509
0.00989299412336941
0.00370664548583521
0.0118702453178581
0.0242440035389988
-0.015271111853624
-0.0116308351416603
0.000784466486168256
0.00418082048602031
-0.00494400208170709
-0.0164749206864582
-0.00159537352843986
-0.00266306265414284
0.0152202666162813
0.00657548658600726
0.0133263391690617
0.00103148532830044
-0.0118495363214839
0.00182479140185632
0.0117096278948738
-0.0118313525763541
-0.00234242594182332
0.0153925376784483
0.00205554995146717
0.0120513076923079
0.00582721039201384
0.00906800984715339
0.00474286059054263
0.00347823602484487
0.00718001998465012
0.0081120452310719
0
0.00926605751114651
0.0103890072575261
0.00430416068866579
