0.0201436219082063
0.0440308314560542
0.0322826195652173
-0.00221121404431701
0.0595187830409711
0.0282868121855218
-0.00135606356753315
0.0252182255134477
-0.00529799447392598
0.0171200591318248
0.0014025995623228
0.0029882156312715
-0.0154548360318467
-0.00567373995271869
0.0189253158549632
-0.00644019046518762
0.0146548148798915
-0.00148138132614795
0.00370887350410531
-0.00757505773672051
-0.0314623196500047
0.00297931754985137
0.0231889419012175
0.00187304740469219
0.00345854355603259
0.00791801598356812
0.0256932169785551
0.000810929875357802
0.0138651391014675
0.00959063129748139
-0.00228693812495495
0.0156043110288282
-0.00842008702482866
-0.00525261301096169
0.00440024652997217
0.0355735135960795
0.00414584983254329
-0.0256151078530502
0.00951227092279727
-0.0192735997819702
-0.0227967599405495
-0.015999294315319
0.0247979298682144
0.0324410831412871
0.00600958947434105
-0.0314046765659669
-0.065022
0.0327930164118069
0.0342153290915206
0.00988092650870631
-0.00812439933498377
-0.0147965473419364
0.0148399426529597
-0.014006316437799
-0.012686482623068
0.0365577859640254
0.00436490604020334
-0.0119948280227337
0.0292953466929768
0.0254701111111111
0.00933484724116895
-0.0233691250762861
0.0299315218550313
0.011821706129574
-0.00835698985801225
0.0121911142841507
0.00145501577443241
0.00185651789374863
-0.0141798417455726
-0.0277051321697848
0.0159704293858078
-0.0141474224998571
-0.00495135935040758
-0.00818083832335326
-0.00875848654351175
0.0295959251951619
-0.0105815450070375
-0.00530523789473691
0.017270580326687
-0.0148136396533408
-0.0224699786062674
0.00138261319233846
0.00379705739895719
0.0179677097661624
0.0152013760594079
0.0267864655751309
0.00315968565178637
-0.00516879340978826
-0.000649472316934574
0.00203086924501816
-0.0147547550021038
-0.0100386818895638
-0.0152937996059147
0.00928504254845075
0.00953415572468019
-0.0222019718515613
0.00321956285028846
-0.000675635480934633
-0.0063382066029205
0.0105459940373194
-0.00917351455983839
0.0264163163233759
0.00157235192228899
0.0136329919328513
0.0216009292468209
0.0252932095221701
-0.04326846692607
-0.00642589870789168
-0.0422431757307707
0.00572703659675255
0.00866901211392102
0.0112908409167509
-0.0394934020869873
-0.00615890879735359
-0.00226937243606529
-0.0117224829275213
-0.00221297687693212
0.0215578511217367
0.00373425959645224
0.0128914861932603
-0.00538137866233868
-0.00566818094008625
0.021160856980142
-0.0158166451201054
-0.0248367134338543
0.011280505761166
0.000610021786492387
0.00627069325901419
0.00476021287207695
0.0225687233204832
-0.0336113051437226
-0.0104602858223475
-0.00281888661431173
-0.0454063527934546
0.0230428007226136
-0.00587970133297966
-0.021474076042328
0.0103217499505137
0.030924987925909
0.0107133021924237
0.00167832348448305
0.00158730155930686
-0.00158478602597656
0.0148148145535305
0.0039102971166094
0.00727087342916
0.00412473135366342
8.56054785725036e-05
-0.00564781785343305
-0.000946652348020272
-0.0140408050319857
0.013629198092165
-0.00939490629361073
-0.00426344731575745
8.73383417101525e-05
-0.00498034089070354
-0.010537381731754
-0.0156194710685126
-0.00180307432028637
0.000812834168959276
-0.000812174006175836
0.0121025739513856
0.00812067656827908
-0.0146056562396596
-0.00287459575997118
0.000990999999999964
0.00945012141616308
0.0424393173167148
0.00256588269869784
0.019706517490987
0.00677651641241961
-0.0103041219978103
-0.002434928672291
-0.00749095206617201
-0.0255257297409385
0.0072229916552784
0.0214273634253908
0.0109964133734022
-0.00585673542143761
0.00387139370476364
-0.0282528087546345
0.00828227906885415
0.0168562757716366
0.0172501099713938
0.016213078138912
0.0695156787873941
0.0253444099653277
-0.00148453829064321
0.00527796594475283
0.00746882370683499
0.0148267023331363
0.00542456261480417
-0.0295662265148633
-0.0173461534772195
0.0215751361130827
-0.0242209352270113
-0.00196756471899151
-0.00477710779583307
0.001676198095238
-0.0029664485968931
0.012511435573521
-0.0351868442195084
0.0042952205163167
0.0204509321718072
-0.00434345818314297
0.00283173877753762
-0.00557121274190042
-0.00813505737217834
0.0152429737216428
-0.00769765982864401
-0.00875575288991737
-0.0317681625874503
-0.0472951028112604
-0.047627096657864
-0.00599753058733987
0.0579414922255943
0.0319550272929205
0.00812743816541417
-0.0480490079970252
-0.0221883719141536
0.0356833798344307
-0.0161398224428864
-0.00220997021317515
0.047959775517163
-0.0159323609803048
0.015777325553896
0.00813206466510485
-0.0141969991594982
0.0175108339539387
-0.00458382797883117
0.0157537891077215
-0.0247355438303776
-0.0283803940210309
-0.012842017901981
-0.0048465266146881
-0.0269993504186659
-0.0482086243820325
-0.0332133779242861
0.0052485446583781
0.0268654082728463
0.0433577062652806
0.0317207245107149
0.00154586909058962
-0.0379866308183854
0.0426954355522695
0.00846296781168654
-0.0050013053742366
0.00187426312508765
-0.0325680362681638
-0.000351533805525217
0.0334124320738829
0.00297794608166368
0.0129793606967941
-0.0265472397103345
-0.00275292503016034
0.0115597310483044
0.0240491211999125
0.0297301793849072
0.017306906311251
0.0107321566839005
-0.0173824053593079
-0.0177699591771393
0.0365903189356231
-0.00534591207576829
0.00513753568931885
-0.0527640096369272
-0.0308816290127978
-0.0227856437002852
-0.00271743508559885
-0.013711857617435
-0.0284288568614994
-0.0140341133929769
0.0246534658973574
0.0088069911821953
0.0420304019257458
-0.0140783988087615
-0.00560665780803049
0.000792846431277416
-0.0081866198624404
-0.00284015270862081
0.00302629288876366
-0.028751485868285
0.0101416265913647
0.00786904862281212
-0.0437942834066231
0.0357578403822287
-0.011870224611542
0.0275103156118208
-0.00990630049336094
0.0133405081424101
-0.0361145443179959
0.0175341545078058
0.0261200521291485
0.0228036240304368
-0.0306775230670797
-0.0180975219416515
0.00635552030466235
0.00270663127775639
0.098344440330614
0.000573433275989244
-0.0248894794898434
0.0182199751170442
-0.00486515226020823
-0.00762345044746437
-0.017869062827838
0.00289063077136631
-0.0105968125686403
-0.0412989464595916
-0.0260076506033395
-0.0545972089943877
0.0370765702909499
-0.0578380918640727
0.0491706079104124
-0.0242378803946824
-0.000679216003866001
0.0436935633302955
-0.0188854687670569
0.0317655891500626
-0.0193916095835237
-0.00665416138671493
-0.0347202572831449
-0.0498484908581466
0.0319926039707088
0.00478471889952159
-0.0391865563734161
0.0272586479557801
0.0245250984928154
-0.0396350534680664
0.0131780673529274
0.0133091349062311
0.0264677014925374
-0.0346065128109146
0.0287177539398635
0.0199121626133381
0.00784764107278479
-0.0169974459594994
-0.00879053348504255
0.0191989180469845
-0.0242876357948434
0.000392012932261654
0.00264494508924495
0.00996585266176564
-0.0245719350516029
0.0413567184100623
-0.0025714
-0.0190967243646503
-0.00214154573712999
0.0169739339191506
-0.0156354628297363
-0.0153966278874499
-0.00969915865301718
0.0178892667977069
-0.0182621505795219
-0.0201019605980991
-0.00459281471955042
-0.0086127038717595
0.0214086250613583
0.0240987945707007
0.0157208227775441
-0.0273533039807269
0.00620499411939535
-0.0131291027140532
0.00937312024417336
-0.0134797700752917
0.013056608915285
0.0109901692872483
-0.00138352601277747
0.0105888171027564
0.0597336253505594
-0.0102568840301526
-0.00793575755825071
-0.0230566907009846
0.0139678646366992
0.0222306284964728
-0.00566914508678706
0.00327131513732715
0.00465809594403188
-0.0121475987443471
0.00187744299143366
0.0298884560136292
0.00545850628563516
0.000452433960887566
-0.0273129872478972
-0.0130172102366189
0.0177107580271172
-0.0427658524739967
0.0150855520709583
-0.0166714297735407
-0.0224762543840703
0.00802772035623933
-0.014354527719541
0.021546174563591
0.00820228461274164
-0.0290556900726392
0.000498783042394146
-0.00139580255047456
0.0140774355400384
-0.00876242985133391
0.00397300357568531
-0.0112781952655678
0.0152090951529098
-0.00433670416259313
0.0265294009066344
0.0135969531416669
0.00637425548116966
0.00614483840182301
-0.0085502489899465
0.00473843834548249
0.0209394554123596
-0.00600519227651874
0.00055772843415669
-0.00232234087650085
-0.0057728397435225
-0.00608730104970312
-0.0303400837748069
-0.0126324259009843
-0.00570811922342163
-0.0103929130990094
0.00250050002499003
-0.0148658580804392
0.00557021481811248
-0.0244737634759417
0.0244683251655138
0.0144109740679943
-0.043413499168945
-0.0149548549698323
0.025619410134305
0.0157277859347016
-0.00182168812512262
0.0209875297877176
-0.00446868930889832
0.0433915012468828
-0.00181638626799974
0.00593808041612576
-0.0154241170658299
0
-0.0159559224076619
-0.00334123421106058
0.0140997833583076
-0.00145844436477294
-0.00428427471132253
0.0230784368652759
0.0270502190675717
0.000651465816234653
0.00381327205580195
-0.0162142129157787
0.0181766905255225
0.0291369990829988
0.00835879905880299
0.0222836255943735
-0.00348767105261716
0.0161868753505392
0.00111932151816196
-0.0063644793935963
-0.0164459622301217
0.00149613662314896
-0.0111599645564157
0.011374735727137
-0.00369035240647297
0.010847552789907
-0.0213750212517443
0.00338775971093441
-0.00373172802136668
0.000267609032398308
0.0181882393656119
-0.001663704071726
-0.0299096916075837
-0.0243218268412627
0.0081549158315295
-0.00772133461052182
-0.00861509982255948
-0.0026163241249203
-0.00346632009492831
-0.00827305607954154
0.0115650869573436
0.00234279826017048
0.00645103783144196
-0.0295401852384546
0.0227816308721966
-0.0217126723764656
0.0146369369045913
0.0121629268746546
0.0110852633644205
-0.00746266807202267
0.00640485455105777
0.0106991700922185
0.00903447692946746
-0.0103102107262366
-0.0285113954125926
0.010253071399738
-0.0146182492622301
-0.0289143432124285
0.0171256402780668
-0.00248734337020318
0.00383620419592035
0.00592340701105187
-0.0119669673096499
0.000384514086172238
0.00192175458825794
-0.0252229603497544
-0.0151515251392319
0.00529469541048355
-0.0211666209231826
0.0115735939086294
0.00421516463483695
-0.000399770145907752
0
-0.0110977107907732
-0.00849260909948002
-0.00448662180075443
0.00798941948139165
0.0641194669598835
-0.00783039526517948
-0.0165543981413975
0.0186924642787238
-0.0119127490407436
-0.00486144880625083
0.010649770603806
0.0391530928237993
0.00893105421771434
0.107146180926128
0.00824517364870503
-0.0132991989641368
0.010297220853007
0.00190589990056345
-0.010090165905544
0.0199682509822332
-0.000901056669379785
0.017955259342828
-0.0256926779738184
-0.000992006274348922
0.00173769138167468
-0.00627783753969657
0.0152119198201517
-0.0296405067462665
0.00303772672284652
-0.0104316141053685
-0.00909631069700712
0.0071208048579412
-0.040292998043215
0.0035504525634491
0.00362641966436272
-0.00220322550274765
0.0165164722088282
0.00642980298652529
0.0116549941870847
-0.00477894691926961
-0.00763162388188243
0.0241077847375499
-0.0225278355347917
0.0174363835552245
0.00899293266328338
-0.00849240729841083
-0.00534257980567476
-0.00306932387186187
-0.0100915077396734
0.0259179265658747
-0.00168418526315783
0.00177139599060161
0.00740987693819672
0.0047642929184577
-0.00191328510035171
-0.0228371806258414
-0.00136468784313704
0.00341647585554372
-0.021535631046928
0.0023488821839639
-0.0138864605633877
-0.00844920766284429
-0.00310674585099435
0.00124654084670195
0.0136061008520969
-0.0214950336507711
0.0187393886733558
-0.00387258394985246
0.0262414030747482
0.0108480583581909
-0.0159271181014524
0.00086548380763829
0.00389136115437005
0.00146443281813879
-0.00782731794551317
0.0120502819601263
-0.00967960441458982
0.00700628832275507
0.00515374514952316
0.0294821747431766
-0.0150244623970742
0.0210685986492971
-0.0141961203632842
-0.00142335061246901
0.00159304103948288
-0.0102963001029324
0.0300261854852528
0.014205969898226
0.00153829646930137
-0.0118027407874552
0.0116165414204277
-0.00113219307351786
-0.0116579908919526
0.00786368761691225
0.0169863132559629
-0.00903058440894877
0.00346774193548383
0.00200916177770627
0.0176451475777992
-0.00204913308754262
-0.00671304675296835
0.00588379595810906
-0.021263156726533
-0.00363428363753837
-0.00121587092771658
0.00129845803198791
0.0119954938886893
-0.00344386510136252
-0.00273249216426907
0.00201466683905771
0.000723853972136368
-0.00305390179217235
0.00580406273750755
-0.00472867687894551
0.000966363343533505
0.0102976586412471
0.00270740559472205
-0.006829733272391
0.000719686561965194
-0.0055933279170064
0.00498194467614166
-0.0164707603741904
-0.000731680339294605
0.00284737232097898
-0.00819335624710049
0.00727956801440266
0.0192447824726791
-0.0025493945797338
-0.00982424943668325
0.000645333543233706
8.05723479102571e-05
-0.00193453170940727
-0.00314973348408965
0.00834480272219063
-0.0164711153500813
-0.0330855556544218
0.0147008869998235
-0.00349706916731163
-0.00133692346256686
-0.00167333504869493
-0.00234662252765661
0.00268817202042859
-0.0189343413293034
0.00256194709755686
-0.00400342412259924
-0.0104336012999231
0.0138276641070578
0.0037507629997573
-0.00857751167728238
0.000342650339946182
-0.0141291489478433
-0.00625373941423801
0.0174809888128313
0.0199295500410772
-0.00530619880469474
-0.0103302372621548
0.00590351657863231
-0.00433785829718469
0.00965320365031963
0.0098146711259044
0.0022622958066576
0.0118709075772219
-0.00355254458400089
0.0145095762000698
0.022883319525308
0.00846913523588566
0.0523688872415713
0.00639908896485597
0.0047127845077013
-0.00342485300312489
-0.0224131480427427
0.025831026710079
-0.0188482386604556
-0.0138952319034602
0.00238698707888618
0.0231986799999291
-0.00938438459574442
0.00462297092738861
-0.00475260266675626
0.00242558187659414
0.00990546691871463
0.00681343975461868
0.000743704910064036
0.00222923374002626
-0.00444866183912873
0.00543677648210994
0.00970368888888884
0.010490844552723
0.000725940150793747
-0.0101566601902688
0.00960127514510001
-0.0261343448275863
-0.000372627672275416
0.00976881388058981
-0.00169862634373741
-0.00244109348341204
0.00778634003175349
0.00588670371832389
0.00263351139649259
-0.0130599301482552
0.00221780876120925
-0.0383566550970231
0.00184096041424264
0.0179925425465695
-0.0119585733776323
-0.000837329711400159
-0.0280359069036991
0.000548675332361359
-0.00172347823386632
0.0224436396452954
-0.00844263611250651
0.00665686962370371
-0.00284513642033524
0.0151912485066219
0.00600082063049689
0.0143460734771057
0.0341670175425641
0.00323912778142876
-0.000215231732844323
0.00581268722729722
0.0114154605760428
-0.008888226893631
0.00298930960854094
0.00816072251150612
-0.00570149898000638
-0.00460140183354807
0.0101699167187972
0.00563223767548338
0.00441056439122267
0.00536700351734165
-0.00318917071584957
0.000765057732403873
0.00729726184792034
-0.00903820188991011
-0.00459516798039528
-0.00146888157327485
0.0214346603192301
0.00150861328651564
0.000273959202394591
0.00301206184266056
-0.0444308546428923
-0.00571379207605871
0.00043098194801483
0.00301571040379955
-0.000930660735476208
-0.00759528529084674
-0.0147291913357401
