0.00953216206417795
0.0197587169043314
0.0147462277091908
-0.014869905373437
0.0240137568441467
0.0237855607406103
0.0247055305089257
0.0108574164001689
-0.0161111986082578
0.00577943480848564
0.0110135351631753
-0.00126305652036629
0.00347774275933421
-0.00441082230623813
0.010759493500641
-0.0136193329114067
0.00650690387262021
-0.00567639563785538
0.0120519979059308
0.011125023503604
-0.00340928255709427
-0.00264343034188852
0.00249460558925163
-0.011353078786015
-0.00346078338839073
0.0039463300377689
0.00896226443277581
-0.0180769835772786
0.0109506907141943
0.0109890265150858
-0.00139757759634862
0.00139953355308786
-0.00248453408433125
-0.00560393853063323
0.00250469626636352
-0.00109306681616073
0.00375172731355744
-0.0261641492939441
0.0127939071292804
-0.0298437224113778
0.00244142256577851
-0.0100665530118526
0.0237821383667025
0.0209868958983306
0.0100424133061352
0.0104085438678636
0.00415124532362765
-0.00321543418206804
0.00937021534163485
0.00593515455691906
-0.00907712584197051
-0.0128243664122137
0.00572216172458018
-0.0132246811198627
-0.0101293130786758
0.0105478904282117
0.0219659753243191
-0.00990855213135833
-0.00246337193826185
0.00740848885000012
-0.00903932935679463
-0.00943104514533111
0.0237239893866086
-0.00945258481186673
0.00908106804554309
0.0245576578571587
0.000744424616478279
0.0133889019132862
-0.00866124448056749
-0.0097733749411133
0.00613123944379068
-0.0138228450330388
0.00572727975063381
0.00809222202492643
-0.00728404967819463
0.00344418992878381
0.0105954182780057
-0.0125516536835255
0.00807538471323244
0.00445030384510869
0.0313100432921287
0.0164685803675046
-0.0173288665541476
0.0121863512544802
0.00934849884839939
0.0115071565672984
0.0138734735329225
-0.00410513125054357
-0.00123656225936464
0.00123809323873725
-0.00989284157588421
0.00444073007051715
-0.00635533322832271
-0.000278031153449265
0.00848400532728766
-0.0350296639076083
0.00185789621469357
-0.00670472201725303
0.000861769389419953
0.0175061266320524
-0.00747436144553026
0.0169082559068594
-0.00293417633086479
0.00392373873425256
0.0304299417982961
-0.00121914115415878
0.00461137916948129
-0.00135006075334143
-0.0225766929488076
0.000414923910860621
0.0131342039780395
0.011326446661114
-0.0114694236746805
-0.00354903075214219
-0.00315072602739719
0.00865748283595491
-0.012942847058778
0.0106280749742473
0.0158426110920158
0.00833561474868039
-0.00626667999999997
-0.0114047901704654
-0.00950050217155285
-0.00150726220167463
-0.0145465206032721
-0.00153183404906931
0.00725249681670137
0.00263089168331643
0.00883854391169492
0.00369605734307754
-0.00354612656846698
0.000958102955327389
-0.00136740057571727
-0.0167054774298985
0.0041777330226358
0.0131742752298671
-0.0134135782483871
-0.0170644279393887
0.00564575880439677
-0.0453333754385964
0.00117613942264638
-0.0126284878892361
0.000446148139385816
0.0129329870491892
-0.01174057839361
0.0136621035736326
0.00351593895353242
-0.00452551824817504
-0.0052793663211802
0.00737136938312344
-0.00804921679937887
0.0101800237559755
-0.00204467647079487
-0.0152202688359352
0.00772770088084829
-0.00988053413598378
0.00908550802927466
-0.0101845313653137
-0.0122278560163391
-0.00226452301523317
-0.00484186744390169
0.0212863169204645
0.0104213937895308
-0.000294754665032149
-0.0100221078856921
0.00506184323542769
0.00444372672363413
0.0233004136056751
0.000576466357925742
0.0120984732824427
-0.0049807743694652
-0.0114415764142328
0.00101271696993432
-0.00115625086988735
-0.0127332945632572
0.0121646631028287
0.00492331320368722
-0.0132564693586033
-0.00365070077464802
0.00527616860869839
-0.0113718916093829
0.00973312224548373
0.0211771137552637
0.0101544482309623
0.00948613943732712
0.00420750332927744
-0.00418987441871155
0.000420743320305172
0.00869192461259161
-0.00569834631125821
0.00712890680557865
-0.0284525040200208
-0.0268571000000001
-0.006752774218169
0.0122671290412575
0.0716893582038067
-0.019618568947723
-0.00333515846769261
-0.011433337821621
-0.00818056394413091
-0.0429464874857791
-0.0297176806960915
-0.0261868747540487
-0.00597579808145932
-0.00632808109995386
0.00493548790104303
-0.00364385303618264
0.0216250758725565
0.00451363424124529
0.0164238764111577
-0.00914631125446075
-0.0266153846153846
-0.0244981665876403
-0.0176604015285095
-0.00643244257904607
0.0230743518235608
-0.0030829465668839
0.0275065434164476
-0.0217012985632615
-0.0306023164055155
0.0182061135494591
-0.00246059715322511
-0.0161157537228128
0.042620740677896
-0.0152292559277131
0.00618591893211784
0.0114867980668696
-0.0123160588611645
0.0144129392712551
0.0119731802677712
0.0178261242755344
-0.0198387330985152
0.00379503466808861
-0.00882170762444856
0.00158935160805318
-0.0109488733735322
-0.0259907419864995
-0.0421676337039637
0.0228718478805898
0.00806992266308004
0.00316882927232864
0.0197838397411858
0.0127159928268665
-0.0103026241194886
0.022608962264151
0.00874819482659772
0.0104068751310902
0.0174780737366393
-0.00199381911014507
-0.008298770554787
-0.00046488455702598
0.0116279069767442
0.00291190804597719
0.00382029328177591
0.000152154052301512
-0.0386605344898265
0.0232741766941102
0.00557018438357648
0.0229266817333953
0.0148916659946601
-0.00222322510414674
-0.0153000445632797
-0.00196103481730225
-0.001058161967463
-0.0674836627316485
-0.00567908476912082
-0.0181135936376239
-0.0131294170892278
-0.00134728862668765
-0.0131534403567189
-0.0140122863978127
-0.0199307102265042
0.0127321133993301
0.00157152086607293
0.0167363839481105
-0.0072016117969822
0.0146804485429897
0.00255322553191495
0.00475378591667952
0.00557617438323765
0.00168044031861658
-0.000167807412048138
0.00939600702671162
0.00282583111702128
-0.0182330840963673
0.0151950194158366
-0.0028272409308624
0.00500331896269701
-0.00431460352852986
0.00183334999999984
-0.00182999497870573
-0.00100001666666671
0.00800799145825803
0.012247633639445
-0.012753417266187
-0.0225240307630998
0.0111826499491696
0.0125670241286864
0.00529538308787036
-0.000987670781892991
-0.00115340255649043
0.020290317061866
-0.0197250936046918
-0.00758705248908043
-0.0334053193752807
-0.00137548143053634
-0.00792016157299724
0.000867736911970507
0.0185539108220534
-0.0251958452435871
0.0331820130346494
-0.0140297160243407
-0.00240018849990786
-0.0244028015879498
-0.00669369385238683
-0.00638411077113177
-0.00356946285149851
0.0277628326074573
-0.0209132272409686
0.00605197579209693
-0.00389244515215859
-0.00603907648382007
0.0366332922915169
-0.00672296179013832
-0.0170079836342933
0.0100635594997098
0.0223737637191708
-0.0543682833178908
-0.0184415111473241
-0.01068340374501
0.015639545999619
-0.0109990469477369
0.0176089153362573
0.0102003092823202
-0.0477821501583511
-0.0124976138515884
-0.0132311212567163
0.0194325693632447
-0.0345024215497984
0.0225073831191556
-0.00830276099048544
0.0126557045822489
-0.0182656611523039
0.00822559717537019
-0.00349652292152292
-0.0253411116050899
0.0327999800000001
0.0187839275519737
0.00342140271010449
0.0142072359498535
-0.00261484866240469
0.0114231456395826
-0.0131456957284095
-0.0228892499603986
0.0109447000405261
-0.00664773004187158
0.0225621610432536
-0.00635753552729978
0.026721904906321
-0.034824064610996
-0.0227877136346372
0.00213760206252611
0.0176459181694784
0.0045731897865855
0.00455231402594247
0.021148093299624
0.00961531029529183
-0.010439542506943
0.0222099023174145
0.0135795763172188
0.00839587352625948
-0.0237378206600918
0.00707673730581138
0.00738738738738731
0.00947950277231269
0.0102764176165207
0.0185900035075413
-0.000688722428074384
0.00551343891258727
0.00171346809949524
0.000855268574328827
0.00102549994959822
-0.00700017073587167
-0.00601786451169184
-0.00276766990541999
-0.0261925923263627
0.0146063415498101
-0.000702264759520177
-0.0210821686957894
-0.00466622389328386
-0.0329967189505359
0.0335632848487175
-0.00342771062601488
-0.01629257725226
0.00220829959514179
-0.0132206576059615
0.0133977851359217
-0.0231362104872607
0.00375941722256745
0.00411979385319117
0.0175308097264231
-0.00769798372987562
0.0166236057743554
0.00490552316668746
-0.00596638933345894
0.00545651145871218
0.00596964554937851
0.00017978780471517
-0.000179755486870881
-0.00701312700929446
-0.000362187606624653
0.0320652168104127
0.00210635418454697
-0.00227712383955159
-0.0237008080003654
0.00197806146416024
-0.00394833086955626
-0.0178378738738738
-0.00275173372782012
-0.00938195346979476
-0.00185697314232025
0.0197209488372092
0.00857504089445271
0.0291244578351024
-0.0309368611519927
-0.0257573367357639
0.0255074106406146
0.0435729468564652
0.0194850034794711
0.0052901366993221
-0.0110338142929892
0.00909720250934432
0.0139479500944386
0.0169434320257771
-0.00857804369148873
0.0106489853793339
-0.00625619011339518
0.00728956250348634
-0.00361837177003899
0.00511715070593755
-0.00426996229709253
0.0232558135699188
-0.000805915525372125
-0.000645281476196691
0.00193702983152488
0.00289995166747214
-0.00481926104417674
0.0046812105781886
0.00240997742898541
-0.00272476362758078
-0.00433944062456704
0.0702179488261834
0
0.00859728467885579
0.00687900372907113
-0.00623790268118507
0.000448333555622016
0.00179259032588597
-0.00909634682661331
0.00240788573700002
-0.00945800916592088
-0.00939681679008109
-0.00321295894717011
-0.00675369127386982
-0.00139075879138861
-0.000309579063312637
-0.0015479567042711
-0.000465100775193905
0.00263685430996041
0.00556932248714914
-0.00384615384615383
-0.0032432277992277
0.00728232092838055
-0.00369181653001638
0.00293348786167136
0.000615778950366019
-0.0132307846153845
-0.0299344875262627
0.00948248136479446
-0.013851329185618
0.00403616409486873
0.00932627447059464
-0.0119483829855026
-0.00870686875201554
0.0102472511385816
0.00418608912918872
0.00978035930383769
-0.00365195300095267
-0.0129083824701195
0.00339042627365882
0.00482701513026496
-0.0147318172180655
0.00357550794044381
-0.00534416194331988
-0.0081406710563553
0.00541697325728729
-0.00636733061224493
0.0044364113631874
0.0107966626730465
-0.0171548953365448
0.00477523464515084
0.0039331039003605
-0.00506034949593048
-0.00196881046810815
0.00526056204962799
-0.00784961544236751
0.0054392947235633
-0.0416393606557377
0.0148820221498807
-0.00724759793535823
-0.0112054325566917
-0.00824182664004702
0.0110804020457203
0.00308219167526746
-0.0211676674234322
-0.0730728636205092
-0.00639700822588873
-0.00927856449008591
0.00630737767584089
0
-0.0351377574496579
-0.0263779532751565
-0.0200161346545923
0.00433255613095596
0.0106820254724733
-0.00548782509171086
0.0134886572654813
-0.00120994152046794
0.0197859684996158
-0.00890906786414847
0.0089891528368129
-0.000395882019239124
0.00752618310452835
-0.0216237275727094
0.000200904159131765
-0.0361590806781655
-0.00270950395998326
0.0104493212309016
-0.0165459986161737
0.00946374362699776
0.00166670833333327
0.00665557376640713
0.0101239045403345
-0.0139087750850639
-0.00414853773384227
0.0237451374190851
-0.00467963358373824
-0.00470153330750345
-0.00390221819474679
0.00082476288659783
-0.0150391426650361
0.00481070895606117
0.00499579506669878
-0.0167770923110415
0.00947960797388636
-0.0114774420483073
0.0428541913205445
-0.029757124301331
-0.00584181097433756
-0.00209869875766222
0.00925348074139798
0.0266721805929495
0.025167404099858
0.0158385078534351
0.000779516648226064
0.023174353385564
-0.0047582793156018
-0.012430713091782
0.00445391178260857
-0.0208212458226575
0.00846623334384278
0.0204997848399104
0.00306102927109242
0.0112530993705895
-0.00150888344021127
0.0145447679362443
0.00279281330837478
-0.00445603407991024
0.000746008965796463
0.00726796496459192
-0.00832564307725525
-0.0124999631529837
0.0179482524088419
-0.0441722523353331
0.0198058252427185
0.0386519230769231
0.00953255746164183
0.00980571999273638
0.009710501533708
-0.0156723413829976
0.00180928170797889
0.000361206435997907
0.00397187225080087
-0.00467547195332718
-0.00560066867572429
0.00744912777163664
0.00216409373915072
0.00305924059744456
-0.0118406884879552
-0.0019971132172435
-0.0109150807546829
0.00735701687248524
0.00858137666605785
0.00434464140678337
-0.0070295602018744
0.0112542929751316
0.0114880454404602
0.00461407292330329
-0.000706606594124581
0.00424254905426902
-0.00721702152407988
0.00230491126578314
0.0219352736942382
0.0263112515146269
-0.000506038109191365
-0.00202495788136881
0.000507253982199085
-0.00540814620274277
0.00254888708747281
0.00254240677966111
-0.0015215722224321
0.00728074826818914
0.00184898296019553
-0.0060402015449732
0.00675214359378318
-0.0145875086282279
-0.0027224604389996
0.0029004947466218
-0.00799588308941612
0.00617384657565001
0.0115902509490455
-0.00640264554010594
0.00542648795274725
0.00269860005568234
0.0013456349647496
0.00890310782635839
0.0780885601383856
0.00803084169884172
0.000153240393131915
-0.0153186276856407
-0.00248904795409233
0.0120086706795695
-0.00431496385136343
0.00371454877395849
-0.00185034701157594
0.000308929384724488
-0.00602315057915059
-0.00108763205270912
0.00839945546119969
-0.0180472306633586
0.00251335218347482
0.00438730805390164
0.00748836216812343
0.00139355833404919
-0.00479352110077391
0.0114977779444099
-0.00230416289720936
0.00739034676167893
-0.00122271129451335
0.0206579807393414
0.0107946181766696
0.00726796224467385
0.00471210397808242
-0.000879451815354426
-0.000880108577970162
-0.0268683302471246
-0.00739284863296397
0.0103359171555566
-0.00782313814016644
-0.000303214570274934
0.00166845138783556
0.0196849633603124
-0.00727647800870079
0.00448771890763555
0.00282939678840211
0.0145530748175273
-0.0147834016393442
-0.0144109646237101
0.0122099193373482
-0.0151899474254669
0.0051414488949697
-0.0145930643208505
0.0164885801526717
-0.0232803087029043
0.0109180226190684
-0.0060846062088411
-0.00045910624175749
0.00612465184886402
-0.0074569777424589
0.00935297440427818
0.0060762720317098
-0.00105690769786004
-0.00891783501101373
-0.00167761171267344
-0.0012221509505369
0.00550628657875274
-0.00289009744113466
-0.014187642371275
-0.0170226392592399
0.0170024874055414
-0.00356029422787296
0.00683540437305852
-0.0112636325031209
-0.00780274632325995
-0.00786410796275216
0.00475584956386021
-0.00347114226142098
-0.0106079480683977
-0.014242342319016
0.0082792697493268
0.0128803572229856
0.00842471785089827
0.00819672144067973
-0.00938083191652339
0.0140467011671923
0.0105836575875486
0.00677657477283211
-0.00917861362190842
0.00432308187384978
0.00307451177212092
-0.00950196168582373
0.00990252250824031
0.0131760386016258
0.0249508857531024
0.00737680742662739
-0.0106912128103576
0.00118421904437227
0.0202573275287887
0.00507243478260877
0.0164383566384529
0.00695141174496827
-0.00662159735327139
0.0202808106571888
-0.00639420332515439
-0.0304980401301885
0.0051948193999356
0.000574117107429384
-0.00315629855765986
0.00215880819694281
-0.00344676160189983
0.00691748100471923
0.0171747094386128
-0.00408049810046418
0.00762928804223328
0.0141615535614132
-0.00387113220320368
-0.00360863274356837
-0.00320383057244988
-0.000558985482363883
-0.00111849836906452
-0.000419904803474203
0.00154030239236502
0.00321592575010876
0.0253658536585364
