-0.0350206618081544
0.0136348584741415
0.0185662706403544
0.00640538123432477
0.00459672748189721
0.0184200629335169
-0.0206981102742193
0.0208610885083096
-0.0113313357276766
0.00718751685792918
0.00293164635087173
-0.0149999807692307
-0.0141741894928897
0.00459466480363346
-0.00831922452709755
-0.00238555577318789
0.0138690225517704
0.0487814259280381
-0.00161161500693374
0.00277796751298953
-0.00378107217729851
0.0146555747623163
-0.00118512279517646
0.00867659164225576
0.00382310788600937
0.0194455824310829
-0.00449026518590179
-0.0164904199561653
-0.0033754402081112
-0.0128478503322016
-0.00387842618164413
0.0041555912516269
0.00659906034973035
-0.000111115224432079
-0.00603794995484619
-0.0163231655051616
-0.0122751086896171
-0.0316442994762111
-0.00213899227325132
-0.0123849041835683
-0.00325558694757189
0.00354848985846212
0.031703360457402
0.0101262071559782
0.0254086395200246
0.0169957326000327
0.0302436118518277
-0.0113403911717208
-0.00319429017387196
-0.006226994533575
0.00227183941840092
-0.00358291904765506
0.019666893293955
-0.00341854971505751
0.0206896555459406
0.0285128065040472
0.0138956114379791
0.00814166483238909
0.00148053365837986
0.00544321636459966
-0.0330838123245555
-0.00207366765742723
0.0307889445385303
0.0190840637858405
-0.00346178832649424
0.0165089823330908
-0.0179007808315577
0.00686001679734938
0.00786651635836999
-0.0165246233544852
0.0187282417399968
-0.00459601015039568
-0.00199752767044337
-0.0122387212035097
-0.0132208510496944
0.00855044449859355
-0.00987982342723048
0.00124732000484284
0.00346793037271476
0.00251639033296236
0.0127514477183215
-0.00396564771976216
-0.00892498355880855
-0.00840278182178744
0.0276164237806744
0.0131743546418024
0.0139109242532032
-0.00255852632977038
-0.0148774691368069
-0.00205056301098294
-0.00123937577442634
0.0167847701657176
-0.000449625861503211
-0.0202101185685865
-0.00541086780040123
-0.017310148417189
0.0209032002112737
-0.0373023958983797
-0.00733990509354099
0.0038862675634741
0.00253509759275272
0.00126436919081474
-0.0122179957643427
0.0185536565472255
-0.0161804276828432
0.000689583824266649
-0.000826930351325972
0.0173109069741904
-0.00427102478341446
0.00170209361702134
-0.0189974517926067
0.00803715471617661
-0.0250876181367726
0.0016215277777778
-0.0137960162911948
0.00392550503043165
-0.000248826958623716
0.013155591111111
-0.000491314248418528
-0.00101827530570286
-0.00179251022410576
-0.00566877946793354
0.0151557896600567
0.0219059582444878
-0.00590526020455462
-0.0111938334372774
-0.00746607259554566
-0.000629819455779557
0.0144587772881521
0.0161162476466894
-0.0200040925146039
-0.00246054414244579
0.0127153624806253
-0.0138250431187829
0.0244547783152116
-0.0023769778479803
-0.0122191631116121
0.0151269425588367
0.0186355064031061
0.0358892153724144
-0.00794569890069974
-0.0164402215305259
0.00665963328069985
-0.00343877311458096
0.00801864970854615
0.00273854851598232
0.00871344734531965
0.00228850930360203
0.0197131139099385
0.0120785740969216
-0.00570230916434966
0.00701993157071756
0.000995907649393279
-0.0179387993801088
0.00231100421538244
0.00840151935190803
0.00798693895448976
-0.0104095149589681
-0.00188399221276725
-0.00802217875197131
0.00085628886300082
0.0153046674482715
-0.00362023281942458
-0.00971000110082698
0.00452308971796223
0.010170329350095
-0.0129044633610051
0.0144309873441801
-0.0157198132295721
0.0150221374123298
-0.00856835929059485
-0.00848524526218175
0.0136291763432386
-0.00234518452697297
-0.0195894057422127
0.0274935737293227
0.012756674125026
-0.00860210471895861
-0.0153393552008158
-0.0226592922527034
-0.0315568985419916
0.0108062673048623
0.0149671055093274
0.00631986722281419
0.00933980706408399
-0.00845561582641985
0.00949316140005907
0.0985016863722767
-0.0568775118072408
-0.0163077076923077
-0.0222083050079497
-0.00319897632757526
-0.0235879653401797
-0.0289235506630583
-0.00321540023692679
0.00560268232248951
-0.0018571838595306
0.00135321382532494
-0.00304055738107167
0.0255845306675702
0.0180075998349183
0.0223953427847345
-0.0644444603174603
0.0341025116067613
-0.0603773739068519
0.0763052034223852
0.0256327388973514
0.00964886096727513
0.00313327579090483
-0.00874586926043841
-0.024263446915654
-0.0138866462134668
-0.0253807106598984
-0.0608198588709677
-0.00196781746090102
0.00573579484252029
0.0315451785502554
-0.0070836211630334
-0.0015660344255084
-0.0442663115324797
0.0129467359591537
0.0255625927193988
-0.0261541332955217
0.02577505407354
0.00087856264276942
-0.00983140817822004
-0.00921987555957893
-0.0363278984193289
0.0172702141975938
0
-0.0169770174694599
-0.0337975685718689
-0.00595806277067179
-0.0119876834495808
-0.0657533489531644
-0.0276498522140823
-0.00107710043417064
-0.0498166497696064
0.00295047655582215
0.0160670517326782
-0.00222723820814086
0.0515625457938067
0.0409679464876258
0.0103996327406275
0.0538850061328964
0.0122558404393749
-0.0393492614576378
-0.00787707774472379
0.0138944221140449
0.0283867843231485
0.0167523513564125
-0.020408163265306
-0.0160550458715597
0.00563325563325567
0.00849911145451032
0.0285386329925039
0.0078211916606854
-0.0188470254775873
-0.0288135227425056
0.0133798332363777
-0.0183696715793982
-0.0103313647238082
0.0311207012014969
-0.00744983791594411
-0.00384913402327047
-0.0950540608598941
-0.00683176771989757
0.0354685726569217
-0.0172306006738883
0.0057034431770171
-0.0105019951585382
0.0199532579080184
-0.00166489077346277
0.031686490896675
0.00181854912836754
-0.0607100015849132
-0.0573330040798797
0.0250569009085695
0.0177777555555556
-0.00938864649320192
-0.00573061507010397
0.0228330298640429
-0.024707391085986
0.00133335555555547
0.0177541052429182
-0.0309638458141333
-0.0267776558680841
-0.0270519768786127
0.0247147564299071
-0.0204080941653084
-0.0267519163469737
-0.0252980047361224
0.0184677065136012
0.0151923299389285
-0.00458600048274205
0.00897184728555533
-0.00696950235593596
0.0343659728944821
0.033458023703415
-0.0208285723716809
-0.0233525549132949
0.00946962549859753
-0.0347091706076261
-0.00850337706511173
-0.0075962017251604
-0.0313580246913581
-0.0864134590874329
-0.0474330636160715
-0.00937314028626668
-0.0405085452395032
0.00277349760328183
-0.0239705278435608
0.0270780541561713
-0.032188811532459
-0.0418118466898955
-0.0340496198347107
0.0359343270340289
-0.0102411959035349
-0.0453938266152812
0.0311188811188809
0.0193285520515429
0.00898206949374813
-0.0108803165182987
0.00800000000000001
-0.0261243055555554
0.0203734458277267
0.0179700837926817
-0.0202680941484145
-0.0653987008808375
0.0164226704748305
-0.0224797689666235
0.0434782968020122
0.0330578156660533
0.0379999666666666
0.0179833660238717
0.0842270635890516
-0.0398603153872655
0.0163636666666667
-0.0420393547394348
-0.0118269837588862
0.0444094488188975
0.0539807297949337
0.0432045195077391
-0.00575970942840687
-0.0416551172413794
0.0417385410628359
-0.0442110816305907
0.0662041341428157
-0.0439263274423446
0.00453772005318887
-0.0502540683373273
0.059453033871969
-0.00280578010117249
-0.0537422607275672
0.0154624140510731
0.0263542297889177
-0.00171175468507156
0.00200054289793994
-0.032230489668269
-0.0282935160624814
-0.0312405207388379
-0.00469630542591404
0.00377474036568914
0.00219366969602008
-0.0200125078173858
0.0252074345883855
-0.0286337370484364
-0.0352450507928564
-0.026237162861602
-0.00443379945429745
0.0198697834919568
0.0127645280483708
0.0129353565505805
0.0222658145950945
-0.0201793408129194
0.0143838182412552
0.0109571379001889
0.0742747824585661
0.0347180405128178
-0.0180670208794673
-0.0292056057707006
-0.00210601672045618
0.0156768474933282
0.0029682992866813
0.0156850838802876
-0.0364219114219114
0.00816449954641674
-0.0500899820035994
0.0138933059677928
-0.0411086876017225
0.00682036353295334
-0.0190322580645161
0.0029595527786912
-0.034098393442623
-0.0546503412983822
-0.00718132854578102
0.035081410488246
0.0174702998787457
-0.0185439897478026
0.00559832050384879
-0.00521920668058451
0.0440713536201469
-0.0750418425460637
0.0691777953937778
-0.0189702235772358
-0.0435082197343999
-0.00144407937024982
-0.000723101952277649
0.0123010496490974
0.0225161186561831
0.0887801087458893
0.0260031781701444
-0.0275343875949433
-0.0415057593307593
-0.018798287385086
-0.0208689360246322
-0.031097168724767
-0.00180310133429507
-0.00325144508670516
0.0275462123957957
-0.0137566490299824
-0.0232474972549176
-0.010618784716909
0.0229459289415248
-0.0799565513732472
-0.0766810853322847
0.0247018313458263
0.0116376147812807
-0.00986031224322093
0.00497921161825721
-0.0280758888553216
0.00892094269664634
-0.0105263157894737
0.0578723829787233
-0.00764283959602408
0.0551277259829752
0.0341912779795899
0.0352897845468052
-0.0154287759085476
0.00911078683998601
-0.0411701682495424
0.00225996242033766
-0.012025553850975
-0.0422214133806994
0.0059571088165209
0.018555033557047
-0.0151162408959783
-0.0295159386068476
0.000811030008110336
-0.0105348460291733
0.0028665028665027
0.00122498979175178
-0.126019575856444
0.0307979468035464
0.0497963331824354
-0.0461405758455983
-0.0248644202140859
0.0319888734353269
0.00404312668463613
0.0380313646532437
0
0.00474129289908221
-0.0244529826020157
0.0123131046613896
0.0291051694178974
0.0481215260396148
-0.0318163109142166
0.00790345225027234
-0.0103177878662815
0.0417014178482069
0.0476381104883907
-0.00649598777225835
-0.0153846153846153
0.0132812890624998
-0.0111796834549082
-0.00467832358674469
0.0168428508874716
-0.0369799320870544
0.0204
-0.0588004704037632
0.000833027905039474
0.00249683718282001
-0.00290577002905767
-0.0141548709408826
-0.0160473395270271
-0.0115878974930429
0.00868428099503782
-0.0258287128712871
0.000441891314268306
0.0110424033145937
0.0463085210270215
0.0104384129253272
0.00619830552899558
-0.00574952772073933
0.00784803832499126
0.0188525000000002
-0.00804509219448546
-0.0287915247364152
-0.0037578286531178
-0.0167645424658616
-0.0230178611687067
0.00523564572425816
-0.0329861096794224
0.0143626115636173
0.0380530530973451
0.0294118085853285
0.0343685300207039
0.0376301040832667
-0.0219907407407407
0.00749510848126222
0.000391464354288829
-0.0399216453981075
-0.000407704834581857
-0.0207993474714518
0.0366513536026654
-0.00763350773939364
-0.0850202799586931
0.0225664159292034
0.00778883566469779
0.0450836820487899
0.0879211175020542
0.0245467900302114
0.0239587918893767
0.0151187899525274
-0.0141844675821111
-0.0129495688111356
-0.0127551380191275
0.0690291251384274
0.0314227220795138
-0.0495481068112451
-0.000352236715471466
0.00599013410817939
-0.0126093874819401
-0.0269599493806332
0.0550492526430915
-0.00760200388382837
-0.0118384405236226
0.00704725183394106
-0.000349895031490521
0.0402519775988799
0.02187086210871
0.0190977932466976
-0.0630048768011349
-0.0203448275862069
-0.0105596268919395
0.0192102092063247
0.0289703315881327
-0.0403663161465401
0.0247436894753026
-0.00310451879958606
0.0418685467128028
0.019926867488314
0.0403777935648908
-0.0100157117365974
0.00853623169573914
-0.0131661442006269
0.0123888500635323
0.0367116398898135
0.000302602896410376
0.0127080790531946
0.00896322052694298
-0.0307965649985196
0.0446073632752828
0.00935943285637419
-0.0153578102206788
-0.0320777221895231
-0.0173304657139091
-0.00216584158415845
0.0604651472868216
0.0307017242484875
0.0453900141843973
-0.00841240208479799
-0.00903125317374764
0.00828497675462514
-0.0306765012695974
-0.00282560053194703
0.0379710955519668
-0.0273000265547358
0.00140328371026421
-0.00532505605381173
-0.0169062543304448
0.00143307542083893
-0.0128791360297407
0.0391417199685871
0.0242745256696428
-0.0106237812755049
-0.0503854074889869
-0.0281241502972367
0.0176014618138423
-0.00527707401708954
-0.0209254052460948
-0.0421433160101351
-0.0210559396605908
0.0109149277688603
-0.00222292791362322
0.0232336728198599
-0.0183515696204312
-0.0193282008659126
-0.00387725350962032
-0.0204346091469347
-0.0192052973773081
-0.009453105690307
0.00272665303340158
0
-0.025152957171992
0.00592747559274764
-0.00485272097053735
0.0202020905678193
0.0375554101210172
-0.0279696619930787
-0.0104942785885485
0.00547379404721182
-0.0071452537306993
0.00205620287868391
0.0341997264021887
0.0205026785714286
-0.0385612754840805
-0.0107853050219077
-0.0316865417376491
0.0285010555946517
-0.0147109476565173
0.0298611468701788
-0.00505731625084282
0.0118604201965435
-0.00703285307994472
-0.0347385834738617
-0.00698815489209792
-0.0320197044334976
-0.0156306797528173
-0.0177252584933529
-0.000751879699248281
-0.0218209179834461
0.0157692307692308
0.0352139341158653
-0.00292611558156541
0.00623624358033736
-0.025154939846883
-0.000373971578159993
-0.013467976056865
-0.0326128542808928
0.0611524892199138
0.0498707055781309
-0.0232230823363828
-0.0122478386167147
0.00729398249452951
-0.0152063716435057
-0.015441175902898
0.0358476088182371
0.0118961788031724
-0.0217314214463841
-0.00182079394831736
0.0419554542137905
-0.00945371181560617
0.0233297976907105
-0.0176165797023634
-0.0123066451368971
0.00142395870416534
-0.00782079658090284
-0.0361877463274812
0.00483275092936797
-0.0233074723156688
-0.00454541666666664
-0.00684935285961352
0.00459766283524909
0.0209763928671391
0.0179305192379529
0.00403673394495407
0.0409356344687268
-0.0389746839887641
-0.0226525749852913
0.0310280373831775
0.0239303843364758
-0.0375354107648724
-0.0176600073583517
0.0239699991022473
0.00402344550109723
-0.00145723127660358
-0.0197008026267786
0.0111648302506577
0.00956937799043045
0.0193218738607364
0.0450643792941481
-0.0171115680051871
-0.0396935598779096
0.0112399927483684
0.0656149180930412
-0.00942119816356668
-0.0176630768456835
0.0204011065006915
-0.000677736360555903
-0.00746015598507965
0.00546634779637856
0.0468908936459396
0.0103862385714455
0.000321233547100341
-0.0295439958106614
-0.00165450038565518
-0.042757739476301
-0.00242382279860887
0.00624786554140444
0.0124180751983443
-0.00442933560476999
-0.0171115680051871
0.0692896960059086
0.0488440263381318
-0.00869292172284775
-0.0137801440651425
0.0123848523340744
-0.0351317137745205
-0.00812743823146944
-0.00950511307767943
0.00264725356211959
-0.00297029712773256
-0.0347566711273311
-0.00445812757201647
0.005167033924663
0.00205620287868391
-0.0106019151846785
0.00345665399239548
-0.00172239057105095
0.00172536231884046
-0.00688945894283644
0.00381550468262226
0.00172767789468975
0.0341497067954468
-0.0300200133422283
0.0729023727647868
0.0153845828402377
0.0113636679292928
0.00842696602912096
-0.00371408221250136
-0.00279593050002891
0.00809978243612353
0.0163781824357794
0.0671936475279309
0.0125356987199827
-0.00984811452312551
0.02188121687642
-0.0203003064599642
0.0193017314788533
-0.028682790309106
0.00602061335950088
-0.00712453690510118
0.00918484500574035
0.00682599544937434
-0.000282570605504406
-0.0081944336873252
-0.00199427361790738
-0.0236939201739628
0.0070174851749274
0.00116146925555949
0.0124709976798143
0.0266399312517904
0.0267856863839284
