0.00550463328002904
0.020985355839416
0.0196604566425582
-0.00964066608238379
0.0190265929203539
0.00651319989087273
-0.0142364106988783
0.0188184245076586
0.00859102196773964
-0.00170353492333908
0.0076791805597618
0.0160880179471627
-0.0166666666666666
0.0127118644067796
0.016736359832636
-0.0135802474724381
-0.000834292900888323
-0.000417536517013151
-0.00334168741262786
-0.00167648777550344
0.00587737195633919
0.0016694908877084
-0.01125
-0.000421449641803573
-0.000421585177975858
0.00253062009829685
0.0201935212452671
-0.00907212371134025
0.00832288771024192
0.016508419314899
-0.0263905410633594
0.00917435362802332
0.00123962804794919
0.00701609574907125
0.0307377049180328
-0.00437371769383688
0.00479229214088295
-0.0202702702702703
0.00162275862068961
-0.00931559298033235
0.00122653316543464
-0.00979991833401384
0.0127834639175257
0.0211726800151741
-0.00318979266347685
0.004
0.013545856573705
0.0027515329107104
-0.00784010192081541
0.00237068361796444
-0.00709499380784417
-0.0131004361611576
-0.00402256620987262
-0.0234248788368336
-0.0111662531017369
0.00376411543287336
0.00750000000000006
-0.0119934243176179
-0.000418585199605803
-0.000418676734450618
-0.0180142430660141
-0.0204779001502602
0.010017509147104
-0.00388102613708374
0.00779225108225101
0.036941493258527
-0.0178127596442734
0.0160270356822874
0.00249066002490661
-0.0120082401656314
0.0159261938002433
-0.014026402640264
0.00418410041841
0.012083375
-0.0115274182162446
0.0141607663473553
0.00616016427104715
-0.00979591836734683
0.0230832646331409
0.00604347300564068
0.0144173413863571
0.00473750493485992
0.00432212163763768
-0.0136932712712547
-0.00753665242112866
0.00919264588329338
-0.0134653465346535
0.000802890405459555
0.00120332932210188
-0.00440701139451161
-0.000402414486921576
0.000402576489533013
0.00764591549295779
-0.00559109402591484
0.0160642168674698
0.00790517817807035
-0.0105882352941177
-0.00911613158937774
0.00440003999999994
0.0151333725554212
-0.0282463711259316
0.0218005248284217
0.0114579617328314
-0.0160155859375001
-0.0154824130415874
0
-0.00161286296826058
-0.0177705977382876
-0.0131578947368421
0.00500004166666668
0.0149253310561639
-0.00653594771241828
-0.007812541118421
0.00953178655332731
0.0106732343730198
0.00528021911940635
0.0060606060606061
0.00401606425702816
0.00160004000000002
0.00279552704490715
0.0135404216033286
-0.0121808246687299
0.018297574315735
-0.00429687500000009
-0.0145154570419772
-0.000398089156126935
-0.00278773385950881
0.0179712053525876
0.00588462142016488
-0.00273007030928507
-0.00351974970668756
0.0117739795918366
0.0120247861898841
-0.00153319279417397
-0.00268710183059884
0.0123171285604311
-0.00228133088522176
-0.0148628048780487
0.00386851063829785
-0.00539506722947714
0.0100736540129274
0.0030686612965094
0.00305927342256229
0.00953107129241326
-0.0207703927492447
0.0142691477053605
0.0212928525206408
-0.00409534608729167
0.00336448598130845
0.00298062593144577
-0.00817232540861823
0.00262168529506801
0.002241314904744
0.000372717107715248
0.00409839791356181
0.00890538000351082
0.0158146371528269
0.00470669787448608
0.0205405405405406
-0.009886970338983
0.00142649780932591
-0.0028490028490028
-0.0171428571428571
0.00072678052325581
0.0134349668324267
0.0121820136151918
-0.0120353982300885
0.0057327122895019
0.00427506234413966
0.00283785020085681
-0.00282981959674566
-0.00496637087739016
-0.0238859188551129
0.00584375477880772
-0.0221496360875223
0.0141106201262533
0.00476023452069696
-0.010568549177531
-0.00515653775322278
-0.00999629766753063
-0.00373975317875841
0.0127628007793845
0.0118606004447739
-0.00183146526855182
0.0110091376146788
0.00907441049271918
0.0111511514802574
-0.00711494104891708
0.00179143676101745
-0.0443490716863044
0.0119761232026991
-0.0218195258202838
-0.0113421923878189
-0.00803055449330781
0.00886657637368637
-0.00649598777225835
0.0188461538461537
-0.015855039637599
-0.00153429228998858
0.00922009184709593
0.0148458317472402
-0.000375093773443469
0.0018762101313321
0.0183520592377506
-0.0128724158561082
-0.0301788002980626
0.00653092560388302
0.00687015240953626
-0.00379067489729634
0.0106544135976252
-0.0112951434975581
-0.0354150799695355
-0.0300039478878799
-0.0626780219780221
0.00303947012420891
0.0471861904761903
0.0119883831340066
0.00857847222222219
0.00526524887544566
-0.0455277598710718
0.0185731524452026
0.0153336516922358
-0.016734693877551
0.0224158987131591
-0.0093381652187644
0.00163938524590157
-0.00491002434901699
0.00370065789473673
0.0253994674313804
-0.0059928882943312
-0.0337619788489542
-0.0120632690489488
0.00631578947368405
-0.01255230125523
-0.0110169491525425
-0.00428449014567278
0.01592086919105
-0.0415079186146582
0.0260715875418289
0.0275625334867584
-0.0150880546903581
-0.00382978723404259
0.0132421614694576
-0.015176982090092
0.00342465738764308
0.0034129264755578
-0.00255106292517004
0.00426257477675085
-0.00424448235333119
-0.0234441186463819
0.0266259275425578
-0.012755144557823
0.000430706306231876
0.00688760223848472
-0.00940568659280394
-0.012947734138973
0.0590292059891036
-0.0255986385465995
-0.00296605932203398
0.0276242657193257
-0.0028949131513647
0.00788046421068156
0.0061729220647293
-0.0012270347146407
0.00450454545454537
0.00326131254540107
0.045509912819589
0.00544115818111157
0.00502508677908442
0.0034615384615384
-0.0222307397470295
0.00078404547236377
0.00587540125830777
-0.00311526479750768
0.0234375390624999
-0.00305343499796051
-0.00382852205863238
-0.0107609531129901
0.0151514763014764
0.00497516283869737
0.00495045696877372
0.00909435426655381
-0.00488167498616887
0.00528298113207537
-0.00638138162092261
0.0245561777316272
-0.0224926614125124
-0.00377216144851
-0.0117379780386216
0.00766279693486593
-0.0262356663967934
0.00429511892639134
0.0318818830436189
0.0139411825945297
-0.0159791898922333
-0.0219033232628399
0.00501934362934353
0.00845174765840384
0.0102857142857142
0.00301659125188536
-0.00714285714285723
0.00795157137447933
-0.0120211114943234
-0.00418243361910398
-0.0148912556360726
-0.00465112421128389
-0.015576285046729
-0.027294342274749
-0.0313135420902806
0.00335852225020994
0
-0.0284519246861924
-0.0137811806107314
-0.0253275109170304
-0.00403225806451613
-0.0283400809716599
-0.0125000000000002
-0.0257852320675105
-0.047641961133688
0.0252652842210568
0.0453424324621767
0.0249882614327326
-0.0225390984360625
-0.0221176000000001
-0.027430316293055
-0.00791687322696055
0.00897760643279844
-0.018783984181908
-0.0327455415617129
0.0182290615505696
-0.0352940171505891
-0.0381761379546056
0.0413450959947683
0.0248809965527261
0.0149792864163591
-0.027480865139949
0.00680266840383714
0.0291059771309772
-0.0217170718038926
-0.0191017543055366
0.0094736842105263
0.0291970802919708
-0.0258358662613981
0.0540821632865314
0.0340404045387273
0.0229008598712241
0.0228544299041777
-0.0182398084815322
-0.0283326043505524
-0.0105162045889102
0.0149757963779809
0.0428367444074249
0.00821542674577813
0.00452698053417833
-0.0261378987770211
0.00555293819745772
0.0161067648412332
-0.00362318840579701
-0.00318181818181817
-0.0109438668490652
-0.00461046543981247
-0.00926359425660028
-0.0088825623601011
0.00235844328497903
-0.0141176
0.0190930301148913
0.00749414519906333
-0.0348675034867504
0.0279383429672446
-0.0257731490159325
0.00384800366291471
0.00814566324170296
0.0223383544515992
0.0506741050674104
0.00973451327433628
-0.0118317703768624
0.00753880299506893
0.0167253968629135
0.0112554545454544
0.00727739694874141
0.00382490421483617
-0.010160964853473
0.00727117225283025
0.00297248420265328
-0.0160881026211641
-0.0167814113597244
0.00919032822757115
-0.0238507816067121
-0.0231008440693027
0.00545707139608931
-0.000904613256236475
-0.0108646446355817
0.0233410068649884
-0.0071556347425924
-0.0198198639720781
-0.016544117647059
0.0144859345794393
0.00506683579303724
0.0600366177818517
-0.00994375313202578
0.00349344978165944
-0.000435204525674471
0.0121898568650352
0.0189247741935483
-0.0143520888834069
0.0102783725910063
-0.00169567613395505
0.00212318480353235
0.00974576271186423
-0.0289551405791019
0.0142610204952904
0.000426118467239833
-0.000851831345826226
-0.0247229337051548
-0.0183566441589443
-0.0169189232822318
-0.0348732336956521
0.00234641024619475
-0.019662920427766
0.00764083058066722
0.00995255924170624
0.0112623186889873
-0.00835257579362303
0.035095927229952
-0.0981012613878272
-0.0756892192636983
0.0287417554912281
0.0289932013175118
0.0235655737704918
-0.0165165165165166
-0.0381679389312977
0.00476190476190474
0.022643496577146
0.0221421215242019
0.0136020654911837
0.0159045717741266
0.00587074335270343
0.0209144465425313
-0.000476417341591096
0
0.00238326978074355
0.0137897758540289
0.0168855534709194
0.00553500922509231
0.0105505509426858
0.0208805709995201
0.00400177856825246
-0.00575726306465885
-0.00534525588662571
-0.00582171965965061
-0.00675684654248443
0.01859410515166
0.00667862897055338
0.0344979197479911
0.00256528441920834
0.00170571421297594
-0.0102171136653895
0.00645161290322571
-0.00555555555555554
0.0116029651912333
-0.00637221723142667
0.00213775126711213
-0.00213319103527343
0.00812317264314544
-0.00339270568278194
0.00127663829787239
-0.00169999992775183
0.00638565346956166
0.0203046539891985
0.0140961022348216
0.0110384714243039
0.00161746866154466
-0.0100928542591845
0.00652528548123987
-0.0153971231766613
0.0111111527206236
0.0142450142450143
-0.00441416532905303
0.0104796860330385
-0.0179497008376547
-0.00893586478733288
0.00327868852459035
-0.0155228758169934
0.00373448132780063
-0.000826829234111925
0.00579226313611914
-0.00287943245082001
0.00701320132013206
-0.0184351085620648
0.0146076800754458
0.00411357482984664
-0.0147480950430152
0.0274428285839015
-0.00445159872325362
0.0158536585365852
0.0232092837134854
0.0046930387172468
-0.0073959125186488
0.00156866666666677
-0.022709552752171
0.0116186302731822
-0.0289108910891089
0.0110114600326265
-0.0084711977220171
0.0109845402766477
0.01810861167002
0.00988142331547137
0.0164383568077635
0.0146323070709398
0.00417453510436427
0.0154951630950553
0
-0.0193524741588211
-0.000379506641366323
0.0189825360668185
-0.0275707898658718
0.0065134099616857
0.00532927293490681
0.0355925785687241
-0.0146251919561243
0.0463821875182862
0.0496453528494556
0.00844594594594605
0.0345058291457288
0.0019430700111096
-0.00678736241799083
0.0325414904002603
0.00756378821304771
-0.00125114173447427
-0.000313185092389534
0.0150376566416039
0.00185175914495317
-0.0209487991666298
0.0191943983891003
0.0345785438276796
0.0259624903588473
-0.00668990672804226
0
0.0161053870509289
0.0103746394704716
0.0136908153539412
-0.000844203690371081
-0.0140805414858092
-0.00599825798333387
-0.00488500014037352
0.022235084544179
-0.00225994337514446
0.00141560022650045
0.0200735940083006
-0.00166302651535322
-0.000555247084952915
0.00916672222222226
0.00357822716332357
-0.0126165390185558
-0.0200000277777779
0.00992069189117628
0.00645523417189908
0.00864464560388623
-0.0124411674006727
0.0053191207917378
-0.00640490114174319
0.0168161154708519
-0.000275606402304285
-0.00964990350151651
0.0103007522439171
-0.0597961405402
0.0254983301728702
-0.00743075121859094
0.0313849697667723
0.00195418760469024
0.0114237952472498
0.0336088439010702
0.000533075692963569
-0.0146510118633189
-0.0124358738883009
-0.00985494141404153
0.00884722194344589
-0.0123321725222159
0.0208102102993837
-0.00869801552873006
0.00329034814120233
-0.0338890953812518
0.0251769179732344
0.00496677676783808
0.013728721237162
0.0287107816203023
0.0102685360716168
-0.00312741733456912
-0.0107189542483659
0.00554965644820293
-0.0099868859392086
-0.0111494032996763
-0.0161073288590604
0.0147338873269365
0.00484001088572228
0.0594059689431623
-0.0388987370548119
0.0068331670652606
-0.00104413988399521
-0.00783901228116013
-0.00316046870791509
-0.00317035683859224
-0.00238539623641643
-0.00717322016932054
-0.00481669801489693
-0.0110244692397008
0.00870035368951494
-0.0129379791341229
-0.0106498910608928
-0.0516146563621308
0.00203722345642543
0.00406622131861756
-0.00173566676308934
-0.00782370372783003
0.0230723409420361
-0.0154152730635247
0.0113075957490523
-0.0094610662425153
0.00781479038537736
0.00229758759333709
-0.0148997412664905
0.0157067185658313
-0.00830461101400981
-0.00721917391801408
0
-0.0189063694326246
-0.0145270678920842
0.0204571588172588
-0.0064857609956227
0.0154302666044432
0.0306837805177154
-0.0104904451375107
0.0272205141993975
0.0167364862893438
0.00960213965426227
-0.000815190239543129
-0.00163179222192
0.011441079036804
-0.00781042262832143
0.0100434039087949
0.00349371146180366
-0.0099089180503481
0.0105490935745443
-0.00481801378966762
0.000806858526089416
-0.00564361745884501
-0.00945940540540535
0.0100954428324451
0.00162079956780103
-0.067691528171978
-0.0031819785941567
0.0031921359022673
0
0.0150419438819787
-0.0131091194072386
-0.001732630617019
0.00202484813422044
-0.0112586319647412
-0.00437962043795626
0.011730264617611
-0.0107246086956522
-0.00439498961632034
-0.00353145968216595
0.019491995880331
0.0318655561993046
0.0202133919206455
0.00742985690698927
0.00737503394222805
-0.00813446290307851
0.00355377235900645
-0.00926178178321402
0.00494913403764463
-0.0166894669408882
-0.0205898169334952
-0.00625002823153342
-0.0140079473985134
0.00492890664372814
0.0051933064050782
0.0143513203214696
0.00877198641765697
0.000841458578319187
0.0241031670403586
0.0093048711191881
-0.00759227202840917
0.0128415854011796
-0.000539546803345003
-0.00863695030059253
-0.00571739722297837
0.00903608981380066
-0.0165534880083305
-0.00413912780689119
-0.0138542532557495
-0.00899128968811469
-0.000567054153671753
-0.0218439716312058
0.0281322795823666
0.0112834129398192
-0.0189679229549747
-0.00369624701144433
-0.00285393827471625
0.00400695489430314
0.00399084925935878
0.0113571263101326
-0.011229590433172
0.0113571263101326
-0.00758003951656483
-0.000282828870315499
-0.00877195812110942
-0.0376819879441045
-0.00949273240856519
0.0248578024815156
-0.0067211862442671
-0.00117684606196833
-0.033578791352613
0.00761962792991078
-0.0108892918666276
0.0220182562073927
0.00239383616958921
0.0149253731343284
-0.00441182352941183
-0.0112259090827714
-0.0047804002157037
0.00240162106269537
-0.00778670283877525
0.0144883786752676
-0.0285628970972062
0.00367528308267806
-0.021055782728105
0.0227555783818219
0.0198109716607446
0.0304841909887683
0.00609045823665899
0.00259440768505059
0.0109258485027559
0.0122298065984074
0.00646248946333228
-0.000837493020658941
0.0134115391614549
0.00220562448304373
0.00302616247736798
0.00987386203713281
0.0108636882129278
-0.00403011810773468
0.0215807661181548
-0.0171639296848145
-0.0102095913431061
-0.00732899022801314
0.0153131255127152
0.00969569055492348
-0.00480130675906598
0.0134012325542419
-0.00952129041202621
-0.00774368470644382
-0.0048439181916039
