0.00588399494651415
0.0176952037933666
0.0175312842380388
-0.00367171313858805
-0.00170097793332502
0.0112168394150218
0.00982864336341938
0.00347608463504123
0.00235552175018761
-0.000276416935383939
0.0012445243362833
-0.00414312917314574
0.0199695465261407
-0.00421490119837387
-0.00273072099210048
0.00314890470974816
0.00286622098355216
0.0083014693357939
0.00337427471314755
-0.001076056017006
-0.00983037948207965
0.00489598816526549
0.0046014886994179
0.0110467460031392
-0.00572954000109049
-0.00134020366281939
-0.000134111655078484
0.00187894237340114
0.00361682508729211
0.02389217896135
-0.00925563811758567
-0.00342107894736843
-0.00092421444214974
0.00858995661662343
0.00681336477987426
0.0078085115985691
-0.00284090901753864
-0.00582758337664879
0.000390881875257598
-0.0104167182074626
-0.000921052631578823
-0.0013169761622549
0.016484240630773
0.0168655418561094
0.00089305947673024
0.0029318548340016
0.0235129384850026
-0.00459448664086648
0.000249451085356789
-0.000997779995011272
-0.00574279664776023
-0.0104219236564541
0.00355282333594276
-0.01112651466059
-0.00831098325022372
0.0112171483036914
0.0197628968506947
-0.00325083754684485
-0.00288514794568107
0.00226443583505942
0.00627588819570457
0.00810779613590595
0.018807176441475
0.00182173921893325
-0.00242451212085126
0.0133673593389232
-0.0167886077467322
0.00926944771970839
-0.00882180060422955
-0.00499873226036252
0.0129885798309031
-0.0211685017822306
0.0143351956088775
0.00743177369805625
0.0110049096382896
-0.00442576565611885
-0.0152589683883712
-0.00170815031722793
0.0130774871669519
0.00434310532030402
0.00132132132132123
0.00803740403071029
0.00345117228254588
0.0053367647058824
-0.00648807391709694
0.0136547135204297
0.00620826973859034
0.00279392310142201
-0.00708151845832361
-0.000935367729109626
-0.00362780590416878
0.00469814423302806
-0.00058454524199214
-0.00701834149066183
0.00435860525385801
-0.0174760258626313
0.0107437273842057
-0.0125191688323886
0.00514292548738204
0.0104711803902904
-0.00659441843133357
0.0135135135135136
-0.00573097076023388
0.00364660619582136
0.000234364744491344
0.00937431494606589
0.000464360343626735
-0.00777440241355309
-0.00608120673415491
-0.00929523495223517
0.00914496480498639
0.0112980814099546
-0.00593508669847553
-0.000234090382441932
0.00433248233413397
0.00547979505560425
-0.00800085825604957
0.00502630017410621
-0.000581577083899498
-0.000349098103107237
-0.00325960411502668
0.0110955148073928
-0.00970308420931043
0.000233243894401491
-0.00804667055393593
-0.00893479917551832
-0.00272839844705119
-0.00380635184964906
0.000955247761194045
0.00143139684047733
-0.00536028613985873
0.000239473053892381
-0.010895546498829
-0.0174313279264011
0.00936309004220992
0.00463808128890508
-0.00789690214790184
0.00146943416755163
0.0106383470442246
0.00701756788826202
0.00336414738127377
-0.00167644589446903
-0.00683696757018193
0.00797096579850387
0.00191710999281103
0.00633819645208811
0.00629825296973863
0.00224376476145483
-0.00282790142976552
-0.00224501954968725
-0.00390812401922969
0.00285338247532985
0.00213396567004076
-0.00662481974742279
0.00678811464122653
-0.00757035722734811
0.00560190689864348
-0.0126822090154745
-0.0082833609467774
-0.000121074930395815
0.00581118658138458
0.00625897914638962
0.00382775128774537
-0.00703045774619793
-0.0120004797311777
0.00570875730089271
0.00471012054540498
0.00456783256237925
0.00023927246619615
0.00287122875325885
-0.00656094461264578
-0.00768489451692833
0.00205709099709583
0.000120782517106122
-0.021492393141753
0.00111053800592287
0.019844694190674
-0.00749330450793584
-0.00377501208536268
0.0212688674066464
0.000359042472337867
-0.00478585774621043
0.0111805722529452
0.00903581024848421
-0.000589159877715129
-0.000235746286253113
0.0119103060419665
-0.00978902248663382
0.00859119669080388
-0.011435169728596
0.00460337571757852
-0.0038773587122547
-0.0034206181509937
0.00153869100576842
0.0105176078818812
0.00947255269623315
0.0053289851714553
-0.00518548064497548
0.0122784428986809
0.00709465613914628
0.0168162250467849
-0.00156442064061735
-0.00346947965236655
0.0015723270440251
-0.00840995738954919
0.00746348524256457
0.00190825016986196
0.0043692582485042
0.00747348561129968
0.00276793622674942
-0.00905377056420442
-0.0122562451253482
-0.0219966830908814
-0.019838432287817
-0.0238880666562453
0.0245931536874335
0.0182374636601357
0.00358213542870334
-0.00656303987479645
-0.0273528054555587
0.0110819831049089
0.0139068948475403
-0.0127862144086066
0.0186035794183443
-0.0147959538828817
-0.00281598015647155
-0.0105895048967998
-0.00784868630508662
0.00970871389188543
0.00273034194516475
0.00438018220953751
-0.0111975017066243
0.0108475861246871
-0.00955195709660583
0.00130967975496321
0.00796668271026602
0.0101451225737936
-0.0138969523273841
0.00106579817466135
-0.00745292813091047
-0.001191871246916
0.0158710493617638
0.0148009165934668
-0.00960761662229437
0.0109864658949619
0.00635842774566475
0.00654793766580419
0.0077608078575484
-0.00419030558594302
-0.0110315023314002
0.00643969641214359
0.00971213481316879
-0.00181059178882903
-0.00124704682008836
-0.00329171403613437
0.00956615441444386
-0.00947551022051873
-0.00706065384490717
-0.00699621500180736
0.0105104640676725
-0.0116584298013129
-0.00439465700486508
-0.00801479883911249
-0.0151054094823089
-0.00297229818095346
-0.0101359170045313
-0.013492374087643
-0.00696055684454766
0.0236104033448108
0.0025228015983374
-0.0103055726928974
-0.00072645602259136
0.0126015027893249
-0.00119657771927728
0.016532837749303
0.0094284504284845
0.000934057187762738
0.0066487807465867
0.00382380051801623
0.00357848328704802
0.00195534847123646
-0.0153828951899896
0.0127084534316639
-0.0126640340778263
-0.00629664164420152
0.0178361413321724
0.00380449628324864
-0.00195242908005044
-0.0109321746620904
-0.0117509487725862
-0.0128326344988785
0.00166964822110072
0.00631025137064545
0.0120681974476193
-0.0035071545475801
-0.0236977480923921
0.0109348230969761
0.0142636874899247
0.0172272584735202
-0.00414748828813416
-0.0126099488058782
0.0107791215179642
-0.00162278899375401
-0.0145129458844293
-0.016140386808209
-0.00850195165843726
-0.00471014469999298
-0.0161388415901546
0.0120867781922354
0.00682432383193587
0.0134350275130712
-0.0606712260517747
-0.00534008886611348
0.00894792233424924
0.00038008361839581
-0.0055724924012156
0.00878762143594591
0.0234818836005555
-0.0199827803133095
0.0108244435909095
0.00249039976317778
0.0134144078148204
0.0295379840440242
0.0127380952380951
0.00834604443399578
0.0150384941720327
-0.00379007694958067
0.00184463919401989
0.00402759484401383
0.014212011461318
-0.000791049854018455
-0.0203573404288022
0.0226275681683774
0.0119665610303328
0.00267735385988388
-0.00411655549881074
-0.00111717124081845
0.00850010027960635
0.00831762245353485
0.00769912027494768
0.00643962002969611
-0.00553089686584962
-0.0102507529007961
0.00242399730224774
0.00406676174689991
0.00437878498913591
0.00032695367847424
-0.0123120072414907
0.00308878095777665
-0.00835809963708345
0.00144178776625892
0.00753045370850702
-0.00417680790605368
0.0100441944822118
0.00426182921512774
0.000979281806761989
-0.00282632901024749
0.0029433771746048
-0.00565213043478263
0.000983777831929267
-0.00131051654471981
0.00579560440877436
0.00337025425656656
-0.00184199804962626
0.00065130263457891
0.0164894337166412
-0.0123798938049047
0.0151286146531229
0.00510960176475184
-0.00529548835618487
0.00202301963422102
-0.0070131123153756
0.00310328531207205
-0.00277356523946171
-0.00481392790697766
0.00945937889840653
-0.00670861434528314
0.0105060465374367
-0.0106089537320401
-0.021016491078351
0.00799555277127917
0.00488977517961042
-0.00454158717380682
0.00249839240709093
0.00530932928811345
-0.000862276371249804
0.00852213629005982
0.00171145580728327
0.00256271217164517
0.0131004579827458
0.0180823587451144
0.00247837680621132
0.00875564464862721
-0.0122536097212296
0.00661633385231752
-0.00842146434381297
-0.000932200893539181
-0.00901932407215422
0.014541354306574
0.0217569799234079
-0.026339611518402
0.0132669770618998
0.00132976674857277
-0.00551641638573908
0.00862870074224364
-0.000203727463005898
0.00315784869426183
0.00467097868923738
0.00293108948997167
-0.00352721944866585
-0.00273056235296443
0.00527327857215298
-0.00262277822299561
0.00970971963771161
0.000500811369311682
-0.00740887079312913
0.00554773048214652
-0.00792456599609659
0.00505561162678236
-0.00835012055633566
0.00679717966927074
0.0043329303573747
0.00571887239327529
0.00269357547273685
-0.0231817923951488
0.00570378895905477
0.0125582947652074
-0.000600180011995022
0.0297237996341833
-0.00563710759063085
0.0100674227361437
-0.0196438753490953
-0.00641589194385328
0.00635803670343593
0.00384993074630091
-0.020847693561851
0.00411774630912931
-0.000200080007998427
0.0033013205282113
-0.00448702761990238
0.00881416301338778
-0.010921365946756
-0.00220839184484256
0.00895370203312473
0.000697975869976997
-0.0151455161418892
-0.0110278838942891
0.0077749565217391
-0.00274087904292197
0.00977196681131853
-0.0103830447735098
-0.0056024855985024
0.0364679156634313
-0.00652306779996048
-0.0044766814356022
0.00879380433696419
0.00455679067089809
-0.0107484859186082
0.00159493620414675
-0.00447856271980229
-0.00739776081970933
-0.000604250176251542
0.00705427765577848
-0.00520360252176533
0.00432543992252521
-0.00130204332139605
-0.0056162671748069
0.00544629338484537
-0.00591838688096336
0.00908175598550476
-0.00569999999999993
-0.000100593382278968
0.00331927184307523
0.00190478195488719
0.0068040823133062
-0.0234545811279153
-0.0128231424216743
-0.0228866185567009
0.00316526700074404
-0.0122002942322191
-0.00319416531503769
0.00640888685304652
-0.00658038619018486
0.00299145305537296
0.0102257991100512
0.00906790422049353
0.0198537312373555
-0.0135245904410776
-0.00311584967004275
-0.00083352778355783
0.00792494248331721
-0.0159321532823442
0.00756932280131783
-0.0191986235057856
-0.016170170212766
0.00043243942766269
0.00324258552713275
0.0109889678948503
0.00191815864953804
-0.000850819010883574
0.0185224394608805
-0.00125420150501687
0.00293007540665724
0.00751254204977214
-0.00165695943779942
-0.00954354751984343
-0.00523669856570175
0.000421057046912976
-0.0037885920348808
0.0164800119805615
-0.00581997493618835
-0.00209077975785998
0.0106851456107271
0.000414510762250853
-0.0138830921625815
-0.00714435805841573
-0.0662434074074074
-0.00770625584103035
0.0148469852637503
0.0317353139770427
-0.00654448080279246
-0.0472112857441526
0.00737497136148813
0.00480436981936316
0.0147996819125538
0.000897487098945327
-0.004034992063775
0.00810265586315539
0.000669770023001393
0.000892481035251969
-0.00445833694921227
0.00895658307210034
-0.00443852631072961
-0.000445853757337078
-0.023416570026762
-0.0232930115712944
0.0149637596446106
0.0172771250863857
0.0133605072463769
0.00290505027932952
-0.0242869869811279
0.0121031968005665
0.00338449909747296
-0.00314816723300737
0.00947435102755012
0.00223459217877098
0.00245264224983921
-0.00733981333051192
0.00246473218766008
-0.00379977631650519
-0.00134624186672638
0.00471810850227405
0.00693197658917755
-0.0195424610158218
0.0151754919512801
-0.0140562472110665
0.00339445583603659
0.00811910239061797
0.0042505144462972
-0.000445533536322928
-0.0127033655605832
-0.016252754317218
-0.000458949038139145
-0.00206611565504777
0.00713130878464874
0.0169027185222186
0.00494164420485155
0.00424671415973576
0.0137992210104607
-0.000439077945973199
0.0122996049264137
0.00303753525710548
-0.0028120700843608
-0.0164858575481933
-0.000661645346272666
-0.0019863164425884
0.000663401135263086
0.00618782320441991
0.00614983540851832
-0.0078585459974122
0.0400439815171842
0.0118468796276707
0.00501772924868371
0.00353655086332427
0.00373126021014691
0.00227180926360204
0.00535755214006906
0.00286941990429557
0.0157367872470877
-0.00181086515471107
0.00161253776229531
-0.00140873418009124
-0.00181378480076155
0.000605733910876927
0.00564969722256481
0.00782504012841079
-0.000796356758908989
-0.00677427787954332
-0.0036108326423604
-0.00241592520297662
-0.000807285586423401
0.00242381346894827
0.00805960088535951
-0.00359786135514406
-0.00200597801428193
0.00864321608040197
-0.00139495815065771
-0.000199620830181102
0.00179642721742224
0.00298866313984192
-0.00119191497814874
0.0011933373347921
-0.00238377036154147
0.00119470328166638
-0.000397792370679939
-0.00437717884509281
-0.000199880091928839
-0.00319808121523246
0.000401042719090583
-0.00280615359403003
-0.00361809045226125
0.00383292313899553
-0.00422023730788745
0.00665997995277468
0.00260619481543323
0.000200000007998469
-0.0043982606957218
0.010843393792036
0.00715139054429881
-0.000986173550568514
-0.00750250710750211
-0.00039785160135275
0.00278604975124375
-0.00178606869986253
-0.0101391254500821
-0.000200883707554
-0.00502209732868819
-0.00423983452937271
-0.00993507704785079
-0.00163837797917765
0.0430768820512821
-0.00137657822523418
-0.00315084685212375
-0.00651912300511903
0.0115330679750831
-0.00393161006352682
-0.00927564670517644
0.000995995996095678
-0.0153233830845771
0.00464832255456771
-0.000603480197213568
0.00120776972624803
0.00562923178008723
0.00579770091963216
0.0083482208636807
0.00926475458308706
-0.00195318355560192
0.00841489269725604
0.0025228217062454
0.0114208284939994
0.00612440191387553
0.000951093779722356
0.00380085526037344
0.00833014009844768
-0.00826132212772523
0.00340780007572894
-0.00188675471698108
-0.00189041580754579
0.00719698877267017
0.00695748401654761
-0.00653591048619817
0.0103383268733397
-0.00409304186046522
-0.00952734932799071
-0.00339494530365902
0.00378503028009081
0.000942665894746231
-0.00772273497833875
-0.00189821564160975
-0.0146443699260415
0.00135109049698734
0.00269851575369096
-0.00461362937331811
0.00328315958445669
0.000962444639798887
0.00596155769230777
-0.00248520354644999
-0.00536600229973172
0.00192674366370937
0.0119230576923077
0.0134930257220263
0.005625332622339
-0.0126794702092211
0.000755448522087754
0.00509522532193918
-0.00863685725260455
0.0100379357961731
0.00637532321862655
0.00242222852328045
-0.00929368047014278
0.000938067559813627
-0.00637300867377721
-0.00528198473050323
-0.0182059548644035
-0.0266563840061812
-0.0019844810872095
-0.0117319544296688
0.00442649890489943
-0.00681081758056157
0.000806716385368444
0.00725515935621024
-0.00420168067226878
0.0100462125778582
-0.00835492341356681
0.00401205632947077
0.00699306707278846
-0.00059529759542476
-0.00635298801574324
-0.00899102915066996
0.00282266140413956
0
-0.00442303962914992
0.00161546849757666
0.0114919359472554
0.000797309180678107
0.00358494330979764
-0.0113117485872545
-0.00682456844640711
-0.00727568714632165
0.0101791533016928
-0.0038290810928876
-0.00303461460651433
0.00771105940972117
0.0155054369714056
0.00356932381518926
-0.000790377380154528
-0.017401641289302
-0.0241496684272423
0.00247471633430751
-0.00288006577082756
0.00557047646852737
-0.0143619403216274
0.00166523726758472
0.00685789706687245
-0.0107327345566
-0.0118923221364491
0.00591211980759887
0.00608734269704736
-0.010014583767995
-0.00906219158983779
0.00765633772862606
0.000422140134610727
0.00675103347042061
0.0050292957873157
