0.016751450542156
0.0148572367671123
0.0136251924518103
-0.00572002002002003
0.0155328925001135
0.00764765603104878
0.00773007708418616
0.0089260673190823
-0.00331763911073479
-0.039944480997073
-0.000144495808371947
-0.00751332188286824
0.0208181825355018
0.0189673979335112
0.00209938427289225
-0.00195529335070654
0.00993561446873259
-0.00581956507744408
0.0154703972125436
0.00343123794357347
-0.000547134447447251
-0.00752706993294083
0.000275841158680734
-0.0146125997434161
0.0113318126189783
0.00733156719696249
-0.00274645701730292
0.00578350292824981
0.00492881975727233
0.00463209796642783
-0.0166801740352638
0.0151703071253535
0.0130416925276227
-0.00160926646104331
0.0024177301175714
-0.00750364494855882
-0.0110706088834885
-0.0196587303754268
0.00933024674363603
-0.00262144028884759
-0.00152166272621845
-0.00360213355500139
-0.000556187445945211
0.0304674887507297
0.030241636289996
0.00655222137471423
0.00273400605999252
0.00181780064208525
-0.00531368557212619
-0.00469056677524426
-0.00916346392411915
-0.010569467285785
-0.0140206037390921
-0.0438786318460798
-0.0130311335136297
0.000430525258323655
0.0449002588566958
-0.0107083751075441
0.0116570083723844
0.00973935501400947
-0.00869447074182217
-0.00630394674107237
0.0129636598272331
-0.00789644688481062
-0.000686194564860965
0.0262290991485856
-0.00816271879448471
0.00701559604631963
-0.0120578913726942
-0.0108488747178972
0.0050726074836136
-0.028509030923722
0.0311710329799071
0.0243736512970136
-0.0628738908863262
0.00666668085106381
-0.00648159776692125
-0.000141852215519767
0.00921988652482275
0.00140545322823749
0.00814037894736841
0.0104413194920974
-0.0106090380102222
-0.0059880380445072
0.00644436844120344
0.00918713859616593
0.00882757241379317
0.0114848784725852
-0.00581238148908958
0.00897343267273554
0.0012128284761197
-0.00942133205566631
0.0145380438733165
-0.0095084909470603
0.00216338564309604
-0.00728549619729513
0.00448494143830014
-0.0192126359511494
-0.000137881090850667
0.0205573666987844
-0.00702993095809201
0.0258679520436196
-0.00915718670622923
0.00709882094300451
-0.000398962617397025
0.00319316108604784
0.00450923064962261
-0.00897808315231285
-0.0233146822092908
-0.00231890607881324
-0.00150396501919559
0.00232778313470861
0.0002732786997246
-0.0167987296258026
-0.00916788468309171
-0.000701009373306749
0.00182386366195098
-0.00266073364174579
0.00589719171725389
0.0058626326893163
-0.0234526095879158
0.00582628936366536
-0.00777050025106674
-0.0102520428484105
-0.0135232624507766
0.0221670701472949
0.00642038843888648
-0.00155941307684415
0.00269775663779614
0.000424794657683636
-0.0242038209708755
-0.0465622121681982
-0.0153659204914383
-0.00509891833901532
0.00543561120415603
0.0206982397497137
-0.031628328340547
0.00875138275507492
0.0105344689139673
0.0072051813335039
-0.00654490136430286
-0.00428985771211243
-0.00692409622785339
-0.00247914467804244
0.00217458848281704
0.0137942814845449
-0.00840854557966397
-0.0146469470452213
0.00547648255359112
-0.00357925603550391
-0.0171794317847795
0.00683300492610828
-0.0135732478918363
-0.01232
0.00615585614774017
-0.00756725152846149
0.0483452960471331
-0.0196534345564793
0.0131018472960331
-0.0129324088501092
0.00662986603409221
0.000784067743452965
0.00783453462864303
-0.00963928793532332
0.000784913645448748
0.00282352941176467
0.00156419521351481
0.0120256756524391
-0.00910499957847233
-0.00077861704997062
-0.00607861558113365
-0.0183472165595108
-0.00207662945931719
0.00912437955619683
-0.0214150060054725
0.0113470580539319
-0.0019233691604964
0.0126867030672875
-0.0142721374203594
0.0167310328185328
-0.0207278794188627
0.00436259499697189
0.0223616312741313
0.020141668294912
-0.00786675897372335
-0.0199004819651741
0.00444160843208108
-0.00505369551484525
0.010634888888889
0.0270143089999784
-0.00214098489281223
-0.0127203371647509
-0.00170754429393205
0.00699741897053086
0.0304200268554655
0.0467555051660946
0.000286399435544649
0.00400742790865483
0.0081254309871579
-0.0042421238087933
-0.00156205627838857
-0.00910254612722339
-0.0117697721191267
0.010602818027678
0.00373661961090499
-0.0105956191635521
-0.00564397990286492
0.010042250182539
0.00417867423116225
0.000860926937553907
0.0154838996415769
-0.0227304949108994
-0.0286044925078808
-0.0309338795637679
-0.0156538510955279
0.0486436396732715
0.00832586951157088
-0.00855207903273358
0.0028257288169462
-0.0212071778140295
0.0415151212121212
-0.00785570287622073
-0.00733137862161493
0.0183161751100227
-0.00159559032214729
0.00246982413279606
-0.0046376811594202
-0.00116485148514867
0.0129737613111884
0.00431721123376638
-0.0108898407953885
-0.0211502103599917
0.0140594494598196
-0.0242264458943279
0.00807659275984762
0.00192873881517097
0.0148082335970419
-0.00977671107218325
0.00427351894675043
-0.00542924415468093
-0.00103275303972794
0.0162457394217359
0.0178753529392635
0.00285546826305727
-0.000854185673524577
0.0101168281561699
0.0115672169779548
0.00404408037992021
-0.0090278055555556
-0.00546599875167486
0.0188839348771694
-0.00760723343261827
0.00209062020905915
0.00319881771352382
-0.00374318607000645
0.0119677148348496
0.000962596246389058
-0.00398407742843698
-0.0346207172413793
-0.0285755116038151
0.0204441688614259
0
0.0123955179761681
-0.00142367600864679
-0.0203877961275706
-0.00596705000679731
0.00614931158934207
-0.0130966383425984
0.0137127690946623
0
-0.0184726836363637
-0.0068169232298344
0.00581926316708126
0.0062304995561191
0.00663418821659501
0.000439352671929516
0.00322062664970368
-0.00408578730608189
-0.000439545787545792
0.00571679850898854
0.00364378365189055
-0.0207667873835783
0.00771165653270045
-0.0643119233691798
-0.0213903893869019
0.00932172919765772
-0.011464920564728
-0.0252900120718423
0.000661064308744352
0.0158546493122156
0.00796621713432666
-0.00516129032258061
0.0150778372243838
0.0265132722166863
-0.00108915517764852
-0.0286603751710456
0.00224501279273559
0.014400032
0.00914823314989799
-0.00703346358236945
-0.00550919259419469
0.000158262108262086
-0.0131349582708492
-0.00545222890551256
-0.00370846501128674
0.0271888650721985
-0.00488421293706942
-0.00110829639012022
0.000475495324140152
-0.0217046739813795
0.019919028340081
-0.00460465227056206
0.00701869527865195
0.00681134156801289
0.00157330079337159
0.00109959158027029
0.0122391652283069
-0.00434039670313457
-0.0235092936240403
0.0215242184068203
-0.0138910566567816
-0.00205762899651785
0.0272799052701016
0.00679329968164111
-0.026529658434744
0.022526843100189
0.0391309943533511
0.0093403265829648
0.0211515123045973
0.00244541149793198
-0.0152102879836337
0.00291425045523441
0.0193229981309606
0.0149657203554321
-0.00519594165420501
0.00169400066030501
-0.0067643180209177
-0.00581729543910492
-0.0077065934065933
0.0100676543947598
-0.000996710764770925
0.00270801010786714
-0.00739155671333502
0.0130315906334932
0.0094713884498554
0.0014003360089434
0.0163613196374963
-0.0148596862960926
0.000418980458630758
-0.00293171867646447
0.00126020726015685
0.0156620747961942
-0.00234060315326745
0.0084184516756618
0.000547433967428512
0.00984818752772276
0.00690767961783356
-0.00928159856236743
-0.00230820088776107
0
0.00353830959968793
0.00406838904443707
0.00621284432451574
0.000671181208053762
-0.0042924210210965
-0.00781356562790381
-0.002444005364725
0.000816632628057423
0.00176805387961454
-0.024572439610511
-0.000139206684459436
-0.000974373662270156
0.0100320611689588
0.00634568923563772
-0.000685332447649012
0.00836762665658086
0.00816214098320933
0.0151126971378668
-0.00664628446179916
-0.00562029952012721
0.00336428484360884
0.000536480701085917
0.0148793703721011
-0.0515123636443319
-0.0136470690334791
0.0019765494288706
0.0118359445986198
-0.0135078962124465
0.0127047155677422
-0.0124059105772487
0.027805251314192
0.00439438341115084
-0.00123046214425027
-0.00629715237657147
-0.00165305147557804
-0.00220785149430314
0.00179787033046264
0.00469349793778306
0.00508385552464752
-0.000683581662786592
0.0166894943006701
0.00053822658772873
0.00443788321089467
0.00160658718418549
0.00213879166257969
0.00280110707214765
-0.00266024208566118
-0.00973596920234843
-0.00619527272727272
-0.00582734780014449
-0.00190839692055078
-0.00368757165135791
0.00986978793158833
0.00597262131050957
-0.0151127106313221
-0.000136936570405255
-0.0069882430670769
0.000689885460330109
-0.00592941282112858
-0.00152577342354132
0.00777991076215989
-0.00620354278737889
-0.00319038719325215
0.000834915101100675
-0.0038932008869077
0.00753770250610986
0.0171792463286229
0.00313271596656794
0.00814661213451151
0.0126599595959598
-0.00212798238787126
-0.00306538721931748
-0.0192513628642502
0.0145855914042314
-0.0345290742979982
0.00821035335081621
0.0052450657796439
-0.00727720699499623
-0.00497926673668325
-0.00695023611481138
0.00251961079172403
-0.00628323067788739
0.000843122125702367
0.0112311661702444
-0.00735803147796799
0.00895103496503502
-0.0525367487182805
0.0128749820885143
0.00563339568250498
-0.00545827324942805
-0.0127093735617959
0.00629022811161173
-0.00436114254453934
0.0106585344038117
0.000433386298275273
-0.00476537184115511
0.00145094316456595
0.00014491452382992
0.00941621047973662
-0.00645805109070052
0.00852227321151489
0.00114583213978814
-0.0134478250801767
0.00667051923826167
0.000288159040281233
-0.000576036849768591
0.00360230537169159
-0.01119883672078
-0.00130686795526924
0.00945043631070708
0.00129622641509419
-0.00143842066046118
0.023336258234983
0.00394142730938296
-0.0141615535614134
-0.00128000288095576
-0.00213615775938258
-0.0166975595832738
0.00159651664451332
-0.0181133163856451
-0.00723147853508033
0.00133795159824368
0.00252372324044359
-0.00370205839926041
0.011296105994294
0.00734861835172529
0.0103588997613233
0.00490968953068593
-0.000718422228390359
0.00834055208023354
0.00185392176894239
0.000854064056939441
0.00213342347129641
0.000567712185179037
-0.0042553617021277
-0.000284857562030782
0.00113995440296377
0.0011385425238104
0.007961416432267
-0.00267987298505301
-0.00452552686360519
-0.0011365392972944
-0.000711079525275937
-0.0226302868593712
0.00189318485199319
-0.000581409858368853
-0.000145462473953972
0.00160001454545444
0.00377580592832105
0.0044849101062685
-0.0306783378942821
0.001931604668725
0.00237277176330997
0.0078415006859891
0.00440391935978046
0.000584639011535604
0.00701143743808719
-0.00362634164124331
0.0257678985072674
0.000425759302097095
0.0136189392429831
0.0188944164686251
0.0107142715364996
-0.000951345448454766
0.00775404685746017
0.00134986497435596
-0.00229169587489897
0.00526955802541385
-0.00040321235475238
-0.00578191451733556
0.00243441973398895
0.00242849423522018
-0.00121135930505967
0.0103760141541034
-0.0017338622939238
0.000133640618133368
-0.0109537802437378
0.0182333600994955
0.00225492773915525
0.0153520782253065
0.00977580800605038
-0.00555053561958763
0.00272584368216711
-0.00245957281553411
-0.00570977175473064
-0.0301488502943547
-0.016148526877904
0.0206538364019446
-0.00120616451864786
0.00134171476374223
-0.00214385644421244
0.000939975816570904
-0.000804910104576062
-0.0135607137394986
0.00353888657222146
-0.00637462336736916
-0.00559656004377396
0.00192175708776277
0.0102753804706228
0.00556013033794778
-0.0133512875697562
-0.000273441756509452
0.00410176379685212
0
-0.000817061524589935
0.00245299819240907
0.00666129708160157
-0.00918298409792107
0.0031347279623255
0.00108698372518989
0.0133008143322475
0.000267827470247672
0.0143277986073915
0.0241584422442243
-0.013792214132709
-0.00588163623365223
-0.0124901002495424
-0.00226333374699317
0.00813985833627284
-0.00953012536611031
0.010557276211218
0.00674416794191357
-0.00669898883616149
0.012430507309025
0.00548595886849434
0.00285780711128325
0.00880829049773157
0.00231126100325851
0.0128106587960712
0.00455350378329133
-0.000125837323743161
0.000629580625634896
0.00843189036536485
0.00124804697047476
0.00174498310812732
0.00609677717692758
-0.00408115255897656
-0.00943750166940893
-0.00614263530685599
-0.00428855958991625
-0.0026602355545926
-0.00266742019557642
0.0104431868483132
-0.00037809429685387
-0.00945656309309195
-0.000254544303832427
-0.00420170608350268
0.00907811033215866
0.000126735938335898
-0.00722157608007112
-0.00344569929242344
-0.00525030120375458
-0.00270338568486106
-0.00580875169989981
0.00649182055927633
-0.00296692477942173
0.00465779525607712
-0.00463620078206817
-0.00750423072190165
0.00195544260142677
-0.00585476182858746
-0.00170141333849427
-0.00721022557957829
0.00673438504947632
-0.00642704633858993
-0.0126732541254125
-0.00441238127540611
0.0162503225389516
-0.0050217656937166
0.000664032399202652
0.0147332235058786
0.00117729239413844
0.0137182517152044
0.00141772142893259
-0.0629343524942478
0
-0.00151079526193643
-0.00206319128183718
0.00234318391413435
0.000825054994155083
-0.00302282224543604
0.0108875416451915
-0.0257668582349518
-0.00839627775533558
-0.00973755278383348
-0.00555791664694083
-0.00616223855205278
0.0017303965891966
0.00187126814637595
-0.0252873857841203
0.0032429542006458
-0.0102849988329414
0.0106888507914362
0.00381894818393236
0.000585323417344075
-0.00687325271453287
-0.0128111169011269
0.00343072787245324
-0.00386494739995313
0.00850619285162812
0.000591905871799137
-0.00532388323023292
-0.00208145994405418
0.00163885570744093
-0.00386735071244904
0.013289532428109
0.014146757822771
0.00392321999418788
-0.0180923443677722
0.0237323274606325
0.00849537833673342
0.000856610496050569
-0.0242510135306994
-0.0179825140940785
0.00193546231756625
-0.00460631480209595
0.00880734464270305
-0.0036993192157645
0
0.0032675032446905
0.0167283042163595
0.0203844205008734
-0.01883561590081
-0.0157068349125411
0.00428488475177291
0.00382524637597115
0.0054227610102846
0.00393593305935669
-0.0015972265893468
0.0101802934793398
-0.00820616193789458
0.00885471053643072
-0.0116546474820143
-0.0535740266829517
0.00846017509736408
0.00091526848429746
0.0047241235267852
-0.000303291369634584
-0.00682756748125835
-0.00320805076700348
0.00551725670498082
-0.00960216415786974
0.00969525963241336
0.0013716811252602
0.0231355261705719
-0.01011603674329
0.00315598131716288
-0.00928843445692884
-0.000302374125315752
-0.00726068662440338
0.0230078023620814
0.0131069111275977
-0.000146942082340895
-0.016468210072983
-0.00164449097988473
0.00119799342914018
0.00358954526488864
-0.000149061107274528
-0.0032790730826695
0.0328996097099024
0.0286666135804259
0.00731874705198798
0.0208187508732709
-0.033260348569952
-0.00651279937049976
0.023086832637504
0.0136508704046403
0.00687096359231676
0.00641464472831887
-0.0123406024502469
-0.000549237936310787
-0.00700648431094264
-0.0208910074832734
0.00960859161828131
0.0111966834652213
0.00484426297577856
0.00261712128421832
0.0028849978996428
0.0017807808219179
0.0108026942760575
0.0131223082554737
0.0105488184076488
-0.00264266649048639
0.00821402988020559
0.0157687914788118
-0.0151359114436257
-0.0145803237060419
0.0137297526151594
0.00618006550243
-0.0139832728953192
0.0217362367820904
-0.00505900921307612
0.00625818798923827
0.00103656387665185
