0.0114733842039463
0.0175201817439332
0.0232891947745959
-0.0135907886268017
0.00896664873592079
0.0060691992869577
-0.00193902828958237
-0.000755531554117006
0.0153380640454082
0.0329787021276595
0.0254377142211681
0.00160693984131766
0.0129348637440632
-0.010096981095733
0.0133999600000001
-0.0231892450439805
0.023133660433047
0.00839255537512407
-0.000195789685571102
0.00587599641684466
-0.00788625263252118
0.0102060841961515
0.00981149194071307
-0.0126984130648892
-0.00409235128400132
-0.000293503573950638
0.00215308279506754
-0.00488281240463262
0.00107948967459293
0.00862657565676739
-0.00320731852665301
0.00799531021831745
0.00628750260072075
-0.00807456510693605
0.0147300801486561
0.00162351257399984
-0.00467198716643746
-0.0190631000963991
0.00029294921302836
-0.00683390608220258
-0.00373542700082297
-0.0136161522173883
0.01630486129534
0.029330748608873
-0.000478131564770723
0.00640962409269696
-0.00846006678118061
-0.000766896764776037
-0.00220668707070837
0.00115387499999997
0.00220894154219331
-0.0137996552716753
-0.000777397695951976
-0.0172129141843254
0.00395805469934807
0.0234574908679035
0.0509437712227956
-0.0103545957212846
-0.0168518518518518
0.00612169900169501
0.00571000644556774
-0.00539837108342578
0.00963876090549554
0.00528315882179209
0.0153973632251279
0.0186143925891509
-0.0197004724549832
-0.00509227057295381
-0.00530117885746539
-0.00119456949013008
0.00846371688492309
-0.0254515683602016
0.00982865281608825
0.00760103840195692
0.0128794943756991
0.0192552501227112
-0.004633790726842
-0.00608773516797845
0.0241397952839073
0.0120492791217928
-0.000782106543842809
-0.00443557128799166
0.00882328986788417
0.00458953053542954
0.00155159035339048
0.0202254837726916
0.0240425002189768
-0.00518985917447778
0.00347795621931191
0.00338336359135161
0.000328982657421983
0.00698845696756867
-0.0111855157286369
0.00619271731324655
0.00533399798675527
-0.0158354580714153
0.0119432860578916
-0.0180313413977323
0.00534178291197374
0.0190950855731447
0.00114052138492871
0.0172512248128507
-0.00127992958515433
0.0211453747880717
0.0047847518202957
0.00218578444094697
0.000311520473924132
0.00895506165636295
-0.0205294655884367
-0.00551575902558477
0.0219475241418867
0.0075981627414532
-0.00400126940590273
0.00718474185437668
0.000767093685936082
0.010270537209546
-0.0146422352574499
0.0123960574223876
0.00524745588077202
0.00854898668363524
-0.00382563204299202
0.000752944260099087
-0.0201654862377194
0.0198126399952954
-0.0125752858604981
-0.00655838455889646
0.00330078288782421
-0.00344297636058855
0.00245686756238017
0.000689262427626236
-0.00313794571749737
0.0112092667946257
-0.0381900139144323
-0.0161035759393748
0.0068196325964347
0.00988130544077293
-0.0116783947365644
0.000319369261477132
0.00957775553054696
0.0158115821932419
-0.00147872980470343
0.0277474506372382
-0.00128923857660235
0.0012150049173818
0.001592658251377
0.00916254746573597
0.00382678010574677
-0.000896957698437562
-0.00531203784791145
0.0218879583728009
-0.0143529882647361
0.00769171808851565
0.00689190000160211
0.0365055360456885
0.0215152947310191
-0.0163353676050649
-0.00961063563036668
-0.0175525658602597
0.0131454569954905
-0.00523294623655912
-0.00194569425824909
0.00967506137184126
-0.0045766520187831
-0.0135775793156087
0.117398552434616
0.00351957260403446
0.00928747801982532
0.00649942110036372
-0.00735252842267031
0.0472756101789131
0.0132225948380347
0.00606980273141122
0.0242534177978884
-0.0100724860676801
-0.0201713676088465
-0.0162142347265953
0.000246870370370411
-0.00462848699333129
-0.00762598458293695
-0.0351743413116875
-0.0258368916716846
0.0406806429050699
0.00415182044138751
-0.0137396088278273
0.00580454035850608
0.000769541534521467
-0.0114052279115999
-0.00570347423633644
-0.00312894196912994
-0.010723861080671
-0.00145406841283946
0.0217779429903648
-0.0559730496503431
0.0012351976308318
-0.000205613442314512
-0.00315343124540457
-0.0103844987171584
0.00111191109570186
-0.00485906573454209
0.00369697263046187
0.0254361249943438
-0.00508302260081961
-0.00647136907756052
-0.00116567016116553
-0.00686436057146156
-0.0091926117248291
-0.00118599925276608
0.00656517702162485
0.0171385032312832
0.0129613824397674
0.00444466952506328
-0.0262151468809311
-0.0174194293094386
-0.0487702799986548
-0.0144383572744013
0.028103820888906
0.00545256258554927
-0.00310924071346563
0.0211793581337261
-0.0127139220754134
0.00244601438848924
0.0163628467450221
-0.0158169049504625
0.0119816181668237
-0.0092166109347761
-0.0163863542039356
0.0157135740579439
-0.00200543625574523
0.00968857498747155
0.0135048260216815
0.00112212640780207
-0.0079159719789843
0.00331874746923999
-0.00661553963306483
0.0110521648339568
-0.0118422179041725
-0.0251028783122145
-0.0325865298977751
-0.00375939849624063
0.0190188981132076
0.00303650561290159
0.02325931597737
0.00800981371035037
-0.0213329154365679
-0.000585194908226283
-0.021957109640741
0.0204295135662085
0.00916691105040401
0.00901100930883647
-0.00900252031677984
0.0108284152255052
0.01186288768029
0.00824207019176959
0.00218472877454801
-0.0393784243326841
-0.0521191417017852
0.0235538488086398
0.00445157711755728
0.0288439559511771
-0.00671678464834058
-0.00367511936034282
-0.0111398743384756
-0.00216348116341669
-0.0134579663551402
-0.0152330052724442
0.0189317528254309
0.00309670708897469
0.000978872087626925
0.00985405431241082
-0.0181750614525139
-0.00318639713506419
0.00137002817086573
0.0145929763460451
0.00202254842974958
0.0103170159358932
-0.0540920308871691
0.0339513098028428
0.00756601358199305
0.00818500425298496
-0.000968196073595773
0.00872286555122392
-0.00236516624467487
0.0341532088947463
0.0010746400479873
-0.017747315809814
0.0230948427471529
-0.0187994027743061
-0.00355606375566042
-0.00131105605292681
0.0153879891842179
0.00610504937456158
0.00435465442097849
-0.000355412604230443
0.00391071532928544
0.012819590440972
0.00678322377622376
0.00347294572846457
0.00816773718995134
0.00830763508304733
-0.00272364154484805
0.00416495951690088
0.00883924619654075
-0.0102445848299717
-0.00354105535412785
0.00150345791698947
-0.0164449263095546
-0.00770084645276004
-0.0116059848395861
-0.018603594065346
-0.0289030478267606
0.0322868413059256
-0.0274662564356305
0.0255804090485143
-0.0179498629040523
0.0270865602902901
-0.00493140372972267
0.00646418893813672
-0.0159138722645448
-0.0148657584423099
-0.00316531454551439
-0.0293900166798112
-0.0122489346888475
0.0290380030957713
-0.00276953580376338
-0.00998275193223008
0.00454894637826908
0.0171321056603773
-0.0127624912736516
-0.060804237636883
0.025768198029515
0.0102980735846974
-0.0115830115830116
0.0179687734375
0.0297773592530155
0.0124460656366259
-0.00147230026622169
-0.0126059128318133
0.018067783812636
0.0108535860160341
-0.00435280772933289
0.0224424503627787
0.00662765787917885
-0.0116106123893804
-0.00773584981207764
0.0142207537300278
-0.00049827046263351
-0.0106102049011709
0.0110119402474171
-0.00391544811051869
0.00121496571204949
0.014562131902695
0.0175191016140468
0.00449459979583056
-0.0129414534882233
-0.0100425553388838
-0.0292356047038169
0.0125543974044762
-0.00989038206758686
0.00579082906076711
-0.00777259462625257
0.00058027129108118
-0.00246463216668269
0.00334282389838791
-0.00441804859182782
-0.00160048005817426
-0.000582927696629043
0.0296733149701571
-0.0406428603170109
-0.00214043832974986
-0.0247041129742036
-0.0109964886167415
0.0125757146667982
0.0282468452499771
0.0089851304241062
-0.0145985401459854
0.0122221777777778
0.00343945130359824
0.0200554266356268
0.0100093590480217
-0.00658319511338012
0.0105458959824967
-0.0110704197046049
0.00306590374331539
-0.010022668966155
0.00481078466831941
-0.0100043517221043
-0.00187667109236833
-0.00390507668430062
-0.0177145485075305
-0.00273473755946629
-0.0302378063563673
0.00405043160639984
0.0127112036569035
-0.0190906271531613
-0.0187724855862572
0.0023426753450364
0.0128544249543905
0.00330749185860668
-0.00735975149709056
-0.00324372886140645
0.0172013097350272
-0.0390767598954659
-0.0106223066092381
0.0359747221532687
-0.00332566117573885
-0.000387894792732713
-0.00551161280405765
-0.00304425881629655
0.0144848573873719
0.0010032414368859
-0.000539645347871431
-0.00594001365656049
0.0179264083662392
-0.0146374783050618
-0.00905220889748548
-0.0123360553976257
0.00687749407114624
-0.00635946440230517
0.0168299939448482
0.00629417971413204
-0.0128185637065638
-0.000391074793212542
0.00086079504765002
0.0144644094688913
-0.0157225510597303
-0.0440059748179936
0.0255549439120302
0.0289114529902681
-0.00652025139299472
0.00218771782463811
-0.0118500347127143
0.0122288205128205
-0.0101325250943292
0.0204724881889764
-0.00949082517789401
0.004907727853382
0.00922482170542627
-0.00138264841565938
0.0127682721624593
0.0110883802094386
-0.0212574317863204
0.0215656019593493
0.0541657722622959
0.0404788534538769
-0.0396574863013699
-0.00142651729558785
-0.0134275413694572
-0.0154926512889072
-0.0516949609642268
-0.016826968689603
-0.0209796039042542
0.00378636116457809
0.0295345189331384
0.00171500624972709
-0.000856038910505896
-0.00950230554951548
0.00338130067439324
-0.00768021171912558
0.0528352143539281
-0.00510084022355173
-0.00603184023102465
0.00356520513441239
0.00241868475241058
0.00286536732262732
0.00263162406015049
-0.00262471679228882
-0.0122556766917294
-0.0149196245307005
-0.0136002004914549
0.00658051693567541
-0.002101361891923
0.000311917015193286
-0.00483390007928819
0.00423060172540413
-0.00468084750168463
-0.00658413534121116
0.00733785714593438
0.00610949332042754
0.00435965755608403
-0.0113944194788939
-0.0101144816519172
0.0189306851485147
0.0260417135108966
-0.000757678583313992
-0.00242620367295621
0.0075244428618142
-0.00422448708848056
-0.00757575757575757
-0.00503819847328235
0.0104342568799831
-0.00151858014089401
-0.00532317110266156
-0.00366969410543516
-0.0177256896556183
0.000781235871464725
-0.00796194670235006
-0.00149495637721164
0.00260048065247465
0.00392989065637295
-0.0213732320980216
-0.024320008
-0.00655948677074025
-0.00214593918303274
-0.0186931593268295
0.0422286163370584
-0.000808726230348111
0.000647462550041444
0.00444878276588501
-0.000966355290707099
0.00193458813371916
-0.00402252604933562
-0.00597742311847937
-0.0117015685308235
-0.0229403135272083
-0.0235630981475536
0.0156855900688235
-0.00458209596236059
0.0369960282498685
0.0378133820334832
0.0199604277227723
0.0545934517482813
-0.00758467582655353
-0.00816209814759672
0.0183286978129527
0.012342110356381
0.000653091422646579
0.0153020597237079
-0.0092857357142857
-0.0116798488467161
0.0193317330123761
-0.00143131042528621
-0.00616355626864162
-0.0137015506411127
0.0111866561033369
-0.0257411274242706
-0.00178124529533752
-0.00788102602230489
0.0094424084316187
0.0189309803770821
-0.00306009471766844
0.00219252353734523
-0.0169911902212795
-0.0179525070188611
0.016543298967242
-0.00988334644286681
0.00562894004694758
0.0206731091621351
0.0097250734763481
-0.00709678491119659
-0.000291692799272991
-0.000729597978352814
0.0119734247501393
0.00562728514806077
-0.0171461296875394
-0.0109489051094891
-0.015571963099631
0.01746759140466
0.0221043322862928
0.0215542530164774
0.000705602957171703
0.00380796846213904
-0.0148929393090437
0.0171860733704934
0.0142316251698795
0.0113361444851892
-0.010525555471609
-0.0193410438808858
0.0154258152044389
0.00423140942754152
0.00373001302120568
0.00839585036674495
0.013922118432554
-0.0119136024540942
6.80858296713271e-05
-0.00756079977604807
0.00356900487787937
0.00971138004574357
0.00440256031158626
0.00681104624504236
-0.0152043131573145
0.00591712579689263
-0.00040566600699099
0.00202924112633207
-0.0174834347069219
0.00206116794102718
0.00569068883000234
-0.000613560160177995
-0.00859536144608397
-0.0121792057774829
0.0237531558059787
0.00353816422713371
0.000135534607921484
-0.00318623832913822
0.0182263882452713
-0.00547693691239026
0.0221625462254889
-0.00407355461380188
0.0027048620833241
0.00638201176452347
-0.007322247311351
0.00263441129173891
-0.000262795577286035
-0.00183967809145225
0.00974194325621314
0.000912640192150427
0.00299600769162467
-0.0143506948051948
0.000658844486539856
-0.00500358157221381
-0.0100575924681535
0.00507983420172553
-0.00791382615926794
-0.0225230336349459
0.00150861328651564
0.0154752814867636
-0.00721515157353037
0.002513142770173
-0.00752033167261534
0.0197965315108017
0.007697931639989
-0.00418486136106055
0.00867188956915776
0.00548896211611183
0.00157857150124974
-0.00466241137813506
-0.00646573170640541
-0.00119524539996685
0.00505281550288372
-0.00893028390461437
0.0142169930615474
0.0225732679678829
-0.00193076966370287
0.00567452275374603
0.00782242847680825
-0.0015905332175451
-0.00458794387380113
0.00102418534556503
0.00735440964873102
0.00545963038446851
-0.0085238411250208
-0.00191048208565547
0.0224590320285596
0.00936037441497661
0.00556410510046357
0.00153704278648781
0.00564771659844276
-0.0109266751526875
0.000432061966500363
-0.00468852542793852
-0.0181603574602792
0.0106685307576915
-0.00387264195355497
-0.000815086551670063
0.00734231538089802
0.00834785052709086
-0.0012974607605496
-0.00204136722702253
0.00111575125334573
-0.00167185139318882
0.0168703161166115
0.00311076553420131
0.00182407872571733
0.00449141188672653
0.0180060181268882
-0.011692788739145
0.00138135851844812
0.000359829664152933
-0.00149880093227572
0.00936654441249107
-0.00493725533913958
0.0107604197199929
0.00697890339509222
-0.00399385069875047
0.00353809997006604
0.00293806569847499
-0.00626899486690269
-0.00795947168233324
-0.00719120430260323
0.00646514205689663
-0.00850537059104961
0.00413918423765769
0.000657153955774925
0.00991047164179104
-0.00721211853364578
0.00994402155598406
-0.000235799774566448
0.0093766405281801
0.00525820272824973
0.00575383593808954
0.00433400743714518
0.00224395278059908
-0.0119983694586557
0.0128413243634635
0.00103268316255734
-0.00149010827296381
0.00172187916482525
-0.0041253710200273
-0.00138076636995299
-0.0086420460880664
0.0110419824647301
-0.00235674540232944
-0.0034569659305943
0.0102913848748862
0.00749684080643132
-0.0198807153669858
0.0198782552324848
-0.00198881127375405
0.0139497633106598
-0.015274039585871
-0.00558848080754748
0.0112971725169981
0.0159342098349573
0.00390710529343385
-0.0101745912922574
-0.0056170308690503
0.0053663051763333
0.0103383022887584
-0.00239132456490232
0.00211831764378356
-0.00261445730401166
0.00669267696554354
-0.00227149030470908
-0.00233215619595006
0.0133021652284986
0.00609689120176737
0.0116831360122633
-0.0173222817691682
0.0158154305607217
-0.00227050496854797
0.00953624305956047
-0.00413269628097424
0.0111559793399734
-0.0127385090272494
0.00442696656971253
-0.00403117435047828
-0.0204533617843492
0.0017079610409334
0.00170497188463981
0.00334925593396873
-0.00711394858504033
0.0121252037905071
0.00430186236278507
0.0139348647050048
-0.000320844919786123
0.0110730340101313
0.0157664148925034
-0.00645869559720047
-0.000367009174311983
0.00141600592569779
-0.0097407752250448
-0.00539419864390922
-0.00595528238588305
5.35437291286911e-05
-0.00433254690667617
