0.00982410062075578
0.0127098854542602
0.0136349083725611
-0.00152855400576457
-0.00413345070422522
0.00461175997178653
0.011629732567092
-0.0048404174127904
0.000911947090561638
0.00850426753239986
0.00707714157041761
0.00792474616887318
0.00949412493730173
0.00146949295505538
-0.000586955228556008
-0.000880898533535346
0.00734753825065959
-0.00116706048867721
0.00335907691895598
-0.00596791874677949
-0.0106897494407712
0.0053285969605863
0.000736204379746752
0.00470795932458512
-0.00336803333770652
0.00411398777884187
-0.00570674601736887
0.00559242114462477
0.00526854953114175
0.013102256133287
-0.00273019127634377
0.00662822747469072
-0.0114515171564341
0.00564724893273238
-0.00115182150403836
0.00100906727652883
-0.0015841013368636
-0.0066349197566733
0.00595318690489965
-0.0102482536121286
-0.00904189878955808
-0.00647527622407396
0.0170345425260097
0.0119428918180662
0.00719631517574926
0.00400112872244374
0.0105322798026679
-0.00746477464788742
0.00581802177071067
-0.00564325644652619
-0.00624293389998853
-0.0121359078792702
-0.0021679577347028
-0.00738705087793956
-0.0105063623304592
0.00796342745799827
0.013606452482998
-0.00981525707008168
-0.0049562100570324
0.00688545247918393
-0.00407399953118004
-0.0018991527494151
0.0124414227166278
-0.00303598389579263
-0.00884572228604585
0.0141916902470136
-0.0314483698788227
-0.0126600835963671
-0.00950365048267243
-0.00822419992542189
0.0600429333518306
-0.0218745765880715
0.021771342791973
0.00289902892880223
0.00014445728734036
0.00852606973378922
-0.00702103443156565
-0.00331894646526942
0.00535691327638643
0.000432013236405071
0.00546994378192101
0.00329282758175586
0.0015696346584011
0.00498645091932026
-0.00467822505417892
0.000427275322992138
0.00626426555422177
0.00466895868704009
0
0.00140823823663605
-0.00407820272706794
0.00268288619034185
-0.00464726081827171
0
0.0110356395019806
-0.0309263788262857
0.00490968953068593
-0.0171000728323076
-0.00745618399250925
0.00942701442667571
-0.00102145047455793
0.00817993000554984
-0.00883791693007463
-0.00116944884259917
-0.000585409027208716
0.0185971149714874
0.00876940795771741
-0.0122559501854341
-0.00605971738738165
-0.00217739878323997
0.000145504804931695
0.00785455999999995
0.000721532678286341
-0.00360542276350861
0.00347381696186511
0.00894266525479126
-0.00343099371398115
0.00272562046658487
0.000858326155698697
-0.00500283026018911
-0.00430976864947907
0.00461692409802139
0.00359040658870047
0.00286212090135018
-0.0114155675965876
-0.0118360278844694
0.00803393234054828
0.00391243286734011
-0.000866021952454221
-0.000722377915018946
-0.00274678336697376
-0.00304444753358435
-0.00378064579528781
-0.0179536266835899
0.00594531816208854
0.00265958924349863
-0.0070734452243818
0.00608495129496678
0.00132757041853404
0.00471420174046266
-0.00542514686620887
0.000737063224618639
-0.00412491179102448
0.0152366720484223
0
-0.000291359476527586
0.00772479219173894
-0.00361585194700398
-0.00101609814219927
-0.00464981110142393
-0.0197079999999999
0.00580787771234914
-0.00310925372950488
-0.00802021363373773
0.0016469680843394
-0.00254109110490019
-0.00239776701343775
-0.00976418807270518
-0.00667468163454754
-0.00213816422702362
0.0105601934839421
0.0157504318605244
-0.00775304905322782
-0.00390686684116304
-0.0143310451903599
0.00979502661738763
0.00651714126172442
0.0114439685924428
-0.00401959219948178
0.00508215231443487
-0.00342052359965861
-0.0077600952765231
-0.00045118064223737
0.000601880839631086
-0.0165413233082706
0.000152935775139529
0.0114661359751638
0
-0.00302304999860648
0.0204669348160542
-0.0127767200349641
-0.00421367964847297
0.00710293205691181
0.0120048471189202
-0.00252083325857555
-0.00535146448720669
0.0106112532888205
-0.0017746671794735
0.00444448888888904
-0.0126843799697176
0.000896295162942984
0.000597029850746278
-0.000596673618784793
0.00447765671641798
0.0161960765440086
0.0078959059496404
-0.0132018424488612
0
0.0058806383069967
0.000438453681334439
0.00920387184239035
-0.00622466687247625
-0.00233072098089671
0.0036501680143135
-0.00698277587962692
-0.00380899490744224
-0.00499994117647062
0.00192132711076987
-0.00191764269187722
0.000443363852003387
-0.0140346280385693
-0.0112376389343014
-0.0153052739901584
-0.046629760851196
-0.0255044709361667
0.0308100220442276
0.0138197011087902
0.00412106514503074
-0.00852402552562037
-0.024518404322267
0.0148522931287742
0.011900900611129
-0.0232040535029896
0.0320533848365341
-0.016396042881917
-0.00737296052849756
-0.000161504924915179
0.00306852400092117
0.00515213322891439
0.0102514816594586
0.00317107975265585
-0.00916707760391977
0.00654010219397194
-0.0148969576829464
-0.000965283140283102
0.00241549122111073
0.014297172690763
-0.0155210487095511
0.0146396396396398
0.00618358966228016
0.00409710060033253
0.00878841794117369
0.0166459087841615
-0.00856919689576729
0.00864326271580085
0.00841628181840193
0.00667669175488039
-0.00135658735945654
-0.00422640000000007
-0.00333486428172092
0.0124714828897337
0.00826202493615757
0.00193678477636539
-0.00282530855018592
-0.00342970484430971
0.0270835993690379
0.00437067314059836
-0.00319119514966082
0.00334685676154156
-0.00174031914751216
0.00581143379888327
-0.0416005326476729
0.017181613178044
0.00755670492092775
-0.00764701470588236
0.00177823050778469
-0.0263313321399803
-0.000759693102400316
0.00927474574766962
0.0010545345460018
-0.0177577133675415
-0.0108778770129254
0.0156443932975339
-0.00381271923135584
0.0113288120024495
0.00484406614726218
-0.00421812311922831
0.0119516039924843
-0.00104647931000879
-0.00583657587548614
0.0019569170555469
-0.013221124195346
0.00228383069427496
-0.00227862669668444
-0.00152250304506718
0.0115888072098564
0
-0.00241175775771818
-0.0015110003022063
0.000756582906883185
-0.0139119619194903
0.00981443045260599
0.0138193474204813
0.0235170753889431
-0.0146348598087265
-0.0261399368442021
0.00625290529205436
0.00909364917731215
0.00871135449950877
-0.00253135780039559
-0.00149274523041476
0.0113619825289577
-0.00177388021363245
-0.0134754333403737
-0.0286701277993038
0.00448154851617288
-0.0132307846153845
-0.0176177271221972
-0.00730041286463778
0.00415670670114632
0.00907498791474315
-0.00741560417457243
0.00985533301541874
-0.00283332288420146
0.0148382482979716
-0.0286203137561003
0.0192153880029562
0.0150824661403781
-0.0105247018956089
0.00625687470671044
-0.000466329847152669
0.0111974178290475
0.0386035391542696
-0.019694980300533
-0.0126887619043246
0.0102508872360636
-0.000605800402935119
0.0030308229438043
-0.00181299284444825
-0.00287578326017845
-0.00106252281705488
-0.0208174447900756
0.0195529944272812
0.0016742923138946
0.0189940744261989
0.00238596786119794
0.00357033615634728
0.0022235695556414
-0.00606425076077133
-0.0130951940369879
0.016586218335344
-0.0169089147703624
-0.00965600497368746
0.0257465421350782
-0.00371305499144348
0.0079009985718248
0.00813493554008393
-0.00865616146384041
-0.000591993488234244
0.00666376435160299
0.00367755205894893
0.00205188324555694
-0.00190149179896915
0.00512892746567783
0.00131220302156021
0.017181144437973
0.00887492114407507
-0.0007094636474404
-0.0123527190117849
0.00345033074900325
0.00157594549100515
0
0.00858243406766213
0.00297828668335587
-0.000989804850257237
0.00778478392682835
-0.000561699461869347
-0.000281127021859007
0.00379540348320773
-0.0107828729431243
0.00608721696046444
-0.0018291543548612
0.00408797563890673
-0.00561562520220593
-0.000423535213227688
0.00635588956119104
0.000982456140350862
0.0047673022994954
-0.0188390444410247
-0.0189161575569949
0.00115968391593135
0.00521285853498021
-0.00662631825486382
0.00507539160492154
0.0266917624207694
-0.00337276540906317
0.0204456435545866
-0.0071853665668633
0.000417522628184397
-0.00570389561925
0.0048971455869995
-0.000835394040657134
0.00613147976222184
-0.00304700843685635
0.00930812686962512
-0.0134893871028385
0.00488347997442373
-0.0162454741562958
-0.0101623291506655
0.00427781281667539
-0.00582142552889398
0.000856969474020142
0.0112728449979211
-0.00282213900851658
-0.00254704973955155
0.00141861260940868
-0.00254982306557994
0.0112198971043944
0.00308990181558588
0.00252030250686919
0.003351927467931
-0.00347995565033166
0.0057271130452361
0.00472216666666658
-0.00304109776284756
-0.00623966973489987
0.00586016480703666
-0.00513240422429773
0.00390405739118727
-0.00777774999999992
0.00279951000001377
0.00223344503396761
0.00626736742615441
0.00581312110726651
-0.0287600943652154
-0.00835936502240386
0.016288027326419
0.010262955585391
0.0186473139626036
-0.00341530068641938
0.00452367393517528
0
0.00163759554636456
0.0115803539078922
0.00323229629629629
-0.00724930882666963
0.00703183260440166
0.00322274737179074
0.000133877662078508
-0.00294433882569134
0.000805342281879007
-0.00590122065185672
-0.00337290866002793
0.0100175710024
-0.00509312417781638
-0.00336791041218198
-0.0094620704462528
-0.000409375005586465
0.016109215017065
0.00913611446997176
-0.00319528686998682
-0.010551635746562
0.00944920330860688
-0.00267447181966407
-0.00201128983611432
0.00470239150880025
0.000802313463523774
0.000668132050675174
0.00106826012909944
-0.00346808051930003
-0.00522017139901187
0.00349841227125935
0.000134003750764222
-0.00134063554581765
0.000134273060391266
0.000536926174496744
-0.00241481080742145
0.00363093055902475
-0.00214385644421244
0.00456555653866575
-0.00414380441501938
-0.00214770469798664
-0.000941606184643784
0.00834794701822861
0.00507408205466797
-0.020061047697398
-0.0104393164197583
-0.029182039435047
0.0270956530186897
-0.0129156775613587
0.000139226065658526
0.00347947121724346
-0.00194173375705231
0.0031962618565351
0.00401719063534567
0.00717435124830224
0.00726026027397264
-0.00380795598814032
-0.00191124914675778
0.00478727937645629
0.00190578548741893
-0.00421191587532377
0.0115977348669978
-0.00701370389821565
-0.0111382771880625
0.0023351372664091
0.0042482937611581
-0.00313859174588693
-0.00602329886283515
-0.00564666016186943
0.00318563725148091
-0.00372768189976536
0.00207863070517567
-0.00318069432113666
-0.0020810487768852
-0.00319759488391502
-0.0108786475960381
0
0.00155105757335194
0.00394198231651366
-0.000701107858676275
-0.00968287932408429
0.0085021680600823
0.00266970641196296
-0.00518501954617401
0.00267646154885104
-0.00856982298398445
-0.0141703273345615
0.0139428058071009
0.0148851004410957
-0.0170413894142416
-0.0450476888568557
0.00327382455091496
-0.0124591519566645
0.000150105132168843
0.00225262064890352
-0.0112376389343014
-0.00196995005212763
0.00546614021460456
0.00166114464419898
-0.00512594587287951
0.00818307344091762
-0.0015030663084783
0.00150532891765764
-0.0195399972875395
-0.0022995706438953
-0.00553166854543119
-0.00139066746924177
0.00618910751303292
0.013839781852065
-0.0034885939632946
0.00898027438266102
0.00693919132690901
0.00209736329588028
-0.0146508448893833
0.00485508997996709
0
-0.00256688800089599
0.00499547396292699
-0.00512119302788361
0.00484481431439132
-0.00150679517070373
-0.00392326862486514
-0.00605970289169211
0.00426761157952127
-0.00682951899877848
0.00152810203153719
0.010985672703911
0.00890425569259712
0.00762906529929874
-0.0139549136883177
-0.0155073627072377
-0.00122344397038465
0.00826825932531805
0.000455565693411319
0.0185185345409169
0.0113264235864805
-0.012083701560806
0.0135739258118446
-0.00588659334304298
0.0105107175198793
0.00249044821299615
-0.00277658921525659
-0.0521687881643841
-0.00231912492269637
0.000774879912829318
0.0021678382729069
0.014833111637313
0.00441536236297191
-0.00727607992608637
0.0163383727695334
0.000450691119311619
0.000150202742165595
0.0168168623668727
-0.000147696394747543
0.000443051254512605
0.0128432687582896
0.00568428792181486
0.0431884492753623
0.0166712552095893
0.00423610276031683
0.0129269836148316
-0.0146427185748867
-0.00954323134405533
0.00454233986118813
0.00657708934322732
0.00381158458768849
-0.00203420130279908
0.00271782865703663
-0.000948638013977043
-0.0075962695659757
0.00287040716946918
0.0121302843615803
-0.00484783181126225
-0.00338294984078624
0.00393754232348842
-0.000540979157669041
0.000811867366390606
-0.00216327747651801
-0.00135509479586349
-0.000271329726105551
0.00325730184581974
-0.00338203472353993
-0.00325774408192603
0.0046302192564347
-0.00284667220469059
-0.00448606591859879
-0.000546237858272236
0.00245936596640606
0.00340738707615973
-0.00217337671121798
-0.00449226796205093
0.00437576935768225
0.00381219893038254
-0.000406971365510489
0.00407059718062142
-0.00459454054054054
0.00556605997469117
0.00405026326447966
-0.0131774097145054
-0.00286141167545184
-0.00218643071877567
0.00876481821822028
0.00760245682310834
-0.00970090259093359
-0.00272104761904757
-0.0171896582323469
-0.00333145470111806
-0.0144846929881048
0.00452232887161297
0.0122396591941571
-0.00194578187404237
0.000417741273297523
-0.00473268400516058
0.00419584615384627
-0.00250696368355319
-0.0051661963767301
0.0056140631578947
-0.000976971361424495
0.0574182716563771
-0.023252767254518
0.0120384147166237
-0.00721733493718246
-0.00592357304689795
0.0102925520201815
0.0103217831185465
0.00106135062778234
0.00848242578458946
0.00354849538959101
0.00432164740280716
0.00547658089772884
0.00155624430610501
-0.00297815604124729
0.00207797402597398
-0.0177553515938127
-0.000263939830268622
-0.00290344475003745
0.00185306412231379
0.00251017300805456
0.00619400393492375
-0.000523903091654399
0.00773167363993399
-0.00715219747328488
-0.00877535059005496
-0.00198204281183934
0.00516349801619898
-0.000395139631062746
-0.00685197004680427
-0.00371509869782016
-0.0129177394016642
0.000134835396593314
-0.00256299754065814
-0.0024344062095103
-0.00420288763007359
-0.00149763110269419
-0.00354505064330801
-0.00930487111918787
-0.00165749995421272
-0.000691698958103282
0.00359954297662157
0.00137947306882258
-0.000964306431426087
-0.000413665212920522
-0.00551803022535602
0.0163684431332192
-0.0193803611046962
0.00278364656321917
0.0131852458076926
-0.000684972602739808
-0.00562023326745298
-0.00468712428057461
-0.00692520804398367
-0.00111567647624866
-0.000279321406898014
-0.00167590786804217
0.00363731098332498
-0.000557582953933267
-0.00181306841616746
-0.000279404778538384
-0.00405312351978526
0.00266622220976065
0.00489861462135543
0.00181054309983808
-0.0087584735159183
-0.00392715270993749
0.00830757568181806
0.000418907967896898
-0.00586261873063409
-0.00617806787169228
0.00522750784441239
-0.0035137033446605
0.00564176288739748
-0.00490891984955466
0.00972518716244641
-0.00474589621365018
-0.00266482457230766
0.00534379123409101
0.00097915795157788
0.00363334275107152
0.00278469785575064
-0.000971952275977017
-0.00416949287711565
0.00683875765976949
0.00194067094456152
0.00152185945658356
0.00580189260673958
-0.00357086948416052
-0.016264644399808
-0.00252208200131354
0.0254248904221128
0.00534245205479467
-0.00422396790058566
0.000957854379916467
-0.0041012165659271
0.0013726699072798
-0.00699102153492881
0.00607392307912957
0.00452801884720166
-0.00669304748931909
-0.00495049498142885
0.00746270028382123
0.0251028936871633
0.00575406105630694
0.0110430276187852
