0.00176850104343607
0.0148494284055214
0.0109485313327986
0.00253036429563669
-0.00625949501485623
0.0105658945443461
-0.0110585904186329
-0.00579444935058093
-0.0007157463993126
0.00890202571670851
0.00912780951577719
0.0033166030150753
0.0110187115893277
-0.0019815416625385
-0.00367320548972883
0.00428457548540684
0.0087309950517811
-0.00314743785083982
0.00167734586437795
0.00384167663046719
-0.0175645268348729
0.00898915274702894
-0.00247475754726068
0.000297767201481669
-0.00555560499338481
-0.00528730058434357
-0.00371079133197061
0.00442926331505
0.00120267589900447
0.0172172268825379
-0.00314898632703242
-0.00760122386176043
-0.0134288174020573
0.00433556160516213
-0.00752936444604591
0.00606916845974936
-0.00341841949948141
0.00373279851494757
0.014373304138573
-0.0143677866501742
0.0015080124509097
0.00501907232426002
0.0187774365128615
0.0178431372549019
0.0056829512617993
-0.00124513930676606
0.0172612487270929
-0.00584467372087716
0.00180165941401156
-0.00179841927499447
0.00113790063661945
-0.0129759705820047
-0.00326260438789561
0.000192509862544377
0.00423527773833166
0.0171571069269221
0.0112136728831416
-0.00642992277383136
-0.00243858556259846
0.00394883411104896
0.00159203972271982
0.00411409081198943
0.0157370613254217
-0.00440047663365462
0.00202580114227979
0.0118544477118177
-0.0155299153979664
-0.00230627302017949
-0.00138698101919588
-0.00833335185185191
0.0144724932674603
-0.0178555265926272
0.010495764319143
-0.0012983399555162
0.017828943860545
-0.0142322597004628
-0.0103655989718019
-0.000187000841672225
0.0111308011923748
-0.00148007403293382
0.00296460991357028
0.00683537766792197
-0.00128439449541284
0.00835932382547022
-0.00446386092185103
-0.0031112463681483
0.00725170722871837
-0.00328078000690479
-0.00347449016710732
0.00100926692374093
-0.00421630621844737
0.0117820233043264
0.00836970539246185
-0.00820999668747724
0.0020922769034839
-0.0133442442503905
0.00644030717747146
-0.014260874067656
-0.00370956127776001
0.0165689192962859
-0.00402895342943821
0.00579208437414969
-0.00338211145553724
0.00742912049370914
-0.00227603795615583
0.0209873445017736
0.00035750290783354
-0.00705799160189402
-0.00989740876279832
-0.00363505994515578
0.00346587015200539
0.00672609543881375
-0.0033405831827269
-0.00416703509527161
0.00245608114254514
0.0106171146266003
-0.00664457196791124
-0.00117506104605614
0.00352940271493218
-0.00198395709246957
0.000722887877887102
0.00216702483069975
-0.0045949635930258
-0.0010861875157625
-0.00996737033374984
-0.00723046847463904
0.0046095694237156
-0.000734165359877248
0.00192854258360309
0.00128322642132406
-0.00860486101436941
0.000184644500886844
-0.0111705963810931
-0.00942958631846147
0.000848294078195977
0.00301346637134436
-0.00732324650599481
0.00709353994816397
0.00582264258576326
0.00457514480999333
-0.00594849915228179
0.00504909785083951
-0.00279092013751825
0.0119414028931542
0.00672993448206949
0.00293040301090852
0.00794377304447891
-9.06060339759263e-05
-0.00543574937767033
9.1109492540653e-05
-0.00728666538585787
0.00532160758457856
-0.00584101487633459
-0.011658826769485
0.00232212512271501
-0.00945236736345589
0.00233885304835679
-0.00457342733408095
-0.00637600550631034
-0.00594512592294871
0.00180371185888406
0.0102340757152855
-0.007879223263491
-0.00765810743097595
-0.00695499244431208
0.0100738364173318
0.00588908630213791
0.00897068916013799
-0.000935872736282151
0.00234192037470726
-0.00271028971962617
-0.00721579052774601
0.00264299598559559
0.00847299935536627
-0.0240851561589295
-0.00497421078080917
0.0273024810796716
-0.0069249297499071
-0.00169620236441181
0.0205776945331755
-0.00665927654478515
-0.00549351945077248
0.00805168070502171
0.00928763832613799
-0.000460062583234833
0.0104952952358139
0.0119351127562843
-0.0056720806698477
0.00153928827346439
-0.00226019345212736
0.00543673427476676
-0.00315427183808825
-0.00226019345212736
0.00434935661154978
0.00595456535382777
0.00448430493273544
0.000267848214285715
-0.000803329472492398
0.0273360545410746
0.0160869391304348
0.0178862133998496
0.00378339492545154
-0.00988357492154768
-0.00981301082660524
0.00529683882195209
-0.00713857409940644
-0.00299579726104937
0.00978708766001657
-0.000935223577574584
-0.00442518927027169
-0.00718006679511185
-0.00370211788717834
-0.0151227098589465
-0.0386944192445871
-0.0188937571904665
0.0240022518188157
0.0123557735986193
0.00233332136767483
-0.00465577930601169
-0.0211387788277194
0.0147031611836062
0.00833180598318783
-0.0156277893166082
0.0183394437653184
-0.019801083954833
0.00018277879007722
0.00383840255599344
0.000637363460938234
0.0153761617550301
0.0177419716441214
0.00440218340549059
-0.0054348088107502
0.00890183332365435
-0.00594042101912795
0.00492131993214406
-0.00384778318929224
0.0204546915826638
-0.0174638595571897
0.00306452152232306
0.00846718764782106
-0.00129838138404204
0.0134338970384962
0.0124005558881382
-0.0002534127450603
0.00549220119124971
0.00991596638655468
0.00282906473622901
0.00190842188620355
-0.00165628985507238
-0.00248861876842921
-0.000582120582120482
0.0144782659344316
-0.00164039536811678
0.00295761581533349
-0.00016385976140465
0.0126167460694209
-0.00283169907494663
-0.0098174361054767
-0.00122912158940414
0.00607103130749875
0.000733947665349621
-0.00635592400296658
0.0308347952954764
-0.00851233114985672
-0.00345021271243395
0.000161062805822842
-0.0156174688808769
-0.00327119727895975
0.00328193312968339
0.00932285745275485
-0.0128828068851533
-0.00894692589761259
0.00935899468873602
-0.000738524639241955
0.0148628429533819
0.00590665930598466
-0.00378058236808232
0.0121921923648316
-0.00454690487757725
0.00416697648716258
0.00159607376260595
-0.00964065796126745
0.0188253897306825
-0.00228996369464596
-0.00237431740996141
0.0216580399446717
0.00427087283950045
0.00301553385887976
-0.0153407183522917
-0.00673295216316561
-0.00748801905522134
0.00436787649885439
0.0211117101200939
0.01533216675958
0.00167786003957682
-0.0326632642808974
0.00472254219466639
-0.000470082248804071
0.00462416348065409
-0.00249642703600395
0.00156418738022701
0.00741837431545167
-0.00627856779623936
-0.0106863887056098
-0.0122211068008971
0.0144476134614273
-0.000472082790843653
-0.0109422971813139
0.00429800226279853
0.0118877793628149
0.00563905075187954
-0.00225851256659704
-0.00616658335675146
-0.00361293590951928
0.00614849435481246
-0.0176277030525517
0.00398755884829383
0.0135038288466425
-0.0199858537498504
0.00407871077992072
-0.00724814001000063
0.011152118189603
0.0239625805281487
0.0213870200374966
-0.0206357790855894
0.0154930673326537
-0.0486688320594656
-0.00264615510100352
0.0213861076069972
0.0129092568253364
-0.00598375071406787
-0.00727074482774626
0.00441012747495373
0.00454754583230699
0.0101467612451904
-0.0118219674211398
0.00578626949555305
-0.00248780990096364
0.00420861981464604
0.0107877294161709
0.0092904787588115
-0.0276150405693809
-0.0109529181661711
-0.00751461014894184
0.00470229533193356
-0.0037283992341488
0.000159288164958582
-0.017116487404534
0.0162805930364538
-0.00199250815340313
0.00231593194125601
0.00748940311545843
-0.00403317526373681
0.00603457986287781
0.00552490147257068
0.00141287281926417
-0.00133248155929633
0.000313892149316652
-0.00886619871791761
0.00601648195060167
-0.00409194201932728
0.00782241636887515
0.00352800462105818
-0.000234367187500029
-0.0149253964606908
0.0104711964218818
0.00204115250528702
0.00336891259298744
0.0104630040349727
-0.00579553339632077
-0.00101045387811416
-0.00287866648158941
7.79806467547939e-05
-0.015838332150087
0.00325038848303771
-0.00110627417369558
0.000711937324201051
0.000474292490118433
-0.0139064082475727
-0.0294070986520729
0.01089738324686
0.0096365865978747
0.00105156517960592
0.00824173386810378
-8.01570770969651e-05
0.00368683185910457
0.0138145488984776
0.0194548993340808
-0.00139065911870984
-0.00239843713733079
0.0117884673214135
0.00935141755741298
0.00880925775869401
-0.00489305946681917
0.00521978205280615
-0.00677309577163254
0.000151568424051174
-0.0194697500000001
-0.00996673159056727
0.014359271221783
-0.00884746911363188
0.00170768451901449
0.00790394402392991
-0.00545864505104543
0.001391403823505
0.00123517067041989
-0.00894374731558389
0.0105026145442531
-0.000461906231903009
0.000693183382990181
-0.00454122543936608
0.000231957005614181
0.00579777361009759
0.0061486664656929
0.00656939862288919
-0.00447758201479609
0.0122732130348566
-0.00481963275651365
0.00726452549063317
-0.00555935688108078
-0.000377638451976914
0.00589479261439285
0.00563486075274855
0.00283892404158714
0.00484250182053203
0.0159400498242863
-0.00270010218711314
-0.0106102514090369
0.023518910105522
-0.00888788936258322
0.0151647779187876
-0.00739728499722481
-0.00499242431845037
0.00618085351422759
-0.0047697334960517
-0.0108198818114938
0.0061664733066622
-0.00248064354998756
-0.00102398331609133
-0.00336804065942264
0.00168976644467267
-0.00733406641727619
-0.00524571088678061
0.0040106506536739
-0.00517825888628354
-0.00438724730479623
-0.0213608187419584
-0.00152634512345529
0.00183447983131568
0.0021362553219364
-0.00799393187694264
0.00990017628779349
0.0176305803672185
-0.0126204387239058
-0.000453766446424475
0.00325357133009785
0.00950305481568914
-0.00485624931537176
0.00165165919635868
-0.00884419890337573
-0.0087719521789188
0.00320413483057469
-0.00212926996197726
-0.00320071632982222
0.00099380731665577
-0.00366605075736925
0.00245310086132089
0.00214115616299893
-0.00320486829748479
0.00635383884429896
-0.00608552378975613
0.00290822737155305
0
0.00709713102625087
0.000227316812705158
-0.0190151136363637
-0.019306563467968
-0.0322859994060319
0.00935797875626965
-0.00765885998340166
-0.00463075000831092
0.000163271306642399
0.00155053042638698
-0.00048891875281698
0.00627703605245022
0.00785808477222805
0.0173619156864586
-0.000316038555739806
-0.00663871814303896
0.00119336460826847
0.00143039578609017
-0.0107918824978229
0.00417131384016334
-0.00687010704585411
-0.0181789092664093
-0.00409634612643528
0.00962491789445408
-0.000651845498610415
-0.00578882990968066
-0.00861081665391483
0.0086028704491925
0.00483881735421954
-0.00612144970914419
0.00295639327313113
-0.0027019897494962
-0.00812811966843718
-0.00910519839591417
0.00284023058090588
-0.0115785003353978
0.00775322744806228
-0.00359591898986578
-0.00990349123116263
0.00898531822509696
0.0083172142175687
-0.00441592245665534
-0.0319692029788133
-0.00821299400385578
-0.0127266299448515
0.00891749057182611
0.0086637352410186
-0.00130141417141394
-0.0248458081413795
0.00712697550111363
0.000796072513151502
0.00919216023680547
-0.00175159397442648
-0.00403584828822989
0.0112755993113707
0.000435496504298749
0.0122769179325541
-0.00670909157562205
0.0150675264530431
0.00162090938729831
0.00238478826727584
-0.0180984277661922
-0.0171339220687767
0.00387387737499778
-0.00192943348349672
0.00412999989112484
0.0127768096467176
-0.00898644234892132
0.00523148478103597
0.00641857917929944
0.00948028966198655
-0.00947665011892729
0.0199965442164249
0.0059152021603921
-0.000672059806182346
0.00697715204251148
-0.00192005174121346
0.00794583486025147
0.00323624590098337
0.00851942086816515
-0.0132042975477734
0.00864362533244689
-0.0110415622030193
0.00833194488415123
0.00751944325366338
0.00631507422291477
-0.00146699270090445
-0.00995750922194361
-0.0158285733925332
-0.00552853088109906
0.00311653467725304
0.00369471000737964
0.014975328494732
-0.00337945928123962
-0.00545863847626704
0.0097297130977132
-0.00345905128412216
0.00512399173553724
-0.00123336619223735
0.00148185559000691
-0.00953558553989997
-0.00149389993350324
-0.00257666033707349
0.00608335833333329
-0.00405868456741443
0.0407518386685271
-0.0108678281194489
0.0124414365199663
0.013884439834025
0.0026759326723742
-0.00290426212081218
0.000787199880242451
0.00212384965288726
0.00800624791198978
0.0130821369425658
0.0277478926480601
0.0129384108101946
0.00354397513963423
-0.000662124789024721
0.00397550608885355
0.000513360728655821
0.00271178536042549
0.00255833641631931
0.00174970831876031
-0.003493420822129
-0.000876387684434432
0.000804100859559176
-0.00365203407634118
0.00476500242606859
0.00736910123112655
0.0012312449582188
-0.00434032102357063
0.0074106728233847
-0.00468779014314746
-0.00340556493752497
-0.00058154721587067
0.000363654862901353
-0.00247252572440293
0.00277032153926271
0.00189018534590657
-0.006385639741465
0.000219192299235615
-0.00730140149598557
-0.00492802269420289
-0.00340003713356685
-0.00215092335309763
0.00141224178597943
-0.00341417660251397
-0.00983098950380612
0.0020308687934758
0.0036781714181191
0.00613261504054829
0.000817661494221689
-0.0057932115700623
0.00896456739156903
0.00392416709498256
-0.000590021405414087
0.00103312674463596
-0.0100258095109093
0.00476580559506012
0.00904173321938884
-0.0189495931964565
0.0032192331920744
-0.00231341791044781
-0.00149597574244931
-0.0254701391313903
0.00853256233477007
0.00884149410460755
0.00400421574490606
-0.00737448271032048
0.00394199821266028
0.0054368423926443
-0.00398046581962297
-0.0034684890464669
0.00446425531282535
-0.0153671789077213
0.00397818814285578
-0.00373383384085457
0.0108612432743902
0.00310232284799272
-0.00671353966210475
0.00835363045622284
0.0176984938823506
-0.00103603933116125
-0.000444566247701061
0.00592902276367857
0.000294761667863019
0.00633424891112178
0.00204932291409921
0.00102256223730746
0.00364830345899381
-0.00756094494596271
0.00461507598765931
0.000364612807092213
0.00211381292931256
0.0118563067167969
0.00754800512150067
-0.00470893251401439
0.0118279139784945
-0.00729719478415281
-0.00556665021291203
0.000287132202874352
-0.00337208339173201
0.00280756596911491
-0.0169418589316184
-0.00540386292677286
-0.0218795599532943
0.000150157632861747
0.00405279180228191
0.00239203918666497
-0.00246086491599418
0.00456007312371765
-0.00654863050496246
-0.011385797752809
-0.00363688448664601
-0.00517104942965774
0.00825551859204521
-0.00325999256679266
0.000380337716738843
-0.00752741005086954
0.00275798669086003
0.0103140500444194
-0.00695703240483081
0.0118031367451876
0.00421463100077646
0.00554601692889234
-0.0104344788020344
0.00542291917080906
-0.00269683112230001
-0.00871331748241133
0.0209138060095946
-0.0017812737113122
0.00750981457692723
-0.0062731070110702
-0.00326763475384928
-0.00201180974530457
0.00276240103386005
0.00938134925740974
0.00538464234201896
0.00469551713802963
0.0016795384594781
0.00408251081260502
0.00798668432401617
0.00151257651065939
-0.0023014385508493
-0.0125432885485633
0.0036501680143135
0.000145504804931695
-0.000945490909091018
-0.00014551212584657
0.00859113904953168
-0.00397028083426176
0.00253664306527446
-0.0141690665196406
-0.0024931877426555
-0.0146291701435651
0.0073859001171388
0.00399917058430854
-0.0109906684595804
0.00492245666881774
0.0106871600605922
0.00462626694363255
0.00518972304933429
-0.0156341545772498
-0.0298440802926822
-0.0114216095115874
0.0049295154443576
0.00636163097753029
-0.0150038153464475
0.00541248735154265
0.0144582405172515
-0.018421711214564
0.00270316659571113
0.0112454053570761
-0.0177468666633261
0.0013957195272174
-0.010221457412277
0.0109529103426693
0.0102150749867276
0.00145551562883872
0.00428361521559295
