-0.0109945031338748
0.0144390106200101
0.00818745444246693
-0.00687160161329836
0.0215121278528652
0.013669963559235
-0.00400917273743584
-0.00792877502090361
0.00614779279115218
-0.00329957220335886
0.0275870531531892
0.011693151454317
0.00566099769240469
0.00586372719117145
0.00582954433355054
-0.00776630373593268
0.00408877346001812
0.00395583492574181
-0.00799632624873892
-0.00537382021901445
-0.00375850368520692
-0.00860650789908035
-0.00451893231152023
0.000836220294304413
-0.00226788018939938
-0.00538338343741507
0.00264616313021593
0.00203932339204282
0.0019155154066266
0.0113513798219289
-0.000354418718743199
0.0118189337924721
0.0131993573975078
0.0057643533724776
0.0171939481245746
0.00214110890559183
-0.00393565725851808
0.00508011955113763
-0.00617764805321419
-0.0158227955756286
0.00987597588709299
-0.00500343404586234
0.0278857371428571
0.0260173109624791
0.000866948427253433
0.00595499127376575
-0.00204502197632028
-0.023080230553492
-0.00209762636127997
-0.00232325481052387
-0.00365937014859175
-0.0133555484330673
-0.00575299479406666
0.00567279334777382
-0.0152301220129752
0.0115706494263874
0.00464321615028696
0.000901837458030075
-0.0132897847360088
-0.00547887221231735
-0.0243314021920602
-0.00164685327263026
0.00200303987263917
0.00599720124650527
0
0.0353009572658927
-0.000564559105791895
0.00305020344725038
-0.0159927692759009
-0.0251803241897565
0.0123283201204254
-0.0106703547822969
0.0208675139202514
0.00218184423100976
0.0226882441625385
0.0178150812324931
0.0370982292865798
-0.00413967736057408
0.00852699850778094
0.00200797922189877
0.00527370541659544
-0.014583989394271
0.00298125006348471
-0.00467086002136496
0.00447950075768988
0.000743257591845348
0.00785143766578256
0.0124223605099982
0.00374338158975518
-0.00528335238043465
-0.000937273513974324
0.0124049098300842
-0.000205982283587813
-0.00628218344556508
0.00342006432625275
-0.0144598430076429
0.0120520019294068
-0.013151051051051
0.0103882263256592
0.0108007164731465
-0.00513716212602155
0.0333573885498835
-0.00309812118924879
-0.00761906766917297
0.00686938088431921
0.000802668823169705
-0.0100250626566416
-0.0142785215189873
-0.0315389267120989
0.00551611346715108
-0.00137142102150634
0.00665536629387842
-0.00608670368258268
-0.00221728436508584
-0.0168253544973544
-0.00871817850745116
-0.0165037571444899
-0.00242880321420169
0.00542272017017797
0.0156301489406747
-0.00260104050940846
-0.00901882004801513
-0.000548190807506233
0.00405918806233263
-0.0175917073074205
0.00978753154098411
-0.00605796887258547
0.00476507102759482
-0.0039704423507323
-0.00465063679881816
-0.0114584270937639
0.00731488850647222
-0.0034633559722187
0.0191704827075274
-0.00143004063667185
0.000440636708973541
0.000991015194891087
-0.0067099436053264
0.0232558021066731
0.0213203566813776
0.010914474592101
-0.00366875254363197
0.000946827955386809
0.00998525341586354
-0.0114475808699169
-0.000736919691270987
0.000948209038099668
-0.0112619721868861
-0.00574834988826167
0.00620986068073104
-0.00553313453288573
0.00449387978272942
0.0015978057604753
0.00180791238762001
-0.000743099811351344
0.00180607675999389
0.0023329161505965
-0.00296232552779285
0.018145151064201
-0.00812922380810488
0.0118735423321119
0.023779781190661
0.00284011574561771
-0.0196217552456228
-0.0071185597854122
0.00301331053643628
-0.000828778626631999
-0.00456189749803726
-0.021039516278731
0.00723481236801393
0.00126759271717747
-0.0119210569477681
0.00363010874951497
-0.00180848936170219
-0.0161995520366716
0.00812479705611091
0.0069847519231625
0.00597586176476228
0.00328848000281567
0.00697817705692172
-0.00241490975251801
0.0206293964713316
0.0158812105199422
-0.00426358736648891
-0.00886935503596109
0.00606867922167575
0.0139045090257544
0.00564691954516316
0.00110290781802136
-0.011418259672206
0.00243166167472131
-0.0234485440984731
0.000414003299089138
-0.0114835604600223
0.00638410236365972
0.00883941310984149
0
-0.00999897928050753
0.00968346512199636
-0.00288748063434574
0.0124107661100266
-0.00817246918145342
0.00154497894922145
0.00781573442648575
-0.00765306122448983
-0.00236506940874037
0.00721504866671974
0.00450269131700076
0.000916829628490934
0.000407134860050951
-0.0107843930126729
-0.0120333741016135
-0.0460128991466353
-0.0316455808778435
0.00405679522327684
0.0296296302947168
0.0221277419256103
0.00906479713335173
-0.00190235673528771
-0.0351545841771584
0.0158032808668804
0.0135047539650983
-0.0147105642193914
0.0258574056042409
-0.0297405610630668
0.0159782717391304
0.0108056273584505
-0.000423380596209277
0.00847094433564277
0.00136502522816095
-0.0319807371716241
-0.0207972053726169
0.0171459620100451
-0.0134855686835966
0.00584278476290145
-0.0118368481332057
0.0246228139031583
-0.0201342288417697
-0.0014361246609409
0.0259984403805558
0.0112141581025267
-0.034229036406793
0.00728721430937407
-0.0151266574001976
0.00934895958484061
-0.00893157991109106
-0.0175789280455806
0.0142694785638908
-0.0145153643259348
-0.0106503736539685
0.0214155061841503
0.00796053351361059
0.01668520541301
0.00153171769077209
-0.0131090778554831
0.0234669370585316
0.0161150553332798
-0.000532144774842203
-0.000106528219243285
0.0218340933202055
0.0154262660949287
-0.0302812262426859
0.0207473163888292
-0.00435547028932914
-0.00645769177257172
0.00125802496339267
0.0134017272871589
0.00444260766150828
0.00442296847950052
0.00256016379805102
-0.0158325226591925
-0.00934095504599808
0.00408589850453334
-0.00646906329169716
0.0099768639994029
0.0105022566393316
0.00463055155381764
-0.00317522287745242
-0.0119193999177969
-0.00239188841963855
0.00750549358907526
0.0103466112706341
0.00204809007581996
0.00388354632362886
-0.0285045598542839
0.0444304516399454
-0.00130427413071688
-0.0173799777237295
-0.0384418267752136
0.00925034526580504
-0.0291824279220908
0.0275637541494573
0.00485795744306761
0.00388854432183838
-0.00575791475370346
-0.0254817097453752
-0.00118855749793978
0.0243401119787947
-0.0390749173286532
0.0100011432025748
-0.000108846569992438
0.00467951904102204
-0.00866554376083173
-0.0100524369553903
-0.0213024287263228
0.00789449662556652
-0.00492338575841822
-0.0157427302372652
-0.0148520051965271
0.00834969239186978
0.00345029339103942
-0.0353008825214899
0.00629676859443418
0.000118087371360875
0.0165269981882541
-0.0221809775614797
-0.0262470199375422
0.0339065626029165
-0.00153353786245858
0.0204395560070836
0.00405230968904791
0.00426654746002608
0.0316913781922783
-0.00456311640652451
-0.0036896354273338
0.00325441585395114
-0.0343400439744957
0.0257152895698995
0.0185205979044405
0.0345935905401131
-0.0297931524979776
-0.013365724217008
0.0204881549484999
-0.00482724070592999
0.0158747989843986
-0.00922408010365527
0.0221248295030176
-0.0144663416202314
-0.00076110687440345
0.00435256791398109
0.00964245905820826
-0.000214658220524577
-0.0185681661171657
0.0122484249289494
0.00799486836635421
0.0111467627712722
0.00487605490252507
-0.0128692084535061
-0.00309896338749804
0.00653876078316262
-0.0018104259465298
0.00917521575242031
0.0190295282389059
0.00331984649154315
-0.00341228418376882
0.000415034252387425
-0.00487451783602
-0.00156325174246741
-0.0022964613059564
0.00816069244275597
-0.0123495536285848
0.00042031103121376
-0.0022056401870143
0.00600000000000001
0.00502252798995517
0.00937005696918081
-0.00216605473438025
-0.0228447286095664
-0.00158681901604596
-0.0228861630499947
-0.0339406307315048
0.00684702017496996
0.00390196222637562
0.00244302046275324
0.00775455880429465
0.00516654935510008
0.000437456245899748
0.0124617398624265
0.0051824118381858
-0.00053700323387762
0.012358881922873
-0.00530785579536697
0.00448245478599119
0.00361236707567891
-0.0225491956653525
-0.00454887892236799
0.0186051455290981
-0.00843837828118854
-0.0054939350319092
0.00660745233968818
-0.000538071666846052
0.0120586028873364
0.00787231914893627
-0.0111884950641438
0.0151579632792485
-0.00809669838268567
0.00752675696964378
-0.00631312072481982
0.0248835128148346
-0.0104349828449738
0.0069951765190559
0.0018662520020607
0.0136603543514546
-0.00234809603924746
-0.00255832989604654
0.0116959063127535
-0.00730151092889653
0.00122589642686588
-0.00479543914303759
-0.00748413976333684
-0.000309875019313455
-0.00764618730777211
-0.00676803408196547
-0.00377398054066447
0.00210464066194493
0.000315016266459578
-0.00461895854253713
-0.00674963087956115
0.010405648757698
-0.0112443038569019
-0.000637655463392672
-0.0057428587232039
0.00598999905850905
0.0224348849834699
0.00790343145160444
-0.040755231959456
0.0134451972308789
0.0198471129288145
0.0136331153557339
-0.0109856260577901
0.0160904699244169
0.00245204339350358
0.00030573786264565
0.00764136510155144
0.00465115258541648
0.0040257749192254
-0.000701684027632599
0.0160497438850487
0.00533123698952265
-0.00324071485336896
0.00778326108374383
-0.0079186429962006
-0.0044344105902322
0.00752253793450008
-0.00225958343393684
-0.000590764091980334
0.0120197142857144
-0.0075934481347989
0.00294286829619628
0.00831375211881369
0.00194010095800179
-0.000193668310643158
0.000871540646989688
0.0115131771331931
-0.00353900515909111
-0.00393552505279327
-0.000289091267873909
-0.00404856379503693
0.00474252806813791
0.0105963396704816
-0.00886475040073398
0.0175994897788183
0.00491450722832454
-0.00404401384286623
-0.00103872519284742
0.00226862650280157
-0.00198056212374398
-0.00188997353997356
0.002461598112244
0.0138836516967411
0.00456449007106641
0.00472924720805823
0.00323026309608232
-0.0017478841328763
-0.00746479573376102
-0.00826368639546016
-0.00308955159796931
-0.00403831694106915
0.0200848367727062
-0.00369755037899799
-0.002133939526201
0.0160855039678613
0.00338582543361854
0.00100319195616616
-0.00747084534491893
-0.000275362579853833
-0.0044991826462516
-0.0178011440287982
-0.0114564843920835
0.00417974743553939
0.00577051372406112
-0.0150488995485327
-0.0019098930298902
-0.00430536751737576
-0.0013452483905062
0.00125082266910415
0.00124931772533787
-0.00355122365771732
0.0027933057214411
-0.00172895013227392
0.00327140382950053
-0.0033566606892681
0.0146266746463948
-0.0162177443813024
0.00347048095621871
-0.00153709295944249
-0.00269410179928808
0.0042449975061265
-0.00528384110995639
-0.00202819198350224
-0.00474214642906901
-0.0264487855483775
-0.00209747296951235
0.00190165141020304
-0.0045953946972106
0.0155560318702934
0.0179859666372968
-0.0015532860585713
0.0189596989588663
0.00791978984962438
0.0603048677545641
0.0450893125
-0.0228108153060022
0.0125896401273728
0.00215852184424103
-0.00844321530111136
0.00356246428229956
-0.0135930735930735
0.00263322215395401
-0.0169832964111889
0.0026716092023189
0.00222044594441595
-0.00850761285032298
0.00706114605991637
0.00213016778432884
0.017801735265194
0.00626523679542701
0.0196299292600306
0.0100923921603802
0.0146935350914112
0.0119156228699318
0.00367975301594758
-0.00122211180091436
0.00685214150753377
-0.0147451916065787
0.00592057391727185
0.00269763749370333
-0.00203815418104825
8.16436538961796e-05
-0.0100473453691774
-0.00412575288182604
-0.031237086233539
-0.00196712285267064
-0.00625591728072827
-0.00319078133141404
-0.00207628694787743
-0.00823576954028205
0.00979016591275927
0.0034626126245485
0.0109558663035865
-0.00733850998654317
-0.000257878444805626
-0.00343938942116795
0.00457289034386732
0.00377912050158891
-0.0100966969257286
0.0134842940014817
-0.00759060980810233
0.00257823132882229
-0.00360025703410738
0.0103235032746647
0.0230756126860419
0.00491049513257602
-0.00356137160114911
0.00108057519874638
0.00531384913128763
-0.00148662039169767
0.00297766744453809
-0.0108032737786035
-0.00116714467279233
-0.00901423101601251
-0.0181925624982929
0.0172428755254355
0.00337325850272796
0.0201714064505445
-0.00304823701717505
0.0090901494241773
-0.00229300628701168
0.00648445364057371
-0.012803783735024
0.0120611232037722
8.15851753883656e-05
0.00081624226615018
0.00171259986023653
-0.0111536512064861
0.0456117326330623
-0.0217322992125984
-0.00152925791257652
0
-0.00395006036396472
-0.00291357240067291
0.00495130693874923
-0.000646110986933346
0.00889031741153357
-0.00304418003614226
0.00233026120522939
0
-0.00120251725513099
-0.00529734345605082
-0.0294521181312031
-0.00789821256982226
-0.00117321710930651
0.00578903421781973
-0.0136803390143562
0.00490529439961596
-0.00269314930146436
0.00295356962025317
-0.000420656296519217
-0.0109427859189533
-0.00195747234042554
0.0023877036510882
0.00221178216388473
0.00152788390676317
-0.00762778214472049
-0.000170774623649339
-0.00384382847868792
-0.00643114372068743
0.0135496587499011
-0.00289512937848901
0.00059777968570085
0.0165571650858951
-0.00285453779821554
0.00833548055069833
0.00150300598692388
0.000833741857032777
-0.0409863208848191
0.00929464013304448
0.00387294080604272
0.00531552645160782
0.00656657843140751
0.00516817762575772
0.00101148854527544
-0.0139778037390064
0.00461145182940137
-0.00501526695864729
-0.00222128999005666
-0.00530869932949141
0.00929673769986628
-0.00486140724946693
-0.0133698748714434
0.00555940742982775
0.00924326176151924
0.000684772735003447
0.0110340685643975
-0.0036379019535846
0.00254736357002705
-0.000762234267807194
-0.00661134073712477
0.000767952238087677
0.00451870573349211
-0.0075538957732133
0.0107756948601727
-0.00820713244424864
0.0186828440651523
0.0241185571017986
0.0171722788684907
0.00964705369922858
0.00382199231856006
0.00991512651701432
-0.00424128966383908
-0.00473259981647423
0.00998575051513706
-0.010750172461548
-0.00928054255572297
-0.00672541222217116
0.000483677260739723
-0.00378666603802769
0.00784473096894889
0.0172523988785331
-0.0136467306219152
0.0015994641586734
0.00846378965927497
-0.00277122717091316
-0.0179435891530826
0.00921658971272388
-0.00576785218668818
-0.00765447580650647
0.00186744878637723
0
-0.0228543562918743
0.000580567305299873
-0.000663138268096386
-0.00323490383601355
0.00324540240068893
0.00364965168629161
-0.00479340495867764
0.0122072830461266
-0.000492222499731132
-0.0038578428325069
-0.000659212255609609
0.0110488457375399
0.00954165691873299
0.00298895708062874
0.00668487414030694
0.00672056975310942
-0.00683462597417739
-0.00168039528142438
0.0114620068697979
-0.0158491161605655
-0.00748852552558943
0.0115203470465626
0.00994544433750399
0.00238248891967086
-0.00681350018369908
0.00023929482897822
-0.000877262946624602
0.00870054285361221
-0.00332362103370376
-0.000238181823854933
0.00937102937374568
-0.00133751378973268
-0.00433312061766333
-0.00253203835730431
-0.00206247028498274
0.00357708258560208
-0.0062574336633664
0.0235931693256271
-0.0208690238415982
0.0182916735850434
0.00593572353600491
0.00978256964792146
0.00622787184726836
0.00955146364909698
-0.00628218310180817
7.62434346386343e-05
0.00388419640782489
0.0150975269721194
0
0.00276528394397713
0.000968957307430296
-0.00900973174215036
0.0108197689028406
0.00988628566034566
-0.00132495214687955
0.00530661141764655
0.00681824076913085
-0.00327675666967508
0.00832845527730641
-0.00594121849177753
0.00575807592765476
-0.00550771050410492
-0.000291437740769229
0.00379040011968224
-0.00290471991625119
