-0.000306410338172025
0.00268142191589238
0.0299510838191059
-0.0207715351460341
0.0330303106060608
0.00652683333435866
-0.0136976684881603
0.0681096353737771
-0.00055329554058503
0.000761193023361306
0.0107868763237062
-0.0074565402394019
-0.0228822943795519
0.0165760805085398
0.0174854571706029
-0.00409169397225639
0.00314987004963774
0.000682634812286809
-0.000750347854692524
-0.0134480232968796
0.00373646543768436
-0.00193022889742489
0.00041440116324365
-0.0117370688135067
0.00572871318798884
0.0311891482472628
-0.00309863259882714
0.00831134508036535
-0.00201047445375635
-0.0221595691936552
-0.00192280599927208
0.00584839702348683
0.0301662489887646
-0.00424966118527259
0.00600156013596354
-0.0214769055980586
0.0108386807627245
-0.0351829511112254
0.00159752725152784
-0.0228849033887289
-0.00425827555393643
-0.0130434922371314
0.014082450970734
0.0254949583463175
-0.00652779166666662
0.0156578011415882
0.00295934611921522
0.000617655956018925
0.00486896149991267
0.00245683479462788
-0.00496967121635017
-0.0136152568797138
0.0156065757870094
-0.0338750926632303
0.00558456779943461
0.0047802671353252
0.0202197868994509
-0.0152242552011398
-0.00724239524056847
-0.00855781437370662
0.00749963230506934
-0.00617970531656054
-0.00466367284726754
0.00830610529386555
0.0190100473069776
0.0179645275468674
-0.010045448855692
0.013712717982336
-0.0377409656648915
-0.00456884080779252
0.0076260559111021
-0.0227049058732637
0.0254552403686601
0.0177610522956804
-0.00954997575644168
-0.0419672782473006
-0.0162913618399003
-0.0107464079880289
0.00416676357887336
0.001185447478526
0.0111753260500049
0.0176387902496233
-0.000431508940021419
0.00863431453833119
0.00442295642003643
0.0124289770079054
-0.00694496653219989
0.0016247174572579
0.00275054671876585
0.00035168801844021
0
0.0084370177441333
0.0134560977075417
-0.00970008248692855
-0.0116706706148803
-0.0130034859632112
0.00377438404464292
-0.0190847964331634
-0.00643714763623426
0.0194365443487132
-0.00549835074613303
0.00883173666025017
-0.0128114092526691
0.00814711625408338
-0.0170207034682014
0.00691158254445057
-0.000144429197012741
0.00404680575058491
-0.0156902761524359
0.000146270844774365
0.00497154558394164
0.0194965216319245
-0.0107035822085313
-0.0116849034310798
-0.00145961899110725
0.00774739033597638
-0.00812307774430387
-0.0128692239276552
-0.00607412592592593
0.0176629164081117
-0.00402785051568255
0.00323530882352929
0.00586340507382865
-0.00655792019243939
-0.0183365121999857
0.00978779168522981
0.00651132104378793
0.00661614354639517
-0.00350541170333662
0.000366456585557895
0.0201465201465201
-0.0143626570915619
0.00568305282331516
0.00166627545943832
0.0207580652668184
-0.000283490388879426
-0.0128995113161674
0.000359036393795309
0.00423483326411245
0.00536058879678114
0.00782021163599578
-0.00373870639597584
0.00764711485228675
0.00639451207075403
-0.00314199830231809
0.00308190087323945
-0.01857414894198
0.00298824611195481
0.0068099027678945
-0.000352201806985142
-0.0102904352167172
0.000427275322992138
-0.00875566653632309
-0.0265708940754039
-0.00243454070598592
0.00399344768530208
-0.00139944024010907
0.004425691296158
0.000146904606696197
-0.00528673903683474
0.00324797369714336
0.00919726262387566
0.00503063560715566
-0.00529569073794611
-0.00926188044274634
-0.00316531454551439
0.00265840352471436
0.00500816029612716
-0.00234506803154422
-0.0032319818071983
-0.000294716292440378
-0.00353833838896234
-0.00806330120167986
-0.00410174521893492
-0.0179720991897911
0.000381294802358489
-0.000762298944091633
0.00205969187763189
-0.00403470612032042
0.00504473736842104
-0.0184805453463933
-0.00999535890276404
0.00759182924611013
0.0112629869790668
-0.00245799980861816
0.00030806961993024
0.00369482707428759
-0.016872436665944
0.00608471010087053
-0.00271385591444639
-0.0108069666773039
-0.00204355886087659
-0.0204772621841596
-0.00474394135055212
0.0340927535473643
0.01773440625
-0.00360789886826129
-0.0020801540351274
-0.00710258632828364
-0.0202939194441031
0.0146031428571429
-0.00516267225164802
-0.0023588850448184
0.0319198935668323
-0.0225310483290104
0.00843877929898174
-0.00519137618458676
-0.00264815018808429
0.00437327596157888
-0.00443206590131351
-0.00468596557952017
-0.026365347985478
-0.034896856304048
-0.0243006597077244
-0.0168606048223419
0.0336032027438877
0.0325949204263054
-0.00269168846152834
-0.00425285853241664
-0.0118275318275155
0.00490403133412087
-0.00719605447152927
-0.0169124303666787
0.0154237288135592
-0.00692707394424963
0.000252113627231099
0.0123508741140363
-0.0122001910897201
0.0227693334591497
0.00911848330439957
-0.0217355754391264
-0.0410252149625567
-0.003644550566549
-0.0134994164779654
-0.00926985104449152
-0.00935664757301147
-0.00584691024281569
-0.0332971507409651
0.0117933549903915
0.00444037010990495
-0.0292871610004206
0.0242883961235598
0.0351982496776422
0.00366853966233838
0.00320942325415752
0.0154625256861507
-0.0103264289050432
-0.00981512989000377
-0.0178603317236917
-0.0055464628419768
-0.00192007857949861
-0.00412243480679975
-0.00128782081949985
0.0084737772865433
-0.00821994717727548
0.0297449499860005
0.00912176712573776
-0.00655794067911875
-0.0869759159139325
0.00859799723689303
0.00164679836345649
0.00106382976665698
0.0323640125134961
0.00505335013051322
-0.00595903154638677
-0.00243538774006391
-0.000187765258215955
-0.0120210928243494
-0.0139733273946766
-0.0351875146480041
-0.0224820139392083
0.00858628215095014
0.00466199462170858
-0.0124078990943579
0.00459648611651708
0.00223692937950037
0.00131882925839499
-0.00567373877427768
0.00550235383638031
0.00901905147952964
0.00170732148237418
0.00631647295601501
-0.079306553373322
0.0264040027527754
-0.0249867691088407
0.000216230529317851
-0.0117837405405405
-0.0134559013912744
-0.00288314482146812
0.00266910593125225
-0.0282830843707594
-0.00890308173835086
0.00310947821929108
0.00298510913857886
-0.0160256637359699
-0.0087249884681827
0.00211242814355628
0.0236562246592835
0.0245966582955424
-0.00290302596925007
-0.000336013426561754
0.00649715491756986
-0.00745685047205003
-0.0131195111011438
0.0222701847001434
-0.00978109358918422
-0.00460204308461287
-0.0168019621109607
-0.0134190271035893
-0.00697511068269385
0.0141652894911095
-0.0199699302771533
0.0209658181162353
-0.0268805029995386
-0.00983996466721904
0.00862070193800402
0.0211300930942568
0.00453391087656052
-0.0273116640522317
0.0158238423858237
-0.00199107526321429
0.02042011524962
0.0338125601085415
0.0142396152435156
-0.024130712386327
0.0189952004159246
0.076218792136828
0.0146561443066517
-0.00575757575757574
0.0129025398760538
-0.0338013550792785
-0.0112114811333648
0.0184777112860892
0.0219564679526552
-0.0162396612491392
-0.00338359482603923
-0.00627573064637021
0.020084926807534
-0.0101491932421516
-0.0143545782257211
0.0163320508581728
-0.00040934494603917
-0.000921605532598679
0.0275699702777494
-0.00797928370278711
0.017997195033151
0.00977775802469139
0.0276799888043815
-0.031312467878557
0.00284929261985933
0.0070539923581856
0.0117715632671314
0.0107692596153846
-0.00513699566770376
0.0172116558192454
0.0300808901132041
0.00465407912659099
0.00472345370963589
-0.0104873337809661
-0.0156235636991383
-0.0031557082449547
0.00968342626287844
0.0137402985293196
-0.00563997089056689
0.00576346181984211
0.00163726575155043
-0.00935349593116153
-0.00980840626302704
-0.0147194690257212
-0.0125904726111059
0.0113236563449866
-0.000188153934777557
0.0144927627612881
0.0547309261206606
0.00765174162669502
0.00654621628698604
0.0116198751300729
0.00934335644288176
-0.00968152016985135
-0.0126061400170985
0.00842454410651849
-0.0103350012028679
0.011052092557581
0.00464796866930617
-0.000942426311322575
0.00360173223907267
-0.00427240882057944
0.0177636575797104
-0.0350758521935219
-0.00480603801457469
0.00965843366106278
-0.0223497699339033
0.0209927151928966
-0.000522721733078324
-0.00287658644633371
-0.0227292422653138
0.0214688342296374
0.000788133798263591
-0.0315890884808285
-0.0234028738303583
0.0012027849518359
-0.00046201830202397
0.0143305745439877
0.0315376814468844
0.00291598485315858
-0.00229076651982374
0.0108619129435166
-0.002970245453217
0.00876193837103134
-0.0129418747400819
0.0234072863728203
0.00730867564981907
0.0146820398688512
-0.00193492045255517
-0.0222521832624089
-0.0194827758620689
-0.0069456744671299
0.00433824712717801
-0.000793406191935797
0.00732247035416811
0.0156770099842354
-0.0052599809842202
0.00364075933043728
0.027465883809517
-0.071116333819068
-0.0429864253393665
0.011252973995272
0.0260894047860594
0.0246969737164777
0.00426890778603872
-0.024264949065975
0.0039027137411507
0.0058765120163049
0.0309185236218132
0.0103749087282017
0.0266632498633466
-0.00714410807335408
0.0113434693475867
-0.00385033059470719
-0.00689017718023388
-0.0145528468643228
0.00935860728635185
0.00765567382877985
-0.00211041703621828
-0.000169165046689401
0.0326592853429344
0.011224866581937
-0.0102089938455517
0.00499339374612329
-0.00790090432273938
-0.00623975354089279
0.0102445306490042
0.0079326219163609
0.0169573711967546
0.00853684405734301
-0.00419276151593195
0.00150939787518412
0.0082493931942571
-0.00298952086390114
0.00220941366189353
-0.00110226752063203
-0.00283755806327202
-0.00229231677666086
-0.000713072407597215
-0.00618408799296177
0.00247312329434579
-0.00572976266975123
0.00312149826922514
-0.00654272709578341
0.00787082149432461
0.00446254688760139
-0.00349069408590186
-0.0015922060218756
0.00598038414862034
-0.0730818144235316
0.02402939928118
0.00108556993736952
-0.0256089345747983
0.0184915935021248
-0.013953122518676
0.00630811535773801
0.0123676320448716
0.000418341554374591
-0.00225825530709689
-0.00100597702233229
0.0146849041652246
0.00826993066936699
-0.0105807170370853
-0.00331587507210174
0.00199615731524183
0.025981547057512
0.00533983827410744
0.0313052626540276
-0.00226291856088578
-0.00430160328248397
0.0230932530530714
0.00184264875239926
-0.0157100384814914
-0.0021021799734946
-0.00241863934491127
-0.000703926163742152
-0.0128355642052649
-0.00293344175692012
0.000318074104356247
0.00993640675827323
0.00983864596996509
-0.0102883863533504
-0.00267761845934111
0.00039484365441278
-0.00884049240128681
0.00756547742295144
-0.00205497159472745
0.00285126718119333
0.0094771518841299
-0.0432639571272101
-0.00466105156054419
0.000246459084403128
0.0210266776180699
0.048507747542559
0.00398960423475847
0.0457741475945732
0.00701492113928004
-0.00595017061098868
-0.0164245559374934
0.0225619258363543
-0.00660476126146592
-0.0105209472682453
-0.00295351119157183
0.0133303933446671
0.0184170427769197
0.0104054319165225
0.00348004253948786
-0.0210204978918783
-0.000723004590362786
0.0257560264378816
0.00599524619830194
0.00224351110413257
-0.00062956279740245
-0.00139995099118073
0.026636779009203
-0.0182985652868362
-0.0106412505956409
0.000421778558875374
0.00224866140466107
-0.026432054040803
-0.000144065964683415
-0.0251367768693972
0.0152197850659865
0.00429369029055571
0.00507244202898538
-0.0033886157906694
7.24083070942072e-05
-0.00115742906693317
-0.0117322927037619
-0.000293192129178221
0.00183257589550756
0.0228286752444382
-0.00114448821812296
-0.0134641905942782
0.00704174954627956
-0.00937141717581158
0.0155726970684429
0.00824024804012957
-0.0152797163886147
0.0102482536121282
-0.00757249628725531
0.00705439111797279
0.00764837059249635
0.00432716887048912
-0.000776952948482124
0.0250229304797984
0.0196538590322688
-0.0027729203112884
-0.00210239407465029
-0.000883539492208318
0
0.00210878178725205
-0.00672009878468172
0.00362194350274114
-0.00326839164327664
0.00662659493692463
-0.0113336473159018
0.030615089334882
0.00279738246168515
0.0152099364400895
-0.00582269522449363
-0.000131646479853087
0.00157951162854397
0.00479702348258093
0.0104636123088455
-0.014626853104228
-0.0206239671592774
0.00556636707419766
-0.000200066690675405
-0.00947234315329615
0.0293622523616994
-0.0131502121105576
0.00729253532995311
0.00322489794359759
-0.00216484297811381
-0.00611445077786532
-0.0154131245010666
0.017871567263412
0.00858087788778872
-0.0125654316904692
0.0229984151975604
-0.00233236790415159
0.00337677760319588
-0.0014238690513193
-0.0232029694887602
0.00763050857001168
0.0023706044885381
-0.00952566673547717
-0.00736220714035407
0.0135640648519562
0.000131880807807017
0.0016478807492244
-0.00500138171222897
-0.00978833352754627
0.00260486239243352
-0.00193187661093952
0.00106787473317893
-0.00360044015469907
-0.00200751469476024
0.00898482639791354
-0.0236576162588416
-0.0159950383337195
0.0168084172535179
-0.0131292040816327
-0.00503212907406825
0.0124705767623825
-0.00396880391384147
0.0243199233899412
0.0201877590803048
-0.000262928142377716
-0.00664173705206705
-0.000794359867527739
0.00258380810144687
0.060992505636787
-0.0120203850525707
-0.0163273776609917
-0.00358880431377617
0.00520965410881535
0.00934165375514473
0.00944535657686218
-0.00244912702684219
-0.0117721745632167
-0.00242062689312328
0.00523621946732233
-0.0261084998870346
-0.00958842879901411
0.0201527797722016
0.00316336358282876
-0.000579162111970843
-0.00141661941886762
0.00502965559672863
0.00500447834592266
0.00446882663731385
0.00228804505626146
0.0185796325665117
-0.01550149985988
-0.012899917875932
0.00679050582483631
-0.0055994208297423
0.0133734067914857
0.00543032788502651
0.0076618792353671
-0.000373935812538528
-0.00561128502781516
0.0138566175353747
-0.000865794697571864
0.0157217630072017
-0.00981109653341516
-0.0203089599264891
-0.00144478294560235
0.00113230996523539
-0.00150813749848022
-0.00440526763015481
0.0213022127933415
-0.00897451220634049
0.0131152015087186
0.00702749348398801
0.00452990325336744
0.000670329043132245
0.00298392289819471
0.00230725565829859
-0.00187786525469036
0.00333800441007459
-0.00090738563784365
0.00417753229009565
0.00168815867787186
-0.00794505843231641
-0.00109214896465826
-0.00127554665497775
0.0048045249263009
0.00756566996994512
0.00738869461531388
-0.0103160168810259
-0.00114479724561789
0.00868622275718556
0.00406645733724154
-0.0620607407526172
0.00190502290843342
-0.000253479530063938
0.0153416947083271
-0.000811719510196762
-0.0013122039699569
-0.00262803767741049
-0.0223964374804179
-0.00115515624520124
0.00379062655151796
-0.00416032372758812
-0.00777679176751189
-0.0200803594999236
-0.00323906665282303
0.00842234272137676
0.00683945819859866
-0.00470281496919078
-0.00380628678939865
0.00197630430876861
0.00401052581155037
0.0139479333531825
0.0190519056846268
0.0100767606979995
-0.000125511352568997
-0.00181974145444441
0.00257741234650233
0.0148608606686949
0.00599320953994886
0.0113621847467431
0.00510109315723684
0.00604193118367258
0.00102094772148664
-0.00869928642245621
0.0103492467554136
0.00335448660171944
-0.00167163582089558
-0.00442533785178001
0.00901009151874321
-0.001190600099788
0.000119227560610558
0.00327772938120874
-0.000118823874588947
-0.0017822313101381
0.0077367315820791
0.0087994152388895
0.00544428616022707
-0.000232855895196615
0.00232947401836636
-0.00214976467288508
0.00710377293863473
-0.00364248944555134
-0.00243717283772804
0.00413001560979542
