0.0117567905405405
0.0104180442627875
0.0346992722795914
-0.0118173488632894
0.00924374937124273
0.00685321184739585
0.00826973934357
0.0142586435331231
0.012254298714055
0.00571503731862677
0.00146639370728607
-0.00738250179557665
0.00233576123503898
0.00754274818912593
0.0108338342513603
-0.00650290213748916
-0.0277575878787879
-0.00243111211109726
0.00499908145347172
0.00559593352489052
0
0.0233722815401542
0.0280345546503098
-0.0130473175332583
-0.00321558996313431
-0.00143380728498599
0.0129824294220435
-0.0157690343114621
0.015001500690123
-0.00147797817834983
-0.0129070046029723
0.00023988723464563
0.0166107224937251
-0.00448295289614198
-0.0401137870447642
0.00216053086419765
-0.00043121033207727
-0.0237860551132985
0.00378743850255581
-0.00484218325135999
-0.0144075766192733
-0.00647556577242059
0.0300077038587125
0.0167282625353784
0.00363566677123273
0.00429798011598148
-0.00226208952843054
0.00606620721935425
-0.00115720809845654
0.00469514634146351
-0.00594775126666858
-0.0103791261533297
-0.00913069921970999
-0.00772060265412755
-0.0141180904222279
0.0324593060227631
0.00406857351702272
-0.00626230334410904
-0.00463363397606797
6.20321515607536e-05
-0.0029170867340208
-0.00597567404826671
0.000375715443976299
0.00169016588419413
0.0166854014076889
0.00866681407994574
-0.0143205722978462
0.00284393817619777
0.0022809628508309
-0.0153770449578418
0.000124962517179306
-0.0153030100448592
0.00107842059289909
0.000126656945339088
0.0136847697335216
0.00956249375000007
-0.00154770012720673
-0.0151909537152216
0.0193287915465743
0.000370679445485411
0.0065448070769718
0.0133725490523235
-0.0115011745429995
0.0110838822213617
-0.00460296163404428
0.00888343137632752
-0.00476445334737896
-0.00357539077504809
-0.00589908192722488
0.0121741705296758
-0.00894527668078471
0.0107336402345939
-0.00579250602286863
-0.00309527819153299
0.00608790959722105
0.0907660683397697
0.0176966719654019
-0.00659575917027677
0.0175043234881387
-0.00204923698616544
0.00426907855818848
0.0124300368581582
-0.0021790540158082
-0.00793653435771458
0.00595973691275176
0.000426990817532946
-0.0173388815904942
-0.00173737443143085
0.00293690658989787
0.00368739214386671
0.00583501012123833
0.0156845787794444
-0.0088317628395318
-0.00442856690244964
0.00594887734495675
0.00362284502327404
-0.0176770459263976
0.00788971616498713
0.00219828969487668
0.00176547187850917
-0.00448595994659551
-0.0179711706888863
-0.00213044905637993
-0.0149997538183583
0.00216758747942603
0.00399282371367704
0.00392182405795816
0.00649239614855568
0.000328059926181679
-0.00677635371396379
-0.00594223933975246
0.00791502748563722
-0.00669962086656928
-0.0155351499465074
-0.000393143130499207
0.00606742696629214
-0.00915791814654998
0.00214159713546458
-0.00208081197522392
0.0191603778950755
-0.00840477716102483
-0.00446106614106878
-0.000784181934600281
0.0133976120488684
0.00110630048183591
0.00751464266802171
0.00394867837992052
-0.00152954770599312
-0.0163037313508246
0.00528363172496715
-0.00874136652835411
5.57850092737233e-05
0.00892960186687808
0.00547629718705767
0.00660173281395759
-0.00377112092817877
0.0140443110272346
-0.0254273809873921
-0.0264794272592397
-0.0110623370890784
-0.0115320306793762
0.0105583157784996
0.020491733419195
0.00384641680482445
-0.00664905614104316
0.000567281206937054
0.00788026536583875
0.000281263360790041
0.0122026540830833
-0.0147778
-0.000676638111574257
-0.0156303125176035
0.00716537702204723
0.018099078282853
-0.0119074515902434
0.0069024101838755
-0.0101702364995773
0.00244091729244067
-0.000622911843771834
0.00594969981753635
-0.0204472766318216
0.00448533080455427
0.00824365730310039
0.0118101411483689
0.00830525266507154
-0.0243766149300774
0.00781514533117256
-0.0147166526825907
0.0135576831452646
-0.0157569523907424
-0.00662248223285278
0.00701453333333335
-0.00184219669048769
-0.00882402681137329
0.0194343999800162
0.00696347614663484
0.000453474667877485
0.00283286118980164
0.000847423728813412
-0.00666098244406377
0.0145479228587377
-0.0192124181886093
-0.00696745264531862
0.00989188492374371
-0.0125854608455994
0.00224926467644782
0.000517873175957195
-0.00333583721561603
0.00409721870090896
0.0058620919540231
-0.0235402234364022
-0.0259215515244546
-0.0243287257504131
-0.0302918240400422
-0.00330161269841267
0.0273283737375047
0.0181682453483414
0.00328872113194989
-0.0140828391986513
-0.0185321637548598
0.0187566020009635
-0.00671179827752943
-0.0647201235474568
-0.0129250153418511
-0.000872985507292201
-0.00147849996874461
0.00733658846768437
-0.0124281768694861
0.0053450134233084
0.00901808355927258
0.00406856552044266
0.0162083374083855
0.0122892211345071
-0.00271212060756743
0.00375551665688278
-0.00722493853115891
-0.0262507677550655
-0.0340318027890578
0.0036612186951237
0.024571602808185
-0.0146446861840341
0.014930475214844
-0.00463492996019776
-0.0234173718715185
-0.0140281521788607
-0.00483591276879303
-0.0307768846124064
0.0114082768277968
0.00179610601629276
0.00537865740994459
0.03595116576145
-0.00612821059362967
-0.00436461838338986
0.00869807208345619
0.0080021243376458
-0.0181357383703715
0.0197950580623472
0.00157197049514002
-0.000272915258021089
0.0170648464163823
0.00926177852349008
0.0131666174635385
0.0158178195338814
-0.0169929891582868
0.00880765747868839
0.000195458696780282
-0.00130282721981712
-0.00841428489223517
-0.000460511762649385
-0.0213886150981628
-0.0126428381837829
0.00435907893670096
0.0180387079460806
-0.0373034318313159
0.00816491120495666
-0.00864787251848742
-0.00117694542817848
-0.00769390704390649
0.00831239149727891
0.00665044655418989
0.0113550961579394
-0.00483129399959803
0.0118974700854702
0.00939252620472586
-0.0490694989600516
-0.0824358095930486
0.0152678077418384
0.019270029180533
-0.0243179039028061
0.0253799076574508
0.00192674519154079
-0.00281057698544174
0.0125351425029967
0.0128195741271546
-0.0131635546493403
-0.00549692164325821
-0.0146658189304175
0.00486169794005309
0.0141421206933179
0.000660521100917633
-0.00198026263694484
0.00213121176660191
-0.00645354204712867
-0.00944788188508661
-0.0174366322824879
-0.00212345668039249
7.59537912151664e-05
-0.0275856608430934
0.00586126919241381
-0.00815789715558002
-0.000470045418453857
-0.0168495378816542
-0.0112395060479754
-0.0175749756725656
-0.00697520919928429
0.0258656057207569
-0.00233608025081422
0.0322971341509428
-0.0183026674744258
0.0270894904455501
-0.00240476293833625
-0.0137636385491305
0.0340612783401202
0.0068624402682016
-0.000454358187330084
0.011212939949506
-0.0119877574586967
-0.0360961111737359
-0.0132955942624844
0.0205708981114798
0.0335155703125001
0.0149672016386
-0.00513891397515709
0.0322652862364832
0.0104431286564881
0.00165072846263215
0.0091716682311791
0.0118574201038744
-0.0101747038865589
0.00269391752011772
0.0248869128268252
-0.00103483024804207
-0.0127752988436615
0.0174874082092065
-0.0140932414502084
0.0111567600263089
0.052617090290914
-0.00321020049272924
-0.0212290248266458
-0.00664789828965751
0.00736842460338649
0.00973021715930167
-0.0106333886446908
-0.0195471760444407
-0.000479638234054058
-0.00945920905791486
0.037990486401996
0.00373332000000004
-0.00464928938163245
-0.00834111832149265
0.00127852768132342
0.004301068461672
0.0348634363642473
0.00905275819150697
-0.0133290737584927
0.0235760536235887
-0.0059010657651879
-0.0079785537496464
0.0263157705097898
-0.0203748987641809
-0.00671949336744837
-0.001675214150335
0.00322684743259471
-0.00418137029619881
-0.00665374018112908
0.0159978665279867
0.00614482509491965
0.00165401741008941
0.0081931281332448
-0.000692957014836848
-0.00485408797660947
-0.00316736346656932
0.0109303570733963
-0.0065376476422222
-0.0141735642825548
-0.0174582859282744
0.00999476731127813
-0.0019403854735115
-0.00680450400887178
0.00280573544322493
-0.00247253559148231
0.011871417544471
0.00599492664233447
-0.00666406518856943
0.00251580434741827
0.00360335232987974
0.0279540999682368
-0.013285130502275
0.000505701653079171
0.00638105892330731
0.00665461137913415
0.00467726830019566
0.0118559213461482
0.00987669498425525
-0.0163406759913945
0.00352008290397454
0.00190767999999997
0.0173208465981309
0.0108071783249659
-0.0120654881384002
-0.0140869835823573
0.0119580359127598
-0.000606023497611852
0.00169778682631327
-0.0118643585689654
-0.00563586113587777
0.00412763658887716
-0.0027609791164801
0.00239940947948725
-0.00638307275935379
0.014763110845408
0.00779156931940328
-0.00610047724209328
0.0123974048180358
0.00126062191633647
-0.0228417142174752
0.033805723240514
0.00801190504451044
0.0101265878083041
0.0336305226122653
0.000451122148440675
0.00140908580102672
0.00467159345608814
0.0186554733893558
0.00148492546351076
-0.0195497687133519
0.00162433634687109
0.000726975331577728
-0.003017484236017
-0.00470797001129875
-0.00247777336999933
0.0064355877070994
-0.0106013013832248
0.00663302345163008
-0.00867309088390511
0.0176684520470753
0.00122816386902902
0.00886532448736022
0.00845583609532619
0.000767249406657289
-0.00350473685173469
-0.00368191458107425
0.00259239377949716
0.0060515540286834
-0.00864002867173463
0.00474378638207562
-0.00510564386842638
0.00562853986519962
-0.00784683363019001
0.00647087004558222
-0.00362671180628005
-0.0082726667885028
0.00861966377300827
0.0137288750545537
0.00179484933212848
0.00868663327339569
-0.00414440512950565
-0.00653986581904942
0.000598444051993274
0.0143540671417364
-0.000964799538644923
-0.00246811346528308
-0.0029582777856958
0.0029670551590617
0.0128012318502715
0.00138074878310013
-0.00965206310619504
-0.0102281404565668
0.0103338363865839
-0.00498022370728757
-0.00150691030091932
0.0235541153643837
-0.00731963688213699
-0.000212158511807337
-0.0109301055291022
-0.00123389836953169
-0.00902348836160927
-0.0191327859078591
-0.0153616565432854
0.000617324197571989
0.00325295563791994
-0.0158766319354698
0.0182913095207859
-0.00842349125358399
-0.0048944866385372
0.00163949000340646
0.00857935326047699
0.0122558787592382
0.00608132999554045
-0.0129684638524775
-0.00189286276285661
-0.00384874500138743
-0.00559941778597717
0.0042232108614948
0.0131209882947401
-0.00940888347278157
0.00290537496715548
-0.00401114763231192
0.00850209200415097
0.00726565711704397
-0.0297891303904569
-0.00522132812522125
0.000456424009906531
0.00387769158372664
-0.0128947346640715
0.00040278528163018
-0.00115046597216917
0.0125547570407438
0.0250255592357018
0.0148706746483704
-0.0062329088977443
-0.00819757394909704
-0.0166417037412392
-0.0402775361814737
0.0106976544202182
0.000290799656134988
0.0139534534883721
-0.0137614339596823
0.00755815697674422
-0.0190421404666681
-0.00782354117647066
0.0120353294840261
-0.0138839779827294
0.0108120476348594
-0.0332647029067776
-0.0303362201247425
0.0164263009404388
0.011349691936519
0.0106733345040659
0.0161727830957126
-0.0035037472742071
0.0168056731202799
0.0209823121844541
0.00637199207299655
-0.000684478930859433
0.00496601398520458
-0.00482784851559537
-0.000799041118695887
0.00182779452336446
-0.00439023892120549
-0.00870455299234196
0.0134603519308947
0.0114576131802047
-0.0118350201551507
0.000855532128562375
-0.00319113330699372
0.00125765168240766
0.0170711110615283
-0.00993602789904591
0.00476278292121068
0.00490940108139615
0.0208894932514656
-0.0222222658599186
-0.00202520820277929
0.0120631289311093
0.0141473159130623
0.00510760649047004
-0.00601055150020635
-0.0020889725229184
-0.00473751448651749
-0.0029335197092325
0.00199845121571252
0.0034348753462603
0.0128092262811734
-0.00915834595335419
0.0156800510475366
0.00595853959179582
0.00700009666145784
0.00582862429358388
-0.00313668783189724
0.00325315991822195
0.00441208814618577
0.00820324437475373
0.00262467191601057
0.00125657068062823
0.00214384537377521
-0.00177404649436086
-0.00418171035682102
0.0283450167535828
-0.00229695773984051
-0.00250693739103358
0.0100015232599808
0.014218987550467
-0.00390546262815217
0.00100531314963992
0.00813496037026695
0.00189282730356699
-0.033210659407431
0.00035993004978141
-0.00550039585411199
0.00304970525510218
0.00288584381006163
-0.00149012896824352
0.00066894810270357
-0.00488555934511015
0.00614988113695092
-0.00493094658245463
0.00727818628561772
0.00563700935552425
-0.00458626669928985
0.022780777573068
-0.000450452991406891
0.000500781179280763
0.00010012011861682
-0.00380346798806785
0.00135639507039476
-0.0059700144888376
0.008832138936268
-0.00130068538346417
0.000851565374653918
-0.0123123471624772
-0.00152023414452696
-0.00020296894752736
0.0002030101522843
0.00182704533490297
-0.0017223708730203
-0.0039074647712114
0.00168119624926555
0.00137322758044012
0.0068058154645021
0.0114513648075742
-0.00678304738154623
0.0120517927691666
-0.00109152529344392
-0.00660640747941166
-0.00310020493274155
0.00481520300986116
0.00359407474073703
0.00532201931874621
0.000494785288313482
0.0132034318405527
0.00400218655865192
0.00335417323669618
0.00605620172644006
-0.00149288711272477
0.000289370122299015
0.000916113816281205
0.0109831834092813
0.00281132136111206
-0.00498908564609146
0.00467979075154412
0.0105993441256682
0.0221992338961348
-0.00119625473812934
0.00271787356994757
0.0029862131022762
-0.0039391717315217
0.0034028785807958
0.00252063706490335
0.00475425371428573
0.0843078146874503
0.0107837861887945
0.00303041223392597
0.00612536640438233
-0.00551218003672116
-0.0179103329316334
-0.00286397262371141
0.0174445828933474
-0.00784623032534404
0.00355659643590545
-0.00371080309724492
0.0132245408649243
0.00280860764607582
0.00440713386403857
0.00492084390666436
0.00461113200531393
0.00231525649039166
-0.0142243275697911
-0.00369987255909554
-0.0215804038395609
0.00969974295082121
-0.0126973228025838
0.00698026044969402
-0.00773010548136843
0.0276895463170368
0.0058089359503799
0.00159744409600004
0.0138224553789819
-0.00588926213723906
0.0158653035000849
0.00647066222051973
0.00484165814495841
0.00671404826280475
-0.00353077293520843
-0.0220078582677166
0.0088965458895125
0.000837949901004498
-0.0152294660508754
-0.00149789890081176
-0.000162151314312853
-0.0110706039479983
0.00582276634729095
-0.00415829845940763
0.00208783310127592
-0.00433041099898035
0.00373380927402844
-0.00425135502082008
-0.00361258267765652
-0.0112067979133633
0.00387513221644364
0.00979578706455086
-0.00147978050591824
0.00679239672972498
0.00249411613256401
-0.000530181922307138
0.0108140949502458
0.00573273321436485
-0.0110789742108014
-0.00284135816349518
0.00272733855365415
0.00527748544409956
-0.00597670302514441
-0.00016247410511816
0.0191784201406753
-0.0584061271904787
0.0157930862501126
0.00512690166934426
0.0152193705532859
0.0272456111044941
0.00759504942890166
-0.0132601918515339
-0.0137183258557706
0.00178421325748057
-0.00740765079280103
0.0159047097943275
-0.0526674800181949
0.000508479162073083
-0.0156706492072736
0.0316681720809231
0.000333661419966491
-0.0166770894306336
-0.00182322658071088
-0.016226285075408
0.0237909967929795
0.0145501960501446
-0.00182907799990928
0.00378978851802825
0.00265526699023044
-0.00140686060666906
-0.0195168729994873
-0.0111993663088362
0.0151728981699666
0.000631500494585602
-0.00702654106135847
