0.0138267998493729
0.0302446525432065
0.014483733288954
0.00199565552652481
0.000383047362351174
-0.00114858721643596
0.00367982208402595
0.00106935534783625
0.00663814293664178
0.00811041504413645
0.00278191729323307
0.0067482119947595
0.0169807025551292
-0.000366188201401996
0.00432231501831515
0.00452265678087826
-0.000145269036258222
-0.00464811526402609
-0.00109455670716041
0.0132214249768339
-0.00165821489721352
-7.21764896642885e-05
0.005344161151555
0.00574662710849516
-0.00542814818327797
0.00337523159784547
0.000572588029111198
-0.00665241759687241
0.00633689804626281
0.0169588193202146
-0.000985076026775777
0.00760671947053737
-0.00258629949093114
0.00231271984984627
0.00160813867688048
-0.00642232460732983
0.00498834391922509
-0.0195049855742093
0.00827097326203208
-0.024962866134987
0.00224831004321469
-0.00636807285088525
0.0147112666915923
0.0160051386491762
0.00148351231256716
0.0101573179048509
0.00656369634839837
-0.00346860923213077
-0.00146183089990248
-0.000697197424746165
0.00104652577219255
-0.0121263150001284
-0.00098764726631384
-0.011369260565149
0.0132143285714286
0.0174127662708734
0.00859195496020182
-0.01538878147003
-0.00558193525625494
-0.0100337353344446
-0.0126160468528187
0
0.00294309816873284
-0.00243340965907946
-0.00172195430757816
0.0153083585978753
0.00552133487587358
0.00605421317731314
-0.013435021665803
-0.00971707178817394
0.00730557252920683
0.0167093715636333
0.0210503874029517
0.053082191780822
0.0141138081300813
-0.0438045285249425
-0.00261586297178529
-0.00780096855012036
0.00460897405627492
-0.00512747264115865
0.00203436854577133
-0.00446662846733314
0.00292313380327114
-0.00203350506360411
-0.00380355916059394
0.00593164936158264
0.00576119045905044
-0.00121296584145136
-0.00492551761366555
-0.00562789546048004
0.00211396530981101
0.00666844687888446
-0.00385296060763884
-0.00135710800560185
0.0271794527033968
-0.0107825958957808
0.0076233787171569
-0.0167241114751048
-0.00512965698894008
0.0138399462892786
-0.00107068387218023
0.00475620314011382
0.000266644434074204
0.00599876028793411
0.00251775669266752
0.00845944099477158
0.00222817359533845
0.00137321656713851
-0.013386463454267
-0.00681711580692612
0.00273226046557706
0.0126270617888811
-0.00570975276333108
-0.00831679867986801
0.00925186337686834
0.00573761769644454
-0.00472131803278686
0.00144947293088338
-0.0209868552631578
0.00557758894667804
-0.0041432438127722
0.00335525423821625
-0.00300961067390015
-0.0131482250483828
-0.0172659505318065
0.0120356292159549
0.00703983332704317
-0.00244332842251482
0.00217721464627063
0.00556681590834707
-0.00783140723168396
-0.00238164114948625
-0.0146647158129412
-0.00976051454850047
0.0163578885069997
0.00247610566391177
-0.00857632933104635
0.00186853979238744
-0.0014506181819266
0.00913120516230226
-0.0110364748068114
-0.0013862687631172
-0.00576110196204827
-0.00446801855389478
0.0156381199591253
0.00158804112976529
-0.00220593550539006
-0.00863617491238855
0.00313608602912785
-0.00180637068491907
-0.00299271311907701
0.0151483280977311
-0.00797691525205491
-0.0115763140016745
-0.0014026019048351
-0.00695277060855937
0.00516273713561843
-0.0104130792087147
-0.0132953791665287
-0.00526009515247228
-7.25099585835443e-05
0.010069545570029
-0.000788825973762952
-0.00387602621926364
-0.011168778002369
0.0054652774310362
0.00652274986295853
0.0116647101215182
-0.00142346619217082
-0.000784041323220852
-0.00385197226832201
-0.00938058042451462
-0.00643341785263618
0.00443798481858115
-0.0171664206456096
-0.00464296551487986
0.0105879388507024
-0.000732698339339977
-0.0037392331090198
0.0340005507064853
-0.00427050533807838
-0.0032165619678296
0.0234492941581059
0.00938899236694946
-0.000902436497326686
-0.00208426328485944
0.00487361258533681
0.00242493587715731
0.00248825005127018
-0.000689402956603913
0.0099351661386069
-0.0053285897892954
-0.00418956713504537
-0.00510383457121744
0.00207974350086659
0.00574197151694289
-0.000550295757659414
0
0.00151411559158743
-0.00467295204307439
0.0141535698468258
-0.00306349651483073
-0.00805795536659437
0.0068154002070564
-0.00246154529914533
0.00411272879644065
-0.00832822007207934
0.00564460643919307
0
-0.00314868240533051
-0.00315873778896059
-0.0100571124895931
-0.0328439341040461
-0.0433124957438487
-0.00195528313186977
0.0410669633978695
0.0148378904216013
-0.00185443254417639
0.000714583795239365
-0.0124955370404384
0.0153289584527341
0.000427275322992138
-0.0142369024554927
0.0213026941450807
-0.0123736130001788
0.00236255739216706
0.00742809825827084
0.000708904628665463
0.00906836028629243
0.00828482804180175
-0.00181042405257004
-0.0107429922256159
0.00987242803571564
-0.00391043204124697
0.0194882517835928
-0.00385063623017579
0.00469391884772286
-0.0137409821970255
0.00118424239949322
0.005914319469007
-6.92328942060172e-05
0.00899282663244083
0.0151515561829729
0.00229619088219524
-0.00303212039533396
0.0250067371245799
0.0152314185617455
-0.00220819638755465
-0.00878738499032139
-0.0160231351196686
0.0128804595002792
0.00191074647398715
0.00762858750004702
0.00874557493313177
0.00420554482667623
0.0189419938625479
-0.0152386284630526
0.00635669043416298
0.00657180518271683
0
0.00329617150406225
-0.00101089209635397
0.00651403385131655
-0.00219912669302391
-0.0103904846903562
-0.00559968204644024
0.00819094494935824
-0.0151697807330414
0.00805619984387218
-0.000127901026075072
-0.00249375920770989
-0.0149359102564103
0.018090707595376
0.0155960501552455
0.0148530493728558
0.00979846201550383
0.00165819564382241
0.00214586748696988
-0.00770874899434848
0.00123310313542002
0.00732805595989938
-0.0132045725247028
-0.000805383481667366
-0.00123998393378311
0.0160159045506463
0.019123877547796
0.00191841723168307
0.0104715177857682
-0.0541836576710978
0.0133984471988577
-0.0113678301534177
0.0113735280246587
-0.00339843681162721
0.00911403102361086
-0.0127795653962757
-0.0185461546541142
0.0107165632983492
0.0115439927946797
0.00297718173980477
0.000247313080630862
-0.00364757959814532
0.00930752024553194
0.000307408082935945
-0.00743658624512256
-0.0121362662538699
0.00244452812530827
-0.00925402404038123
-0.0229093724754061
-0.0175042363872261
0.0171586350854076
0.0086607871725648
-0.0252467195341116
0.00696817009493067
-0.0182138277026819
0.000531963564944338
-0.0109656010436259
0.0104824481025592
0.0220108850242422
-0.0189342375049223
-0.0151213623499229
-0.00518521212121215
0.0125905371309969
0.0102279500027527
0.000860276629839785
-0.0181818181818182
-0.0121212323232324
-0.0233128702790634
0.00495537412727076
0.0210431203193584
0.00625763824628911
0.000743551429720934
-0.00945632537406982
0.013637913957228
0.00309456453795764
0.0120716450132676
-0.0149758792664269
0.00033638077375242
0.00914593831498212
0.00199922033852085
0.0233439344018094
0.00552418293118162
-0.0325750256426123
0.00233836194794579
0.00326604681241105
0.0150809788710875
-0.00778838310438301
-0.00461749322094362
-0.0180914255039666
0.018762226074944
0.0139119313795018
-0.00117613849377063
-0.0010465624729038
-0.000261993308663722
0.00989058112124952
-0.000778278670696242
-0.00142802805956155
-0.00448519252431612
0.00515839393372741
-0.0111082628152752
0.00840832315334228
-0.0135496193586614
0.00818863539140491
0.0169646756660076
0.0150715643137822
-0.000126928929177872
0.0042517958592232
-0.00328596524486569
-0.011031452761845
0.00500031396242351
-0.0302354077888523
-0.0024995395810008
-0.0171446825114941
0.00986246877163754
0.00903535054383875
-0.00316046210296095
0.0116909119560467
0.000848762823643989
0.00247873445899405
-0.00611652812868102
-0.00864218251138593
-0.00990622123769935
0.0106056364808651
0.00719431744420551
-0.00543906924879156
-0.00217435587601356
-0.0218568208946536
0.0189022338857006
0.00318035527901994
0.000660398899401837
-0.0242228177751572
-0.00946965664149513
0.0146817397612438
0.00652804378566629
-0.0163145428766321
-0.00271882825988401
-0.0151308682174831
0.0089272871972319
-0.0150215179720874
-0.0160864408320428
0.00997950364396982
-7.00420477234287e-05
-0.00476562471419684
0.00394346890864972
0.0138176748493812
0.0357687439489496
-0.00420816893021714
-0.00207940700188614
0.025206694220429
-0.00662214118483762
0.00132012412778426
0.00349349400530974
0.00249599308670545
0.00491416606323436
0.00443377467672224
0.00532289506024863
0.00051657520877435
0.00593738636858432
-0.00647972048757672
0.0100735954405682
-0.00338830716517469
0.0037847007748073
0.00460123350207642
0.00585240469183979
-0.00689347352939129
-0.00936127497523576
-0.00835692348106098
0.0086867045470862
0.00951154204968341
-0.000254704605873401
-0.0059220073959122
-0.00550894237711275
0.00489529790660237
0.0492917264691919
0.0106292304941216
0.00773693776913764
-0.00263916745058079
0.00300697620283241
0.000959365637122955
-0.00317478132053695
0.00661012543452633
0.00364157374609198
-0.000475862493333867
-0.00589139515139114
0.00251420528259438
0.00298560934504333
-0.00238134189211558
-0.00847414776320932
0.00120380383522622
0.00522990663432843
0.00203323165869373
-0.00632608028558224
-0.00228231231231235
0.0025885384838833
0.00690479723377724
-0.00178892668674291
0.0027479511140247
0.00256161085093765
-0.00243619951900531
0.00690962571748788
-0.00183386779955685
-0.00189647370109591
-0.00267203247617043
-0.00125033931440588
0.00160956184798811
-0.000476145685605389
-0.0034536202994685
0.00125481595808541
-0.0161723810156551
-0.00564119855852729
0.000305026548741427
-0.0123185086551655
0.000802599372572432
-0.0362760759152589
0.0113308297848038
0.000506405886983252
-0.0153106353955541
-0.0139424184910204
-0.0180491560692698
0.00656937637497101
-0.0062627529004845
-0.000331716852470576
0.0131395313140947
-0.00209597173113207
-0.00367583182110276
0.00250349178156939
0.00348294017852324
0.00294693522489076
-0.00404828615272412
-0.00878513740762565
-0.00489453661095918
-0.00691254915744532
-0.0128505384418569
0.0340361368894115
-0.00983542095060719
-0.00350969483841124
-0.00332270077944441
-0.0034004201466975
0.00347898572637328
0.00193342216369685
0.00485757256359842
-0.00364206356009755
-0.00159514813793671
-0.000466029819824132
-0.00965699006288334
0.00275725627620571
0.00228016898745764
0.00394778194609136
-0.00713137863182922
0.0211451566010259
-0.00742828054918088
-6.62891560272438e-05
-0.00079477416332685
-0.00729156829317534
-0.0126201927290397
-0.00818280273831073
-0.00265921170982641
-0.0124427903892038
-0.0152993564963522
0.00913939787895823
0.0177651046701668
0.00479154643826529
-0.000613093564218792
0.0181322703094535
0.0176754082908717
-0.00559214473684211
0.00654981832152757
-0.00617853297080662
-0.00555552921075775
0.00538705104158632
0.009922603822486
-0.00700852828988696
0.00184695902980381
-0.00414804437226624
0.00152063471074371
-0.00904406546195047
0.0108587301921341
0.00230651765168988
-0.00210396481304409
-0.00500763642333435
0.0188067750085019
0.0243093263187784
0.0133891811254312
0.00394492806408753
-0.00349278359018546
-0.00488201151950907
0.00704444282519523
0.00187373054853701
0.0190137954238814
0.00244704504386828
-0.00500432073108559
-0.00594937464208556
6.16708802883004e-05
-0.000185087608772339
-0.00641782154116965
0.000745357454361883
-0.00633031693879738
-0.00237339952299431
0.000187810685226664
0.0197171325650078
-0.000491080952892076
-0.0114229624587243
0.00428653162523118
-0.000742366677165096
0.0020428501566172
-6.17409051009155e-05
0.0120474298032409
0.00280816803379724
-0.00346993964887221
0.00329876609588453
-0.00748910108715595
0.00404884988800824
0.00287163808726865
-0.000426416476339675
-0.0122509228636773
0.00734297182948263
0.00428788361408872
-0.0127477647956284
0.0388607003653731
0.00101107942947665
-0.00766402059382043
0.00293363469396901
0.00537245689177501
0.0150813978753284
0.0060832531435262
-0.00023251744186048
0.00971154880215863
0.0078903125067582
0.00428571428571423
0.00062589473684227
0.0061412543719932
-0.00243024186243646
-0.00373910270633682
0.00972415093349488
0.000337897052690828
-0.00247720984340749
0.0038379502588648
0.000674659841028546
-0.0433756667799903
-0.0207329913289379
0.00161940866357368
-0.00455086826347306
-0.0028272436589496
-0.00241303607617704
-0.00495852950833064
0.00419326640790141
0.00786727160895451
0.00312240315754075
0.00448940505793605
-0.00220485075031118
-0.00394172833323303
0.00539629455208224
-0.00465171178770274
-0.00527255860776121
0.000782977935598561
0.00373162818170192
0.00395748026725484
0.00274745278165289
-0.00119123831789403
-0.00590378071556108
0.00329935818775096
-0.00149476831091178
0.0180838562874253
0.00352894357066358
0.00351662183555934
-0.00344583574672441
-0.00269593264092105
-0.00781572554287735
0.00509358576388497
0.00253393051032291
-0.000411491200508762
0.000529201464532392
0.00364390256751945
0.00913508206043034
0.00203093481075922
0.023859220332491
0.0036764365892008
0.000394516771955677
0.00191526020921007
0.00410432360224711
0.00688734547034753
0.0146256806674465
-0.0123321459961439
-0.0419533747273038
0.000231661261768323
-0.00770203297379091
-0.00052530491303282
-0.00221879020841964
0.00403793293428323
-0.00332229980033749
-0.0108187485380118
0.00928174434342588
0.00538892920929634
0.00442784318589973
0.000406073099979309
0.00313094449393558
0.00994162793889442
0.0179133810545042
0.00595972671786948
0.00843949819404766
0.00110852966668351
0.00188227863914414
0.00613361879795771
-0.0034600449971437
0.00413337014273973
-0.00433585627336763
-0.00567774090341777
-0.00410248353191933
0.0048429971322812
0.00642625357116655
-0.00886222280907378
-0.0719204550918633
-0.0165759379057152
-0.00876233439849916
0.0015346839116519
-0.0205945517840471
-0.0166467746199851
0.0195379106619387
-0.00586767801250332
0.00571394592848007
-0.00930264730352304
0.0078774896341216
-0.00694044925019155
-0.00503716764097617
-0.00588538144828799
-0.0189699858417465
-0.0201803969879931
0.000728483443708683
0.00423531861402071
0.0121911433278419
-0.00390628890991063
-0.0010457777777777
-0.00876731245138229
-0.00171613861386144
-0.00165300179671379
-0.00364264508766654
0.00372240090770548
0.0143708476821192
-0.00705100224653643
0.00282732599979818
0.00242587850968046
0.0367584278681303
0.00763362587955418
0.00976707982865599
-0.0208953064291625
-0.00930911254995592
0.00326000379365898
0.00509718391393155
-0.00564183201267821
-0.00140253728546147
6.38087338087345e-05
0.00804347301794328
-0.00652269630744851
0.018357916294049
-0.00744859812996368
-0.0093965121663897
-6.36299966434439e-05
0.0103774745486578
0.00422178961981956
-0.0504485991858128
0.00740101093767231
0.000655992141475714
0.0066207471657671
0.00573068514887565
0.0148925341246757
0.00956998821073163
0.00568752509834658
-0.00175944452531995
0.00264382473471092
-0.0123681630610758
0.000317862822679649
0.0170309607458632
0.0184329675645512
-0.00380397558733747
-0.000431064865155539
-0.00856438061803377
0.00403948781208174
0.00798469928181111
-0.00841271077386396
-0.00117663490653042
0.00644806897598404
0.0107189366017504
0.00213318086833492
-0.00316265664958837
0.00237949368076262
0.0097389133128758
-0.00488273557708552
0.000787527249969333
0.011258397925012
-0.0597355035724634
-0.0157870969708345
0.0146173855855545
0.00637470537307028
-0.00411727383661464
0.0167281833308219
