0.010576995700817
0.0168886532614498
0.00350881871345021
0.000466107204377231
0.001165028013282
0.00465434012905885
0.0106556178205057
0.00252122387070308
-0.0066301094362089
0.0105868582143416
0.00592115691186534
0.00362245884638712
0.00293248351308439
0.00922177258708423
-0.0040115891243947
-0.013202081297876
0.00657598669278858
0
-0.0117143503427428
-0.000455915214404246
-0.0022804562043538
0.0185143085714286
0
0.00605926826617442
-0.00267684574272375
0.00268403047828292
-0.00535360225948678
0.00112130522538689
-0.00425622769391198
0.0186726205023031
-0.00485861318150638
-0.0122060139324008
-0.0161760735194822
-0.00319705404893678
0
0.0114547531979494
0.00203850500391822
-0.00384272134526564
0.00794186521443163
-0.0150832514670531
-0.01531424
-0.00835656878567459
0.0107677666018779
0.020148193608152
0.00567536902781773
0.00451469536150562
0.00269660674157302
-0.0011205513473902
0.00583356517837119
0.000446040577914752
-0.00579705711469591
-0.0132316662928909
0
-0.0152272272727273
-0.00669284529458369
0.0441449339185658
0.0131286162244908
-0.00285519444004367
0.00330389853286794
-0.000439077945973199
0.00109824294087968
0.0111890736643672
0.00998045129095249
0.00837808825731656
0.00362168733748791
0.0067925916622249
-0.0153910815939279
0.00128473230653681
-0.00449099677035925
-0.0156820411532125
0.0139676778699258
-0.0154971376559867
0.0128989937516837
0.00906535682860543
0.0145454545454546
0.0103309719586759
0.00396500433910707
-0.0116400330151728
0.0100946374362698
-0.00416400175232146
-0.0022998326447905
-0.0176026819446211
0.000426642482366901
0.00895518085478963
-0.0145815511411665
0.000214411318584462
0.0122212695587751
0.000211861898154142
-0.00105893686872227
-0.0148398776697001
0.00258228959366713
0.00343421335050431
0.0042780962566844
-0.0136315226063574
-0.000647851421985535
-0.0254969970937121
0.00864753918614358
-0.00747416981867788
-0.00996679911553489
0.0129753464658757
0.00110430656149085
-0.00154431936711574
-0.00220941238221017
0.00620015500442883
-0.00308098598329631
0.0099337971287814
-0.00131149726775959
-0.0065659883249285
0.000220378942947352
-0.00792953709561517
0.0188720688527517
0.0122031382044701
0.00215280942620422
0.000429667033934766
0.00128840455228696
0.000643341182857693
-0.0115731033004715
0.00238510412803783
-0.000432641142115386
-0.00843971020211454
0.00654733740724578
0.00845617971500823
0.00129008820856114
-0.00128842602533819
-0.00688021960353558
0.00454650367063225
-0.00754316777831177
0.00130297505543919
-0.000867512451365959
-0.00564356414152378
-0.00458421731970715
-0.00285081152854427
-0.0116560806761364
-0.00511793513836079
0.0187877436543891
0.00417130634843699
-0.0076520110340178
-0.00418590007018949
0.0061946680045426
0.00769573438874249
-0.000654658492050708
0.00283844984363424
-0.00261264968430219
0.0146256054436671
0.00796037005163508
-0.00128061905146726
-0.00149604613173637
-0.000428082182618139
0.00492503201445316
0.0208821649264861
-0.00354827802128987
0.007959718979484
0.00561097268518229
-0.00103325069297888
-0.000413736036408818
-0.0134520281456953
-0.00608342798755723
-0.00654286605017163
-0.0112598045464203
-0.00558663503251755
0.00626622744741212
0.00579772385656008
-0.000213450042698571
-0.00213542591776961
-0.00855976888508447
0.0263327638103705
0.0044163828478736
0.0100503354292434
0.0006218490621126
0.000621483322974958
-0.000206997933892339
-0.00579836393045408
-0.00645692590947411
0.00314459112904419
-0.0175548596679146
0.0136142103218129
0.0039873660446017
-0.0037625418060202
-0.00818296265211904
0.0150200973133063
-0.00854522717799078
-0.0094597645574942
0.0106112056581324
0.00440997489311168
0.00627219292192382
-0.0112196340905956
0.00903551166211392
-0.00354023323615171
-0.00501561149490548
-0.00315064055554193
0.018120543997483
-0.002483423013245
0.00165970950913463
0
0.0149130284779004
-0.00591838775510201
0.00944362573277813
0.00284732572085922
0.011559521160829
-0.00400964306315876
0.00644122383252821
0.00980004000000001
-0.00415929870630627
0.00397774470918355
-0.00316957210776536
0.0015898648648649
-0.00277785703262468
0.00875453675903448
-0.002564122237394
-0.00672335376705568
-0.00238899064304199
-0.00957892617084555
-0.0205520850180922
-0.0329150990965829
-0.0182938956942734
0.0277356000981321
0.00611429475015823
0.00167640398834012
0.00397495824215377
-0.0233382569977805
0.0192020699637736
0.015909545740004
-0.012157428645321
0.0300375892790485
-0.0133657348447602
0.00882596451506634
0.00508646978284966
0.00222663958596603
0.0153504752716815
0.025661448179829
0.000193929398876413
-0.00795035873569916
0.00605944096950761
-0.00680011644064282
0.00469487489622211
-0.00428352795398101
0.0103636881181792
-0.0168376046772829
-0.00413383866405181
0.00177900770903339
-0.0130228887134963
0.0115953218712515
0.0150198227280562
-0.0114875581875474
0.00137876698837891
0.00963811959087324
-0.000974147633970524
-0.00760530436047768
-0.0115936335546009
-0.0163021673221108
0.000404203718674223
-0.000201979797979868
-0.00181854912836732
0.00182186227441838
0.00444528169548275
0.0346007047797365
0
0.00349992222438256
-0.0081379963546212
-0.00781398725950366
0.00807245504878029
-0.00800781234359749
-0.000984426048741383
-0.0100512806444115
0.00418074855663964
-0.000792961950693116
-0.0323413082404242
-0.00205048185359857
-0.0076021987919539
0.0118012424803571
-0.0116635975376223
-0.00683225687023303
0.0148008960850343
-0.0131470624486443
0.0208159862444632
0.0087683521866162
-0.0131392962777583
0.0198689266693977
0.0309299250666817
0.0231832837255685
0.0110433739527798
-0.0161957821542668
0.0109111596128959
-0.00227233474205013
-0.00474473343603599
0.0129672008574981
0
0.0069654180528127
0.000747747214516759
0.00205492251176786
-0.0121177668180047
0.00490654822017178
-0.000751192488262831
0.00958470230379072
-0.0107967607818921
-0.0175009412401381
0.00861905781687522
0.00930501329282185
0.00790212576097371
-0.00466679111442969
0.00506376594148539
0.00167941780182868
-0.00875560730253344
-0.0124036837512439
-0.0169362324821358
0.00367785520712349
-0.00173577634467792
-0.018160703947477
0.00570643447461627
0.00567405584672165
0.0404668855849459
-0.0129020007479431
0.0132601058295112
-0.00934754124705395
0.0252877891946486
-0.00423346201975106
-0.000184805921804254
0.0103531521538176
-0.000731948738080579
0.00988831697695813
-0.00271989110716619
0.0132727272727273
0.0122016867037502
0.00797732671512152
-0.00967288058964333
-0.000355176694101011
-0.0168769050119575
0.00903505601734733
0.006984240687679
0.0174284012093189
0.011886034117917
-0.00967346708712158
0.0158730153192739
0.0206043433858398
0.0245626350027361
0.000985172381439359
-0.000328083994883266
-0.00311780444893017
0.00246916872427994
-0.00607558272329789
0.0345283336284212
-0.0102203610702709
-0.00371087447563723
-0.0103643562753037
0.00572734403980801
0.00667100564059564
0.00129306612725166
0.00161417269387942
0.00741336031286655
0.0118381382766961
-0.00252964426877467
0.0142653669361228
-0.00750123433345096
0.00236186434772034
0.00926798617656299
0.00186775097276271
-0.000466164340554687
-0.000466241869210071
-0.0157051629825893
0.00205372831048534
-0.00409903830994796
0.00332441042660792
0.0124644523120157
-0.000155742563682226
-0.00576687931627939
0.0214767671817406
0.00475747361832557
-0.0163433478487345
0.00310552785386564
-0.0114550622741506
0.00548070771248499
-0.0049836474845607
0.0014086868274954
-0.018286949046577
-0.0167171307639368
0.00420987707933529
0.00515962592712027
-0.00834135386589674
-0.00679388547395665
-0.0255700317403899
0.0135383080883067
0.00659633915891056
-0.000819118597327639
0.0106574352957065
-0.00243343611994551
0.00357776862651593
0.0152325881580391
-0.00845974434286534
0.00402446883490781
0.0110630433070875
0.0136377574748214
0.0159575098860298
0.00754539551754241
0.000458489989301425
0.0158875804443566
-0.00601506766917292
-0.00332830569828457
-0.0314207057416837
-0.00532831836188186
0.00803527638198709
-0.0637698968427634
0
0.0168614017742437
-0.00426856017074362
0.0100576418777365
-0.001142654297834
-0.0101323583940571
0.00808982994881946
-0.00540453643294247
0.0158076568417587
-0.0043767386023138
0.00455882463558521
0
0.0131279900627554
0.00303956176738307
-0.00925043047447482
0.0048293465040139
-0.00977246106287921
0.0152078787379408
-0.00494025498007966
-0.000480445235112925
0.00705012017304929
-0.00413680204094824
0.000798833679501509
-0.00383136979296572
0.0187499673477574
-0.0128991662733994
0.00111553784860563
0.0590576090417065
-0.00706449732548486
0.0171057225887292
0.00535795489334845
-0.010658785611009
0.00404004177644657
-0.00581220583642938
-0.00359763159342874
0.00376109517434786
-0.00284775175587892
0.00135283332861613
-0.000750570365480208
0.000901261829653111
-0.0307668481509914
-0.0192010213935885
0.000631528260182979
0.00568004093278573
-0.0177282862338159
-0.0186871423305039
0.00244142256577851
0.0110407533690533
-0.00353301750441626
-0.011925834197032
-0.00717667579225778
0.00410711358809124
0.00327226772369538
0.000489204174820568
-0.000162966590479652
-0.000489060971633593
-0.00358833789612878
-0.00212802422655101
-0.00574143710205777
-0.00791948510279672
0.00498917337453553
0.00645374813834199
0.00345279513317975
0.00458794043237654
-0.0140270752890707
0.00463191059335122
0.00658654701136174
-0.01063309323355
0.0105819940476191
-0.00638087379549868
-0.000164646797299439
-0.0627470510087773
0.0144087155157266
-0.000519643166464467
-0.0102253031156794
-0.0166345820935987
-0.0215455662393161
0.0189263144872371
-0.00982323594130241
0.000901930030698495
0.00522611262475725
-0.00717099331608084
-0.00126399419891665
-0.00524319281787744
0.0123591603053435
-0.00556556542970255
-0.00902690032545406
-0.00564760440239764
0.000549633545267936
0.00585971423073217
-0.0100127252867286
0.00588451625810005
-0.0020109871661611
-0.0172192342919949
0.00167753954603755
0.00297729799116864
-0.000556641908844413
0.00519775394835253
-0.00554023986924324
0.00928505141262947
0.00938368019811153
-0.00966093675426649
-0.011963960538783
0.0135991058122205
-0.0161735158978129
-0.00635157867273628
0.00225610081323735
-0.0033764771454422
0.00583470721184431
0.00411678525667636
-0.012299664554603
0.0228301698113209
0.00239810002579044
-0.0171144644828857
-0.00954873619172436
-0.00321364827169579
-0.00227572539351417
0.0235696060906747
0.0326834366827646
-0.0116885809802448
-0.0300217982172817
0.00356404045087144
0.0183177570093458
0.00844344713656398
-0.00891878429047654
-0.00422405869193643
0.00018441534148983
0.0149364005163193
0.0359738183871037
-0.0035075412136093
0.0123196057726154
-0.00260780598052857
0.00488065199373633
-0.0131830524481161
0.00457027605150762
0.00839893233949485
-0.00156168659445288
0.00156412927417238
0.0180461041463456
-0.00664733276452478
0.0142416268744274
0.00422940273677197
0.0106132242147368
-0.0148358721508294
0.00609138768498774
0.00117726204468971
0.00487151024477606
0.00518223002340346
0.00133041740677831
0
0.00116259759446247
0.00348379236038143
0.000661216708176093
0.00693874123473881
-0.00787530749999488
0.0028112782733376
0.00692615446777944
-0.00212906973257343
-0.00377480715575251
-0.0156507575675329
0.00435143096234314
0.00233301124255991
0.0236076135126313
0.0024362676628229
0.00599479899554756
0.0032211467224994
-0.000802680995301341
0.00964007038431669
0.0044557447485678
0.00285171107179516
-0.00315957350962992
-0.00760695745188456
-0.000638725656958217
-0.00319592511358502
-0.00240463285661063
0.00417808131126463
0.0107216831262062
0.00189992083597224
-0.0107459072494612
0.0100639300339913
0.00268862881543575
0.00694003132681287
-0.0089285714285714
0.00252884463410763
-0.00630618004099015
0.00666352541113002
-0.0141844284604503
-0.0650679306965297
0.00803695280437755
0.00373192529716837
-0.00185899955582214
0.000846596667006372
-0.00236846553259229
0.00644390357056279
0.00235895542911391
0.00571524606773433
-0.00484708324094663
-0.00419885784012664
-0.00337326693585305
-0.00727703503130828
0.00630751789976136
0.00271048623937808
-0.00236526444273133
-0.00169344626068491
0.00695504653172097
-0.00892855443179652
0.00628929096415809
-0.00337839521320282
-0.0323728813559322
-0.0031529164477142
0.0121243718151467
-0.00277776051311662
0.000870525781172082
0.00226121056666528
-0.000867736911970396
-0.00799025534132369
0.00227632634781427
-0.00611465736846051
-0.0019335560192224
-0.000176100742798391
-0.00317068874405491
-0.00318077398833727
0.00159546179755377
0.0024778584070797
0.00688559334190653
-0.0156058217710997
0.00801569305336103
0.0106025622901573
0.0015737017236177
0.00384079964805872
-0.0026087304347826
0.0109852139837912
-0.00672645739910305
-0.00329914915783991
-0.00505228205392749
0.00752932923254535
-0.0118178656270791
0.000879335193820996
-0.00175714285714279
0.00756910741825179
0.00279524798059927
0.00783965129478559
-0.0117545380036141
0.00577229336268292
0.00243476521739128
-0.00728657195153659
0.00471864724364468
-0.00660986235484906
0.00525300288473107
-0.00818674446960455
-0.0203723220999706
0.0306562034897133
0.0109583749884024
0.00447353758557356
0.0077081362160305
0.00220970585722569
-0.0183174697815039
-0.00397372142408914
0.00537722444484912
-0.00396823678344105
-0.00433050407067381
0.00156576200417535
-0.00382146951537266
-0.0120313517709277
-0.00211787857394985
0.00619027226405611
0.00140625771499847
0.000351079509371743
-0.000526460764117775
-0.0335323039594857
-0.00417800189242512
-0.0027362641371762
-0.0104261939062079
-0.00277258790286827
-0.00685818337612265
0.00391935409035615
-0.016917642370001
0.000189069587952506
-0.0170163928344942
0.00307751478832419
0.000766960660902649
-0.00364052507454538
-0.00615384615384618
-0.00193494582043341
-0.0120202205498169
0.00294352439057133
0.00547834072630926
-0.000778381023124775
0.00740023397858747
0.00115988787937371
-0.0154469778828542
0.0309864274961198
-0.0123645044702302
0.00154087062946351
0.000192269230769204
0.00999809690436804
0.00152297737527074
0.0087435656958077
-0.00414550593555685
-0.00037835384591689
-0.00586791573469936
0.00361765041888806
0.00569150077198821
0.00320697993612451
0.00112828130876275
0.000187791127430836
-0.000751192488262831
0.000751757202626546
0.00676058215962438
0.00447672067754668
-0.00222837519882546
0.00483904708728833
-0.000555714000529117
-0.00500370654195159
0.00242132617659396
0.00334448160535117
0.00351849999999998
-0.0315556197002329
-0.0205792301829267
-0.0128404664264411
0.00137956242098691
-0.011021471934236
-0.0805969950248756
-0.0173159952961905
0.0279734789438997
0.0184272774127823
-0.00294550816211869
0.0111837731838735
-0.00396489999853511
-0.00733289335847465
0.00654280273231733
0.00125814638830257
0.020523560209424
-0.0135440180586907
-0.0156022467235282
-0.0171175401521555
-0.018275597431761
-0.011607512045554
0.0321294253904405
0.00193207376848115
0.00814229732771787
0
-0.00488839542802111
0.000854357112345161
-0.0142979510393095
0.00801043533254897
0.000644308405405747
-0.00236102167847196
-0.0208692340791737
0.0160405192722706
-0.0108131483212306
0.00546567531851005
0.00413128923108119
