0.0326712833241374
0.00719032882994197
0.0215956277279248
-0.0172956318205579
0.0289777955555555
0.0291983236144036
-0.00772199093503445
0.0409405846567317
-0.0091012190655162
0.0123011315023596
0.0367790175505667
-0.00625100777462073
-0.000314514860827231
-0.0261129463583452
0.0190599256985948
0.0139483436360754
0.00750345462711488
-0.00605118724830978
-0.0045269748525435
-0.00956562647012715
0.0118746041798607
-0.0219058363323422
-0.000639849644532009
-0.0232111569839738
-0.0445755653883974
-0.00188679248519363
-0.00171849117921441
0.0215183336202445
-0.00185372430064046
0.0108053182508865
-0.0131952065006715
0.00287742034944416
-0.00624470886075945
0.00118885867546092
-0.00169640370319923
-0.0414613098202654
-0.0047864031200141
-0.0146063237371985
0.00289226319595071
-0.00739005046863728
0.00617396041401852
-0.0292365818444325
0.0596765000989683
0.0408772280701755
0.00893306897242296
0
0.0106915968811963
-0.0028098842975206
0.00779043567742632
-0.00740133235857454
-0.0152443749873861
-0.00201916540467773
-0.00118022253953431
-0.018062187101209
-0.0166752111629779
-0.00472029712027455
0.0291586158440191
-0.00733913637139461
-0.00739339752407153
0.00415730122986324
-0.0124202343898528
-0.0373798951965066
0.02776261971035
0.0114760242139127
0.00733108732185239
0.00502514304323576
0.0106896379310344
0.0197884684371965
-0.033288692427044
-0.0249178573296789
0.0310559017233683
-0.0283992608743291
0.0147032415464439
0.0232193090645829
0.00648355218420837
0.00457697899383036
-0.00151873106711886
-0.0201115098905361
0.0139703518454639
0.00017006293298083
0.0418367183985837
0.025954946978614
-0.0124104697664429
0.0149830836152731
-0.00301585714285713
0.014806575150349
-0.0181989325949503
-0.0103867366447192
0.0151784111093169
0.117226007908796
-0.0122437503486261
-0.013260277310188
-0.022056704967232
-0.0309185973525883
0.010943264994294
-0.0157035838209231
0.014250387678141
-0.026267637770267
-0.00125467381601863
0.0199434202261306
-0.00538874543750933
0.0283282052113996
0.0168598976366099
0.0148038483432784
0.00481391663834052
-0.0172763509266702
-0.000443167367612185
-0.0042861510915666
-0.0236010676739913
0.0031924445605418
0.00848621028901997
0.00450781347072216
-0.000598354542957646
-0.0109264484635967
0.00907987260654153
0.01889625074985
0.00382683238661063
0.000146656897946684
-0.00689050002771585
-0.00147621793552455
-0.00827908054818294
-0.00253425752730285
0.0044835597379429
0.0104151913467518
-0.0309233673436392
0.0165628936806836
0.00717481293946753
0.00489762562619278
0.0112243687966973
-0.00934714459840602
0.000147338931229868
-0.0140034943398286
0.116011408521624
-0.0245144266707455
0.00741555891238677
-0.0239913164668577
0.0160614808955721
0.0142955463917527
0.00989288508073072
-0.0284486726428612
-0.0165746542382693
0.00800561831484359
0.000278723712361373
0.0151831172143317
-0.00658610071018528
0.00552487553798686
-0.0181318673846759
-0.0184666892081691
0.0391961209124219
0.0288026043723713
-0.0191974664925353
0.00516510806035075
-0.0171737261868988
0.000963126031920725
0.00481096907216494
-0.00273592346746709
0.00781891610922036
-0.0171498840730926
0.0185570422179344
-0.023249584367794
-0.00111350228917051
0.0176978395290457
-0.00862655085069908
-0.00870172627895782
0.0110073990946382
0.0115766816862373
0.0138964028911062
0.0173340638896549
-0.00937787623006037
-0.00293334666666667
-0.00775611136341425
-0.0094339222143095
0.00149661224489783
-0.017253158303856
-0.0323471955956426
-0.00528575714285706
0.0130691374293754
-0.0017012049659596
-0.0178925594402887
0.0159051176457421
-0.0123826213383825
0.00821444023943552
0.0168667812588164
-0.00126505483926143
0.0104151719740251
-0.00598969207424871
0.0148542178411686
0.00538525284134894
-0.000549388835307862
0.0145665115253473
0.000541798712127894
-0.0224719633489118
0.0236809170984758
-0.0197510692573343
0.0183549823123792
0.00121962323865521
-0.00703838685862435
-0.000817857131708455
-0.011732618892253
-0.00759253154079154
0.00890249003898314
-0.028953523079464
-0.00028391310521092
0.0122140740114147
0.00505121390702468
-0.00823671680455329
0.00506758157280984
0.0222688509168389
0.014385573760394
-0.0197190570000129
-0.00744007970680394
-0.0585785805305584
0.0196107637864937
-0.0575560937800117
0.000153475530258573
0.0512426664621048
0.0207239501192622
0.00443234188068797
-0.0126690249110321
-0.0393599186943494
0.0202612345907804
0.00397171209304004
-0.0164103003663003
0.0540742613171872
-0.0244488828589914
0.0102853688292823
0.00444515355449249
-0.00228413980224951
0.0197452857310816
0.00855900134245835
0.00612135529165347
-0.0127212112831857
0.0103641033511457
-0.00679230672015951
0.00474523364284063
-0.0038894153046094
0.0101799332056889
-0.0469354073181831
-0.00955973334936655
0.0153554116125509
0.0501224830764797
0.0139897948709482
0.0181252130393614
-0.0112926668510429
0.00779363095387331
0.00119994666666656
0.00213082978456947
0.0083720531561462
0.00988402780247877
-0.0137021406904141
0.0280496817134248
0.0137709143026095
-0.0106639206803575
-0.00513282432952655
-0.0219269575896681
0.020308597644505
0.0153805732694621
-0.00432786416313291
-0.00600870613642657
0.0100321414790998
-0.00496625499766024
-0.0055029435052848
0.0191738260091858
-0.00719696996958208
-0.00305224480677524
0.00408215338795959
0.00889346981188499
-0.0149855552204733
0.000383520833757034
0.00587858146964848
-0.00520894429181729
-0.0344828211564693
0.00873021187116962
0.0128507208798656
0.00142413261067142
0.042533950679611
0.0043402654308069
-0.00259290042209903
-0.0048279277646438
0.000248849362468606
-0.00547199326093806
-0.00350130044390007
0.0165641858058931
-0.00160480183669165
-0.0117457595850305
0.0276491805329664
-0.0177745193301012
0.00495788299454625
-0.0168969285422563
-0.00414003267017971
-0.0316199810388
0.00156101203742631
0.00493577100755349
0.019645805106147
-0.0058308911881213
-0.0178503251306898
0.00337533432916182
0.00737482200317219
0.00231184173758248
-0.00269091488094686
0.00475388655392828
0.0158568420405441
-0.00377647271459036
-0.00935048027988983
-0.0215561601643838
0.00443232961064188
-0.00986375042710896
-0.0260846503331413
-0.0144010761345461
-0.000682821220149177
0.0174911041268104
-0.0283373761527984
0.00995165196825565
-0.0302449568906528
-0.000846711814186829
-0.00663843192210045
-0.0116593200153754
0.0293483087513076
-0.022781340763885
-0.000715031484983863
-0.034922039433718
-0.0258045083790598
0.0360784887782464
0.00558336778088075
-0.0572765179054203
0.0127092225376266
0.0284665000591673
-0.129315467082536
-0.0762262716194249
0.0606846079682628
0.0249432400159344
0.00816889067967619
0.00742737989779285
0.000670258042895444
0.0631279460293377
-0.0281934311484192
0.00713124785848884
0.0296105733764171
-0.0168802438261956
-0.00604136705750813
0.11036465131158
0.00432156451517018
-0.028255894603329
0.0335054907749077
0.00585551296153297
0.00525348573051243
0.0036722456071081
-0.00802139060009532
-0.00950486620811097
0.0174735176167289
-0.00478609227497062
0.0131541731182818
0.00823682848960594
-0.00720027683189872
0.0143654957196162
-0.000137522337239515
-0.000962582495013908
-0.00550587734326557
0.00830447058823536
-0.0146877011582073
0.00919480369455017
-0.00676428749960567
0.00486457282270636
0.0276625161412511
-0.00632571979842333
0.0257348090008178
-0.000528205445865182
-0.0146650808649736
0.013408420128495
-0.00344008987986
-0.00624006903876784
-0.00921835695974227
0.00148318492539468
0.0226201705649725
0.00263337732587399
0.00210106363490303
0.0125802519350087
-0.0139768997273287
-0.000656293459606494
0.0132650776630558
-0.00868436788893412
0.000392246323525969
-0.00392109517916372
-0.00682321226641125
-0.00409571927346497
0.00557184951864609
0.0191292472640139
-0.0304206860841424
-0.0121495857903983
-0.00243276124970304
0.00596127912102107
0.00498320538720542
0.017421535080882
-0.00171228929695177
0.00131940887558502
0.00632499678910259
0.0123084321471087
-0.00698487923903435
0.014328592457806
0.0413508780781735
-0.000863226087716162
0.00876334270908452
0.0124800802956047
0.0099093655589122
-0.0026325475649156
0.00503898032487071
-0.000716223017174111
-0.00310598498513903
-0.0025164650395374
-0.00828922412996691
0.00339187146970765
0.00374256902710224
0.00252584799766464
-0.00743845248802533
-0.0108787739316292
-0.00415500417560777
-0.00490860240295998
0.0110988043457296
-0.00426880117743134
-0.0139637311852491
0.00894411180124211
0.00504796841851807
-0.0123728290716464
0.0205903738306734
-0.0464268357611429
-0.0304613692386104
0.0194558038648613
0.0186975750342653
0.00518992405063301
0.00528898097020614
-0.0145309278584258
-0.00216090001680191
0.00331212738853504
0.0270441460882644
0.00951916194238045
0.00330634321301293
-0.00732330037837192
0.00282793550158766
-0.00196169695835446
0.00282549133106902
-0.00318503013052918
0.00946289752502527
-0.00535673247329849
0.0104039905901099
-0.00436100529275563
-0.00523177989459112
-0.0031800635229926
0.0101840736196319
-0.00643749528877691
-0.009535525322658
-0.00641813156324855
-0.0011179627329192
0.00186536491155986
0.00955814323629944
-0.00196734287551092
0.000123222868626982
-0.0115792313377681
0.0154537017809995
0.00184086885711099
-0.0331985679235048
-0.0121642045657427
-0.0210364163806621
0.00773066037735859
0.00741124652652458
-0.00296854660679347
0.00996759870550168
-0.00256340691733181
0.0300694423027501
-0.00162181878134637
-0.00137449708077586
-0.0011260761042563
-0.00513596379466441
-0.0441953423368256
-0.0106706093705383
0.00426098546633802
-0.00543617092113957
-0.00173316886460018
-0.00908119694502663
0.00215638822734721
-0.0174825575916816
0.0104024366384461
0.0023028718504472
-0.00946069764726842
-0.0039568972034808
-0.00123282191780816
0.017418679609454
0.00552704232946866
-0.0563077788608541
-0.00284127010713553
-0.00199457181950224
0.0224125614955362
-0.00586436724946804
0.00182591299828272
-0.0113557406040727
0.0299205911764291
-0.0579650168510952
0.041508390573177
-0.00491156315151375
0.0590888980911635
-0.0356857532805792
-0.00262351567587737
-0.0221515427598694
0.0515361766191211
-0.0193886503051832
-0.000823904961584243
0.000687137585013042
-0.00315852787695681
0.0194242192822274
0.0143242972972972
0
-0.00146550763297382
-0.002801854681862
0.00521807613642156
0.000399401054148818
0.00385834199795942
-0.0059641751874423
-0.01146668
0.00310229300110998
0.0259513234119408
0.00327653984495901
-0.00849119496442086
-0.0299078384741017
0.0130381507417419
-0.0245340407311457
0.017317138061651
-0.0095919890404752
0.0256445785198358
0.0343130061361083
-0.0208305910054234
-0.00761657235412816
-0.0214371179039301
-0.00297490208147
-0.0108504403560107
0
-0.0127519539284247
-0.0491666805555556
-0.000730280466407773
0.0349363961446341
-0.00254237277362834
0.0164258843206224
0.00111454445687564
-0.00960204551068666
-0.0111001970240325
0.0174766134190087
-0.00391005440706538
-0.0154212669165493
-0.00526843206884098
-0.00501000565402221
0.00503523219579249
0.00357858569168923
-0.00299527880480266
-0.000429170230925036
-0.000286317434393113
-0.0108804870688758
0.000868519372906107
-0.00997835112137824
0.0303827348872734
0.032038587580967
-0.000137390104228419
0.0138755596390223
0.00216796739154601
0.000270470528264788
0.0241956464911202
-0.00739076180773779
0.00571732489984478
-0.0081967478608771
0.0101306588961874
-0.00277116657127441
0.0060870583564907
0.00170991716046176
0.0124736994499106
0.0176371415168313
-0.00662678722280119
0.00333549724190507
0.00639304444946998
0.00495488508391428
-0.00657390661375246
0.0197250567644425
0.000998402633161088
-0.00573493337158626
0.0057680125391848
0.00610893911119481
0.00408924426601898
-0.00481303226969065
0.00334827633120383
0.000123519954343454
0.00926841347672802
-0.0104077142257309
0.00804257609502601
0.00871485198582489
-0.00121681674373342
-0.000121856722177016
-0.0035335810893139
-0.00293467844136319
-0.00233018147743225
0.030239705721935
-0.0136021957666672
-0.00544329274085642
0.00340548524196693
0.00569698181818179
0.00614682407922351
-0.00239583125074871
0.00276180358743749
0.00119744937857869
-0.00119601720851548
-0.000359226431344117
0.000479084793516549
-0.00586683450192171
-0.00156566303222527
-0.0162846678821551
0.00404652345628964
-0.00439667822655143
0.00110407266084667
0
0.00649427758247434
0.00292181644657674
0.0021850085767785
-0.000847868237593641
-0.00218208272959353
0.00801850341437271
0.0285644807934859
-0.00398401706041795
-0.00729415294117641
-0.00165914914645005
-0.0045108856721483
-0.00584304786736167
-0.00287880522206518
0.0128714066957081
-0.00581945388905414
-0.00250864893690894
0.00658686227544925
-0.00309342047257277
0.00453511153437036
0.00689084013047014
0.00235984660766952
0.010594479479499
0.00314507869877878
0.00627033187632375
0.00496182760388519
-0.00620040216789075
-0.000346689762679708
0.00520115598247184
-0.00126480394084394
0.00310840429301873
0.00206589012048264
0.00458138826208665
0.0151636303176792
0.00853551203351843
-0.00055682626202147
-0.0212813816155989
-0.00102454467324886
-0.00398858119658119
0.0176201368965645
-0.00505963559569078
0.0125437905422938
0.0186383821124638
-0.00482080655705519
0.000330276333143864
-0.0134272725794928
0.00457389563335453
0.00899498026668577
0.00572304638209298
-0.00306411697518449
0.00318332608525429
-0.00153188534338422
-0.0436164712328767
-0.0124899396982906
0.0126479113483406
-0.00114585772244269
-0.0103246646856641
-0.00312967438726119
0.017906988372093
-0.00708251077127586
0.00736309266827173
0.0103929079578098
0.00169551258397749
-0.00575493097196123
-0.00488027460129059
0.00467604927007281
-0.0146440351751179
-0.00230420498948603
-0.00577367218876845
0.0162601862081344
-0.0074285942857143
0.0123200923965481
0.00659692917645427
-0.00169493785310737
0.0232032150130892
-0.00918143784996828
0.00480071452495268
-0.00788887777777769
-0.000224034043856736
0.00324858305977083
0.0109424187347571
-0.00938810460141259
-0.000223034893008456
0.0107059107997303
0.00485493781931812
-0.00614909410343689
0.00121534634371123
0.00198631642066927
0.0046255284815353
-0.0145801577002832
0.0051173546013723
0.00110679581863415
0.000552824783399464
-0.0026519116022099
-0.00155106355969281
-0.027629892555596
0.00753171314156265
0.022199558022431
0.00498611634349033
0.0169790634061433
-0.0147441568678265
-0.00132036756119169
0.0110180693914044
0.0129685590024289
0.00129104899271804
0.0116041903943269
-0.000531109919679085
-0.00467581306431053
0.00181505437475726
0.0109772884796486
0.00664133452834359
0.00544563840078838
0.00177062802269301
-0.00374298190892086
0.00949700480066795
-0.00310144723142403
0.0132738670538213
-0.00880156594823012
-0.0128032733671301
-0.00324231771527739
-0.00703049295811675
0.0117299063213538
-0.00407353256890608
-0.00146826432025726
-0.00367606347732452
0.000843358624885715
-0.0260164414152847
-0.001405915416828
0.00942173530091983
-0.0065443729915714
0.00885529176793298
0.00556630283807125
0.0151160205425585
0.00167781038509007
0.00219855534543201
0.00616313570991944
-0.000519134136212518
-0.00914093723301979
0.00649966460320428
0.00760333282776093
0.0020674385376771
