0.018843120070114
-0.0137634408602151
0.025294374182294
-0.0106337728626117
0.0133276010318142
0.00890967331353409
-0.000841084909962708
0.013047138047138
0.00124636476942253
-0.000829875518672307
0.0161959717607976
0.00449534141787233
0.0122050040683483
0.0108521306612592
0.00437375745526847
0.00277117973079966
-0.00710619818397151
0
-0.00159041749502975
0.0227000787455165
0.0249221183800623
0.0056990501519758
0.00491125821349669
-0.000375939849624141
0.00827374952989857
0.00261096615482903
0.00558043175522438
0.00924898226973792
0.00549849686589088
0.00765581480131239
-0.00180893638961421
0.00833635375135922
0.00467293314162465
-0.00644010710411069
-0.00972272236226146
-0.00981818181818184
0.00697759823723842
-0.0200583150984683
0.00446590977052819
-0.00481656168951461
-0.00670145172369874
-0.00337331334332835
0.00827374952989857
0.0313316311574647
0.00433996383363477
0.0162045012603529
0.00106311130627601
0.00176987610619461
0.00176681985041771
0.00388003527336855
-0.00351363329281917
-0.0190409372693605
-0.00754849029475202
-0.0199203904411304
-0.000369549163693694
0.0092421445191182
0.00769234460411528
0.0101781533987639
0.0093558111063039
0.00178256690846945
-0.00640569395017787
-0.0182664756446992
0.00985041955490695
0.0140895953757225
-0.00819380121125757
0.0237068965517242
-0.0101754736842106
-0.00850762171242891
-0.0382552391224613
-0.00334576208178428
0.0152928017639986
-0.0312269666137756
0.017444026642244
0.0108088333954528
-0.0158554566424979
0.021356274958551
-0.000733675715333892
-0.00440524963289279
0.0136430304703898
-0.0203710440160058
0.093947233568511
-0.00101829602913428
-0.00407750594631329
0.0061412830481502
-0.0061037978975923
0.0102354831196003
0.000675379916400543
0
-0.00472490734812392
0.0142421159715158
-0.0133734536944166
0.0230430701457132
-0.0215303073358626
-0.00710903835108201
-0.00102287759972719
-0.0126279526494182
0.0148634980988593
-0.0238419951007495
-0.0139567341242148
-0.000707714083510336
-0.0106231940509914
0.0128846809991168
-0.00530031820849186
0
0.00390763765541746
0.0063694621372965
-0.00105488744532745
-0.0144315381907779
-0.01928575
-0.013474108283835
0.00147652270210408
0.0191670113957614
-0.00433992766726943
-0.0101707588023697
-0.00440370642201826
0.00331736097741842
0.00624540801783269
0.0058415482234957
0.00290381135767026
0.0148390160998557
-0.00213983587233113
-0.00607580414581843
0.015821683416817
0.0123893805309736
-0.0237762237762238
0.0200573065902578
0.00737363061797747
-0.00243987443569627
0.00209640104484987
0.00488145048814514
0.00242883414295636
0.0148840780506776
-0.00920876534788539
-0.007573115579109
0.0104057925771768
0.00137318919921703
-0.00959893726431271
0.00276912436030208
-0.00552295497145172
0.0145783066497156
-0.000684262743756436
0.000684731279860795
0.00410537119397891
-0.0102214991482114
0.0172117045511775
0.0071066330662144
-0.000672043010752743
-0.00403493611297912
-0.006414618284449
-0.0057764186204553
-0.0105946343130554
0.0124351636464537
0.00136475610251652
-0.00136289608177176
-0.00443531233146754
-0.00342700479780678
0.000343878954607968
-0.0165004812650396
-0.00104861932720668
-0.0104968159552135
-0.00141446246766397
0.0148725212464589
0.00697840195394273
-0.0110880107038112
-0.00210234750867733
0.00807580758426973
0.0076628703470174
0.00967849982716906
-0.00616220493537167
-0.00310024102307127
-0.00518313734681619
-0.00972563356284695
-0.00385829533497029
-0.00422531690140848
-0.0261669014792467
-0.00290493816612425
-0.00400579038622684
-0.000731261425959917
-0.00402491767288682
0.00514335066654481
-0.0135234278682959
-0.00296406076324562
0.0137495726495727
0.0186950139774555
0.00863619976120189
0.00285408480720362
0.00747061517358172
-0.00494350282485878
-0.00532288857345642
-0.00677848709316842
-0.0111350215517242
0.0174354879246101
0.0139235987147446
-0.00669017605633804
0
0.00673523597076331
-0.00352116197183094
0.00424031817103598
-0.00211115411681917
-0.01163610678293
0.00856221874555052
-0.00212242660063666
-0.00212686997968348
0.0156305506216696
-0.0199370409233998
-0.00428265524625271
0.0286738709677421
0.0114982574390849
-0.00688945894283644
-0.0201179327089837
-0.0159292389380531
-0.0273380585373402
-0.0210799548417177
-0.0483565564169459
-0.0226280260965452
0.0430543849287415
0.0190809968847352
-0.00649598777225835
-0.00461542307692298
-0.0293662298827756
0.0210986854658166
0.00974658869395717
-0.0146718146718147
0.0305642241379311
-0.0136881374025908
0.0123361213440201
-0.00913937547600918
-0.012298193697156
0.0108949022998093
0.00346420323325636
-0.007288108937476
-0.0131374811876925
0
-0.0156617848213867
0.00556889441403707
0.00514236530291279
0.0243998819362454
-0.0142144059080136
-0.000779462197973535
0.0237909915675114
-0.0198095238095238
0.00116595413913734
0.0423136645962734
0.0141527001862196
0.0113845391112743
0.0134349668324267
0
0.00179143676101745
-0.00393415607775949
-0.00107719928186722
0.011861969805895
0.00355239786856143
0
0.00884955752212391
-0.00771926315789484
0.0258132593418225
0.0117200965184419
-0.0136285860306644
0.00345416222956252
0.0106713256685482
-0.00749325587557037
-0.009951922098556
-0.0027729636048528
-0.00556131386861314
-0.00489346365279741
-0.00140495263101348
0.00070351741118535
-0.00949036873496067
-0.00709723207948898
-0.00571837026447464
0.000359453630481621
-0.0582106000718648
0.0221290355638701
0.000746472536525822
0.0115629247132758
0.00921828874563824
0.00730723393104737
-0.00507798331519771
-0.00583302952971199
-0.00110011001100119
0.00293685756240825
-0.00256222547584184
0.0117431192660551
-0.00471523394994566
-0.0178571422063724
0.0196660104020032
0.000363901018922697
-0.0123681338668606
-0.0154696132596684
0.00149644594089038
-0.0227867015315651
0.0126146788990824
0.013590033975085
0.0145251396648043
-0.0190896108663728
-0.0168412805704072
0.0140844689760182
0.00938438473665104
0.0189661963170769
-0.000729963503649511
-0.00255661075809388
0.016843684249128
-0.00864238386748295
-0.0134399195989858
-0.0276141384388807
-0.0045436955698599
-0.0106504750608415
-0.0230680507497117
-0.0247933490751673
0.0197739701463289
0.00316580925999221
-0.0295857988165681
0.0024390243902439
-0.0421735198702353
0.00973746783499307
-0.0398322851153041
0
0.0205240611353712
-0.00855802274034978
0.0237375485541649
-0.0122259280027796
-0.0136576611182244
0.0294244902888581
-0.0130307266485613
-0.0276831345826236
0.011826544021025
0.0190476623376623
-0.0276126581303034
0.00174753174956455
-0.0122110771914523
-0.00618101545253846
0.0964015992892047
0.0174230551053485
0.0290720418529653
0.0239937693498451
-0.00113374909802533
0.00454025728339014
0.00301318278769047
-0.0191512586988832
0.00765692926275152
0.0106382978723405
-0.00714285714285723
-0.00870882241575166
0.0248281130634072
0.00260901975400674
-0.00111520446096658
-0.00260521017472226
0.0126865676375585
-0.00331613866308544
0.0207024776599807
-0.00833038723902979
0.0175311182443798
-0.00574300051173726
-0.00144407937024982
0.0079536876355748
0.0111191539138864
0.00496626445667747
-0.00494172255559477
0.003192621383731
-0.0159123403142737
0.00467118217750628
-0.00214588705815055
0.00716845878136207
0.0128113523131672
0.000351370356689085
0.00772750290577795
-0.0191705117054545
-0.01990046268303
0.0152284263959392
-0.0142857142857142
0.00326090579710137
-0.00252798835218537
0.000724040524111569
0.0213459124944253
0.000708466170740385
-0.0123893805309735
0.0103943010752687
0.00496626445667747
0.003882845040593
-0.00703238371897386
-0.00318696883852687
0.00284191829484914
0.0077931633014523
0.00667831259478691
-0.0237430175887925
-0.0168096930189447
-0.00436518734085123
-0.0186335396918691
-0.0156366338184426
-0.00869901631244263
0.0122091572761982
-0.00075390121545782
0.0196152772538662
-0.0122086565960541
-0.0011236329167178
-0.00524930633670806
0.0165849221038477
-0.0118649985860215
0.00262660412757976
0.0318114158612057
0.0145084874863983
-0.00107250629504863
0.0189691474957356
0.0158061473764013
-0.000691562932226941
0.00069204152249136
0.00449512448132783
-0.00516347694194419
0.00622837370242224
0.00171936038514464
-0.00102983182388716
-0.00103092783505154
0.00240794633642927
0
-0.00377481138554603
-0.00654498771805068
0.00416085298196944
-0.0107043857287427
0.00767891797556719
0.00277104250879656
-0.0051814160559096
-0.00104163198061225
-0.00173795620437955
0.0174094713582684
-0.0503079757121142
-0.0158558918918918
0.0175760533715141
0.0169125218815214
0.0152158881811748
0.00383401868825306
-0.0163194102888684
0.0137662901517828
0.000696413673273444
0.0180932498260264
0.00580997949418993
0.00611624193000337
0.00472809845565347
0.000336134453781556
0.00201612903225801
0.00301810865191143
0.000334336342360464
0.0237299131016042
-0.00163235395469663
0.00425111183780258
0.00260507986340208
0.00292296190571739
-0.00388597810511582
-0.00780234070221075
0.00032768676277839
0.00655090053878493
-0.00357953140253831
0.00326577389726412
0.0026041667514376
0.00779227298026863
-0.000966527030717534
-0.00225730409545322
-0.0029088880766357
0.00324152350081031
-0.00258481413296241
0.0103660508465808
-0.00224430900146488
-0.0128535342913387
-0.00781246770222876
0.00131233595800517
0.00360416120576668
0.0114267388647318
0.00258227888960616
0.00740508716693777
0.00191751352133229
0.00733652312599675
-0.00126659278024055
-0.00317057694449663
0.00445289426040407
0.00791640278657368
0.0012567075086396
-0.00251019759930349
-0.0100661211051865
-0.0197012716778288
0.0191248298217179
-0.0120865772237093
-0.0019317128761015
0.00999996774193557
-0.015011147077967
0.00583657587548636
0.00257898130238554
0.00836016077170409
0.00956629433780942
-0.0101073910296905
-0.00861518825781749
0.0131960090119085
0.000635324015247685
-0.00349209523809524
0.0105129025330648
-0.00693565595635737
-0.00476190476190474
0.00765550239234436
-0.00348211459322567
-0.000317693773824623
0
-0.0136637436817205
-0.0225515778817147
-0.00560316413974948
0.000331455087835497
0.00132534791252481
0.00728001347716778
-0.00295666875963629
-0.00626029654036253
-0.000331564986737476
0.0102818905472637
-0.00393956020812736
0.00692152274225455
-0.00556464829998837
0.00691247554023944
0.00294213795357967
-0.00651890482398954
-0.0029527887139108
-0.00230335644301927
-0.00428756596306079
0.0248426623106108
0.00193920485005816
0.011612935483871
-0.0114796233584304
0.011612935483871
0.000318877540852025
0.0105196043825437
-0.00410097778861274
-0.0481470066518848
0.00432615654995527
-0.00430752153744196
-0.00532445941179571
-0.00602208116500769
0.012790340383384
-0.00564971751412424
-0.00300802139037448
-0.000335232986925837
-0.0124077464788732
-0.006791205202336
0.00957268376068376
-0.00677280708524186
0.021138799863621
0
0.003672721079375
0.00365938135926092
0.0139211136890951
-0.00424978751225891
0.00558109013726504
-0.00130587663421089
0.00523046747303035
-0.00617889430894303
-0.00458111925985338
0.00131489151873754
0.00229816159875762
0.0049131672154219
-0.00847457627118642
0.00131489151873754
-0.00787918607613869
0.0105890804298172
-0.0144073669152793
0.00232558139534889
0.00198873052701365
-0.00165398610651668
0.00662687210072899
-0.00757073757639037
-0.00364839137645101
0.000998635119885627
-0.00266045892916533
0.00133381127042353
-0.00166503490958914
0.00400266844563046
0.00564784053156142
0.0109018830525274
0.00326800653594761
0.00130289898036162
0.00780741704619392
-0.0048418334409297
-0.00356798572818673
-0.00716142601436942
0.0222950819672132
0.00449005772931366
-0.000638601532567118
0.004792396319246
-0.00572340204377098
0.00735529261272783
0.000317460317460272
0.0145985084100286
0.0106350331759473
0.0157845553765226
0.0237659354052406
0.00416678596230868
0.0115589501150593
-0.00117201871749129
-0.00146667644470544
0.00822558730242107
-0.00174831002331
-0.00233502640601446
0.00760675833820956
-0.00145180027444247
-0.00290776396940307
-0.00291636036989318
0.000292541687409775
-0.00526318698060846
0.00146972369194587
0.00557669503962432
-0.00467016956626798
0.000586539623844029
0.0035170868557175
-0.000292114468918525
0
0.00146067776803971
-0.0116685534325714
0.00649341775403123
-0.00410554276278829
0.0035336573478697
-0.00264084491544347
0.000882553640332517
-0.00823039388594959
0
0.00177821566222791
-0.00650878717481618
-0.00506259648227547
-0.0122717749176892
0.00242430303030305
-0.00362765999832759
0.00151695999748047
-0.00272644669654343
-0.00911297139203959
-0.00613123869194476
0.00586067278597602
0.00183983435020441
-0.000612060031347395
0.00551301650762537
-0.000304660353051434
0.0140158135283364
0.00420670084755725
-0.000598324392478977
0.0104789814084443
0.00948148148148142
-0.00293510419724086
0.00794821878280172
0.000291997646495457
-0.00204379562043799
0.00614391456992402
-0.00290776396940307
-0.0113735488080037
-0.00471976373334737
-0.00326025469708024
-0.00535236380159487
0.0233183550577472
0.00204496056091164
-0.0139941403496834
-0.0721466883500886
-0.00541746352509453
0.0121756171796097
0.00538144982589439
-0.0085012594458439
-0.00158777389647502
0.00190836507925041
0.00571428571428578
-0.00473481691919198
0.00919755758967478
0.00502828409805156
-0.00687929956222633
-0.00629726070528969
0.00158434732523283
0
-0.00759253376803126
-0.00382534256215028
0.014400032
-0.00315460557871905
-0.000632911392405178
0.0015832488917038
0.0113816317224669
-0.00437636761487958
-0.000313971742543218
0.000314070351758788
0.00753532182103611
0.00467441570582716
-0.014888398580124
0.0100756297229219
-0.020885347825103
-0.00350210124164285
0.000958498433178745
-0.00702199170124473
-0.0125362258908317
0.00585940774281912
0.00258899676375401
0.00355067785668162
0.00225152782245086
0.00353016688061625
0.0047969299648225
0.00254614894971361
0.000317460317460272
0.0123770231672484
-0.00125388714733532
-0.000627777758073544
0.000628172110552772
0.00816064004517769
-0.0143212644558302
-0.00284270372710049
-0.00158378207158694
-0.00222078045685281
0.00635926847824253
-0.00410742496050553
0.00126900380710659
0.00760456297859835
0.00125789312131741
-0.0053391959798994
-0.0015787496053048
-0.0196078741426984
0.0151612580645162
0.0117572612569832
0.00785175879396993
0.00779058896852591
-0.0401978664192951
-0.0215850508509972
0.0102074082908328
0.0192307692307692
-0.0111928365845858
0.0103492884864165
0.00640208066581316
0.00318066147644203
-0.00190237787246739
0.0162007623888183
0.0068771178493281
0.0027941633900701
-0.0210525703112251
0.00790638811175248
-0.00345155307651224
-0.00881612090680106
0.0225539707750952
0.00683445190538823
-0.00709657513113227
0.000310720944686205
0.00776638731799895
0.00246612214753772
-0.000922447724477471
0.00338553380206008
0.00306757687531145
0.0204892348474239
0.0104885229394225
0.00118615061725524
-0.00829378011219095
-0.00388297491039424
0.00839589255747475
0.00356821279904218
0.00296290370370378
-0.0121122311440018
0.00448567597146177
0.00476332241738597
0.000296237037037184
-0.00622034989457054
0.00119228021437512
-0.00982441202738915
0.00631398113734094
