0.0125676019289784
-0.00346367436190398
0.0307023158275606
-0.0115217089088581
0.00980814526817753
0.00253378374811675
0.000701993812103563
0.00757683489168648
0
0.0122546166900048
0.00756632253222378
-0.00955757808731772
-0.0154397985188889
-0.014141613389572
0.00965760490512113
-0.00126594464852692
0.0015493098591548
-0.000140669383480896
0.00295358658097289
-0.00210340771570339
0.00843167462441397
0.000696711240336878
0.00236742800076395
-0.00263964979273468
0.00195011837372738
-0.000139051855971073
0.0130701199407708
0.00274494918000334
-0.000410607730922607
0.0016432014465726
-0.0184552148064192
0.00807791052599249
0.0103619788765672
-0.0042389855424172
0.00315851414446588
-0.000684503736433806
0.00561649315068502
-0.0209780808621125
0.0129400300706821
-0.0243132407563225
0.00703927927691517
0
0.0183139524439249
0.0226524174987599
0.0636327712077533
0.00517475684053692
0
0.00276245608692172
-0.000500889049575681
-0.00313204710598847
-0.00691219052406677
-0.00733985094937417
0.000127422230305374
-0.0182281715064947
-0.00194746826593628
-0.00520361629230071
0.0164770757620365
-0.00784767755637417
-0.00635381199349794
0.0114838187974873
0.00077406784223788
0.00116029392806505
0.0163532827013504
-0.001773710883061
0.00837664667627047
0.00478294542918611
-0.000626368517440246
0.00238157435925745
-0.00112547203794577
-0.0191537187964592
0.0195277477862859
-0.0147721587921442
0.0168996448627565
0.00824694499871237
-0.00842731420430509
0.00612420932072966
-0.00571427329192542
-0.00462272607917624
0.0114221667232877
0.00446760971785554
0.0156905975860984
-0.00693346316668841
0.00269478200263085
0.000488651350004199
0.00109885223201833
0.00585440921708513
0.00266764880965642
0.00580476464373536
0.00637247821023146
0.00370376357361168
-0.00630876071161146
0.012338272196756
-0.00354991116909453
-0.00522505646865035
-0.00990802231973331
-0.00795759566053544
0.0189596137452552
-0.0245705760768404
-0.00134508438915482
0.0145708709335342
-0.00362060097006278
0.0340359140997073
-0.00128852051229278
0.0105559697265782
-0.0255339472825467
-0.0167936638493765
0.0155057414110571
-0.00119287841601146
-0.0242446665145826
-0.0069767444422304
0.015407371455961
0.00437000501468821
-0.0134155309019949
0.000980056387849704
0.0119936728918575
-0.0105212477803546
0.00207770716206324
0.00170751315300688
-0.00596612708995958
0.00845177619367665
-0.0122677271403443
0.00442695523856385
0.00673363124387838
-0.00121617410131913
-0.00913186445142566
0.00442370377575707
0.00367021051309546
0.00012191613698298
0.00316873845818133
-0.00218686677650015
-0.00620959477205396
-0.00159280807671613
-0.00981710663436253
-0.00917096271728945
0.0165103195688676
0.00307616598041704
-0.00637876618175048
-0.00333329629629631
0.00483091769487487
0.0159023786032157
0.0122557207981693
-0.0113881206278621
0.0203710558946155
0.0115270466660238
0.00387680907389054
0.01018142809297
-0.00115846848934198
0.00104380652929925
-0.000811030026903636
-0.0026669295609214
-0.00232535746249618
0.00407884871410924
0.0013926995639415
-0.00220216738760048
0.0030201186209835
-0.00463232205286213
0.00302503791826769
-0.0102075978448858
0.00152346181827112
-0.00315933773881727
0.00375630933780235
0.0101741899152337
0.00069466314058797
-0.00451178841944033
-0.0196397668922801
0.0111427452448702
0.00316526366358971
0.0105177164894239
0.00381637557746761
0.00852532228599112
-0.00114232349620369
-0.0100640894312881
-0.00831795305725391
-0.00500922670126869
-0.0135815940249809
0.00403556083086043
0.00874815031318832
-0.00140634005844742
-0.00129094004566288
-0.00423031737321544
-0.0118008027330848
0.00501559601183654
0.010575082672287
0.0114049849004709
0.00302257625049673
-0.00231799956325929
0.00813193521998312
-0.0141737268284596
0.00642893022458457
-0.010569059478956
0.0205423166911065
-0.0138026681894947
-0.017378096976396
-0.00569736498516316
0.0125343564235771
0.00530531714218352
-0.00011721590655156
0.00281489554738701
0.00736838596491229
0.00952049261072174
0.00759061555804319
-0.00445154657628644
0.00240769316203071
0.0104082809104427
-0.00475433573712181
-0.000796178362060584
0.00273190672127277
0.00454083344492373
0.00734547423088427
-0.00314110391677258
-0.0137294844279823
-0.0118667390673978
-0.0199768480364169
-0.0393543523263454
-0.00367957811455399
0.034223795362903
0.0177359595825268
-0.00152043274853808
-0.00445127078184593
-0.0227085544819051
0.0187816643096959
0.00555415957619387
-0.0157479852273116
0.0312836179104476
-0.015398887968083
0.00199903572437621
0.00645467675689093
-0.00513062021617028
0.0141818917018286
-0.00231130246517175
0.00359083740088417
-0.00253925441527303
0.010414279343075
-0.0150022675217589
0.00662713622538913
-0.00496650485177852
0.0261172367703486
-0.0299773975118236
-0.0110786822157434
0.0112027944149955
-0.00303209329446064
0.00959176534312234
0.0149461247815115
-0.0212328771970977
0.0186610454551213
0.0220975622668909
0.00616111816381038
0.0135827321309285
0.00461333474721726
-0.00852830755005796
0.0265769298632552
-0.0058007629520147
0.00129654236748111
0.00107908710648719
-0.0154144771611883
0.0112766262875685
0.0122333762401199
0.000320844919786234
-0.00930177493105722
0.00345347492106729
-0.0068832757512387
0.00812215759680135
0.00333017524246104
-0.00995718394095968
-0.010598064122439
-0.00743250644731686
0.000770829220809066
-0.00143042478313471
0.00617077685950407
0.00284746474312714
-0.0151796439882056
-0.00742956309603027
-0.000670372010493359
0.0013415651651727
0.0200960477838563
-0.00667616263512649
0.00605989409299479
0.00941846477753749
-0.00542475871595438
0.00338174982833528
0.000326146977838171
-0.00456478633703328
0.016923278389487
-0.0118101568800747
-0.0204258689653861
0.0278393288447503
-0.00712200295936127
0.00543419181753735
-0.0138363309083055
0.00339798300784899
-0.0179156541630363
0.000111256949693939
0.00478247114748198
0.00996238698084517
-0.00789128688933105
-0.0223154779821745
0.00802258757062146
0.0215222286909791
0.0042796007114978
0.000218575181990088
0.00524356559707706
0.00869379511064317
-0.00624867485455716
-0.0129010735668056
-0.0303130357941889
0.00158567219859918
-0.00452336311206603
-0.0130637511423805
-0.0258977909495094
0.0080349878778796
0.018051811465287
-0.0234887742887456
0.00860751110971614
-0.0176525833802598
-0.00630725938721011
-0.0138922634730539
-0.0244109071853733
0.0262666494144992
-0.00715676838532842
0.0123396826472739
-0.0012068428529225
0.0045915537798078
0.0334375635486837
0.00221139437177342
-0.0101033908941657
-0.0057484515661298
0.0049557286135693
-0.0217212403832628
-0.00816131781084961
0.0102855640160402
-0.00251525937274544
-0.0139288666417973
0.0108377857706605
0.0116853508809698
-0.00452494625416955
-0.00622004799569498
0.00361091710132611
0.0151115620692575
-0.00803402655994845
0.00297760842040984
0.0067687923853319
0.000943642379613641
-0.0102522152928091
0.0234551856996115
0.00127967660865136
0.00755200418264201
0.00322877071922556
0.0106896551724138
-0.00318432844307981
-0.00467774090866535
0.00573131604152488
0.015158445752415
0.00482766363534304
0.00134081564245814
0.00234321572160612
0.00200378488247166
0.00533269624857913
-0.00342577087911966
0.00188509647371915
-0.0450470292207421
0.0143717896890565
0.0129113921244763
0.0112803155943528
0.000892370309149459
0.000891507827097682
0.00289502289043586
-0.01287882757855
-0.00641106708306982
0.00690515086733767
-0.000224811699543803
0.00438547171932968
-0.0023510859829825
0.00807991237706296
0.00846035826649549
-0.00364272010785827
-0.00276977614070961
0.00333291849054729
0.00177170859864262
-0.00342651703960961
-0.0110913925868947
0.00605644880859346
-0.00267556307722061
0.0041359602519111
0.00155848822089522
-0.0076692452187479
0.0056003584856672
0.0020049008911216
-0.00389059586361262
0.00256662200014923
0.00111315677262502
0.0117856123685653
0.00505493406593405
0.00481087912541978
-0.00500544058747676
0.00273403318604482
-0.00185412799969187
0.00240385715921732
-0.00512318519998223
-0.0014243234827761
0.00307218568216139
0.00689132590005093
0.00293315579794151
0.0191724003466205
-0.00286955055243077
0.00138560008526967
0.0121341036338725
-0.00304966886316826
0.000105432486114942
0.00696132279213857
-0.00502778878152521
0.00210552694189969
-0.0028364743599858
0.00242313532286409
0.00409878078615278
-0.0106761983391648
-0.0043376641241325
0.000212474761316805
-0.000956082044706763
0.00574224791852118
-0.00592096625246408
0.00244632000998668
0.00265251989389914
0.00105817989417978
0.0115222412583984
-0.024662973672004
-0.0182149894307297
0.0181163816910308
0.0252974699828763
0.0259278091808091
0.00805055563183199
0.0058633442350049
-0.00201002010050244
-0.00543807637145799
0.00880918370171768
-0.0156579047171909
-0.00581217497705711
-0.000102584615384593
0.00430819580076314
-0.00316623416745032
0.000512336076072373
-0.00235539165682752
0.0967973741900507
0.0042115583380733
0.00605772583249586
0.00250119506719404
0.00157085564987214
-0.00396715567826522
0.00203780105629692
-0.00841193381401373
0.00130518321912509
-0.00986878279978465
-0.000282068646583422
0.00225731753197889
0.00309685628935541
-0.00318080272411636
0.00253399335896765
0.00524243587343198
0.00121070035045734
-0.00148827083083858
0.000652072671673443
0.0518525423915945
0.0235419421814664
-0.0152183568487962
-0.000878022661146893
0.00210913083654862
0.0043848110530984
-0.000698524410185364
0.0138925648027759
-0.00284386416025628
0.00579032067920093
0.00567111202108039
0.00401572963076102
0.00161684109238625
0.0096856332120383
0.00260859988584983
-0.00713385636367847
-0.00938293298268134
-0.0288420850099483
0.00808369226049899
-0.0156018561247662
0.00177082518557059
0.0083966502421482
-0.00674902293799717
0
0.00476527532650906
0.00746529064232138
0.00339986926510227
-0.00816675948161183
-0.00849686375273773
0.00212031094407084
0.0241558494225513
-0.0414048126264064
0.011135030431618
-0.00159857906924643
-0.00836145718486858
-0.00502336728498287
0.00757306180261552
-0.0116320953537564
0.00289697630723329
-0.0131792653292948
0.00393340651298946
-0.00382686104783603
-0.000731747905757807
-0.00915331807780317
0.00138569976905312
-0.00295202946582973
-0.0139711507407263
-0.00112604860654963
0.00488496021282181
-0.00224360098865473
-0.00112435113489129
-0.00881721218631248
0.00246050917877372
0.00698572642310968
-0.0216555455452433
-0.0171521749985418
0.00409474505215957
0.000679677651804544
0.0169804000966505
0.00782367155469288
0.0176086438779317
0.00455861018808457
0.00685310223597613
0.00294334066461244
0.00091707629386395
-0.00137439070344869
0.012937003632205
0.0118659146401101
0.00966790806255413
0.0181753256656145
0.00417976329431413
0.0101456642386404
-0.00309040266272476
-0.0047360287109971
-0.00847901006265772
0.0112565534250708
0.00655796882007054
0.0120017228975273
0.0029648368581574
0.0166385216784033
0.00149538917931236
0.00132721688940962
-0.00273384146080557
0.00141224459409139
-0.00846125238171913
0.00401575340095173
-0.00266644441852437
0.00384326169532523
-0.00307950889588826
-0.00225410754929134
0.00485310007776585
-0.0310599977037221
0.00163288070098933
-0.00815105084124279
0.00622839111121776
-0.00653371733149932
0.00657668754892149
0.00851098693259966
-0.0087801467697578
0.00361195393543134
-0.0104541048103026
-0.0060616901785151
0.0047046611317707
-0.00797778355879286
0.00139856640911584
-0.00776885488423273
0.00263924522986247
-0.00201810123700885
0.00123086866943689
-0.000351255717015886
0.0146697650973213
0.0107349837981996
0.00548179014989292
-0.000851844287007797
-0.00929323890107225
-0.0007744922747287
-0.010851804230025
0.00322161955980182
0.00772435334382604
-0.00990441813879583
-0.00147875784167317
-0.00383311260708152
0.00883255809064365
0.0117891815898996
0.00231320251616518
0.000256423630334623
0.0118783715231168
0.0092897387284947
-0.00753075880627974
-0.00143326025264923
0.00303952206957914
-0.00311450328835428
0.00540403613949159
0.000335945242294411
-0.00923515230261818
0.0137276075971933
-0.00911139369166747
-0.00109665091026956
0.0016890211404772
-0.00286657109125221
0.000761004500575035
-0.00413989519989955
0.00984131645436537
0.000840107542973367
-0.00570805017312315
0.00852682165960705
-0.00184162901257012
0.0472157421539037
-0.00448470398451106
-0.004263526735798
0.00476655360128087
0.0127039797530599
-0.00651052020271181
-7.98689382212059e-05
0.00863166539406168
0.00190178292951959
0.00427080822096149
-0.0034651282848055
-0.0141457324628913
0.000721410821643342
-0.00857096310704786
-0.00452450524015124
-0.00527555397512824
0.000815975861879537
0.00244574425417432
-0.0047169974358896
-0.00571986449713668
0.010683785338593
-0.00496015600194777
0.00228813429055807
0.00366894409019247
0.000324947202679837
0.0187591198534929
-0.00271021130434945
-0.00703379420482941
-0.00233438777265416
-0.0118605855759145
-0.00726707759233225
0.00189172558164619
-0.00763484948091031
0.00876906871531435
0.00861075924863441
-0.0169118955510512
0.00487962931503994
-0.000493810699588426
0.00905796263079761
-0.00195852781166539
0.000572363027660616
0.00163436295739894
-0.0195806641103042
0.00341186657921044
0.00364898816306214
0.00594943825688565
0.00533925587874573
0.0187924096641263
0.00689711272921456
-0.00310632409941081
-0.00327583882148164
0.00905809218436882
0.00834130143806733
0.0106357756243598
-0.0130183817665918
-0.0156386066216049
-0.00112331704541402
-0.00658687455356854
0.000242572980392541
0.0210186423852541
0.00752174962339458
0.00557955992141457
-0.00132852454930066
0.0208153688018204
0.00689926424452136
-0.00974494816543825
-0.00353660317708748
-0.00347193115136246
0.00193558371212199
0.000695433098047094
-0.0284169884169885
0.00747100619933239
-0.0190123379770852
0.0135906958357974
-0.00039672325930884
0.00103186762492058
-0.0189502057021043
0.0193970253116378
0.00325064623604177
-0.00561086608494665
0.0105698321454371
-0.00542625808662289
-0.000316288445352253
-0.00189826781618285
-0.00610194142005005
0.0052623505862277
0.0055520065743655
0.0918914189295741
-0.00173366331095604
-0.00644040080410435
-0.00138384556335369
-0.00940846029167486
-0.00154620813706774
-0.00560426955531101
0.00496846844782484
-0.00383710142157312
-0.00637037777777782
0.0064112196690862
-0.00407409629629629
-0.00788395703720257
-0.000674683264672571
-0.0186797070064582
-0.00366941370949336
0.0201027772561531
0.00150430240325616
0.00142697715780615
-0.0161241492762608
0.0108239879438374
0.00950150056932708
0.0103832079772619
-0.00894567532698787
-0.00634096218558089
0.00465472983456605
0.000298864130234389
-0.00664873743725747
0.0060164171917243
0.00926957436586462
-0.00333306434090308
-0.00943820614503876
0.000825275757948107
-0.00194898809365762
0.00435633171365746
0.00957223295264553
-0.00237042222222228
0.00423230642728067
-0.00473197042513851
-0.00341733152501811
0.0011182184622387
0.00335068495865931
0.01313546567718
0.00681213721616936
-0.00582032024344104
0.00160995982187884
-0.00562569612134478
0.0581189467397967
-0.00861045096210167
0.0105764163178141
0.00797057116697086
0.0134085958458379
-0.00122138684959339
0.00550270391649543
0.00722928880579987
0.00348808688639535
0.00427806801023789
0.0028620406395754
0.00557507805900426
0.00283814279051353
