0.00666311015060539
-0.00277285323507548
0.0322898741105009
-0.0094708144746134
0.0192105438596493
-0.00240982868732553
-0.00767843127673429
0.0183446361940003
8.53923013419688e-05
0.00051219054560514
0.0234641644231441
-0.0264276621866025
-0.0120739511224007
0.0145618441216475
0.0126441346609791
0.00227793809396726
-0.00740744930789272
0.00440980333123808
-0.00667004379145486
-0.0101997873319204
-0.00111633321896953
-0.0049002751031636
-0.00241899784017285
0.00866025800069048
0.00721213181753133
0.0108260508196412
-0.00834884452101792
-0.0122458886723663
-0.00895394732752575
-0.0542089996159413
0.026269862415637
0.0204957839301232
-0.00271880379018086
-0.0125758509592458
-0.0125578554734401
-0.0367096589688014
0.00196628271630295
-0.0200915891955595
0.00047685484954374
-0.0241159746786398
-0.0148466111011901
0.00832833622518003
0.0424778773592296
0.0283908893149658
0.0357699810673209
-0.00796954750730539
0.0171382488363674
-0.00421233885596328
-0.0019388472553199
0.000618101545253769
-0.00185315037063183
-0.00822209346457337
0.00356571581387044
-0.0399715750582417
-0.000462648029928681
-0.000833074153781976
0.0228831012991828
-0.0199257759287828
-0.0215322245775087
-0.0158670197166705
-0.00287903079306229
-0.0118383443341993
0.023862910759967
0.0128424463610413
0.0158730439008825
0.00702657148570385
-0.0190047744951299
0.0189985871595431
-0.00569429663007803
-0.0420284769623411
-0.00684600334438334
-0.0045631165048543
0.0344289382076362
0.0327173398588978
-0.0107733133458716
0.00886017552118457
0.00274451564805633
0.00748106005400007
-0.00226387756950108
-0.00181518424396454
0.00800143640658013
0.0173191230622487
-0.00336936516553799
-0.017437722109649
-0.018924338664898
0.00230733737530842
-0.00681396881793683
0.000927109207054411
0.0057428955700527
-0.0139989314054351
-0.00354939293012113
-0.007311567304087
-0.00698770525046821
0
-0.00408901658086669
-0.0112670673751436
0.00386281012468914
-0.0100047429534798
0.00612182465759115
-0.0108171043962033
-0.00781092575299613
0.0148592201871909
0.000387869690328779
0.0342153636563993
-0.01827551129172
0.0217661002386635
-0.010370933480061
-0.0162386804425734
0.0141074956077014
-0.00397461917241648
-0.00921616152019
0.0251246933748053
-0.0179607012542432
-0.0018098875459166
0.0046759995736616
0.0155774982482666
0.0151515434932947
-0.0173207755912956
0.00271885420143048
-0.00037394110445832
-0.00383503867421053
0.0219717934272301
0.0144249178399456
-0.00226428757307173
-0.00953161730095797
0.0108147739820845
-0.00507750471414004
-0.00209608123313365
0.00429224657534233
-0.000909320715564932
-0.00154733772056059
0.0129444488498938
0.00548956068692696
-0.0059966435336084
-0.0181883399637733
-0.00660309054839436
-0.00295420974889216
-0.000462990740740743
-0.00352012052394968
0.0100399925629824
-0.0118729956397056
0.0018628632464337
0.00130158983454054
0.00696378849481305
-0.00387273408592159
-0.0127742017289105
-0.0152836846641596
0.00219008766492346
0.00228026603325415
-0.00568773354228325
-0.0152540567761851
-0.00174266626253594
0.0012607603407937
-0.00232466102914874
-0.00359226213592234
-0.000487138277905363
-0.00399691939955304
-0.00763432529381081
0.0019725515531368
-0.0115168623493203
0
0.0140410677960776
-0.00697239503147606
-0.0123615502661724
-0.00580756966633911
0.00755363070245108
-0.00279887042384175
0.00491176814531347
-0.00778053865336659
0.00824369148241999
-0.00199426660689739
-0.00819261697242946
-0.0093683995981183
0.0026439089950745
-0.0193711565795366
-0.0022753231507846
-0.0039391001975837
-0.00228944748837334
-0.0114739330925023
0.00527593136886972
-0.017948977158045
0.00235144297459278
0.00671790367581471
0.00201243503813431
0.0100423363645314
-0.0137101513225489
0.00254674241398001
-0.0140770634818883
-0.0022544282929805
0.0103292444517054
-0.00415335454412447
-0.00609560461778191
-0.0251775763895509
-0.0161147796051827
0.0365717190551011
0.00919911235499749
-0.00235926005361931
-0.0489089116296777
-0.0325497841585742
-0.00455606319056223
-0.013848140052202
0.013804629463342
-0.016903415497044
0.0255522268656716
-0.0012807078970859
0.0117743298178401
-0.0108307753101651
0.00163075134841595
-0.0320966980369043
0.0025231165737194
-0.030321164182139
-0.0206402906617086
-0.0439171641574246
-0.0480464480452364
-0.029118218422703
0.0438446034209341
0.0622520625120844
0.0359350983505293
0.00696255128683321
-0.0345721208685545
-0.00166266781781144
0.00256218300184941
-0.0203169430023781
0.00221726887223861
-0.0249869612174367
0.00987728269827226
0.00171817331651214
-0.000263939830268622
0.0184769837063608
0.0239730341835696
0.00493554814991959
-0.0210301714630313
0.00450216116547875
-0.0107567683829821
-0.0146277928802589
0.01011555398914
0.0105345039736571
-0.0248391257981644
0.00633500091071659
0.0344917639344262
-0.00684585472283938
0.0409753275963916
0.0304107407574221
0.0352255032158217
0.0129900566269698
0.0203132199167084
-0.00378160365780889
-0.00926651780730148
-0.00405680649215245
0.0156144495003774
0.0106951757866494
0.00628306871381112
-0.0138021906692717
-0.000444307458006388
-0.00733410395230816
0.0256352955191919
-0.00414762047104489
-0.0270714714395325
-0.0120536221264039
0.0238312892986758
0.00111368748063612
0.0110134387697567
0.0448943896862144
0.0334877846828958
-0.013959670001627
-0.0229409328182577
-0.00549977772078969
-0.0181856749780462
0.009857051559792
-0.0111552179184204
-0.0252739011763988
-0.0131315489302074
0.0312358705457825
-0.00459265187291358
0.0129627596722262
-0.0149658064739813
-0.0200374321251253
0.0112346924787172
0.0148871899813978
-0.00525446097984594
-0.00550236583573127
0.0105123046194875
0.0127026171703899
-0.0241133534565304
-0.0155124875346261
0.00967924613796844
-0.0270872815414923
-0.00962416372163333
0.0134196665104194
0.0194064502147593
-0.0320268858221651
0.0334335947840443
0.0383969542506
0.00733074585315352
-0.0310359689418671
-0.008062767748368
-0.00634673213109294
0.011541898510576
0.0392156986556673
-0.0187612731854018
-0.0183596083098444
0.00984947974934181
-0.0127123726027397
-0.00144296820703604
-0.0123388285053226
0.008553776219556
-0.039504530303487
-0.0354363076565585
-0.0107203087468192
-0.0165591142052519
0.0170856141049502
-0.00998174047518596
0.0509037120151552
-0.0210600559136531
-0.025815657363826
-0.0310391232722581
0.0262091658821539
0.0307217508677946
-0.0317213546597874
0.039930820125242
-0.0098668802948092
0.0315763833404203
0.00640133860338299
-0.0136463511779072
-0.0474850856198256
0.0416051832005215
0.00200895762199393
-0.0225262882117433
0.0375241446980263
-0.0357018266240684
0.00144721421725058
-0.000602155580417207
0.0294011574744224
-0.00725742713332567
0.0412687192847239
-0.0178914623007917
-0.0026519427192917
0.0268208092485549
-0.0440215717180814
0.00423970066000701
0.000351893996196617
-0.0111372211792302
-0.0107883345770796
0.0322386737239051
0.011726483631481
0.00447555662698607
0.0045698732385453
0.0311611281701354
-0.0212859826025363
0.0459770350682225
0.012066386554622
0.00681285912682839
-0.0033833790783806
0.000106036492551809
0.0119868997131718
0.0156184168633455
0.00825681709419768
-0.0127955775863328
-0.00974701348513041
-0.0200000418848167
0.0134629987589698
-0.00179228258918884
0.00675961132234892
-0.000734368443138789
0.00157482414698173
-0.0119496852840737
-0.0088054528155006
-0.0081344536016269
0.0234164027930592
-0.000527151013376193
0.016246449876079
-0.0113153117135821
0.0238345658092096
0.000922941217865958
0.0038934939322437
-0.00765462315815602
0.0151187283209278
0.0182371130163257
0.011840815920398
-0.0028518044477962
0.00601577897404781
-0.00490148015093661
0.00768396201982147
0.015250728172346
-0.0139624075871432
-0.00214845698928789
0.0110588960657663
-0.0192623951071996
-0.00720493485984997
0.00825133743916262
0.00433842445944421
-0.0148242979106195
0.00916790252452238
-0.00128367733633883
0.00968957889746469
-0.0135135620785283
0.0153861726302595
-0.0150552447447918
-0.00684865508684873
-0.00209874079749628
-0.000600871318995888
-0.00410866816205369
0.00815058386447731
0.0157699867098515
-0.00265301177123944
0.00512312315270935
-0.00999801048808113
0.00128709900990098
-0.00593293797882744
0.00129319607374101
0.00506650089145633
0.0212513792873652
-0.00222613240418112
-0.00271605403884201
-0.00807309615938323
0.00117665225014751
-0.00803133218474694
-0.00641787131139293
0.00437248348521746
0.00494706638963094
0.0102392537166487
0.00613972316402189
-0.00920183086404158
0.0210186819726397
-0.0243201833718847
-0.0151128652578437
0.0126544040189878
0.017612919933472
0.0136337654928207
-0.00648669261687118
-0.00556891011869598
0.00975187795693744
-0.0146299385230456
0.0166908680245259
0.00591774379835086
0.013189107251059
-0.00121742836877159
0.000468776362517076
0.00309280233625508
-0.00878261243373457
-0.000471250842539295
-0.00424372874157186
-0.00189409042121746
0.00256196036210232
-0.0245126244742524
-0.0037838362278062
-0.0040903583950137
-0.00459613720719465
0.00677868153277639
-0.032884483814857
0.00484305312437638
0.0102420427851007
-0.00218668122267485
0.00119536807645537
0.00686493867545646
0.00118580043040906
-0.0116462791156731
0.012582414745181
0.00749508860956438
0.00597095708805973
-0.00145951157320756
-0.00389789503319349
0.0130111718547137
-0.0118783482797196
-0.00371381939014837
-0.00255053948301864
0.00511405389457109
-0.00303324862132814
-0.00559425856898876
0.00720492499013048
-0.00342975002166346
-0.0110127338548496
-0.00367869350410233
0.00718492173620322
0.0148617853958188
0.00439321487845357
0.0120529358102528
-0.0273723196108628
0.00967713073004228
-0.0275794621026895
-0.0101579201448255
0.0109733999384962
-0.0166834572864322
0.00204420490777624
-0.00346801302052213
0.0197543506577591
0.00351305842155147
-0.00760154007996983
-0.00443460991297506
0.00202474187107438
0.0320266609812085
-0.00861483096201987
0.0162930882677916
-0.00456666351664725
-0.0115178139048652
0.00947966849450976
-0.000489122552407517
0.000880769230769296
0.016720505037269
-0.00904021901211127
-0.00863741257145367
-0.0133137638117716
0.00287727946346572
0.00277007315452971
0.00424230461481545
0.00471555157957027
-0.00391115685668797
-0.00559536647898196
-0.00631785766087301
0.00109271801737654
0.00416795685723792
-0.0125506865786997
0.0390312457772466
0.00895781159699482
0.0165155417661098
-0.0102367014396121
0
-0.0057880254842777
0.0197556692093497
0.00411795047483299
0.00326216792560197
0.00139355259562945
-0.010668911673913
-0.000468895353234244
0.022234760192692
-0.0055983939574008
-0.00212270423853633
0.00998884544981005
0.00897438669343553
0.00399349246687231
0.00343515629808833
0
-0.00450450450450446
-0.0104977737556561
0.0203036590562888
0.0155073774741374
-0.0025598110816506
0.00221238938053103
-0.00432669315673284
0.0148989000550037
0.00637885343623124
0.00555700278817395
0.0115707108465715
0.00230470333239952
-0.0124339893107477
0.00939982760779445
0.00879964949680523
-0.00364159885430893
0.00254989370930914
-0.000339067410065286
0.00729363896892066
-0.00294686376055053
-0.00168887859633315
-0.00262220434256299
-0.00076332793610967
-0.00101852826345272
0.00127443503673152
-0.000254543916072048
-0.00432865387879822
-0.00400649567822853
-0.00855871306260569
-0.00759665944739851
0.00843772623902006
0.00198399033899754
0.0018938790670151
-0.000859237004448454
-0.00292395083353925
-0.00310505428488794
0.000173005707336804
-0.0018166003774498
0.00849297173492469
0.00747611048871422
-0.00588532081005322
-0.0236808402312954
-0.0173126020097321
-0.00420320157395804
-0.00314322412470991
0.0109008918918918
0.0121201409154277
-0.00519500748437085
-0.0140733223382902
0.0017057455939109
0.00609428202017792
0.00703724377271975
0.0076072620714569
-0.0122026771239513
0.00044439211991798
-0.0167895531669182
-0.00316225153595961
0.0125985586404684
-0.0119943070892023
0.00579815199668832
-0.00810659362565114
0.0148020064983108
0.00671140939597326
0.01226664
-0.00456617504125867
0.00167609384548273
-0.00334658731801174
-0.0120173192898706
-0.0196762099933138
0.00392299969051191
0.00517993452217436
-0.0113914021210433
-0.0181984182569441
0.0141579357846691
-0.00936807520301464
-0.00166883922057437
-0.000185698365527509
0.00352960232102539
0.00323952236912706
-0.00479745368389572
0.00111240378847488
-0.0158347905516213
0.00837409680442325
0.00839789135761659
-0.00268345516794666
-0.00380400820007432
0.00400484295413506
0.00797774560358766
-0.000184106380117566
0.00598308179292228
-0.00393448619329784
0.00523607380823021
-0.00420359133692783
0
-0.0263375513780164
0.000659754960598669
-0.00461522095912636
-0.0137206377744135
0.00623615064080929
9.53661354510249e-05
0.00991515883225436
0.00755218540545632
-0.00609014318120094
-0.00575038639233805
0.0116620459688817
-0.00731020639110225
-0.00528698084001111
0.0129081244029221
-0.0178973292925663
0.00935028164011609
0.00841288393597805
-0.0149981064866893
0.013513494223192
-0.00272301408450704
-0.00235382734538958
0.00839938664023587
0.00374358453427392
-0.0237762517482518
0.00448902591659106
0.01283635091445
-0.00375510712791338
0.00141343757783363
-0.000470462043957731
-0.0104500093160421
-0.00371039859470657
-0.00630254959604137
-0.00557365953437738
0.00763426726997696
-0.0111249259938121
0.00077588012049401
0.00949700533972275
-0.00383988679734837
0.00221646917846585
0.0230769423076924
0.0154135241463624
0.000832987774592953
-0.0141496258434188
-0.00253279554470542
0.0189974227593828
-0.00821411182674869
-0.009119635297968
-0.0186890021030521
-0.000382821329942051
0.00526570623070488
-0.00819048571428571
-0.000672162480047755
0.00201786297684259
-0.0015342923047017
0.00201689391038529
0.0188824016316995
-0.0158043269293229
-0.00764674992410397
-0.00317859757272199
-0.00434821730308654
0.000776416917930733
0.00746698969743065
0.00231011649157864
0.00297709602354068
-0.00220225005357633
-0.00470202480282145
0.00713457378389348
0.00162739806267864
-0.0131893055487711
-0.000484290556900802
0.0115310274669873
0.00699304537784307
0.00941778892453038
0.0189426253987124
0.00989640187116914
0.014561745314374
-0.00288860807807023
-0.00932463343585577
0.00621402723202036
-0.00299702113343903
0.00519219352516109
0.00489352976698743
-0.00703397968287478
-0.00799198975577164
-0.00476063339483745
-0.00128782081949985
-0.0159344570323293
-0.0086109887162481
0.00528705636871329
-0.00657404188840971
0.00548309704559546
0.00235050768756584
0.00778539529326161
0.00735295034711547
-0.00434261283352266
0.000927978824647679
-0.00120524753193729
-0.00102107116807559
0.0105928170249168
0.00625229852423148
0.0214729436865324
8.94713293722038e-05
-0.00912347023818949
0.0157067883707058
-0.000266610387485211
0.0150235756960366
0.00236466106148181
0.00157273922864332
0.00488532683116105
0.00998345325143757
0.000257925056143193
0.000859310796786694
0.00704043953773126
0.00596808759512246
-0.00398339696556305
-0.000595643309963756
0.00144747555847102
-0.00102026013381407
-0.000595744680850996
0.00332112748020075
-0.00203698862671875
0.00850484761856007
-0.0130713693190863
0.00581047599598783
0.00926007993594502
0.0044612709311127
-0.00159224836013994
0.000167911701929757
