0.00171977826410163
0.0032430752858863
0.0515306902452937
-0.03933090487036
0.0439529223529413
-0.0173999281896851
-0.0323882839230808
0.019059378143935
0.0139573833259758
-0.020280801869498
0.0212626166867251
-0.0237549025383371
-0.0349492759310547
0.0367016838327328
0.05362004983792
0.0506238872715834
-0.0195113255729046
0.00735419610046395
-0.0077299750923302
-0.0048472085592246
0.0249629901281814
-0.0314833598602634
0.0074477001870068
0.00156549830669261
0.0231851155545288
0.0269031481472775
-0.0213223305785123
-0.0255868860933438
-0.0280786639056995
-0.150691053933285
-0.0296062992125984
0.00919613761765659
0.0383790956086951
0.000206442285706876
-0.0148636978178271
-0.0885373409778428
0.0428785272532135
-0.0442019615938938
-0.00876487151153127
-0.00686440978002589
-0.0275304471938794
0.00650525222249732
0.0962297152760125
0.0259854253078033
0.0533149084461539
-0.0181855217765551
0.0279893187898743
-0.000400410402394247
0.00771075497986429
-0.0021861572747538
-0.0101584001530365
0.00362210487596437
0.0126315989974937
-0.0485100574495584
-0.0200811672034005
-0.0232533658950945
0.0479400380028272
0.0313277586861462
-0.0436531491380638
0.0199831821627434
0.0379459773784498
-0.00149018472123252
0.0446721511357646
0.00638093333333334
0.0266868558093472
-0.0192644118216317
0.00300750934196414
0.0369190682447613
0.0172600391375368
-0.0542773474282668
0
0.0412361360251374
0.0466395948874985
-0.00258572666572299
-0.0510715775054306
0.0294144709846913
0.0127388710833432
-0.0213137835085486
-0.0159764457695784
0.00662134240362811
0.0416290761859144
0.0130623099145728
0.00896595500840269
0.000846293133165421
0.00093016233840415
-0.0097153161346123
-0.00127965363180638
-0.0317758776800204
0.030260265200887
-0.0326254327164364
-0.035850251962023
0.0459052524036954
0.00754916621399526
-0.00540159440147758
-0.00613178850274043
-0.0207121278046195
-0.00558008275060673
-0.0352973307140435
0.0115395820073021
-0.00983118159896113
-0.0118958783833668
0.0264480145311976
-0.0225341985826949
0.014739286271326
-0.0111732307044091
0.0186440965718673
-0.0226474117212055
0.00482355987448524
0.0208019488102775
0.0306131866467456
0.00957322205171041
0.0190535455176726
0.00808765993717131
0.0190648640280342
0.0103276139082606
0.0151655302080524
-0.00132060081477048
-0.0103305785123967
0.0204592651356994
-0.0105564077878005
-0.0121578194638055
0.0236101804485904
0.0227384177533385
0.00423863560269799
-0.00653022218682797
0.00585172745490969
-0.017612415900245
0.00267705855464562
0.0233010117038999
-0.00506014377624575
-0.00635723955363121
0.00775752552977016
0.018252487608087
-0.0128594343832817
-0.0162640607527536
0.0171749601472706
-0.0449739394819937
-0.00776605248045237
-0.024812614901126
0.0100751363539497
-0.0249366434927309
0.0367576772736484
-0.0127100597946337
-0.033200626746845
0.0148050282119137
0.0243439925533147
-0.0172762761747421
0.0196381183462986
0.026324616882681
-0.00442514958965134
-0.016791513981258
-0.00778568458231099
-0.0102092392054314
0.0254880662430836
-0.000332510382397899
0.016547463553177
-0.0217587239263803
-0.0129609085361956
0.00101662994733442
0.0175186097657885
0.0192963481835728
0.0254589549051256
-0.0101058010679685
-0.00361740347881989
0.00112947965621979
0.00733341952883948
-0.00664001599999997
-0.00201336880105285
-0.00177534702671645
0.0143897012382304
-0.00589739386601706
-0.0307839992109027
-0.0316790896331003
-0.0382677372512171
-0.00550666153323254
0.016879521149598
-0.0197611099616977
0.00680944353723278
-0.0443179128508165
0.0195548842495101
-0.0241117914715826
0.0269537206729755
-0.0117561374713531
0.0159534855043622
0.00980305001003989
-0.0283146247191012
-0.00545787244140372
-0.0229746158873664
-0.0227532271253501
0.0149049972741355
0.0118065271645229
0.00199221128954696
-0.0247112376999269
-0.0370837775539504
0.0302449837635854
0.0449163020859906
0.0156396143064208
-0.0174273771533623
-0.0193318134258973
0.00622011483253582
0.00760813109637404
0.0284096468638881
-0.0150513859677991
0.0413716175922476
0.00152109875588602
0.0192977396587153
-0.0361117989696486
0.0014549058701927
-0.00317804421623658
0.00719621977770268
-0.0450393777697385
-0.0136375987740354
-0.032453239895281
-0.0534881429042813
-0.029880458058727
0.0276666705681041
0.0830792126650211
0.0275755321405093
0.0220164599448842
-0.0462278089412792
0.0233617284466177
0.00805151084588429
-0.0183235955332381
0.0234516796836253
-0.0499438468002965
0.00423311667192139
-0.0332320256203897
-0.0238288980786179
0.0190090480630221
0.0696228556498035
0.00324022681787861
-0.0246983858088264
0.0166552939837399
-0.013220895187418
-0.0196116213592233
0.00742721308891237
-0.00756909443913023
-0.0576465932809685
0.0153457958308365
0.0175983958094907
-0.000915605261985641
0.0449038188056594
0.0480413160775293
9.29335167010326e-05
0.0323540634502431
0.0485410568395077
-0.00455207420767845
-0.00707506458886864
0.00451856092251379
8.65311433655425e-05
0.005103330117608
0.00370051644665703
-0.0420131537858138
0.018347766445509
-0.0177535332901524
0.00957408715865982
-0.00203850036269604
-0.0102131529345143
-0.00601164664006215
0.0361076009758765
0.0106290382525618
-0.000775827586206868
-0.00664312805993861
0.0233628888601953
-0.00916576408103598
-0.0304068779443255
-0.015636016315442
0.000897415417751013
-0.00170360442664408
-0.0373629975700734
-0.0221123530509425
0.0010495181957737
0.0270682811107181
0.0122494429797801
0.0273193614352887
-0.0262359008787417
-0.00375736793189052
0.00726705001625483
0.0276712237442922
-0.0135963655344918
-0.0243242972972972
0.010526306264276
0.0225694623068446
-0.0528103278416467
0.00188676415094347
-0.00338984002042864
-0.059051400568836
0.00602476176422395
-0.00828426972184315
0.0436795084170742
-0.0454194709378825
0.0347510058541471
0.0599433759640728
-0.0591323385834024
-0.0653940368987952
-0.0366607307357208
-0.0576275192168367
0.0200762206086584
0.0919578852185099
-0.00797600986144598
-0.0550276408591722
0.0245303977900553
-0.0122950710494493
0.0139768396161424
-0.0276760712074512
0.00841734402018668
-0.0742449398930827
-0.0221853479394312
0.0242659554541604
-0.0266524526570114
-0.0200803339437833
-0.0263288012790165
0.0325254455988406
-0.0479307862111471
-0.0141429479693784
-0.0455383767226226
0.122311119235154
0.0550436669743661
-0.060440233127743
0.0925880267724342
-0.00238230283874519
0.0357061624810968
0.0444663472888374
-0.0327971733248347
-0.0335833489059156
0.0267656888611265
-0.0142388056657567
-0.0303333666666666
-0.00137498572390238
-0.0180149163966744
0.00455712772710615
-0.0124461903868071
0.0265017661601468
0.0113596899286359
0.0836170079829477
-0.0162286982257628
-0.0177734995505906
0.0290388988076833
-0.0431715063370379
0.00737314821041668
-0.0301507752878438
0.0354809758445707
-0.0183835744588274
0.01108156052929
0.0602805800149184
0.00506517479977608
0.00956495907955501
0.0304604510814812
-0.0563520008630352
0.0128863597554645
0.0016549027720314
0.0539033686040218
0.00127379975061359
0.00303354529731781
0.0280000292682927
-0.00389108843434316
-0.000571617764592358
-0.00543374632156834
-0.00929743104960357
-0.0176083589627674
0.0203860545559773
-0.0169868061288794
0.0161021112636643
-0.0148806747488777
-0.00892590511797653
0.000890696744945574
-0.031939039808337
-0.00429008162839473
0.0453426227325824
0.012070608202736
0.0200717546806484
-0.00465777579822557
0.0227294147906543
0.0017742366896718
0.00484716633899307
-0.0292207876840226
0.0257046722273355
0.0250605841274674
0.0178133147124722
0.000178623094537533
0.0200874918295244
-0.00927713094211224
0.0508834112424932
0.0214358021304288
-0.02040986716468
-0.0240275646814043
0.0076611863245446
-0.0361352816698323
-0.0113444915121068
0.0480502093756106
-0.019245572859616
-0.00985526740431653
0.0313573243315186
-0.00478262037006127
0.00858148123729063
-0.0144643666677816
0.0201157037017059
0.00567026047155506
-0.0167466630186541
0.000427961329269477
0.00752842850139812
-0.00110382952629273
0.000340028904624479
0.0218388851121685
0.0178794345114346
-0.00171568624647567
-0.00695642839910915
-0.000329594538638345
-0.00263808732139936
-0.0134733423671679
0.00971934662286289
0.047713881873473
0.000237597018254432
-0.0144112755213297
-0.0376797779570999
-0.000918358665205843
0.0233141225589391
-0.00244973871018894
-0.0353635220902579
0.0252036838154679
0.0135750271264801
0.0253165053160436
0.00151330143735628
0.0334817803957654
-0.0684109211637766
-0.0460928059820387
0.0288361180593319
0.0142244089592527
-0.0102074937759336
-0.00201222441549986
-0.0207510797341098
0.0151853468631666
-0.0211273553430684
0.0221013291530463
-0.000929132535933186
0.0344098667095862
-0.0107069638039552
0.0186715299184441
-0.00259529596280716
-0.00674907285536497
-0.00548505107678998
0.00065850344109708
-0.00329050679977794
0.0138658958776527
-0.0355746918129174
0.0191609435370901
-0.00935892843065977
0.000418050326744801
0.0379407725909819
-0.0491948562607453
0.0270980193783732
0.0389150050382141
-0.000872946577685108
0.0239872593488917
0.0074465328490001
-0.00323373871135912
-0.00741547155949085
0.02824906614786
0.0121092177359714
0.0202647579530324
-0.0341542284644645
0.00766424349418915
0.019956390840385
-0.0106320287857053
-0.00567160447761195
0.00585409014357219
-0.012236971728489
-0.0026439491371828
0.00613494664951109
0.000978658566054058
-0.00526432273998401
-0.0232101527720525
0.0100619429580946
0.00758624521072804
0.00790930078677854
0.00814911346977376
0.00419128056140039
-0.0275769326612049
0.00237600979247343
-0.0478666619350563
-0.00859299731592511
0.0153908549710211
0.000319114484549132
-0.0109259271945604
-0.0100790197567897
0.0451250397929064
-0.00498791995928483
-0.0206783037624861
0.0118371831707365
-0.0286143620486228
0.0581820657350645
0.0278376745221756
0.027607376100333
0.00225699298476889
-0.00334161693036117
0.0262391113609135
0.000426122150011699
-0.00915798658839995
0.0164074936243286
-0.0125475749855662
-0.00992290105764004
-0.00288419492560088
-0.0114975492116773
0.00168248723516795
-0.00277506769462843
0.0213840932687492
0.000143428693314407
-0.0106818047644345
-0.0163043478260869
-0.0197421215469613
0.00728929096697195
-0.00290957192156838
-0.0338195974778718
-0.0169596756385164
0.0130770755777994
-0.00163302480716854
0.00506265289401564
-0.0182888494112055
0.0348911114619515
0.0225781225364703
-0.0102939357048178
-0.0107777590853505
-0.0332190552380952
0.0119789188429262
0.040339473862177
-0.0156448541251548
-0.00806082129277574
-0.00298987269258078
0.0531334397585519
0.0115361121440365
-0.00108267653803062
-0.0298432258822401
-0.0354535615765516
-0.0167567413127414
0.123223134795835
-0.00860027244860095
0.00571276563925061
0.000841479627988084
0.00371355798967521
-0.00523560209424079
0.00196490526315785
-0.00294157447080523
-0.0106771915518601
0.00823632514161665
-0.0302112183098592
0.0109650273999333
-0.00696739687568304
0.00231469801084994
-0.0124847435419412
-0.00175380010972814
-0.000805278149109356
-0.00117226898775469
0.00476779865374022
-0.0141626737965447
-0.00666464785732046
-0.0114804906178655
0.0306183847382329
-0.00724429950989902
-0.00390653060966362
0.0034039292837349
-0.00685846577322435
-0.00727701800366853
0.0114443786155378
-0.00613815999010392
0.00275315129662301
0.00489761816924972
0.00191991584581186
-0.00884431796808827
0.0124181889475963
-0.00117509369849844
0.022428030648282
0.0293440895095556
0.00936285667142456
-0.00290747597707086
-0.0365175941101302
0.00475575014235297
0.00272522227875482
0.00164494341643118
0.0189217703908224
-0.00784859862330611
-0.0464755043583063
0.00288888148148136
0.0330157473448243
0.0232375230713748
-0.00600937037237537
0.0141300175746926
-0.00998189414882478
-0.0184148219513811
-0.000927341451924524
0.00921039567628723
-0.0682703119234392
0.0123766517625661
-0.000375031870171294
-0.00150057774235124
-0.00473403208996048
0.0157040547158336
-0.0156099458530435
-0.000150940127286781
0.0123101650234829
-0.00373022997695915
-0.05189450623979
0.0090040201484558
-0.00821920156555778
0.0169692900624143
-0.00271638326505008
0.0242801167315174
-0.0110165404580056
0.00230470157954521
0.00145629645545875
-0.0225011702892646
-0.0106482930578743
-0.00617283154342496
-0.00318523645189928
0.000159745965809144
0.0193291218689087
0.0122237107297356
-0.011301997825623
0.00485432974589473
0.000311742256872138
0.0139429267042013
-0.0224321890210062
0.0215324557956778
-0.0059235631231801
0.0163287492932307
0.00510163701969635
0.00204548484848477
-0.0161034621273619
0.010988228146521
-0.016189138000122
-0.0287391914595304
0.0138402639688175
0.00431504789200576
0.0110928681779887
0.0119756090846732
-0.0132844026045016
-0.0159393757374119
-0.00408866173926725
-0.0101058499887621
0.00295105287010022
0.0241748946322069
-0.01304442962428
0.0193533630764429
0.0103418764189769
-0.0100068593688224
0.0236882087798667
-0.00135669708836506
0.00641551036246102
0.00502474141367149
-0.006939728637405
-0.00458371649258027
-0.0177399107893115
0.01990479633818
-0.00678177192771889
-0.00265526898801727
-0.00349921630538164
-0.0195419694656489
0.0221114680456016
-0.0134826631130611
-0.0210794232522362
0.00867643168225607
-0.0271347597857701
-0.0182461612974467
0.0150647127481964
-0.0271818189905997
0.00489176681127801
0.0221122117684542
-0.0051662820108076
0.0130639404911383
-0.0264316784370312
-0.0408885304593535
0.0035168638957479
-0.00649623910584218
-0.00258111496392188
-0.00983351160182877
-0.00792755459597916
0.022831103516801
-0.00489353524484371
0.0094901040638391
0.00940089719851467
0.0214206923933562
0.00737732101605859
0.0222990127729696
-0.016500290027371
-0.00343731068929853
-0.00837642297059438
0.00679089026915114
0.0164514271613063
-0.00428905883304997
0.00503903604487133
0.00913793436396793
0.00985652688631689
-0.0130138076419729
0.0262100183199072
-0.00916638991825758
0.005772088196631
0.00927679267162262
0.0258606626475828
0.00273349284890267
0.000302953207677703
-0.0116578950041835
-0.00229781713078769
0.00383847703970819
-0.0160598889591577
-0.0870511787019685
0.0108122255304974
-0.0216457418939002
0.0151514629768781
0.00763231017015431
-0.0229759636424843
-0.00585745562434159
-0.0199289742681232
-0.0179471221116867
-0.00477132688564397
-0.0226142011049968
0.00434978238732664
-0.000184270185705993
0.00847924423963131
0.00566626769633105
-0.000363513264599158
-0.00509089090909087
-0.00456871336679987
-0.00431431055049925
0.00267355948489389
0.0203199610091953
0.00738938445174941
0.0155648804404251
0.0129481283620905
0.00182607826086945
-0.0272545701523702
0.0186490943160524
0.0127890587670267
0.0347690355967212
0.0178869944657889
0.00870419616278695
0.00170959790653202
-0.00422595682504778
0.0183628500641708
0.0121814714872694
0.00601737911280953
0.0225877148211509
0.00584937305430322
0.0119366284805782
-0.00302452930056707
-0.000986006781069193
0.0273307468316828
0.000517233198192191
-0.00125561711541189
0.00354974113629836
-0.0058216139827918
0.000370639674727169
0.000889115247304506
0.00436775237832743
-0.0049384389317968
-0.0119259333333334
