-0.0098668802948092
-0.0130868530065212
0.0192214362246268
-0.00429698023749081
0.0209781831929556
0.00305274164735803
-0.00994964298255896
0.0107589971445023
-0.00397702664585398
0.000939530218683871
0.00363719334845047
-0.00631284771670748
-0.00529408235294115
0.00496745103604534
0.0329527594097594
0.0101402191001556
-0.00135351900051794
-0.00101653488799947
-0.0020350481187692
-0.00917636827380885
0.000686005038714965
-0.00811242029635817
0.00552935158459533
-0.0109978117654049
-0.0111201086268943
0.0199132826550328
0.00516822097163216
0.00308505495035605
-0.0091126892685649
-0.00425330507537203
0.0341722338661197
-0.0141773160487315
0.0211754279509779
-0.00676424927921948
0.00178634587473492
-0.00991872250355319
0.00405224016444117
-0.0188340813509219
0.00537021270693128
-0.0179565181942611
0.0122670634293687
0.00377274489799095
0.0107060930282656
0.00901513430279777
0.00625415449794331
0.0015538291132926
0.00675975192286682
-0.00649417735815472
-0.00022162640767498
-0.00110814497136846
-0.00754382080700944
-0.0110663761576836
-0.00146948116345103
-0.0213946013762555
-0.00832844447640635
-0.00431589860086667
0.013238015308833
-0.00971205942217734
-0.00233514296940707
0.00514923365064601
0.00686929801920244
0.00832555475281382
0.00114685783762125
-0.00194737679447732
0.00573855178716465
0.0214538978016854
-0.0129594902701489
0.000905512188013935
-0.0270270157186475
-0.0169688398771638
0.0157247809003362
-0.00838088658452385
0.0170207414715167
0.0229685829059163
0.000564176934362282
0.00496169373026611
-0.00157091556650868
-0.000337221836236634
-0.00224842053676511
0.000788732394366054
0.00619233280792608
0.00749690027424532
-0.00133277430772127
0.0314724428708282
-0.011212948787062
0.00785084514067003
-0.0156875148761226
0.00571550871459081
0.00131150819672121
-0.00480247746772056
-0.00636106602325082
0.00474614800764139
0.00263647152187718
-0.00898433249647201
0.000110580434845131
-0.00221088881506615
0.0194991686350727
-0.0111932083631778
-0.00835251144856608
-0.000554172651418328
-0.00765138611665561
-0.00391104042710999
-0.00572135972314736
0.00778520843230979
-0.0138826466636811
0.0124886236946273
0.00235477685579721
-0.0102919567098329
-0.00192153270123729
-0.00328426942409055
-0.00624932379844745
0.013148891071906
-0.0103825639275187
-0.00102638839032076
0.00433795672004456
0.00568310960389495
-0.000452090852664067
-0.00667123458454932
0.00682981233534008
0.00700964410434057
-0.0120130234646906
-0.00090911363636359
0.0161510240252734
-0.00447721085637831
-0.0160782546418203
0.0158838986199543
-0.0110236667936182
0.00204731578815531
0.00556183894578521
-0.00225755738830824
0.00610929976365315
-0.000449803216012623
0.0110249073126887
0.00723260240683432
0.0096111580737237
-0.00547105816250204
-0.00825173295468951
-0.00188593301404416
-0.0037790818741904
0.00290083687049547
0.0139058851252185
-0.00800960070232171
0.00254391095923423
0.0173212711531472
-0.0334020391866612
0.000561012023819529
-0.00011215519174701
-0.00213070544198068
0.00539442553176817
0.0434831102557915
0.00482062142090256
0.0059701277408275
-0.00911404187034714
0.0019251336898396
-0.0111016332194706
0.00118740286255825
-0.000107838274932659
-0.00938101163211158
0.00283002058898374
-0.00564415518216077
0.00261976855561885
0.0118672185490958
0.00290506772315324
-0.00697351150062775
-0.00108036951340462
-0.00367722262250947
0.00141117016680958
0.00379401626016262
-0.000431965452094341
0.010695819159374
0.00138959910028014
0.00341588385994873
0
0.0259574680851065
-0.0153463601130992
0.0220093094145883
-0.00886142167352633
0.00166333295221266
-0.00809546462055977
0.0074290990896726
-0.0137100126060451
-0.00442289389661843
0.00666381418802819
0.0115582538942578
0.00135042073388658
0.00124476138496354
0.00839209516345085
-0.00369876700505978
-0.00773435075039342
-0.00737891283123138
-0.00722439519999185
-0.0164522041763341
-0.00900711968674406
-0.0126595761233408
0.0133698739726027
0.0125445656694652
-0.00128158713921567
0.0113356643923501
-0.0121603256846778
-0.00331831520698611
0.0258833205253646
0.000837531433339533
0.00261506281621471
0.01345853966528
-0.00926498877151527
-0.0270157840194468
-0.00576677707995277
0.0133189906190976
-0.0016959508881047
-0.00286680823954133
-0.0205516017228581
-0.0144596755449116
-0.0811914047172332
-0.0302557806428649
-0.0207998150600402
0.0270578721485837
0.0142803884914298
0.000971015911773287
-0.00836670294207942
-0.0217657009264576
0.0097499875
0.00259964103242938
-0.0218545134425118
0.0111082679738921
-0.00661670428506134
0.00628377529219559
-0.0102410390907954
0.00542586750788643
0.0217118975903614
-0.000737083860111398
-0.011309133652345
-0.0110655103816985
-0.00477743267818165
-0.00404254653650604
-0.014586428949083
-0.0248423214096456
0.000659926064943805
-0.0270412353790063
-0.00189803411339395
0.00516159989833209
-0.0150000135135134
0.00932913992768736
0.0630691722169363
0.00294083880502294
0.00573683055234997
0.0256053368691258
-0.0128537998836337
-0.01802933449245
-0.0191253346933571
-0.00844925256726903
-0.00065542738142943
-0.00301722407120986
-0.000394723684210563
0.00552847169239867
0.00340362617363033
0.0352249958193087
0.0114682296526334
-0.0342636423059147
-0.0179331565492671
0.0371780594911433
-0.00899302124102674
-0.00306745917861606
0.0280769487179489
-0.00810576111470862
-0.0163440153841587
-0.00396214222807101
-0.00538942640831519
-0.0163850337663518
0.000393481122599182
-0.0159957263404639
-0.023717600650862
0.0188345169442274
0.000803710628165755
-0.0121803776225454
0.00975601586357655
0.00563613817644137
0.00720577776338982
-0.0115262581534343
0.0231871729903876
0.0479434659650755
-0.0113750500000001
0.00606908615850732
-0.00100542918185242
-0.00201278153258988
-0.0129837258796488
0.0164750057544698
-0.0061565275113219
0.00189635908713925
-0.000126208201892797
-0.00807672912864033
-0.0183205348173164
0.0230689205251986
-0.0214086896020095
0.0121683106796118
-0.0163703538465187
-0.0252243258237251
0.00987058810363362
0.0248315549442815
0.0210079273621822
-0.00542792217334098
-0.0104074119760451
-0.00423242267240698
-0.00180318137304458
-0.0158710064516129
-0.00249108440374013
0.00578332003724191
-0.0112388007542656
-0.0088554845965908
-0.0164021340552643
0.00528741851172954
0.00498981780202779
-0.0174449282385237
0.00518979779855511
-0.00652167137287152
-0.0090263125399489
-0.00634831640005951
0.0143055416666666
0.0216349722255917
-0.0379305986070151
0.0249373227213334
0.000815509039010509
0.0160260905619756
0.0294078874323724
-0.00272690552585619
-0.0289062618916827
0.0111290155234913
0.0436280708856611
-0.00355780191452848
-0.0172149711097929
0.0131049954586739
-0.00858091678839856
-0.0129182269516482
0.0243422706796352
0.0196754958352687
0.0202982338127613
-0.0135085103770111
-0.0414540261059622
0.0181818441558441
-0.0160714664267483
0.0241120174243197
0.00759491139240498
-0.00163312818173689
0.0089341763063524
0.010850623596907
0.00974698298283827
0.0223607293431443
0.0144615636300123
0.00942510636516647
-0.0213585667600374
-0.00966007178676376
-0.00794802495245639
0.00691915538671362
-0.0132609890269194
-0.0146609166685624
0.00942345915874876
0.0202677056741085
-0.00517699266017302
0.0010892412352379
-0.00556091627706823
-0.0172624114451152
-0.00742204391004675
-0.000872382873189914
0.0041162780121311
-0.00472045962732925
-0.0390664613429932
-0.00636443710519385
-0.00784311111111113
0.00223976278683091
0.00354930984619428
-0.0020958345347567
0.00170645838802819
-0.00733846173079433
0.0112210957095709
0.0242819980230287
-0.0101962147616137
-0.00283288679717286
0.0113636102437082
0.0515832609805924
0.0230694630516093
-0.0173273079200733
0
-0.00471013267958464
0.0122557207981693
0.0154639298840549
-0.00920787403149403
0.00214465626117
0.00214005466484313
-0.0105587731574472
-0.0146283209921265
-0.0119250790946703
0.00307881784773967
-0.0106813386377411
0.0400843375506494
0.00107390528752904
0.00297973771204441
-0.0199643607851608
0.0140656721951538
-0.00514169574823742
-0.00721152670233871
-0.00423726402511537
-0.0548328510638297
0.00180086189351325
0.022598896607559
0.0106730162063411
-0.00273327128173118
0.00286536699384699
0.0222360372670809
0.00656217029332629
0.0148496434902898
0.0179633837250388
0.0223209419188968
-0.00194335841529414
-0.00148892455592531
-0.00263825418674024
-0.0147210930898594
-0.00408542089612296
-0.00199247538677905
-0.00375807389881222
0.00341861361738505
0.0103383102559336
-0.00476748837209306
-0.0175254126662187
-0.00202161978935034
0.00440899676856521
-0.0304899747242856
-0.013950061013827
0.00992795954509917
0.00159750558850469
-0.00576617578784988
-0.00172752959368794
-0.0213844741314098
0.0037893521230099
-0.00125831129661114
0.0201587241971
0.000246968009794291
0.0176565012385852
0.00655182010560096
0.00819672141027872
-0.00274982069284824
0.00491542956885604
-0.00668095919828193
-0.0054048040978909
-0.00712470733304449
-0.0255412062084505
-0.0274588731605513
0.0137320332066744
-0.00683632122639122
-0.00356913971583694
-0.00588459782230022
-0.000257328532458079
0.000128652332895829
0.00785072102383721
-0.00727876407301142
0.00771800894566521
0.00740365113115415
-0.000380119117590505
-0.00938011166662589
-0.00204739598087278
-0.0126939098011004
0.0166233636363637
-0.00166066685820987
-0.00921307717944775
-0.00632827069611264
0.134910290228482
0.00732935180943661
0.00147791043062662
-0.00760583528690351
-0.00148703961306429
-0.00630087058883189
0.00219047733895517
-0.0139192338663293
-0.0136490665696561
-0.0118273206921117
0.00598444023993627
0.00499700160629368
-0.0053273824395953
-0.00523678904677904
-0.0161521771679306
0.01045838463608
-0.0240702863916373
-0.00641257893267133
0.0129080426957926
0.00416610704366982
0.00195245888782636
0.00438436238723217
0.00703288460006202
0.0133654540626567
-0.00974344060154753
0.00287984175089218
-0.00634121784299535
0.0125224920220652
-0.00273510537448474
0.0177676720991216
0
-0.00761571195350241
0.0049587486998377
0.00199715688449875
0.0118419743013018
0.0137890493468464
-0.00502908915371103
-0.00126365302939735
-0.00690138010348795
0.000694996557562888
0.000810173592357133
0.00161905861432809
-0.000577335174029248
-0.00519867156189158
0.00371616532671992
0.00312388059701485
-0.00207612463931217
0.0060102174991985
-0.000459570307220103
0.00195400000000001
0.0129632330609897
-0.00237833514003394
0.000794732695867051
0.00158801036352041
-0.00271806332781221
0.0106745630405307
-0.00011238202247188
0.0125857177792048
0.00654750852793806
0.00441015450088722
0.00570806818239444
-0.00403845217075571
0
0.00569859726027411
0.00207041523603824
0.00369730321549921
-0.00314193922615591
0.110422734258826
0.0171283158878011
-0.0213625966390031
-0.0132743268419172
-0.00149477830582523
0.0249501005474082
-0.0116844891436559
-0.00206895566502463
0.0121433111645444
0.00331646517703277
0.0103052400320316
-0.00288678796933783
-0.0115808238299316
-0.0106424137989147
-0.0076976116116132
0.00845349552102936
0.00355029578796251
0.00481523182360011
0.0135941222493887
-0.00530686033680883
0
0.000291075770339599
0.00756399318568679
-0.0047160538071982
-0.00193409720784854
-0.00164710785434652
0.00980203794834988
0.0170110230559051
-0.00444152334152326
0.0108210728205234
-0.0122076817017124
-0.00285201059317408
0.00781771386993713
-0.00510832471013445
0.0058952459046353
-0.0137064466045331
0.00862566642229878
-0.00209046944299629
0.0163778427835986
0.0035600993734326
0.00513438185770032
0.00362217894719374
-0.00397928010326254
0.0033448017284623
-0.00861190866954187
-9.33588659322027e-05
0.000934133556259598
0.00261314040852745
0.00521267802289849
0.0006482081794279
0.00647791979415002
-0.0032180764395352
0.00654920186148122
0.0102638835154725
0.00462628818262489
-0.00632051467268624
-0.00845070399498316
0.000458165309984437
0.0100760192374465
-0.00598527267575788
0.00036493932702375
-0.0175102504786092
0.00826139399624815
0.00819369338444975
-0.000182668246138884
0.0158005574171258
-0.0151051967712174
0.0117765290142731
9.01741389485178e-05
-0.00541319037940058
0.00208638429039154
-0.00805647679861976
0.00310271941772755
-0.000363910123069688
-0.00609754294041354
0.0144675580484166
-0.000541547066147285
-0.002528727466936
0.00389316443349474
-0.0114537881886848
0.00145968432205379
-0.00218637156380719
-0.00502141883521801
-0.0167003023481289
0.0109182340082778
-0.00138467642601892
0.0091513958217786
-0.00283958052284672
-0.000734907213531977
0.00661887301543351
-0.00228310502283102
0.0108924668192221
-0.0101412710948703
0.00283568422978431
0.0139560981653588
-0.0162828889426813
-0.0123456609482517
0.00740743518518516
-0.00303310653401367
-0.0023047847118578
0.00535947139752846
-0.0115809004159678
0.0251999160758796
0.0263038730158731
-0.00530268660534361
-0.0121723941668842
0.00386761108112954
0.00322551739785393
-0.00928821104502797
-0.00126204813846575
0.0111923277263983
0.00964029286477097
-0.00415526474975447
0.00834519716215554
-0.000264122199962524
-0.000704553041711575
-0.00317264472395662
0.00610027401555779
0.0087873459897887
-0.0136759578307677
-0.00494572979919461
0.07304521297675
0.00669972693631538
0.00345080932914965
0.0053222141649607
-0.0028506190165386
0.00294046393857705
-0.00431630422415263
0.00163583344289497
0.0182916708990011
0.0016840978753192
0.00336240482387629
-0.00223409395620999
0.00191921626743174
0.00566684487455626
-0.000396849206349192
0.00039700675816623
0.00333331746031762
7.91172295382392e-05
-0.000474547180257967
0.0121072957480266
-0.0071149647050045
-0.00748088050210061
-0.00999684219297969
-0.00737296046940994
-0.00209916839900559
-0.00202265375441191
-0.0109444509273523
0.0120491885245901
-0.0126346236929243
0.0137805917880209
0.0110041349948744
0.00520208896043428
-0.00406052554236502
0.0123911028024974
0.0118445989564482
-0.000624324961950307
-0.0357644469118297
0.00761252815972169
0.00843918193922488
0.00326768149145074
0.00166824757709527
0.00174480138773259
-0.00562109105567399
0.00119428345850769
0.00636185288270386
0.0106677121137642
-0.000625504290453494
0.00485058676263495
0.00365931168390987
-0.00488716919130638
0.00576867014163285
-0.00031009144907479
0.00410915658580113
0.00185317743236735
0.00161855105973019
0.0158510071486839
0.00295409777445532
-0.0349671842015803
-0.00845204263931798
0.0147593531513659
-0.0108112850923311
-0.00432460292498826
-0.0209270635929969
-0.0537990388659694
-0.00673430239083284
0.00823898064466988
-0.00876750062731957
-0.00867320760858403
0.00346495142992098
0.00103593753577136
-0.0006036564384585
-0.00345155754121629
0.00380987105047836
0.00181142931079092
-0.00525228177417147
0.00597249204511807
0.000946489408479634
0.00833835625654
0.00537081827696118
-0.00568131942677863
0.000938094815996937
0.00852006453471765
0.00540676678026286
0.00739431127813939
0.0266077489916401
0.00706853254682271
0.00669626478490359
-0.00825452002127358
0.000161591919191961
-0.00395894006525666
0.000324472747602611
0.00275708725267609
0.0156072451687774
0.0135361498060722
0.0063634613373913
0.00179544097757489
-0.00249362576959988
0.000937504919049648
0.00398028549206697
-0.00303170866784586
-0.00374271345029242
0.00571341486374144
-0.00459140856031126
