0.0151907647160365
0.0142833019166246
0.0246437041192387
0.00147251311309748
0.0272831567927325
0.0139948630089877
-0.0136449031883595
0.0135157101846988
-0.00094135547720875
-0.00314070351758799
-0.000315075614366611
-0.0212732118070157
-0.0120753499907366
-0.0149935134453468
0.0383851594703037
-0.0170490604540811
0.0162100829341885
0.0049449833297972
-0.00174604761904762
0.0139927017648704
-0.0213266426219226
0.0100945521551032
0.0166560117916241
-0.00951780368343291
0.000630119722747402
0.0140113979848866
0.00403654686933419
-0.0131436218692941
0.00955813224694468
0.0136582027006051
-0.00964627192302148
0.00479279529993804
0.012001831420275
-0.0177892512295539
0.00619198161585088
0.00153843076923077
-0.00384024589370957
-0.00909785687271725
0.00871456555510219
-0.0215983029929033
-0.00331124261467175
-0.00458789755715716
0.0136681663594458
0.0279084200048356
0.0118974683312225
0.0180887107680863
0.00829133834333229
-0.00234942738177457
-0.00235506322181156
-0.000295028036220613
0.00472255003770505
-0.0149824319922904
0.0284820020424099
-0.0245034359213652
-0.015011920556063
0.0126754796744595
0.0263745488544995
-0.00711379241204091
-0.00424040070537224
-0.00264317188379348
0.00309185815935975
-0.00895347169911076
0.032879163190721
0.00544888171634295
-0.00869938639335188
0.035966047015795
-0.0155534365906558
0.00931025545648545
-0.00321457708394524
-0.0105159842961301
0.00736851353266266
-0.000281277270011482
0.00956803151822161
0.0112891707317073
-0.0132304303536501
-0.00405027944274527
-0.0234188619665925
-0.00789780310019828
0.0192502833550607
0.0151945474352326
0.00223813126977568
0.000418674098571659
0.0009765625
-0.00487802090592337
0.000700210064419782
0.00447865659112634
-0.0108680372384578
-0.0052119314047594
0.00948736861424382
-0.00266521247488838
-0.0135020960197495
0.0108355148393999
0.00112836386097692
0.0111298107440205
0.00752404936006879
-0.0156271336088266
-0.0012644563079518
-0.00267258419876681
0.00338500695669941
0.0203823027886183
0.0082656844339819
0.00642166945151867
0.00746667078649632
0.0288370708642647
-0.00222656194437609
0.00735098451037008
0.00716709687691153
-0.000776271176397114
-0.0167033659185536
-0.000921767160343423
0.00461312753605658
0.0192862894347117
-0.0108122535509783
-0.0165256477950723
0.00291083612302634
0.00422163571682166
-0.00880197022588136
0.00185552028583924
0.00780531857681277
0.00078758204253071
-0.0097061649975384
-0.0132450331125827
0.0202684832214766
0.00184186286431087
-0.010768220334387
0.0108854371197282
0.000787879165124572
0.00104975726347933
-0.0141565340915385
0.0079776493548418
-0.0170162384122473
-0.00979597462946757
-0.0208700498594654
-0.0114879169550172
0.0039204565645603
-0.000557782450116395
-0.0247000404856242
0.00257549009265245
0.0135578278863995
0
-0.00661776992189955
-0.00411057388615566
0.00882429522276418
0.0115688492481172
-0.00111567647624866
0.0166154000300724
-0.000824035182640626
0.0263917250859107
-0.0105798985022071
0.0774228645407227
-0.0278894604997352
-0.00284302156279492
-0.0145153310256437
-0.0106522618272981
0.00332314223089947
-0.00953896358483186
-0.00535046802165684
0.00779990575847367
-0.0130771680523842
-0.00162253923232203
-0.00176052284726569
-0.000271292908306631
0.00637809726209526
-0.0151025207603818
-0.00506575841914347
-0.00137605618208514
0.00358277525148143
0.000411904423674336
0.00658790822690225
-0.0145895699258014
-0.00235227628416812
-0.0055478642315635
0.0157601819704398
-0.0010984758726218
-0.0214432714776631
0.0186823284539308
0.00524000297462779
-0.0146776402008879
-0.0105805649288441
0.00436185450963844
-0.023676030695266
0.0165015635958798
0.010446160951223
0.0223525838962677
0.012298469527193
-0.011339146562118
0.00860192541239546
-0.00825776330346162
-0.00232058415723224
-0.0136817629597353
0.00527125844201737
0.0266317231042954
-0.0138440722084927
-0.0188088448081432
0.0018058758662558
0.0213533130330015
-0.00230798249753017
0.004354334041484
0.00528382347334566
0.00512136139304697
-0.0013408286044293
-0.00792164307512166
-0.0197590881006778
0.0167057710893275
-0.0148016840684639
-0.00220543064622614
-0.0026246995803938
0.0072022717674074
0.0116886549547763
-0.000951474785918061
-0.00081629931972782
-0.0334967174973663
-0.0112708222906104
-0.0408948703334285
-0.029713267856582
0.036747834535227
0.0202333927076266
-0.00275047762737457
-0.0158222676124585
-0.0309735384524984
0.0130898179493066
0.00555892444588135
-0.026296160167339
0.0173393437882259
-0.0105581443186361
-0.00213413116262595
0.00244430190107403
0.00701004234943414
0.00938249063612329
0.0182908703878955
0.0035336573478697
-0.0184859437508249
0.0059790880125834
-0.0176820497318553
-0.000756360599661776
-0.00817440230621846
-0.0169412858794851
-0.0605496934917128
0.00314002654569578
0.0126853375175398
0.00178950704751091
0.0199740006504059
0.0135328607939362
-0.0326735469682689
0.0178629094555729
0.0051052967453733
0.0041269523809524
0.00158082521596015
-0.00568183387497101
-0.0174602857142857
0.0350565093681257
0.0201342437958483
0.00459000910969998
-0.00517825128368876
-0.00428657379056929
-0.042281672166641
0.0409374692416524
-0.00601479062398469
0.00682702902220478
0.0215750041851597
0.00799515752006075
0.0169110595630051
0.0192789559652224
-0.00360958695900704
0.00159398633258978
-0.00679978269098158
-0.00655506171725972
-0.00674485366912836
0.01018603513983
-0.0179746163963176
-0.0123511017418646
0.0125055591755812
0.00461316984880233
0.00785067374164794
0.0154320250524393
-0.017947576665079
0.00147382465656065
0.00927159717166726
-0.00481192753537674
0.00410254945054955
0.00335623819285336
-0.00639909812684425
0.0115632464871196
-0.00607725356565958
-0.0361042790477719
0.0356441781550245
0.00379177482864224
-0.00595676286628588
-0.0055538879144662
0.00220460020275426
-0.0104120689129765
-0.000296443377455047
0.0166024757871697
0.00262467183946713
0.00130884231213368
0.00915039968483367
0.0228842390809914
0.00422123258758966
0.00504413597964959
-0.00446115971861871
0.00266060760898434
0.00712294712633921
-0.00513109131700051
-0.00836352128139173
-0.00534153788784852
0.000282603157642614
-0.0155410994001285
-0.0219574913892079
-0.0107117238235737
0.00771290441153671
0.00441560187178092
-0.0228604637415141
0.0032993701259747
-0.0168909561467576
-0.00440921412844231
-0.00733052806976808
-0.00384615384615383
0.0183784092664094
-0.00561119182253
0.0100656245234101
-0.00724751590302652
-0.0243345703422053
0.0236944030025128
0.00289329992061194
-0.0286972361266741
0.000781553841151306
-0.00234298667649113
-0.0284953816892968
-0.0243351816975855
0.000165147007513244
0.0259289847387116
-0.0132002577784974
0.0097879773211742
0.0213247004418513
0.0213539857425815
0.0229209075422023
0.00393633593021936
0.00588145093896708
-0.00839577249156387
-0.00105834594887144
0.00983806568790691
0.00749400468384276
-0.0102648317425641
0.0293101462394429
-0.00803158551263483
0.026203430001472
-0.00559459196090373
0.00432779861511845
-0.0170928317828425
0.00263043986555589
-0.00845360722265542
0.0395414087834984
-0.0123020784459548
-0.007873944391523
0.00548336195598731
-0.00861076349024126
0.0149102340790321
-0.00128375408238823
-0.00199942882031257
0.00386383817389113
-0.0051318744082145
0.00874052143945381
0.0153409228596328
0.0109121288089482
-0.011209590057858
0.0156753400563474
-0.00688989940746865
-0.00888025530733993
0.0242195716085678
-0.0161290450448855
0.00514024707667771
0.00414656542215797
0.0027528698485102
0.00507897062673912
0.0099698987985537
0.00676132549403619
0.00402959049145424
-0.00508357190635456
0.00470617165364384
0.00374730990702221
0.00400003999999998
0.000796786156834539
0.00451162414395401
0.000264253643233348
-0.0051505414005476
-0.00212404083037177
-0.000266010383557669
-0.00412516289753395
0.0020043026191503
0.00693431142643841
0.00357564551514655
0.0100290579312359
-0.00300500388025882
-0.00104828989774053
-0.00669030539064785
0.00303745373695907
0.0111916528449634
-0.00820318978372958
0.00735204167919234
-0.00742863257805415
0.00472679859628156
-0.00548874825491696
0.0199737850190218
-0.00322081925196527
-0.00168030237765404
-0.000388386856250311
-0.000518080566222934
0.00142543738306178
0.0121635871139179
-0.0121452823811647
0.00647081686828588
0.00501487739545614
0.00895594887635887
-0.00139488966022205
-0.0165079746031747
-0.0125241321829876
0.0122907291203951
-0.0103331829070831
0.00626461734803119
-0.0177690666087955
0.0278620482822376
0.000385495908812761
0.0220880047994862
0.0118105672476727
-0.0202408670090758
-0.0167300375987317
0.00850729547545015
0.0244121171884488
0.0157205485784018
-0.00208826915178628
-0.00209254067189912
0.00148022696435191
0.000492683815920936
0.0123107221847574
0.00717496021494735
0.00229415600096594
0.00108415850899513
0.0055354995315402
-0.00311147685762259
-0.00312127239659288
0.00132467483953902
0.00493079964087073
0.00550501449270024
0.011663925672361
-0.00647062352941186
0.00556543536644538
-0.00718323144567212
0.0118609894878661
0.012308088437653
-0.00138956691304337
-0.0115955475787465
0.0048099954202252
0.00175132511964216
-0.00139863631473292
-0.00875350140056019
0.00694686212174722
-0.00187086068302844
0.00820052708293662
-0.00313731125115746
-0.00128221236411918
-0.00501867413632129
-0.00656889149560114
0.00578578330887281
-0.00316971119981224
0.00223759263984968
-0.00728548783279648
-0.0121923054382468
-0.00335529071379104
-0.00228441751315189
0.01626896783795
-0.00936797084387586
-0.00861863767514215
-0.005554201883603
0.00825643506245233
0.00361265650755471
0.0110391893947295
-0.00154290288291226
-0.0381552254185864
0.0166831319002256
0.000486216135391349
-0.00267284662064982
0.0116945675085671
0.00240815162884456
0.000360348348348305
-0.00216139531894088
0.0211793386565424
0.0102522035086943
-0.00338272471540668
-0.00971443095237767
0.00319106484823228
0.000706939233280135
-0.016364480424665
0.0129263191049795
-0.00661700366124329
-0.00452001903175914
0.004301601044292
0.00214158231499395
0.00605479023905531
0.00106211944918844
-0.0179182360504955
-0.00096020888153181
0.00108130477899904
-0.00180031204992781
-0.00156302757155291
0.0079479286133437
-0.0086020791613648
0.0191612068271436
-0.0104055575263095
-0.000239024967402912
-0.00597585767839981
-0.036311122671904
-0.00274487828459435
0.00638060803202811
0.0124316257475976
-0.0111739068965151
0.00558802937523928
0.00395159283953106
-0.000984034404033274
0.0153902977666793
0.0127318538531362
-0.0371168475975879
0.0135538924037277
-0.000613458456300897
0.0446844960064388
0.00117507640834491
-0.00598585701828125
0.0129885343490723
-0.00291409251761165
0.0204582648999501
-0.00744646571833585
0.0136195869531346
0.00569346390343894
-0.00101898777173914
0.00589365275211429
-0.0145352225352113
-0.000114360851982132
0.00628934269717596
0.00363636363636366
0.00396283967391309
0.000451122148440675
0.0109345170886543
0.016280095896521
0.00625411461766623
0.00261692293770488
-0.0097878632883478
0.0102141677029928
0.00358768198779025
0.000758303558840989
0.00238147875237527
-0.00604748393191101
-0.0024989460832362
0.00653530130781621
0.00108211227866617
-0.00810723147535986
0.00119879029645187
0.000326537487976397
0.00598471151284619
0.00670636041232098
-0.00408292682926814
-0.00722844951497581
0.00445558588748929
0.006166828951639
0.0029031935483872
-0.00160816988125356
-0.00451037356603179
-0.00474644028305626
0.00758722073298879
-0.0153829605785601
-0.00579044035606302
0.000769230769230633
0.00296470846601515
0.00591198843494589
0.0109926211686751
-0.00183010013812146
-0.0235116477188131
0.0152418487382169
0.00685384044503556
-0.000756347895526366
0.00897485913792617
-0.00567998083120724
-0.0017244664984315
0.00464262563239171
0.00773771065864448
-0.00223951164251412
0.00427534211789959
0.00691785873688655
0.00824435040435101
-0.000943453202049027
0.00356763892231982
0.00240489337520788
-0.00281636582404199
0.000104633893402317
0.0177805353228686
0.00164426064421463
-0.000307776748663335
0.00985221654654711
-0.00132118899753675
0.00254401147483496
-0.00152247264075744
-0.00203319095151389
-0.00254660288370379
0.0028594669701687
0.00590633419265796
0.000101255315866133
-0.00131589228347107
0.010946624328132
-0.0102265592586036
0.0034440538549021
0.00111043814073186
-0.00746191403573493
0.00142233059026697
-0.00304355280511304
0.00437569973671614
-0.000607882490614386
0.00202754462720534
-0.00627271373017868
0.00152720421984109
-0.00182983627641031
-0.00183318053094661
-0.00397917551312776
0.00276578561465524
-0.000306446013959016
-0.000102217452460418
0.00367911095920515
0.000203685981098545
-0.00111982079446749
-0.00886672414798029
0.0053470128534705
-0.00675049626932078
0.0102976005530058
0.0603404132061929
-0.0070171681920328
0.00764756028129066
0.0171006539379635
-0.0010390195228388
0.000472730702104185
-0.0028352330183391
0.00720306118466385
0.00498735310964582
-0.000561844553506274
0.00449693656542882
-0.00121250698365505
0.000933850067563746
0.000839602559201236
0.00531318983326989
-0.00407968482298904
-0.00875154049896509
0.0105193480743933
-0.0111534254541658
-0.011937174658682
0.00504184726859269
0.00227162324142705
0.00623292101457107
-0.000375419980044533
0.000281654299471468
0.0150178147642406
-0.00147952655335248
-0.000833524703643396
0.00815643718747272
0.00873406294200785
0.0020051129966725
-0.00545757676082281
-0.00182912938829805
-0.0019241249947235
-0.0055999265583403
0.000830908419497955
-0.00894753218531374
0.00921442648521165
-0.0110670201973625
0.00466287406519994
-0.000556994322185145
0.00436519930092305
0.00184942668623478
0.00636886676643411
0.00486103829093842
0.00127782952314415
0.00319057438078141
-0.00527034969730988
0.014981273271387
-0.00513005125434207
0.00560885647178533
-0.00449802070895933
0.00117474241190152
-0.0160664228173444
0.00660490768544331
-0.0103892004814763
-0.000276250125287869
0.00313194552564378
-0.00211206607691328
0.00331279107965021
0.00577827208821668
-0.000455982109940467
0.0029194325068933
-0.00254705721822979
-0.00237120834708238
0.00045710760085127
-0.011513175959189
0.000369763357367159
0.00711510804735638
0.00477111670375474
-0.0109579397140364
0.000276964274341651
-0.0034151284258862
-0.0037973788663761
-0.00548528273494386
-0.00224360098865473
-0.0048721445271579
0.00273044913596143
-0.0083567981220658
0.00463968369813772
0.00339303493672061
0.00131503852446957
0.00140714824403654
-0.0129273723653396
-0.00474518350350617
0.00123960137581003
0.0175237714285714
-0.000935960349530474
-0.00159263634237661
0.00422254855963233
0.000186918338261677
-0.00233557546398
0.00440117048037103
0.0101621851545368
-0.00166128291022205
-0.0069335306819549
-0.00148944333437806
0.000279684872651842
0.00233013326190568
0.00641623575956629
-0.00646774443866538
-0.0059518274523559
-0.012068491084933
-0.00606059670569314
-0.0104801639718003
-0.0192566915149558
-0.000589024145012496
-0.00245579560542841
0.00551450500695694
-0.0738419442381555
-0.00285499629903763
-0.0128314630064222
-0.0121387587125904
0.0182688127258461
-0.000747533113493626
-0.00726729721064434
0.000753579510750058
-0.00559377157480379
-0.00021639982223276
-0.0147154298791482
-0.00219632115520141
0.00649346239826687
0.000765445623798211
-0.00502621301440831
