0.0615460394655853
0.0255102980292345
0.0176390313143813
0.00888893333333329
0.0105726867589124
0.000871752359557387
-0.00130657671195888
0.0126471434801572
-0.0129198541309153
-0.00479934554973827
-0.000876720774954931
0.00789811286098674
-0.0143665657103426
-0.00574200555397542
0.0191026654820079
0.00828238847940788
0.01297021240684
0.0221938113529663
0.00250517734842681
0.0116618492294878
0.00370514599814142
0.00451193619819246
0.00571657819518179
0.0093382870214489
0.0176990338817766
0.00750992124545147
0.00353079639074139
-0.00195461297888977
-0.00665883248496535
0.00512614333098793
-0.0153001176932129
0.0107570119521911
-0.0106425301283983
-0.0211155378486056
0.0130239723239722
0.000803575765511377
-0.0112405058209554
-0.0353227379343377
0.0252525673400672
-0.0151888745817376
-0.00875360566902872
-0.0172413785853079
0.0350877177968456
0.0115749478472531
0.0147119335803814
0.0048329037454693
-0.00561130238030849
-0.000403063297181205
0.00443552437240013
-0.000401445202729889
0.00160646586345381
0.0140336802713039
-0.0130487143911145
-0.0208332540397939
-0.0135024544393431
0.0514308979082996
0.0228796844181458
0.00501345931353647
0.000767498110801901
-0.0483128834355827
0.0128927880741336
-0.0779633682562995
0.0250215703192409
-0.0340908670033671
0.0200435285384084
0.0119607432721058
-0.0249050643771606
0.055411212121212
-0.00902374934469852
-0.0115894453642383
0.0402010485846334
-0.0128824476650564
0.0134584013050572
0.0249496579476862
0.0172752656959272
-0.00501732921651876
0.0275406893894223
-0.00150996602491504
0.0170131940637732
-0.00223048327137543
0.0186289120715351
-0.00548643013899053
0.00662008066862518
-0.00548052592325432
0.00404118310217405
-0.000365898280277999
-0.00658861639824304
0.0180545327212429
-0.00904813641144175
-0.00584368173278604
0.00330639248002917
-0.00622482629896848
-0.0210021746868893
0.011290967256304
0.00558239651721637
-0.0314581791265728
0.00152842949942666
-0.0114459752554741
0.00308761096101895
0.0234705656021548
-0.00939849624060152
0.010246717267552
-0.00976709204481241
0.0280727986315328
-0.00553501845018456
0.0141001478998088
-0.00768382729601169
0.0114306411714367
-0.018957345971564
-0.00817536231884064
0.0277257014714987
0.0211447320452061
0.0167797215280256
-0.0080758426966292
0.0269026548672566
-0.0103412961047915
-0.0236850582962403
0.0181947906459226
-0.00210234750867733
0.00456464185393268
-0.00803921677597985
0.0126850251122277
0.0104384481558804
-0.0199725199733981
-0.00667600164005633
-0.00813579766536965
0.0185448638179435
-0.0535713604191653
-0.0325564545854068
0.0160611854684514
-0.0116672939405343
0.00533130236100532
-0.0174242045454546
-0.0208173083725016
0.0153543700787402
-0.0065917019545676
-0.017174121109519
0.00357426528991267
0.0178076375148397
0.00777608894930371
-0.0185184799382717
0
-0.00628930792887938
0.0201740498348872
0.0201627754880662
0.00570125449263603
0.0117158356657534
0.00560328726186032
-0.000742942050520168
-0.00929368029739774
-0.0142589118198874
0.00380666159116849
-0.000758475511623891
-0.00872861480075915
0.0122511480761429
-0.00491686819527726
0.00570125449263603
-0.00944822409101376
-0.0019076307480973
-0.00917431192660545
-0.00501539351851854
0.0189996115161064
0.0053272067988126
0.0109764950794851
-0.00224631232670591
-0.00525328330206365
0.00301772915880782
0.00864986837156834
0.0175242729306488
0.0106265661184841
0.00108778100072526
0.0112277793832749
-0.00214896131805165
0.00394824106431302
-0.0207365041378801
-0.00109521727255257
0.00730986815387902
0.00108857043137034
-0.00108738673432396
0.0195936509286521
-0.0195729893238434
0.00435575333414717
0.0187929526563064
0.00283785020085681
0.00247612309869116
-0.0254057515878617
-0.00289645174162012
-0.0145244003440668
-0.0103168021487399
0.00930752013002523
0.0276650672200269
-0.015434349769047
-0.0255195041924899
0.000374111485222484
0.0317875841436051
0.0358825661471547
0.0311406228131561
0.00746528698558824
-0.000336847412029329
-0.0171832884097034
-0.015769660610216
-0.0031347266852918
-0.00384350091392371
0.0192914415994387
0.0110117003101067
0.0197413212982069
0.0240320769036073
-0.00130381355932208
0.0186031337664208
0.0144184881261931
0.0173720467466836
-0.0170754118930585
-0.0205306380290587
-0.0477265075782006
-0.0423298326335986
0.043847204955898
0.02710027100271
-0.00626652374670178
0.0079655495507982
-0.0233783660395664
0.0343897505057316
0.0195567470664928
-0.0284527484509991
0.0358670956191871
-0.0177890724269377
-0.00452778137128085
0.0181935991490059
0.00287172941927238
-0.00349984091632194
0.00830140485312891
0.0180494616846105
-0.0167962975554403
-0.029104712777453
-0.0241120878425517
0.00667776271526654
0.0109452736318409
0.00524931102362203
-0.0430809087167399
-0.0170532060027285
0.0187370229007633
0.00749315369573722
0.00507099391480748
0.0450723175243861
-0.034438364982298
0.0193333333333332
0.00228907782864618
0
0.00913539967373578
-0.0164888457807952
-0.0371465811965812
0.021509012580778
0.00401072860962559
0.0109853524971586
0.0246954223017641
0.00674803962891901
-0.0121289179699967
0.00581576717881216
-0.00674587236575241
-0.027813745148771
0.0119760815693972
-0.0407626561472716
0.00891024674434537
0.0139265959943413
0.00402006700167501
-0.00567233919493959
-0.0134227856853284
0
-0.0214285714285714
0.0827250608272505
0.0279293739967899
-0.0321673953778889
-0.010325911584382
0.023475676556896
-0.00254858243225808
0.0178857239822972
0.00596171929834588
0.0053025263473947
0.000930747750543137
0.014879232168582
0
0.00091624918043709
-0.0140371986573086
0.0222840599726382
-0.0217983052315562
-0.0201176409743844
0.0420089071383447
-0.00212197622782795
-0.0133656751740995
-0.0197044334975368
0.016017525125628
-0.0123646684614942
-0.0250391541458794
0.00995181380417343
0.0254290853601109
-0.0229385631084045
-0.0244289340101522
0.0214634146341464
0.0149633556192297
0.00784197013306054
0.000933675663439715
0.0040423196517414
0.00991018860606419
-0.00521318597935638
-0.0126387180221554
-0.0512019997253199
0.000987199769239888
-0.024983563445102
-0.0380984153742414
-0.0424115302344363
0.013909260614934
0.0180505408646014
-0.0340425874452984
-0.0117474302496328
-0.0100297176820209
0.0105065666041275
-0.0170813590790939
0.00680018914998826
0.0397748217636023
-0.0472753174765542
0.0356060606060606
-0.0190197512801755
-0.0014913870246086
0.0272591102591819
-0.0174481643038896
-0.0314465767130382
-0.0171886936592819
-0.00233190827827434
-0.0479158161277757
-0.0392799083764358
0.0238501277683134
0.017886771302547
-0.0506742562596754
0.042186784330607
0.0235440736697263
-0.00121069405929397
-0.00686868686868691
0.0174938974776242
0.0435825669732106
0.00804593869731796
0.00646145976668411
0.027945581570997
-0.00183684797343309
-0.0165624217887376
0.0355539309713298
0.0137332490061437
0.0206773625909933
-0.00803349661311559
-0.00880281690140849
-0.0163409946714032
0.0133621519190268
0.00178196727662039
0.0515829935402705
-0.0023680312032488
-0.00542556798914884
0.0184112171837709
0.00836960132676268
0.00298798130850009
-0.00959943759018322
-0.0046791109625669
-0.0144392540483795
0.00170357751277672
0.0142857142857142
0.0301810529845741
-0.0179036138640499
0.00198873052701365
0.00562355276215665
-0.0144737171052631
-0.00867817118418457
0.0259258577129342
-0.00722018402429225
0.00826446280991733
-0.0055737704918033
0.0125288163534454
0.0289808215233092
-0.00632911392405078
-0.00095538216560509
0.000956295793551387
-0.00382162420382171
0.00447567121241477
0.0114577021005728
-0.0201385141554904
-0.00064219655241482
0.00931873363371682
0.00286532951289398
-0.0361904444444444
-0.00988148847557679
0.018962076479111
-0.0208945158633536
-0.00700230076692232
-0.0057085290225477
-0.0023640661140133
0.00203111029007763
0.00439189189189193
-0.0205179616548941
0.0010301854041832
-0.00171526586620918
0.00893474226804125
0.0030653949909607
-0.00203741928565637
-0.00510374294330529
0.0160738372093023
-0.0158195562376156
0.0424076607387143
0.00229655511811022
0.0013093617449873
-0.000326904217064494
-0.000654054937867743
0.0104712045311257
0.00582901573280492
-0.002253670388077
-0.00129070667957398
0.0206784807535225
0.0129787907565686
-0.00843749999999999
-0.0185944216829499
-0.0183044000740012
-0.00654232908079821
0.0115244645530306
-0.00585931008656615
0.0117877861235172
0.00582524271844664
-0.00225225225225212
-0.00709445340212844
0.0162390381214992
-0.0297219549465658
-0.0289855392297254
0.0257801899592944
0.0244708994708995
0.0161394448030987
0.0117534942820838
-0.00251177394034541
0.0295876298394713
0.00366869470096898
0.0301552829634308
0.0011827616794795
-0.00118136440692951
0.00236552335895923
0.00294979333629541
-0.00588238235294114
0.00443792912538243
0.00353458016098429
0.00997945406515988
-0.0034873292647486
-0.00962385507075347
-0.00618371631871961
0.00533333333333341
-0.00412611258473339
-0.00147969809175208
-0.0254890619152897
-0.000912499972247627
-0.0231354047571022
0.00623250233717654
-0.00681328563600836
0.00717178048019962
-0.00588229120378614
0.00498284008150618
-0.00340873876665659
0.00590789800995029
-0.00587319974486555
0.00932832711442799
-0.00338881710994521
-0.00927353998599934
0
-0.0053042123339847
0.00595988098995859
0.0286873090115372
-0.00970002972415696
-0.00122427310831175
-0.0211461838447385
-0.00313090159264551
0.00785175879396993
-0.000934839513867414
-0.015595819850411
0.00158434732523283
-0.00506168917868743
0.0181239739865191
-0.0149905996252343
-0.0418516790788941
0.0115817674249425
-0.0176643441282304
0.00266400257529131
0.0119560939237431
-0.0164095837351357
0.0163496835618846
-0.01707150417175
0.0106880089950565
0.0115664573694647
-0.0140477290412372
-0.00861497680583156
0.00334224598930466
0.0099933377748167
-0.00593670844327177
0.00199077644295875
-0.00397354291478347
-0.00598404255319152
0.00602006688963219
0.00664896941489368
-0.0224570996546531
0.000675709459459384
-0.0141796078940037
0.00924650653265391
-0.0200203603671653
0
-0.0027700831984101
0.0208333687789364
0.0112244897959184
-0.0121089471913892
-0.00987405482212955
0.00722149243466297
-0.0163879134043047
-0.00798330468529351
-0.0181945766270118
0.0206699936090518
0.00663411336012953
-0.00589663544918484
-0.00174455687369157
-0.0111848999935372
0.0162601266786806
0.0215652521739129
-0.0544773900416278
-0.00828228303925094
-0.00072625269694071
-0.00690406976744196
0.0234174533479694
0.0121558817359986
-0.0183679978229601
0.0280676132397404
-0.00105001750087508
0.0129642251939655
-0.00657215496368035
0.00313370484448838
0.00242971198992414
-0.0135041209662092
0.0122850122850124
-0.0388349861303744
-0.0147907653243422
-0.00109842552539097
0.00843104807804096
0.0196291893856779
0.0260250276657763
0.0246698740559459
-0.0213631400474736
0.0100484750502954
0.00343053173241858
-0.0263247863247863
-0.0207163272471911
0.00537834368513246
-0.00071330239966827
0.00178443968593855
0.00285001781261118
-0.0138543516873889
-0.00720464697406342
0.0134252907628916
-0.011457178660938
-0.0028975008005252
-0.0072648380942667
0.00841562385656802
0.0243106322318807
0.00425079702444209
-0.017636684303351
0.00394969479353668
0.00679545803989479
0.0163410657193606
0.00279622499838417
-0.00662255118081034
0.00245614035087716
-0.00245012250612531
-0.0171929824561403
0.0107104248482686
0.0151890150190397
0.066109916492693
0.0238251313258855
-0.000637583658349206
-0.0130781180223286
-0.00743380712883623
-0.0260501148176527
-0.00768973587428956
0.00673851078167131
0.000334672032619387
-0.0133823691328996
-0.00237368599525256
0.0159754928619986
0.00769494840063389
0.0232403378738268
-0.0129785853341985
-0.0101906311637081
0.0215874785258228
-0.0107282184655397
0.00197173841603671
0.0134470318137094
0.00323624595469263
-0.000645161290322549
0.0132343124596515
0.0203886594580649
-0.00093659072546326
0.0187499375
-0.00276073636568919
0.00123042148449204
-0.00430104467898762
0.0135759950632521
0.0136986614123995
-0.00750750773295816
0.0157337674957267
-0.0116175156389634
-0.00843875828812535
0.0112461391339733
0.0174330628193566
-0.00561293977033628
-0.00356503267973851
-0.011329784993149
-0.00542822677925214
0.008186779866586
-0.00090222556390962
-0.00511745920778284
0.00665661139656937
0.00300568079350749
0.00179805219652529
-0.00358956027520196
0.00180120078651447
-0.00239730303857677
-0.00180237303086894
0.00180562744507973
-0.0051066985549203
0.00211352663386255
0.0165713472904894
-0.00889161180251252
0.00747607677859086
0.0139507573152495
0.00351285128805623
-0.00962654637183613
-0.0250369064790308
-0.00694861069175889
0.00547611820736593
-0.0121027840273157
0.0104134756255143
0.00788111501175437
-0.0108270977443609
-0.00425658267730578
-0.0143511755725192
0.00309795548630598
0.00401473119163898
0.00276837913062922
0.00184055226015656
0.0168401408450707
-0.00150554054518359
0.00271411338962624
-0.00541353383458643
0.0114908073782884
0.00328849018569533
-0.0208581638600072
0.0118685023777085
0.0162406315789472
0.00355131685258026
-0.0159245355352402
0.00689238857933439
-0.01130943519699
-0.00331125817846922
-0.00543645407923721
-0.00728821743091401
0.0125420315858682
0.0208460133441699
-0.0147972768630578
-0.00240318406719164
0.0147546526574722
-0.00474777433982876
0.00238515198613154
-0.00684116617612029
0.017669991544474
0.0114773101824603
-0.016002298981737
-0.00502655233589588
0.0059434171801831
0.00945347175500566
-0.00585300004992673
-0.0147188691575252
0.0122497755527404
0.00206611564149606
-0.00530194387917682
0.0148060408646729
-0.0140063904289468
0.0230837223118165
-0.00607460225629164
0.00785797416012879
-0.0040427085173923
0.0376920534826295
0.0385581715965866
-0.00511159564765118
-0.010816603569497
-0.00218704197993214
0.00547947945205474
-0.000544986361172062
-0.00736095965103611
0.00631691842900328
-0.00846061704313916
0.0077071011446681
-0.0013657470263384
0.0120349832594371
-0.0191891621621623
-0.00606230349786974
-0.00609930690324367
-0.00446301280128381
0.0109275150161814
0.0102549606288824
-0.00329215354479684
0.00715656442848545
-0.00491937687892885
-0.00439439714364176
0.00331031724137931
-0.0131976907670521
0.00557261091035421
0.0146854807425878
0.0043691972793336
0.00135951607829043
-0.0211784674896298
-0.00998613065148768
0.00252171483669694
-0.00586917288622613
-0.00365479336519536
-0.0016929458716971
0.0113057656499218
-0.0131357745426431
-0.000849674289162494
0.00453514752083772
0.0200339452605516
0.00248962641827788
-0.0146248060361585
0.0109212828597389
-0.00360102513025062
0.00778423664764416
0.0187586206896551
0.0219334416463579
-0.0153683616656937
0.00457486544671704
-0.00428620389572976
0.0086092014317567
0.00213384891257151
-0.0138408570668086
-0.00512815128551025
0.0010852142950295
0.00487804851609486
0.00970865643426877
0.0189637558483908
0.0217561718607511
0.0243714725500257
0.00125219133483578
0.00725362681340691
0.0141544574124659
-0.00538690009794329
0.0113245448381227
0.00365136301599978
0.00121268493815174
0.00484498558248503
-0.00482162487946003
0.00145351263211047
