0.00808728860576391
-0.000802193289501263
0.0203398515606992
-0.00891801433151906
0.0236866708076902
0.00775589375257435
-0.00115442957723255
0.0240144222413996
-0.00551794891169355
0.00517021387293926
0.00865640312215299
-0.005348249714065
0.000250093745982172
0.00975123386438725
0.00606656702340702
-0.000861424211298978
0.00123171109977904
0.00147617985675308
0.011669301993336
0.000485688609461077
-0.00206306648068988
0.00170252529703308
0.00254944744677821
-0.000121070720058958
-0.00072667202296417
0.0130893205185341
-0.000957083694313354
-0.00155664433122027
0.000839521807619148
0.00131816226775561
-0.00586407244397391
0.00613942339677687
0.0151950595481616
-0.00318215531924382
0.00354698409664622
-0.00164937152325095
-0.00448438185163191
-0.0144618128070024
0.00974260937990801
-0.00226322803025991
-0.00441742160229364
-0.0139104915102758
0.0207953183152871
0.0245413505233463
0.00313948062566971
0.00915728802402871
0
-0.00310125603922407
-0.000691399752431154
0.00172952800267723
-0.00736645124618784
-0.00614560089794791
0.000116587837786453
-0.00991596606329181
-0.00683399591571587
0.00605056247080804
0.0154481496903227
-0.00673556949189724
-0.0123933715850001
-0.00142059128770733
-0.0157676244472573
-0.0119248432484043
0.00621719634760987
0.00520958669164462
0.00349524677501933
0.0148931040457356
-0.0042603076691673
-0.00570480812014884
0.0117140476086794
-0.0211483519286004
0.0130355886259184
-0.0184677604366564
0.0165088910175204
0.0152854045644142
-0.00799816326693992
0.0135167319939722
-0.00807208566537843
-0.004009828580396
0.0119597449652311
0.00234021394654294
0.0109736305011932
0.00242491904751763
-0.000115232072440574
0.00748848617783637
-0.00240134935290715
0.00504358762930379
-0.00935215828746161
0.00207229987565793
0.00206799917586742
0.00676443437690799
-0.00603572088318249
0.0021769394094644
-0.00480161528714185
-0.0107984046722388
0.00267093276578922
-0.0129719849677994
0.0102088932673265
-0.0167266792016355
-0.00330770614194043
0.0141045450297401
-0.00420757291903118
0.0187792621189045
-0.00610595223706223
0.0117074362842489
-0.00309343889524616
0.0016089949945004
-0.00436035811658853
-0.00968068813222078
-0.0183870864057171
-0.000355653059564642
0.00628561677303696
0.00883910270013177
-0.00817763021688345
-0.0117785304795353
0.00345650314551627
0.00926470975992144
0.00423678896184021
0.0002344614166363
0.00128881825718441
-0.00561670794162039
0.00294186045771649
0.00293323130054013
0.00140388325146334
-0.00186922016839686
-0.0142790090160073
0.00831162642286221
0.00329718918349853
0.000586784694664999
-0.00656886787895838
-0.0164128049809827
-0.00252098429259406
0.00204593421788823
-0.00552482949437416
-0.0111111093411166
0.00781628308381555
0.0020601303533907
-0.00350708206015971
-0.000728171242185383
0.0103230574516782
0.0100973978217742
-0.0055932317390982
0.0292005851523318
0.0156976178492718
0.00560968371617543
-0.0158242903479253
0.00936962997632262
-0.00882423971843249
0.00612783704144571
-0.00137891740137297
-0.00333717614130347
-0.00496477618279278
0.0143884253453141
-0.00114387268278948
-0.0114520981555931
0.0067191831979696
-0.00126583014343529
0.00518487504150844
-0.0165061878246983
0.00104902009827068
-0.0114099714737275
0.00341538820160969
0.00962438054412496
-0.00104621449755515
-0.0102409378349018
-0.00693713357524661
0.00201287279086215
0.00118158268366142
0.0143986602335127
-0.00127982133174287
0.00477638117195078
-0.00614501047171268
-0.00349968936871647
0.000116983653094094
0.00386281899077856
-0.0117770432808121
0.0099115343946965
0.00876268152469817
0.00532774271231484
-0.0107142619436292
0.0139746572581374
-0.0152750560347763
0
0.0106135039014339
0.0155798629731827
0.0109091643806623
-0.00708188495645889
0.00418885905679489
0.000225434491896603
-0.00157798311843504
-0.00891848298560738
0.000797349691958216
0.0135442804558503
-0.0142616855697164
-0.0063795394814592
0.0135289897352404
0.0283936236197686
0.0104499306360637
-0.00326586756938374
-0.0025119488640567
0.00470819295821268
0.00544898207011002
-0.00747888434846233
-0.00556951610474243
0.00977383944076027
-0.00967923614081068
-0.00845589681659498
0.00155054439461755
0.00541850375054409
0.00802907173545298
-0.00152753581919662
-0.00961649128454667
-0.0206333199842129
-0.0203921026197456
-0.0333524369644643
-0.00975612718637187
0.0413312445284004
0.0206530107731269
-0.00452183220947455
-0.0118101134173806
-0.0256262825085314
0.0175728793803629
0.00695405588900089
-0.0148480417221818
0.0226661805933075
-0.0127956263628701
-0.00416618399243152
0.00918070017059636
-0.000806072467266716
0.0187853303176972
0.00984163495123203
-0.0127702012561721
-0.021786023488795
0.00243588892878921
-0.00983564652588875
0.00116861822755876
-0.00758725976902908
0.00317566851827245
-0.0338843672915764
0.00983008766755966
0.024035632814869
0.00140820774300177
0.0155865368136652
0.015808914303443
-0.00908772005110225
0.0138713338931511
0.00508812743866405
-0.00427488679658528
0.0109592044822096
-0.00324095459043228
-0.0106514685842858
0.00929292656909508
-0.00134743562399686
0.00236111974765585
0.00314074399088238
-0.00346634634664633
0.0545331907731923
-0.0123430782238316
-0.00474027194819948
-0.00779387905778461
0.0102552892278618
0.00475153345849866
0.00290204111004444
0.023791615590345
0.00177951094107964
0.00114943206778872
-0.00177431045764664
0.00198663689143186
-0.00459147708811813
-0.00304015743154873
0.000210360391441844
-0.0108284875477502
-0.00584550137372142
0.0172119638185055
0.00210190234728636
0.0176193641764186
-0.000824514296930312
0.00412585096415885
-0.00143809610058898
-0.00720095811417398
0.00331570443559182
0.000206615639904761
-0.00474969357935884
0.00269740230063786
-0.00693219458346683
-0.0148990102003305
0.0209412987079658
-0.00238261722707012
-0.00550359932906042
-0.0135741992209127
0.0019053664239661
-0.0172213594490028
0.00376259560250647
-0.00867511272138577
0.0169619318458645
-0.0237969011837371
-0.0071824138151394
0.0137015942173586
0.0028114324664883
0.010567089764987
-0.00341441153942112
0.000107101674200916
0.00813618677141692
-0.00870764095697074
-0.00503480725750938
-0.0129199368589835
0.00185425389443816
-0.0116494054533738
-0.0256664063005018
0.000565223913849389
-0.000564904616251249
0.0011305522143541
-0.0229249348390915
0.0091308280646254
-0.0242812786713691
0.00493012450669683
-0.00712532740814031
-0.00670587386570076
0.0108966775696506
-0.011365019673344
0.00355532873660191
-0.00507793206090623
0.00261127561689811
0.0258080381988153
-0.00796307591700929
-0.0184969949479969
0.00794115531016071
0.0165804542028802
-0.0163100265545448
-0.0105831917484077
0.0124791599885825
0.000234831240380151
-0.0190118958284463
0.0159110469808263
0.0184879305992312
0.00670599184843046
-0.00459401924170566
-0.00023071466607183
0.0126947009081997
-0.00490027668486581
-0.00137430072003619
0.012156022520232
0.00917736156067006
0.00224548396484936
0.0148986124584021
-0.00121413513781088
0.00375737903546192
-0.00132119270587661
-0.00518135362959926
-0.0142951887516193
-0.00539631878747981
0.00836447576794064
0.0156932900073667
0.00960160931678344
0.00251413094745256
-0.00457960954808756
0.0247562382132167
0.0185997050233753
-0.00451253302604182
0.000737922504955302
-0.000948115475815969
-0.000632602660524895
0.00211009383186189
0.00294807208656178
-0.00241447885890644
-0.00178888768519936
0.00811716145920993
-0.0196590180019025
-0.00512002716619342
0.00611126759730829
-0.00596756142676103
-0.000964886363162498
-0.00547271069776245
0.00863187901291318
0.00823709016745044
-0.00212207152268573
0.000744277853858666
0.00255000603584077
0.00498093020445189
0.000949017890969239
0.0112726143469628
0.00447973589108952
0.000311118184445514
-0.000933173663910103
0.00861352456296682
-0.00864289052063627
0.0041515441404365
0.00661506811200341
-0.0052366965637729
-0.0100123778779689
0.00208524664652754
0.0104047156164755
-0.000514818852097809
0.0129816585349627
-0.00417010318344102
0.0021448198715579
-0.00764369394375863
0.0131457988115182
-0.00212882445804807
-0.00111734472479175
-0.00366123424161924
0.00796168741696412
0.000911345503529004
0.0114326503620343
-0.00310089682368253
-0.00461577191216467
-0.00292338013762494
-0.00556053668139667
0.00284665829029285
0
-0.00354822228647844
0.0075286863364461
0.00424111181725051
0.00713932484120994
0.00229626622528967
-0.0107580424283912
-0.0122847502091359
0.00581098244148603
-0.00456107165370778
0.00875673084841844
-0.0132230049149824
0.0100245621931117
0.00293701256593981
0.00010101278502983
0.0141356869811708
-0.0222022997718224
-0.00906217852649238
0.00822022116072452
0.0202813059288718
0.00889018658850116
0.0130693708623064
0.036430812875889
0.00273633077770308
0.000992235140452769
0.00198270143677948
-0.00964628976445359
0.00324667824059244
0.00871303254732547
-0.00197438299636743
0.000494572224081669
0.000247207124251192
-0.000741351600164308
0.00630566294407742
-0.00122862761062326
-0.000615118703221618
0.000615497307127066
-0.0020912535109946
-0.00332846388085062
0.00408165749119749
0.00320278393693019
0.000736714127290927
-0.00699386503067478
0.000617854936364681
0.00172882186729484
0.00468438099046908
-0.00269939877300607
-0.000984276586912913
0.00024635468890466
0.00393991622827006
-0.00183961243758146
-0.00196579434777988
-0.00652475662225449
0.00396530374096549
-0.00567759833414971
0.00223435953908546
0.00235325742762593
0.00123562337822802
-0.00518324083898858
-0.00111653639602349
0.0084451071204088
0.00788176137494201
-0.00782012501564644
0.00258629319900106
0.000368480512542568
-0.00306974452186282
-0.0208153954719696
-0.00188681761006293
-0.00441081296561596
-0.0250633291139241
0.0154505588983598
-0.0172611944413911
-0.00533442616010371
0.00457823431961679
-0.0029948306121812
0.00313436071568507
-0.00117168340506912
0.00951506765491317
0.00284055530692928
-0.00103002448899259
-0.01275935108954
0.0134464624920747
-0.000128738894579761
-0.00631288303351385
0.0163360825749805
-0.00510270449167893
-0.00423123488219601
0.00154513254982591
0.00694267172721341
-0.000893769152196078
-0.000383373801916997
-0.0240348373301605
0.00576372836068795
-0.0074238083800966
-0.000656016279438565
-0.00393911481412212
0.00751382800535438
0.00955127567709013
0.0391393966231521
-0.0001247443252681
0.00149685671689803
-0.0189314233537
-0.0130760319820756
0.00758945221480434
-0.00178731005266652
0.00460418200270674
-0.0193507822017525
-0.00376478000473557
-0.00260616373745537
0.00522603860431103
0.0163763317812233
0.00933507708446601
0.0164703281388572
0.000124579329755292
0.00872387858235002
-0.0227329374170266
0.00670036679394115
0.00728371244318882
-0.00299212072051014
-0.0122546328341299
0.00291179903561956
-0.010098497726603
0.00943644502515784
0.00505298104835861
-0.00666162661291159
0.00126531698425048
-0.0121319226133674
-0.0147115393299614
0.003895131286489
-0.00271597258147949
0.00350143945660175
-0.00529847526357496
0.010003858516255
0.00463082080346844
-0.00345705514614747
0.018116355695327
-0.00668852868976599
0.0129590142670437
-0.0063966133301161
-0.0077000756412513
0.00305300848425127
-0.00621429311894217
-0.000382835625538092
0.0079151664007362
-0.00164657384344169
-0.00875416138036023
0.00115197751767471
-0.00485815641960929
0.0120760926041159
0.0063467886055697
0.00920790879424693
0.00524931870392908
0.0019892577396492
0.00632835370782248
0.00308261413274025
-0.000737516920406023
0.00086111451763915
-0.00553093651018999
0.00346061038385326
-0.0072669538793706
-0.000868473966959549
-0.00658138590067536
0.00037498750000009
0.0124953144132864
-0.00296184132990052
0.00210419603782386
-0.00741104258165814
0.0443006092048208
-0.00452808638055502
0.00191520227537456
-0.000119414580146193
-0.00836424881433273
0.00108451623290784
-0.00120364705816922
0.00939984299590835
0.00262656392964256
0.00250058338292769
-0.00106905805751145
0.00606424509070735
-0.00425482798422372
-0.0023738516320474
0.00832833997638271
0.000590005899705037
0.00389143854157648
0.0111594623925571
0.000580796919591231
-0.00673393730641836
0.0199882985392765
-0.00733439130565228
0.00242437073108848
-0.00852246899637288
-0.00023226856695413
0.0063901824096666
0.00796576975412933
0.00515409472349315
-0.00296264806375002
-0.0073142742857143
0.00702279522193416
-0.0122327539472646
0.00312495363136689
-0.00230756899290585
-0.00219731696313952
0.00046361845692644
-0.000231661260426175
-0.00336038227020696
0.000348785016886843
-0.00174339839907722
-0.00314350917619644
0.00116792801327037
-0.00221654220465994
-0.00058454344188652
-0.00245678512669201
0.00586372719117145
0.0041972719201564
-0.000696586579470249
0.000464749622400396
0.00116128206757304
-0.00533579637322579
0.000349842565597669
0.0107250875579981
-0.00184539798772998
-0.00115552344400827
-0.0410689833163124
-0.014356400221455
0.00930235040277916
0.0101868058475238
-0.00384153647629526
-0.000843564683891351
0.00506570956141794
-0.00240015594863408
-0.00156377967871213
-0.00228918072289164
0.0153363607133525
-0.00261656749246986
-0.00560460284277831
-0.00263821804338904
0.000480954682720913
-0.00516764818132009
0.000724776524822168
0.00531148021784067
-0.00324203894382857
-0.0133718825834988
-0.00146523805945686
0.00440205434583096
0.00937430008977724
0.0125436370742424
0.000119142350892609
0.00655077425620276
-0.0013016210791239
0.00485777239673513
0.00153288530911189
0.0136566514326193
0.00859463434598462
-0.00356974912803998
-0.00924530231417209
-0.00349939332207871
-0.0101837996020135
-0.000827814589115738
-0.00497097893173115
0.00118946116331653
0.00344542006523496
-0.000947217629022168
0.00118518610518548
0.00935125440277274
0.00480829147912365
0.00933710317460301
-0.00601299701620039
-0.00348993722068325
-0.00221810636385222
-0.00994498642863006
0.00118173004555433
-0.00814449943172202
0.00428418427090538
-0.00154043134898019
-0.00201763584102455
-0.0137946968150646
0.00168817074641248
-0.00613942458167815
0.00654069783286593
0.00469314090717554
0.00922270952743354
0.00878231643051697
0.00552942352941166
0.000117023515654235
0.00362655579223614
-0.0301900451079375
-0.00180281256500514
-0.000240866938921114
-0.0125256053537951
0.000243980979240943
-0.0103645650441515
0.00332671250237992
0.000736804617462727
-0.00822184337272913
0.00569164810690426
0
-0.00332181352512073
0.00518452030157968
-0.014245400957878
-0.000498243447050406
-0.0117163400828988
0.00668431067367492
0.00977196191430729
-0.000496277927947375
0.0124131085504744
-0.00796951956766834
-0.000494388802650403
0.00259674777061636
0.0177601746975784
-0.00848275600397819
-0.000122243950134493
0.00427827904359579
0.00255597601967006
-0.00461339062959598
0.00182950364262724
0.0155831387336638
-0.00227757138042617
-0.00204259274146612
0.0115578981834314
0.0128540947222362
0.0195065104466865
0.0035730520153745
0.00229696795681655
-0.000343749295648621
0.0138697733578581
-0.00271337488004664
-0.00113363565506897
-0.0140732945854807
-0.00471974198043945
-0.000462653255408729
0.00416571405150923
-0.008988234719846
-0.00627908139534883
0
-0.00491455657517614
0.00870176377349763
0.00862669630014801
0
0.0041608878003081
0.00103595767849751
0.00758877765219301
-0.00684694762684979
0.00160862922680272
-0.00240907427805626
0.000804967810544843
-0.00218318972978504
