0.00983436869969578
0.00290452764231208
0.0333901016458245
-0.0153313550939663
0.0212623472291982
0.0196721475409836
-0.0136656428671119
0.00130402612238067
0.00846493569916973
0.00548829692512842
0.0218333757933316
0.00251373126429755
-0.00861938554114738
-0.00331961755673793
0.00967487723512894
0.00078540684888484
-0.00062786062828224
0.00188476525474357
0.000470277465586033
0.0133186775305547
0.00355657966774636
0.00585511538196881
0.039368857833469
0.100368551226781
-0.0326815278499049
0.0204928825741777
0.0318861071324061
0.00381318854122847
0.0248886835152573
0.0149540647994393
-0.0285858819500878
-0.0242416648203483
-0.0112926668510429
-0.0200214732604534
0.00370213903743299
-0.0192622412265945
-0.00487531682859288
-0.012318084761532
0.000708659317138816
0.00311572010882699
-0.0110122685017006
-0.0222698777043593
0.0179588704324389
0.0382960120726332
0.00303912146759377
-0.00922736524958856
0.00208498743161001
0.00749065099129709
0.00110150080276061
0.00495118972563868
0.00314770767756967
-0.00559350591022489
-0.00850599545213326
-0.0253216421193431
-0.0251278243859221
-0.00305808950220166
0.0257084724760221
0.0223583021595231
-0.00710408124942075
0.00687427057904411
-0.0185313509209147
-0.00354911971751504
0.023650034943723
-0.0162838974609295
0.0169778862478778
0.033945507816312
-0.00901504305705048
-0.00678886607497986
-0.000546835255042177
-0.0216112977484434
0.0272613452713735
-0.0425966912385672
0.0318407684958286
0.0399504361454985
0.0139091671455602
0.00274365034304092
-0.0145928729641693
0.00476002927780095
0.0125016979208239
-0.0101377434328636
0.0157562623027172
-0.00206830400635594
-0.00608800541792764
-0.00573441916847039
0.0166469653080747
0.00966993320448517
-0.0117481678393094
0.004910169335963
-0.00617199458037787
-0.00685727769624433
-0.0224075163520709
0.00826229999650452
0.00251115503509625
-0.00329597899264278
0.00277777785126387
0.00329771806615797
0.000263002899369091
-0.0357518523724539
-0.00177205559198401
0.0204834076000242
-0.0121772108051434
-0.00379299647791909
-0.00244764750547133
0.0196292527313353
-0.00561505325073319
-0.0130410465060923
-0.00381428939848572
-0.0127170796957643
-0.0199445299145926
-0.00607687942123014
0.00426553379025929
0.00212377185857737
-0.0101723793468832
-0.00471017712561161
0.017639408390675
0.00267760714032717
-0.00773020357750664
0.00821532601176567
0.00604103680809209
0.00307221054221185
-0.0192120974742559
-0.00922631692943854
0.000716260714200834
-0.000429463147586739
-0.00802059581781711
-0.000577548351789026
0.00809011834599671
0.00100313844945732
-0.00343589129379795
0.00430976864947907
-0.00329000124216838
-0.0179391504018369
0.00160749671196836
-0.0128391740175201
0.0127105076730412
-0.00335662594964792
-0.0169864399328388
-0.00610749319711734
0.00419662763494277
-0.00208953731343287
-0.00717924009603277
-0.00692978338037586
0
0.00788841043350752
0.0234798006177062
0.00117649999999991
-0.00293779368572855
0.00824992670521185
0.00774399451361774
0.0026098448222438
-0.00159075917307994
0.0131807066457024
0.00500365997156527
0.00697009927581371
0.0180816355688425
-0.00513393922575267
-0.0124128178136466
0.0485807385561572
0.0169697239057238
-0.0247649708710111
-0.00841936459015979
-0.00643651080949781
0.00330803570056371
-0.00233545813524594
-0.00509505624779438
0.00429062975778538
-0.00813116064308594
-0.00111160204096694
-0.0190569205599794
-0.00198525249511849
0.00397850258504562
-0.018681119802937
0.00461505651081962
0.00100486643670017
-0.024523245754055
-0.0045574538910963
0.0149165856581981
-0.000145547145728342
-0.00858675605569426
0.00176152370398452
-0.0167057449210359
-0.0013412220966087
0.0268616019441394
0.00494120055053648
0.00144610263351841
-0.00288804332129955
-0.0337436915100497
0.00494607306735517
-0.00984345966397648
-0.00979064632912563
-0.00638877415238148
0.0139314605021434
-0.018420669556666
-0.0121519916273807
0.0228900806152279
-0.010808326661339
0
-0.00569409022649625
0.0156322857818869
-0.00335265147732466
0.0431192494458945
-0.00498393425705157
-0.0141425904895075
0.00493129124122205
-0.0176951970260224
-0.000908234965432353
-0.000454530303030332
0.00515381226081835
0.0132710605721933
-0.00759044478075765
-0.00884829034193169
-0.0426690296667592
-0.0366682313892841
-0.0446267589068621
-0.00686927700498019
0.0127960915512333
0.00921975414034493
0.0086279477477933
-0.00587049657615724
-0.000506124514931816
-0.000675236304009563
0.00979726334801923
-0.0142187857848575
0.0274902256914984
-0.0284062267284265
-0.0115587281469071
-0.000687893355532543
-0.00481843047980668
0.0160815488126735
0
0.0462900288049701
-0.00878336044242023
0.0242861671198911
-0.00785001627202875
-0.0188923300500564
-0.0134957048550265
-0.0128461964105138
-0.0451241860782216
-0.0024778584070797
0.0351312804270534
0.00788479602331149
0.00272108848165131
0.00712350758350588
0.00286288307741867
0.0250210247694547
0.031618610229053
-0.00651103689834787
-0.00255752873149728
-0.00657051260991948
-0.0164542824179937
0.0144332784249093
0.00258690388316585
-0.0114497504096034
0.0143556446061279
-0.0188163718237375
0.00590068860516912
0.0172722994504204
-0.00224249559506651
-0.00690319462348377
0.0287746196447687
-0.00314267761066434
-0.00740854362245491
0.0138160868061603
0.0192669172932329
-0.0235131243276471
-0.00299028953430447
0.0061563380002001
-0.0101977091246404
-0.0110952765889999
0.000801410495294252
0.00880850430506896
-0.005873995685855
-0.00271475571246815
-0.00448363483613079
0.0352260426323321
-0.00963329692925274
0.00125506742218184
-0.00971480727044816
-0.00379749993991296
-0.000952938388706137
0.00270267082026487
-0.0057079594101791
0.0151491152152625
-0.0221489161168709
-0.0252208835341365
0.0138431114040871
-0.00211315019505853
-0.0154748332867705
-0.00976176389413907
0.00467841285475057
-0.0187926323167698
-0.0238983050847457
0.008682062858135
0.0185918058185572
-0.0174074536896215
-0.0168558482431348
0.0073478306508048
0.0020840395246946
0.00693235689891925
0.00361450959086085
-0.00703136671186133
0.00259062167217206
-0.00981910438964873
-0.00521920668058451
0.0019237670514165
0.00104725081083523
-0.0224934096771895
-0.021405636435861
-0.0191396277954862
-0.0105928078313918
0.0131479521732552
-0.0346681318996688
-0.00652967159592865
-0.0346027643533732
-0.0208249303328981
-0.0110429647835188
-0.0142680518141428
0.0299979035031634
-0.0415478020997068
0.0276243088052632
-0.0262613931707734
-0.0019112338076025
0.0270212765957447
-0.00807953180029009
-0.0233918750335865
0.0196749794557305
0.00230706795302016
-0.0466624807143234
-0.0722124874404634
-0.0376153300212918
-0.0238446656833824
0.0463359366994696
0.0423586532456957
0.0193950815193933
0.0434880614501445
-0.0629477317126113
0.0240908280792602
0.0508934641685923
-0.00860951374536201
0.00781582701224859
0.00193881955789843
0.00408520765793186
0.00920770858227593
0.0341608522350763
0.00205166179517202
0.00921377968877946
0.0129843576184956
-0.00160228319647504
-0.0190570920383989
0.00102247439580871
-0.00490300296418777
0.0170396636633063
-0.0100928540554531
-0.00938007729649104
0.00802797414458745
0.00612617916834424
-0.0028414653947636
-0.0170974960900164
-0.00372747973229492
-0.00602787349765377
0.00188205771643646
-0.00793155917345023
-0.00210391336216942
-0.00126504322158971
-0.023432573853337
0.000648573309492972
-0.00820913786543231
-0.0263558919625353
0.00201342277374894
-0.0263451657435775
-0.00366888319952108
-0.00115072494474744
0.00783410102146997
0.0214905797215099
-0.00581920322291851
0.0047276679301067
0.0419000438740746
0.0176344086021505
0.00211322907861367
0.0143399415579899
0.0345114359464216
0.0301446957453655
-0.0126803945641981
-0.0124481522930616
0.0164065426170468
-0.0297243706638656
-0.00750665434151643
-0.0312755327586072
-0.0284869809767248
-0.0423544951704061
0.0591971195282377
0.0207708132597255
-0.00272701920398666
-0.00168283547154302
-0.042772841187797
0.00946513317191267
-0.0126472304263578
0.00795053021092174
-0.0162137821256307
-0.0113586409194368
0.0473080208900205
-0.00731340041671746
0.012134278997431
0.0235496044433654
0.00230071110017338
0.021494220429642
0.0194075787659331
0.0166332257862434
0.0581509954661936
0.0115499068554397
0.00957644584855344
0.0226195001824152
-0.0046379235704973
-0.00788526895851738
-0.0341401727937106
-0.0203852623829202
0.00114543716789917
0.00381388260514659
0.00702885651650553
-0.000188605930526609
0.00679247169811314
-0.00505998866079471
-0.00828777547560755
0.0161443108777091
-0.054392523364486
-0.0195691243328722
0.0147178231741059
0.0317901437794499
0.00905068361255545
0.00324423651739547
-0.0334791516073807
0.010234225344731
-0.00136380279120185
0.0115099497272706
0.00790742557019963
0.0112897057516153
-0.00605485358769553
0.00723398072023573
-0.0137970137970137
0.00268302031429668
-0.00439602446483178
-0.00230368592820118
0.0334808152110677
-0.00428223802424588
-0.0229992520568436
-0.000956918660287021
-0.00306513404089792
0.0274788618854946
-0.000935159885259829
0.001123212322097
-0.0802169222139116
0.0433015052510979
0.00915824240062357
-0.00714429412735473
-0.00252814089957765
0.0185221482058462
-0.0262251712777499
0.00275209362595041
0.000196079207844813
0.0241081928655429
-0.00172248803827757
-0.0187883435582822
0.00683858929269232
-0.0219289156205882
-0.0101191067413052
0.00180398881146493
-0.00780312124849925
-0.00584797338173026
-0.00933060870853153
0.0208845413595413
-0.000601664648983813
0.0080272523368552
0.00856062114274336
0.0221081523884721
-0.0256855547641087
0.00673934575343216
0.015947961883285
-0.0370154859308328
0.0261622665760166
-0.0245146097464362
0.0110574784456181
0.0349969768344209
0.000384265137065576
0.0042251008258114
0.000764983729872215
0.017580698735689
0.0114554178403756
0.000928314130554941
0.00111298460396969
0.00704089295829347
0.0106716103283022
0.00200256690333145
-0.00472387346068548
0.0158817637072246
0.00449236282147836
0.00339889075495914
-0.00891424496345161
-0.0025184205792409
0.00991882759388951
-0.01196425
0.0048797395669713
0.0248201807489272
-0.000175482625482504
-0.0049149024940337
-0.00123478569826752
0.0144825152681476
0.0302924970454821
-0.0300776951672862
0.0202090411076989
0.00341524925861947
-0.00901970759086834
-0.000858663918942071
-0.013750412512891
0.0205646563164055
-0.0233948424966728
-0.0365448686229213
-0.00326678777737888
0.000182119453099761
0.0240305843801201
0.00764444444444434
0.0220536344389555
-0.0267564129121354
-0.0147215676707775
-0.0284428087928498
0.015378876869022
-0.00182478105519668
0.0175502556206535
0.00341354653251891
0.00572963315056874
-0.00178027423109395
-0.00677726056714822
0.0043095888725011
0.00393352404791703
0.0274264816588965
-0.00416013181071473
-0.0214099212983477
-0.0119175024561099
0.0199820165613325
0.0326508648076245
0.00222185958714261
0.0219986531718732
-0.0155181044551977
-0.0206779830508476
0.0129802702142656
0.0199897833587868
-0.0207705524159036
-0.00102629149891031
-0.00565071898456437
0.00482173239194084
0.02107976079108
-0.0085599527170207
-0.0030472490265786
0.0112073359009566
-0.0100755333346018
-0.00932992350585371
-0.00804797917643907
0.0303814776454341
0.0117272576935377
0.00612682573483725
0.00987496740865579
0.00456320070790106
0.00162237186278991
0.00242949457630415
0.00630150276783814
-0.000160549135525767
-0.00176650072265949
-0.0130309202059201
0.00537900588032625
-0.0249675907911803
0.0219487865305752
0.0157826393716667
-0.00320358801858089
-0.067652257753495
0.0217166321957944
0.00101216263515802
-0.00286488035052246
0.0332939169610924
0.00245341842416447
0.00913684109745727
-0.0140662575284158
-0.00918337159724492
0.0072824067289774
0.00345052574021487
0.00131000491239552
0.0130825670291883
0
0.0151734945089024
-0.00270310069491331
0.00271042725270365
-0.00111303865659151
-0.00668573702642472
-0.00785259590216048
0.0101760781780003
-0.000159929642469914
-0.00847591569608053
-0.000161258064516168
-0.0188740435917392
0.0059191055573824
0.000817260542660847
0.0452392617997714
-0.000156218750000048
-0.00750123433345096
-0.0229884907255076
-0.00112810638401462
0.00774441755404975
0.010886967833605
0.0012670573529785
0.0101233785175041
-0.0125274034994143
-0.0188709480039494
-0.0035557944651009
0.00373072169567812
0.00177765026215826
0.0029036295239997
0.0120636967046388
0.00111258744795251
0.00333384653647095
0.00458862334511667
-0.00661524628712407
0.00650071349294423
-0.00960934152488968
0.00445368227220744
-0.00950123485348431
0.0169464750910706
-0.00094327934376226
0.00692372945592012
-0.0251601961193875
-0.0575504960315727
-0.0127572714278402
0.0265334419963226
0.00436384678201263
-0.00384356617647075
0.0122462504236496
0.0364600762346701
0.0121521904037067
0.02685625634844
-0.00861535384615375
-0.0234326808369746
0.00381372954075965
-0.0441664886549467
-0.00529976804737053
0.025640975264053
-0.00519478912970095
-0.000652692569397706
0.0070214889934197
-0.000648564963468989
-0.00421875703036256
0.00228122865050073
0.0123557474347504
0.0080295487393609
-0.00350487494025808
0.0156674662776572
0.0042499607154094
0.000940470234176649
-0.00829938915910755
0.00900047342490207
0.00344289504091089
-0.00764195223134967
0.00220020427156675
0.0225811353300924
0.0133415582478387
0.00166464886002893
-0.0243239152644233
0.00480020115205337
-0.0141778088176577
0.0164138812503691
-0.00046138113479155
0.0161563784014889
-0.0175651723566752
0.00616525922465749
-0.0119485142761722
0.00744190697674418
-0.0267774841438527
0
-0.0034788423947234
0.0138051253570295
-0.000626091729943545
-0.000313171505502585
0.0142565560314412
-0.0316651075583907
0.00111658958552541
0.00191209375118206
-0.00174937974317135
0.0100366735701769
0.00772865906218745
0.006417342407534
0.00746494521936492
0.00632916033234276
-0.00828347880707236
0.020881638951844
-0.0019696515151516
-0.00516174259169222
-0.00671452779970294
0
-0.00568436046608456
-0.00602594242852383
0.00170993310399736
-0.00263819048298608
-0.00606808803803127
0.000939229791182994
0.00140756961851074
0.0228017963892206
-0.0227515352802423
-0.045156234375
-0.00801836020261226
-0.00956776657155678
-0.00549636899572992
0.000502478655208138
-0.025945814330572
0.00463997258360505
0.00444751974764834
-0.00970706727338111
0.005330988638659
-0.0260006846732926
-0.00175621710144391
-0.00334268121041525
0.0141217823787543
-0.00295912962647304
0.000523777942105008
-0.0116908390910688
0.000353125006234523
0.019590540063537
-0.00986669551670427
0.00157342654591908
0.0205969624612157
-0.0225756623469188
0.00787394548122666
-0.0368055221113029
-0.0158616077865897
-0.000732545814378982
0.000549835033910817
-0.0119069609818648
-0.0161290140179646
-0.0022611456566799
-0.00188863074809009
0.0100284393577461
0.00337204939355473
-0.00578791998155492
0.000187755868544581
0.0138941424669223
-0.0342592222222222
0.0222435082552825
-0.00562751818368934
0.0230145641582555
-0.00737595426885485
0.00910269332704083
-0.00423416789396169
-0.00110928082824935
-0.0129557100306442
-0.0309394700566484
0.000387016253869943
-0.0009670986273288
-0.0507260967773051
-0.0132571489548673
