0.0120307988450432
0.00665712474243141
0.0226735796779587
-0.00816010815212187
0.0198695908062585
0.0164383873563954
0.00149742440097977
0.0296053242944971
-0.0165553294139511
0.000295289422692191
0.0183053592649942
0.00159456357228627
-0.00940793222798841
0.0219170069574224
0.00700597635098732
-0.0119267925599887
0.00402366742484084
0.00529547708764233
0.0029897352787509
0.00369058922742038
-0.000424254001191393
0.00240517826825126
0.0125617505310303
-0.00892110423532488
0.000562601984883448
0.0102615126547865
0.0130791006089146
-0.0127729848310116
-0.00139117980208037
0.0162997773237639
-0.000685332447649012
0.00425235927977052
0.0127031827988415
-0.0101159968993255
0
-0.00885680622505536
0.00137473195971216
-0.026633636827767
0.00366716491771046
-0.0195335430279064
0.00472984110920915
-0.00884443677159596
0.0218767549563865
0.0215492816901408
0.0135116919000646
0.00272067738482717
0.00217072313350597
-0.00568574499719465
0.00231458144239283
0.00230912786026383
-0.00636944021724584
-0.00818329241680305
-0.00178774750016841
-0.0436699018415705
-0.00633815921458269
0.00797326726703695
0.0245936865323413
-0.0151599386625474
-0.0181015525597746
-0.0179996663956985
-0.00753884678377392
0
-0.00819188275531557
0.0132152733572772
0.0171927669009522
0.00903399427512719
0.00606495306859212
-0.00143530935654701
0.00330606583297421
-0.0233525061596344
0.0146692097599885
-0.00636106712045892
0.0302632752685896
0.0272560380527056
0.000137503440679199
0.0430240137457045
0.0168688330338231
0.000647939313222379
0.0178732938463062
-0.00865239896436687
0.00192522131047501
0.00819880881882673
-0.00254125803842142
-0.000764305732483983
0.012366164906523
-0.00176309020208587
-0.000883057936788001
-0.00454546734389394
0.012810781979238
-0.00989355065481667
-0.00278272205369889
0.0164891307198951
-0.00149740456073622
0.00949765094342614
-0.00804657103301032
-0.0129789222380727
-0.0013907321477169
-0.0169663705887678
-0.00978879456193704
0.0137877866982747
-0.0146266226680364
0.0192707804972352
-0.00089422586732546
0.0122746325568934
0.000126335736423844
0.00985095983834294
-0.00150078791271613
-0.00776546882592533
-0.0222166369323827
-0.00735863681072335
0.00780334253873516
0.0221964259180907
0.00669106181910184
-0.0111612744208998
0.0295498041737428
0.0322739960581424
-0.0109785914924132
0.00398168450705905
0.012258190268696
0.00569863448776076
-0.00873566295284689
0.00178637606542376
-0.00439851387071388
0.00322384477611948
-0.00892644640299145
0.000720607687784369
-0.00360017992079242
-0.0018066000458461
0.00374040795392405
0.00384661608735137
-0.00945995666483168
-0.000483571077326106
-0.00907111756168355
0.0130599292078604
0.0161445301204819
0.0201565696066668
-0.0221990234518942
0.00439799136091734
-0.00769233136094671
0.017650614613014
-0.00574248199361338
0.00919385946222806
-0.00303669692700193
0.0139409792181235
0.00808777557176965
-0.000573100286533013
-0.000114621563576334
-0.00389957554995823
0.00506624076145634
-0.00309318360530209
-0.00965291920200817
0.0114875609190068
0.00493288986882834
-0.00707756865473907
-0.00172454581313364
0.00771620389920069
0.00971426285714294
-0.0148273574380838
0.0032169002387763
-0.00549706825469531
-0.00310912036430777
0.0199838627700129
-0.00611552640604107
-0.00216501818220116
-0.00296907616763731
0.00412323912778012
0.0133454776627233
0.00236387898981905
0.0012352722773068
-0.0037012335710529
-0.00326467402308506
-0.00700251855655609
0.00932666081270828
-0.00146492002400089
-0.046044486558577
0.00662483149916993
0.0106946062143427
-0.000116302325581352
-0.0137225261942675
-0.00907908286945114
-0.0691337212144965
-0.00370703040878051
0.0161662171884469
0.00997476047884205
0.00287539699650941
0.00623285955830388
-0.0485629082189927
0.0148437363993332
0.0016679240013362
0.00397075701293725
-0.0112273160714716
0.00412903225806449
-0.0059110639938319
-0.0257238621286988
0.0262703319780948
0.0135747126974717
-0.0114796170540914
0.00748389677419348
-0.0117827609686791
0.00855360245963688
-0.00424058082755063
-0.00154852242995285
0.0235233156188452
0.0248769030211666
-0.0425086844500403
-0.0177582938844203
0.00917066660105692
-0.0105153577893725
0.0196798737906079
0.00167263250549876
-0.0109184074738191
-0.0310389480519481
-0.034043706821556
-0.0215069099486609
-0.00411222365763864
0.0461341002648112
0.0212331288793641
0.00426494741123484
0.00225612481104509
-0.0462128990815506
0.0104123283411401
0.00659525977734621
-0.0170625165967099
0.0491598514328608
0.00158828584030646
-0.00568256920001509
0.0154173847798349
-0.000916230342507207
0.0112668672535867
0.0317398229889927
-0.00539929690355734
-0.0196944453944508
-0.00540887300943027
-0.0361258693722954
-0.00456749047373761
-0.016464251456525
0.00521411931452187
-0.03944852472158
0.0365212290810903
0.0425006706196689
0.0184113753496664
0.00697315322899894
0.00833539337001565
-0.00724912910781372
0.0215219067773997
0.0145473291835296
0.0122372926517358
-0.00134326537236862
-0.0237222184363197
0.00400811643327237
0.00823348262307966
0.00346446424152447
0.0057953392304646
0.00858154958931001
-0.00437575073693031
0.0322304831043594
0.00603187441637343
-0.000352680469143496
-0.00882041642738352
0.0223066566481567
-0.071030672189848
0.0393553343408879
0.0147853825030562
-0.0118455345142273
-0.00719249597680416
0.00555420188360323
0.000240201731990908
-0.0118848134975459
0.00874743065842387
0.0105986391737762
-0.0146586097171441
-0.0287856434446058
0.0108343084370743
-0.0060366885804285
0.017228557263262
0.0227854514438894
0.0270430896582536
0.00150791093269831
0.00694934014127124
0.00897169291530475
-0.00148204512674366
0.00331089180549804
0.00853436533458241
-0.0224528722482074
-0.00888730388835768
0.0230580520650501
-0.0150256007973956
-0.011903374689742
-0.0128654736842105
0.000236919425665505
-0.0286661698333611
0.00182929268292686
0.018502689750391
0.0249791329025728
-0.026819064206645
0.000599125336677719
0.00646630328185127
0.00785242089759342
0.0284500534582701
-0.00321403799768005
0.00391529267228452
0.00516169993117677
-0.0124386173378507
-0.00935981038410216
-0.0202963366279131
-0.0277413270089613
-0.026573670018434
-0.0559818481817045
-0.0194562763931734
0.030714785791933
-0.0117352195008028
-0.0640426309823601
-0.0104063289976812
-0.0280898452345102
-0.00192685635205481
-0.0240569512359342
-0.00943400776880687
-0.000921612931539473
-0.011685147421815
0.0325140639781278
-0.00210938667578486
-0.03155675532734
0.012472762901041
0.0224822906534556
-0.0365963995001084
-0.0221979361857444
-0.00511589136875934
-0.0449943757030371
-0.0407202086488305
0.01105071078936
0.0229007637560854
-0.00559698109899909
0.0445164754474419
0.0306988396244665
0.0457858530701181
-0.00969548523873709
-0.00321246734530511
0.0144259352715816
-0.0255672322410661
-0.0111784653824893
0.0469461618298974
0.000599895020995556
-0.000599535362716619
0.0328434763047389
0.00101639316031399
0.0268349136398343
0.0104534254774202
-0.0131413814223597
-0.0233743319662462
0.00246589781067885
-0.0107075385514753
0.0279361696093534
-0.00313035007299889
0.0131316732267106
0.0163425746826189
0.0133074440436296
-0.00629273615028003
-0.00385459807068567
0.0124378245931756
-0.0098280232097181
-0.00234350699829744
-0.00151998059195879
0.0229725429567522
0.0133929386740512
0.00146833525733103
-0.0177285397652042
-0.0388112352066433
0.00254129598923369
0.00915366823958119
-0.00641929911139838
0.00547751427573795
0.0143875828684219
-0.00371805272439873
0.0562543208363324
0.0100759489682269
-0.0125664072401502
0.00380478871943346
0.00339818315519058
-0.0018236290930167
-0.00822128441424841
-0.00355259210526315
0.00409346345859785
0.0240663068902378
-0.0109157052427492
-0.0263567784870208
-0.0181357652523206
0.00108654085643911
-0.00732602099207724
-0.0420937827550577
-0.0111285211087757
0.0165921372555804
-0.00624470630492047
0.0182805777612358
-0.0143058058496855
-0.00867958179680672
-0.0172240136995556
0.00160655759301065
-0.0221639538593189
0.00372800488303038
-0.0215420746261201
0.0136653657202344
-0.00838833108483139
0.0280966931161644
-0.000881545720879839
-0.0119117352941176
0.00878102370052014
0.00265565067358575
-0.0132430990765613
0.019087355177076
-0.0185834953809481
0.00685849112867176
0.0119946247889031
0.010242976894526
-0.00159329371967998
-0.023211925141448
-0.0209416895606209
-0.011680764917499
0.0107443741905027
0.00592255143272746
0.00332127123554549
0.048600707923574
-0.00746167290969513
-0.00202398444481666
0.024337245028788
-0.12218921117507
-0.0484936201063315
0.0281070093446156
0.033432130542949
-0.00239047011952187
0.0162939462074743
-0.0539138644123525
0.0121282440958339
0.0290545150707326
0.0344552406197995
0.00570552060772611
0.0222323976965288
0.0049497826593603
0.0025372835820896
-0.00148873013216422
0.000298136275533212
-0.00521684335768924
0.0227750081742586
0.00732493386097466
-0.00581735003439943
-0.000292641891564638
0.0156571270504611
-0.00244930111227193
-0.0226747551321419
0.00221666919511332
-0.000294854025361113
-0.0365782137207281
-0.0194426974892834
-0.00874318460219281
0.0436289165654775
-0.00875342563376313
-0.00167478684531075
-0.0059478420009148
0.00260813132862836
-0.020964009822923
0.0125038918412004
-0.00385921586692217
0.00650856975838465
0.00184762133245364
0.00368830490241279
-0.0038278978357954
0.0430372438683444
0.0116416296545589
0
0.0141296572722605
0.0175235987852516
-0.00606990435177324
0.00355063181078652
-0.00509483412992728
-0.00184928868352963
0.00427537421334945
-0.00255427838010092
0.00540613166302273
-0.0376396784389326
0.0148506832862614
-0.0121703424588674
0.0038134643590495
0.00978958182964385
0.00954993474822841
-0.00286651868424204
-0.01034931723444
0.00973128568573101
0.0102129751242652
-0.0102520428484105
-0.0107898141047384
-0.0052356019419546
0.0326022651285889
-0.0134503332911086
0.0235361653272099
-0.00140211721817163
-0.00716093783823457
0.0149907794511497
-0.0103106873475277
-0.0128114319697513
-0.00228185957151206
-0.0308747288575575
-0.00191747779126195
-0.0260084831094572
0.00121368525482102
0.00651613900639925
-0.0347786370002602
0.0159100917811561
-0.0109012595225514
-0.00776156497241753
0.00484989063985886
-0.0155690947110807
0.0164478412146134
0.00280068474252437
0.00403416620795194
0.00556329787611332
0.00199780236668201
0.0231595409429237
-0.00554643989726333
0.00633111283274723
0.0357998790952703
0.0138828484777194
-0.0646127362057805
0.0135711950725468
-0.0186550019760042
0.0203893137947579
0.0031550331476875
-0.0034446010234207
0.0226931466382154
0.00205729601510818
0.00703909643528089
-0.0246103837078896
0.00119431168135353
0.00685951407275631
-0.0177724682067153
-0.0434258293124246
0.00882725423750408
0.025468703125
-0.0291024849505935
0.000470794091795401
0.033411717647059
0.068002492471273
0.0140704517613637
0.00238260693434089
-0.0299217014788186
0.00951288596913602
-0.0177041402383761
0.00363372077178536
-0.0137582180843643
-0.00616737169360848
-0.0059101802600473
0.0283888678416895
-0.0280387620165122
0.0081784832713756
0.0038347343435956
-0.0110196888339609
0.000742876266316417
-0.000148500591619638
0.00282112851733118
0.0370151016136349
-0.00613934885580603
-0.00632097390718311
-0.0160474198654742
0.035409977531883
0.0151837659261564
-0.00670957496911428
0.00802137652748058
0.000837707699471224
-0.00265032772631257
0.00713289510489501
-0.0187473679003647
-0.00834990046137007
0.019694548308834
0.0268720235215685
-0.0205806451991013
-0.0121069160575158
-0.0181715880594898
0.0051650073959113
0.013417100011907
0.0353521408450703
0.00312877151057611
-0.000135543806225824
0.00515391271583154
-0.00229387394017155
-0.0024344062095103
0.00759216356854209
0.0226049515608182
-0.000526328947368482
0.00381781205657994
-0.0135081836065575
0.00319061415593436
0.00503574085655645
0.00395573596812948
-0.00210133966510828
0.00934455082872288
0.00665008458338523
-0.0138601041655479
0.00840667312780785
0.00807609774948936
-0.00271351599319691
-0.0163254988338948
0.000658627519984689
0.0086875870911205
-0.00443685258137227
0.0104862365908214
0.0403424719337124
0.00997510012375691
0.015925938271605
-0.000243091502696635
-0.00510512963796517
-0.00891869294853254
-0.0364891381969007
0.00729271968819245
-0.00165127645174856
0.00381684488083578
0.00697078562811693
0.0117054755835926
0.00136851211875499
0.00633621583640731
-0.00629632098765431
-0.0278295198864336
-0.0290095463258786
-0.0117137005114358
0.000399613818064415
0.000266187422809372
0.00519031148776028
-0.00820859272088703
-0.00841015840821469
-0.00713515087688688
0.0130169355932204
-0.00481864549349009
0.0137189647268046
0.0335677179155744
-0.0166881125368906
0.0345953272740294
0.00214508517350165
-0.00214049363234692
0.00895897791798106
0.00550278896326661
-0.00497514912997143
-0.0193750375
0.109114153312205
0.0120675321901498
-0.00408813318392309
-0.00330664777559797
0.00983861069266179
-0.00577767097918902
-0.0101412828135533
-0.00207207314128899
0.00011529587921788
0.0041522608126503
-0.021364588131509
-0.000821596273060776
0.00904504906772163
0.0139696853557698
-0.00803669364033743
0.00127314811867718
0.00138706504711439
0.0100427453552838
-0.0102857371428572
0.0158198964392586
0.0137546775746884
-0.00156984749943934
-0.0102201705950116
0.00816976085906362
-0.00731571203862047
-0.0246031527642795
-0.0039520749035461
-0.00618506228999749
0.0171441866066611
-0.00796586211154937
-0.000232701035726812
-0.010476102410611
0.017527325784559
-0.0252023121387284
0.0176707542694496
-0.000699195914210304
0.0032652944606415
0.00592818791035898
-0.000577802165729113
0.00601230213926018
-0.00666592330385185
0.0141154923059121
0.00171136333801791
0.00113894073557153
-0.0133105685253568
0.0275567844728426
0.0203096604473858
0.00923784229627178
0.00904436119791963
-0.00885528096879651
-0.00381345613220152
0.00546866455211648
-0.00348089850973576
0.0139722517850427
0.00226072776682873
-0.0233082496951288
-0.00472891235015949
0.00475138121546959
-0.00285936434620038
-0.00176459692874376
-0.00618721674539358
0.0052251363610385
-0.00652506097157857
0.0132471888400938
0.0202153819011881
0.00355374753872773
0.00300460343374587
0.00481434679774972
-0.0119249896065798
-0.0177801826148648
0.0130553370695483
0.012453996640849
-0.00160447110074813
0.00814229732771787
-0.0178533478821115
-0.00162303617448689
0.00693624169078499
0.013669098539701
0.000106200891909047
0.00360969309672599
-0.00285620440977685
0.00244001692255424
-0.00243407773169813
0.00838108405726534
0.0142030400567161
0.0126556117706305
-0.0105511879568371
0.00144949793765381
0.00144732756805555
-0.00216784343446341
0.00858673666100818
0.00307726952666476
0.00204516819669531
-0.00102050211287885
0.02349579143422
0.00379277365420139
0.00328131649597307
0.00247770064464414
-0.00108750368586252
0.0172208826482494
0.00651875857675366
-0.00328657331908866
-0.0419940059936571
-0.0105284572841513
0.0067526500256323
0.0157519813871547
-0.003301590894495
0.0270025589137957
0
-0.0181800511813127
-0.00328515689253828
-0.0149820211251891
0.00638812594641691
-0.0115869219143577
-0.00632003070988851
