0.0217391145668042
0.0139773569494852
0.0162352118818316
-0.00211000759939739
0.00135937171664979
0
0.0165912360516787
0.00192873881517097
-0.00755222875095851
0.00716208626508896
0.0220740444444445
-0.0191332082659286
0.00118223736315159
0.00738007380073791
-0.00937727472527472
0.00236645463146812
0.0123949245563637
-0.00233207983774841
-0.000730387175911673
0.00964906404534882
-0.0033303794766979
0.00842658699908228
-0.00576288685994031
-0.0066656859392642
-0.00350116687814017
0.0158102917818854
-0.00605271661698692
-0.00521966064637291
0.0186561431474108
0.00543708692856049
-0.0128076567300837
-0.00403642767609502
-0.00506582747522522
-0.00305497535801491
0.00175110173283377
0.00335025481863793
0.00566202115252712
-0.00880602030342237
-0.0246140824576707
-0.00627143487723691
-0.0243426435307599
-0.00693049437856164
0.0181451449374157
0.0120335106768161
-0.00797709187305573
0.00576539185159208
0.000754186140380364
-0.00316549612092221
0.0111901713831923
0.0049348584596296
-0.00193447925302737
-0.0114804979871774
0.001659140196419
0.0192741744150475
-0.00310236362528116
0.00800228180191409
0.0130844904330119
-0.0105935852216754
0.00938691698445271
0.0140947544318513
0.0176242439085221
0.00718110421773188
0.00796867059931028
0.0094313594849198
-0.00261064856568638
0.0126740053822292
0.00190450273692
0.00543110643771616
-0.000405212677709099
0.00499867623609873
-0.00389838693236177
-0.0156544673590948
0.00411291461165564
0.00163848994097449
0.0020447246177111
0.00911437874807852
-0.0601240091668915
-0.0249569416959704
0.0172109289256726
0.00549525652942151
0.0171149434361417
-0.029270347436788
-0.0196649520855076
0.00416046043861229
-0.0193845066769899
0.0173532677238539
0.00756455080286411
-0.0173708229059327
-0.00868916853932578
-0.0110321296972081
0.0143642263336117
0.00843635169191104
-0.0032865400870471
-0.016786615455836
0.0041159300035345
-0.0133597230897348
-0.00769349154311405
0.0017056908576738
-0.00139312697811533
0.0068205702427353
-0.00739023898646218
0.00744526124638956
0.000461986164525863
0.0163126800717446
0.00772262253599898
0.0259954308341654
-0.0111306680013279
-0.0109596865059103
-0.00254564244602651
0.000900720598998594
-0.0140992204619537
0.0156701499009517
-0.0119832680652108
-0.0118253337147562
0.01012574409328
0.00835363051966165
-0.00542250347074114
0.00514923527410605
-0.0153684639730994
-0.00198924260104805
-0.00245328116446986
0.00553335399733657
-0.0047385663325763
0.00460763316529511
-0.0015289098591097
0.00750275631611586
0.0109421575558286
-0.00345754675845822
-0.00648664947221844
0.0130580016237776
-0.00104914566772851
-0.0240059857762644
-0.0184474242068828
-0.00689112002791292
0.0111970193975715
0.00311910465755894
-0.0191231343283581
0.0120462513869075
0.0155050592170731
0.0144972710979194
-0.0167223930787836
-0.00247376314162029
0.00325489785748112
0.0177660118446157
0.0124468736694083
-0.00644677690165407
-0.00558314496377599
0.00273141114623932
-0.0016646639932002
0.00500230400178414
0.00135740567010223
0.00497065830653187
-0.00329737704890021
-0.00691727819548871
0.00938829483058301
-0.00420052480044852
-0.0194335802696708
-0.0059916887996122
-0.00540956748421484
-0.00295250980427375
-0.00483176403791996
0.0180109950825684
0.0030768769230769
0.0210123169177445
-0.00916330178759195
0.0157671469946505
0.00999997014925391
0.0165509536441837
-0.0125018314798396
-0.00544681289562809
-0.0109531974823327
-0.00568689015264867
-0.00346181506737475
0.00468204205833023
-0.00947080619982588
0.0119896951280878
0.0266946460707858
0.0065732545511723
-0.00116096350828843
0.00290566604952325
-0.00347672031691615
-0.0125018314798396
0.0176651994700425
-0.010270490826146
0.00745399027927474
-0.020165370665893
0.00725493030419111
-0.00440976046464459
0.000738166215643155
-0.0188846122585514
-0.0030074736842105
-0.0150829555769402
-0.00153148538140202
-0.00291403387641254
-0.009229318282439
0.00574437163518882
-0.00216116088547635
-0.00572404093013679
0.00591263447546142
0.010518174461928
-0.00489820894234771
0.00292255028695432
0.00107361968130171
-0.00781362070539093
0.00787515417309592
0.00490269671683907
0.00762311374435831
0.0107430328789853
0.00434121237988561
0.00119245796347944
-0.00387068643354738
-0.00358699724483647
-0.0107994753502169
-0.046550358448083
-0.0171756040525508
0.0239482204522365
0.022281969378666
0.00494666857484405
-0.0259960305800329
-0.0284270372710044
0.0167425065019506
0.0103917187912346
-0.0166139079649698
0.0188253895792312
-0.0257422773215413
0.000972621186134282
-0.000647789473684157
0.0111813808326264
0.00961535225591814
0.0147619047619048
0.00829030189269497
0.00403354024253089
0.00386279351262675
-0.0158535013721178
0.00328437602884546
-0.00374126254898643
0.00109529025191679
-0.0176618005626757
0.0108194275519309
0.0281756812242355
-0.0087262706674831
0.0151351814671814
0.000304229409513468
0.0240304486692013
0.0197534822589194
0.0061170692620407
0.00275036181961918
0.00981665987368219
0.00743393884634469
-0.00312190998833672
0.01380784341637
-0.000702092099099882
0.00562037391092773
0.00950118764845609
-0.00927332871972331
0.0188599882967315
0.00630740436034549
0.001090094033112
-0.00789440577250022
-0.00493894916914461
-0.00937544477285879
0.0293667509914195
0.0129799758380205
-0.013080566286187
-0.00392209889309991
0.00325861498279401
-0.0231424959147718
-0.00429477694652269
0.00987893377435922
0.00688894993417066
-0.0140941293351359
-0.0115198052108341
0.00463355792426912
0.00125780567752032
0.00139585429084099
-0.00585444677598135
0.0185081183398768
-0.0031662307704603
-0.00814810064090055
-0.00111392369813412
0.00599386690810899
-0.000831328830021683
0.0095687420667212
-0.00975284300469059
-0.00804541589931562
0.0198573340831401
-0.0105580145344852
-0.000554337552420403
-0.00887409835520947
-0.0153890032713064
-0.0059675762702861
0.010291609638245
-0.0014147990945107
0.0280532154136237
0.01805409366191
0.0125896840697299
0.00521389016521834
0.000930974838915244
0.00717513932566738
-0.00316629275067459
0.00714663862219811
0.0119580029423916
-0.00103885207015053
-0.0170284284414404
0.00766984894195266
0.00118115490214521
0.00930658003268348
-0.0028571558441558
0.00338632460779276
0.0202491819801507
-0.00661572535917887
-0.00576338356138861
0.00940363297965852
-0.0260337030878803
-0.0159853511530398
-0.0327563124568925
-0.00192729903534283
0.0311724413793104
0.0128410777731118
0.037110379858553
-0.0189736154205223
0.0315420556653419
0.00767586500974127
-0.00574424311328059
-0.000251255956370655
0.0154523119460379
0.0064332053338314
0.00504000012390904
-0.039995155577418
-0.0170721879748296
0.0101101487981816
-0.0109071987681254
0.0280227807985787
0.0146391220252176
-0.00783588288965464
0.00162974808686522
0.0190237291858892
0.00184232379863225
-0.00698786318499445
-0.00617283950617287
0.0167701614906832
-0.0354306789353862
0.00151998739151304
0.0336411154673075
0.00807532088307905
-0.00145651173026473
-0.00461891350257371
0.0070826963864048
0.0178246754234914
0.0203716935818037
-0.00490366596839076
0.00410652338003548
-0.00572570680706452
0.0177459404275915
0.00542727495213091
0.0153899620994602
0.00033930549307537
-0.0222749994962688
0.00763265863730012
-0.000114702173121928
-0.0110192718886843
0.00905290115817547
0.0172532777259427
-0.00124378106640044
0.00181134378328229
0.0109617021349688
-0.000335334231336026
-0.00659738342837979
0.0128321370027977
0.0010001888975264
0.00521817475297004
-0.00143579631725432
0.0109500935316849
-0.0245076362252158
-0.0171602392480825
0.00387999556818408
0.00431962027600763
0.00407471429710715
-0.01859994384624
-0.0165402599710603
0.00642367415006984
0.0143902289518447
0.000571959703834279
0.00182945348535846
0.00467925115227397
-0.000567942753242678
0.0171629341726665
-0.00178786460583014
0.023620283810136
0.000109306646777885
0.00798253716727859
0.0106314167932307
0.00504500837075961
-0.00662175605965254
0.0178474998850124
-0.00285197006130711
0.0305084421502448
-0.0192228106416819
-0.0193900631216828
-0.00929880310600251
0.0114359475361754
0.00501334399999998
-0.000530704727969455
0.00966341742940235
-0.00294487793553044
-0.00147678265368834
0.00834558384341499
0.00146672608067244
0.016110482942169
0.0134871310662144
0.0124948798761706
0.0239791316139084
0.00529100539468952
0.00233916183897009
-0.00505635958990125
-0.0203284010946051
0.0011971568475091
-0.000199332401361718
0.0132549536876603
0.00432775655213447
0.00284008419508286
0.0157226559429169
0.00442264196860598
0.00335023448501737
-0.0117344399923678
0.00511639174114831
0.0242028037590434
0.0146286385467802
0.0073013033447682
9.17698888296403e-05
0.020458743119266
0.00782158569212665
-0.0272970299250139
0.0110051081162408
-0.00353773591323903
-0.00200274013659973
0.00173312966523187
-0.0253141413221635
-0.00448433291774741
-0.00609979365802904
0.000849740313483505
-0.0105660660377358
-0.0268878630879443
0.0351754269091795
-0.00653102685222862
0.00190553546022798
0.00218709577074572
0.0218237311113363
-0.0299935271614167
0.0212521637110106
-0.0193100581177353
-0.024373952656071
0.00979719800137158
-0.0205685747550208
-0.00604260542969604
0.0155472001414072
-0.00284593713746939
0.000295226844845731
0.0157418242398841
-0.0139480339780711
-0.0111002452524486
0.0110261351152505
-0.00550204367755991
-0.00197593359043724
0.00584046740765576
-0.0192894299843575
-0.00772709467682697
-0.00111245958067741
0.00698594736213254
0.0122662478611126
-0.01648791219706
0.000706917815802344
0.0036330710922623
0.0065359579648856
0.0179820583013399
-0.00107949948813546
-0.0130661360343243
-0.0417081628678893
-0.00176585650044225
-0.0319458799572503
-0.0105341933842222
0.00673541531552146
-0.000755368528226441
0.012095065056049
0.00362779552253745
0.0152030621986619
0.02722796161332
-0.00142725054245085
-0.00316485971918912
-0.00819339418469278
0.0249897366786342
-0.0126939550132187
-0.00897956122448984
-0.0259473323945428
-0.0255813747480206
-0.0146452375786507
0.00176148845620427
0.0069238928876556
0.00960485670361755
-0.010594627027027
0.0196678655922595
0.0135019502786113
0.00137446603141322
0.0024284975443829
0.0171687167227992
-0.000724862793828218
-0.00507769948186532
-0.00343716272394201
0.00313548285953158
0.00958531955870012
-0.00361196070976344
-0.0469187556628041
0.00641169331922486
0.00885432449136903
-0.0390666916408007
-0.0174871911058944
0.00555490313518758
0.024013585930561
0.0273037096266937
0.0168256246238481
-0.0384695838470569
-0.0328839186818837
-0.00340023789866573
0.0232002843170702
0.00711348219280339
-0.0162233967970047
-0.0179492710113223
0.0159927002970905
0.00404768374077613
0.0301231232881369
-0.024894021630482
0.0139353404883615
0.0063771524918248
0.0215230090847045
-0.0125133475935829
-0.0399653733355274
0.00518951946287816
0.00830525271167804
-0.0012243210696492
0.0280842183856831
0.0212466016260162
-0.00212288506658398
0.0261674178030546
0.00217683215324116
-0.0222383223003724
-0.00211569874236439
0.00275621747575072
0.0212496255946559
-0.00879915132089337
-0.00449086161879908
0.00912717163239618
0.00166333295221266
0.000726517918557823
-0.00414852736254989
0.024890721460864
-0.00152425560311942
0.0111947789294773
0.0317029082960658
0.0266315086014728
-0.0114024802623048
-0.0119184735494188
-0.00428017497236854
-0.00156314965256787
0.00293545018401531
-0.00204877073170728
0.0102648840525477
0.01248307576865
0.00114692730039923
0.0100238949880669
0.00236294889330013
0.0122583211996703
0.000372622270565781
0.00167614304568509
-0.0105977503021287
-9.39772620501822e-05
0.0113700340419101
-0.0114279943722381
0.004417302548547
0.00823427505658447
-0.00798144779582366
0.00233885304835679
0.00569349454632717
0.000185587006960697
-0.00528904162445143
0.000373143667159015
-0.0180902185395415
-0.00826213651674823
-0.0123527817676913
0.00979254420973952
0.00547286595347352
-0.00974029784434394
0.0205400680966268
0.0188982326580698
-0.00204025777538241
0.00362418916806817
0.000370379629629713
-0.00629396513981895
0.00903503158499408
-0.00581560960369965
-0.00204265558150385
-0.0288426303821372
-0.0038320943810719
-0.000769388321714137
-0.00712221352989006
-0.00736721568952248
0.0206054683475494
-0.0105252892445643
-0.00502857537845181
0.00816409765928761
-0.00260294989097798
0.0113086991234168
0.00258056970029341
-0.0110581885403587
-0.00906106630154357
0.00680930913980604
0.0180676618357487
0.00066431620012386
0.00900983480633855
-0.00187984774771921
-0.00291934263265203
0.00944465459325627
0.0126310445162157
0.00434254815644786
0.0055198345589651
0.00109784992412121
0.00456954861212844
-0.00282020565538954
0.0148708784338027
0.00683209289521924
0.00910711607142867
0.00230049554858858
-0.00353109113286632
-0.00823883792271896
0.00125054938590141
-0.00776157579664827
0.018611760307393
0.0136816575718806
-0.00505045297981377
-0.0130404776292582
-0.0111731403167458
0.00322841891797299
0.0173415120047864
-0.00237234869295044
0.00405142677425196
0.00377192982456154
-0.0066416324390457
0.0124043637266535
0.00764682816046536
-0.00638149367352103
-8.68078451067289e-05
-0.00477384779770718
0.00156978888645432
0.00905608704479577
0.00267522443929646
0.00843442622541657
0.0135700608273459
-0.00799935991917555
0.00161278332251569
0.00161018644067812
-0.00329976303748603
0.0167232084026347
-0.00676294581521952
-0.00109277909459304
-0.00681650245196486
-0.0107608628392017
-0.0293790149892934
0.0121778768090364
0.00575417626209695
0.0181171635045323
0.00255430402437562
-0.00968152016985135
-0.000514518475992376
0.00935217479144979
0.0122407600496492
0.0112529054206769
0.000996537136630726
-0.00323543219482803
-0.0292135076285724
-0.0109739198471701
-0.0210645022445864
0.000177074293810309
0.00318725993414581
-0.0203865328812378
-0.0147747657657658
0.00722385692004512
-0.000817103934324104
-0.00417953850953179
0.0218978288667486
0.00446428571428581
-0.000622222222222191
0.00249042960064028
0.00266172480402571
-0.00584022642526805
-0.00213615491119101
0.00312191594753441
0.00702472885492389
-0.00715230022075053
0.00782637837377465
0.00732440875397122
-0.00849760826110191
0.0190846085880898
0.0195075435931176
-0.00391188889912031
-0.0117817556163687
-0.00475164578833698
-0.00555554701967576
-0.00689595857011094
0.00562544622375261
-0.013635223716975
-0.00912714238594847
0.0270971024861384
0.0024379538953061
0.0118127424254166
-0.00858442799526871
-0.00545499186864651
0.0137558853059736
0.0102198126035757
0.00433564577919698
-0.00169288134156831
0.0016957520485712
-0.00482477573069906
-0.00170108871310704
0.00587880192863244
0.00237165851891685
-0.00532361856763963
0.0124883273510181
0.00427925826480946
0.0145375383985706
-0.00658818249197068
0.0448479162276694
-0.00999684219297969
-0.0259656838112332
-0.00501893199754044
-0.027619316960225
-0.00416700413868543
0.00136638772615516
-0.0196998546870228
0.011135328694267
-0.0147982530810052
-0.00253253859868074
-0.00814218168322367
0.0173007236534493
0.00789591323210415
0.0186811116156642
0.00109859712501326
-0.0165456611222831
0.0047210557939914
0.0116189744993
-0.0016046194880629
0.00625949918575963
0.00672497483797052
0.00718103695422445
0.0176587377468396
-0.00790224847250509
