0.0277929705321158
0.0134322724131399
0.0137774851761423
-0.00980560795104757
0.0165044646194499
0.0073491884241732
-0.00237529695241423
0.00306124154866061
-0.00305189894879621
0.0122449151742332
0.017641129032258
0.00528312696054156
-0.000656938752782721
0.00460152849963946
0.0160314082114934
-0.00885525665987341
0.00471080239261212
-0.0054971707517274
0.00503986360071096
0.00274995147201551
0.00112919822135193
-0.00950692862541203
0.00845942722532245
0.0103242293813768
0.0517324277226181
0.00789427624589623
0.0122006026841481
-0.00595229193239388
0.00808372718186856
0.0151470902968274
-0.00614392910848538
0.0113334850946867
0.0071313929141521
0.00101156073749542
-0.0124150864334526
-0.00613954064379241
0.00176500961214909
-0.0133607985118074
0.00848214323580998
0.00545967266311087
0.00675079258513045
-0.0231777849322969
0.015669242928839
0.0154276084463005
-0.00593262905610437
0.00567684158705273
0.0140396881771421
-0.0028546532359307
-0.00415117371670237
0.0133678309616214
0.00283683687943248
-0.00452616709446241
-0.000426243269092574
-0.0103766172104227
-0.0136455753959102
0.0314548429140771
0.00395311297605216
-0.023203515353628
-0.000431888863113739
-0.0205962840270777
-0.00926466176470597
-0.0142496505455105
0.00451731639708974
0.00809475353162581
0.00832710780669133
0.0359829239340195
0.0259074733096085
-0.0237269182739003
0.0135019469371525
-0.0189314126751202
0.0031446684268821
0.0131091194072384
0.0158931790687251
0.02990441520541
0.00820004043823142
0.01226664
-0.0111959697364589
-0.00226452644198738
0.0108143788834612
0.0125479462758942
-0.0105662139021021
0.012788424859286
-0.00117153085134081
0.00377940816710254
-0.00415476515793689
0.0129074972454042
0.00141589647532769
-0.0042416707875963
0.0218149345318843
-0.00151595495118972
0.00809715323763727
0.00301202309236959
-0.00950943467240839
-0.00404254653650604
0.00748356202351919
0.0022661588820343
0.00113046098316216
-0.00112918448416
-0.00979775141567962
0.0261321444594154
0.0126097788677189
0.0219752766707226
-0.00465892969369175
0.00456069371099388
-0.00346467156982089
0.00479551589519156
-0.00906807085235806
-0.00264901856776589
-0.0200410957372666
-0.00184798575453959
0.00863989170476009
0.00110128486170713
-0.00806742471745314
0.00184844111279259
-0.00221402205852328
-0.00172583820047445
-0.00493950339814142
0.0366095424023445
-0.00933795054876041
0.0014501873111783
-0.0126704834317432
-0.00941086531410396
0.00197404064254014
-0.00221647583076556
-0.0233246948454239
0.00720242617137257
0.0134236609386986
-0.00259964103242949
0.00546111455876885
0.00160470308345384
-0.00887356431936848
-0.00559558581436437
-0.0312617227552617
-0.0136826769887353
0.0172752117641559
-0.00540338329846712
-0.0125469153420492
0.0106105061886563
0.0111471157188046
0.0149980511473389
-0.00252585248800219
0.00291207889673029
-0.0171695621407595
-0.0113037510932242
0.0181889305159293
0.000637935410057411
-0.0110940451694478
-0.0166344416517947
0.031733516083569
-0.0190645653279106
-0.021767297227261
0.0111257748344371
-0.00196481540292448
-0.0157501505249994
0.0265369389661805
0.00922316150078628
0.0178916200825943
-0.00316135550932328
-0.0150958133934842
-0.00682635248359553
-0.00025943457062072
0.014788001805059
0.00511305106303017
0.00178049097471034
-0.0109177736797426
0.00821459334028529
0.0148949453254634
0.00740086543651697
-0.00933881233566958
0.0135746735438582
-0.00334816472405963
0.00248845331012371
-0.00136528484547593
0.0149143054302052
-0.0282880956018567
-0.00453686211813131
0.0141790483397657
-0.00374488823187014
0.00338308491124129
0.00324667824059244
-0.013940690263415
-0.003029512711064
0.0188655095391679
0.020380265684351
0.00353185965738811
-0.00728154108539947
0.00464543992742894
-0.00620591384765146
-0.00159173507020294
-0.021093953628968
-0.00764220746680022
-0.0122459413236452
0.00370655684321464
-0.0100598626010425
0.00514536931168941
-0.00703868706217925
0
0.00567087282747125
-0.00474170197028967
0.00180271687856215
0.0100256937008085
-0.0124714173461079
-0.0043813918654998
0.0110017988350557
-0.00537701951892167
-0.00476254331928083
0.000129358510087885
0.00581917740025428
0.00899979440729992
0.0113404684757721
0.0195287254808345
-0.00667327006112883
-0.0501368393930147
-0.0345775909516068
-0.00746160639616877
0.0571349340002769
-0.007111391627173
-0.000781325683274936
-0.00612538748369396
-0.0866771548209505
-0.0295765389927771
-0.00872904327439228
0.0162685970149254
0.0102805851244285
-0.0123564324413951
-0.0276715328916242
0.00605511674402415
-0.0168522873435493
0.0137741361355455
0.0221920447521753
0.00177230840012266
-0.0173964317441712
0.0180044405700093
0.0196020934296859
0.0102630673605089
-0.0091572329254147
0.0124187870036101
-0.0201113105104649
-0.0358078472696294
0.00634067048130049
0.0117011394118729
-0.00726579159947249
0.0174758185575423
-0.0430123439659859
-0.0351280860522141
-0.0130365655632253
0.0206185399285264
-0.00489270825611254
0.00650277567807733
-0.0327765211594158
0.0231345385608579
0.0105095543074771
0.00583049174015904
0.00454333371319637
0.00249525877283574
0.00808967031875651
-0.035030924304124
0.0183911885237678
-0.0103643216080401
0.0149158838463981
0.0140713260486447
0.00971318208891181
0.0111467861092314
0.0200845964952494
-0.00577348605003025
0.0081893235146322
0.00383993507369573
-0.00529645424015812
0.00354972631933559
-0.0198968023551011
0.00105263157894719
-0.065494982724951
0.00932329222509698
0.0229336196379419
0.0373656217951601
0.00795448032212875
0.0187610769052367
0.0165157122629556
0.0662832609798736
0.0103829012738457
0.00200189510209503
0.00506122788861951
0.00675857416854719
0.000921416336429948
-0.025644463103045
0.0425158883798562
0.0156654457707261
0.0131294587557473
-0.0129593100292158
-0.00815805002516445
-0.0174784865050376
0.0164813871738936
-0.00476133064935436
0.0196535438145096
-0.0289119828948519
-0.00639861565947719
0.0106453678877838
0.0124837317949613
-0.0105317234712082
-0.00467291011587601
0.00730305164319245
0.0100983819290104
-0.00512681383466351
-0.00515333656969841
0.0205904814738347
0.0148458955677173
0.00675161264997715
-0.0257078996165389
-0.00841295124587438
-0.00552770271850245
0.0173215613065982
-0.040914791902724
0.00291459977816899
-0.00528393680121275
0.0211154838865013
-0.0111848096135363
0.0131527030534355
0.00298588865358806
-0.00854263503643193
0.0142298176039117
0.00360405448309797
0.0120559572648973
0.030541070559317
0.00811612149532714
-0.0035374602267334
-0.0257070136930588
-0.0366880028490012
-0.00143472026698133
-0.0160657788940903
-0.00119479619819995
-0.00119611911738748
-0.0228875842212219
0.0245131826229059
0.0441313288263461
0.029662557746815
-0.0196587049823951
0.00189180222106455
0.0280714494443239
0.000244936947347618
-0.000489656004660222
0.00796082038062895
-0.00814102035937958
-0.0169055133004599
0.0221806728971963
-0.0397415828323977
-0.0167576494893101
0.0121368887851605
-0.0200280523029476
-0.0111950143191877
0.010136966958096
0.0402710397391748
0.00250560010022571
0.0117470886683486
0.00271740368969131
0.00307957625030797
-0.0124033157313029
-0.00497389965117889
0.00549865054356347
-0.0180213400201509
-0.000632869241036116
-0.00557246714250836
0.0295466007213423
0.00630878309296312
0.0227412298153959
-0.00889420705147381
0.0103080161327676
-0.00924255213641934
-0.0259268109289217
0.00696513664265819
-0.00395256921878162
-0.0121527159245128
-0.00941501333592698
0.0158408305238458
0.00336821340477989
-0.00223797090637834
0.0186915887850467
0.00990823241590211
0.0019380208802815
-0.0108800893268849
0.000977780493766955
-0.0115995723663108
-0.000370586795698014
0.0139644714276932
0.000243717236670715
-0.0243694407213354
-0.00449607843137256
0.0146781835990237
-0.00333822959958818
0
0.000124078896860391
0.00707019323727898
0.0113314321632851
-0.00511507727298643
-0.0325621610341006
0.0159433381746594
-0.033129953504422
0.030915909992886
-0.0314881548355387
-0.0281254024480609
0.0209744053902987
-0.000260109205039161
-0.0172974511288524
0.0260720096895717
0.0107055592764806
0.127743770702606
0.00645014123174814
0.0179896442997607
0.00298207418840191
0.00264293585823028
0.00032947829776564
-0.00505049396024382
0.00695207436706879
0.00350684931506851
0.00436825379491101
-0.00685011409318126
-0.0128092626586057
-0.00133076414174926
0.0111049413290969
0.00867647417869932
-0.00283094524525029
0.00982748395222788
0.00162190738683266
-0.00766489283163851
0.00500434083995516
-0.00530415691613417
0.00729131578290687
-0.00270095079301969
0.0228577623845254
-0.00190637580822661
-0.00488114399153528
0.0127959480997648
-0.00126344489586927
-0.00242466790612827
0.00475541598083318
-0.00220865582228313
-0.00453252858018771
-0.000847109257791079
0.00678252430285586
-0.00694741052631576
0.0147340158886586
-0.00386505785443247
0.000943749990103271
-0.00827651152257236
0.0155291880190498
0.00270469164791498
0.00269740639793969
-0.00962235882830098
0.00417887584434951
0.0017686016926155
0.00841205723946348
-0.00895978391266294
0.00561149312236853
-0.00723361601426953
0.00988859165192069
-0.0115439603652019
0.00052132428526952
0.0226160090447944
-0.0076437013561852
-0.0111944537990821
-0.000207696304608485
-0.00779139813439855
-0.000209444032887807
0.00387478278091491
-0.00302525554949662
0.00198809249764587
-0.00261069334564135
-0.00607268336147659
-0.0993363531022859
0
0.000350865497076081
-0.0166023385549204
-0.0167638090980405
0.00580414773171034
-0.000841536427025891
0.00204545780236498
-0.0093659823410901
-0.00800004848484848
-0.00256597031114225
0.0091877989411171
-0.0267054756022872
0.0158393240209527
0.00662984677580769
-0.0108549825797044
-0.0108507647558759
-0.0064822238035126
0.00238396495799131
0.00225311055517707
0.000249731484950777
-0.00112368590953604
0.0057499875
-0.0131742109517052
-0.0256927071613928
0.0202947127676487
0.00760165969846693
-0.0389789895508486
-0.0171398272929479
0.0395366464508795
-0.00153662448644509
-0.000641310752323654
-0.00872689960798001
0.00297777066229332
0.00981027481850694
-0.0145725035955834
-0.00843162581043577
-0.00248563572774374
0.00668855081967212
-0.011594567180965
-0.00210892307464383
0.00343418311232568
-0.0019744767411547
0.0129253890793988
-0.0305990352630586
0.0102082206934138
0.00452072868662068
-0.00886837820509423
0.006410310085883
-0.017117847437396
-0.00607529364115023
0.026079841371373
0.00357422552853803
0.00303394019348224
0.0152550760750252
0.00790156766456862
0.00681143829357267
0.0105948690627966
0.0173045728762049
0.0137819839361562
0.00318434774808707
0.00097660842502223
0.0815953428856042
0.00202978123590425
0.00360115908619019
0.00448533303431242
0.00100464387129628
-0.0168394561579003
-0.0180354347533833
0.0137461245235071
0.00501361656760224
-0.00306119058031251
-0.00102358694416016
-0.00819664199438264
0.00734617743298283
-0.019029238399516
0.000813195530872113
-0.0167131259650359
0.0115674691741328
-0.017502917765563
0.000831353948860691
0.009730616223945
-0.0121048072443205
-0.0565072580658401
-0.00769135059113224
-0.00736968261892057
-0.00576043244647584
-0.00424877054844275
-0.00206873556083442
0.00349827675563597
0.0258231126852078
-0.017495268124428
-0.0124263646535065
0.000648631503366692
0.0106300234719992
-0.00192407647414161
-0.00359849642972598
-0.00515931903984679
0.0308570607101151
-0.0276695251498045
-0.013581632740438
0.00393385775153776
-0.0131922025389811
0.017604155488915
0.000130098860435801
-0.00936403965878574
-0.0278324150671502
0.0162052255419896
0.0257807574750832
-0.0103640753889345
0.0106034560885384
-0.00660615310645662
-0.0204720166782628
0.00119802977111161
0.0192794178869755
0.0356117252485404
-0.0172566068428845
-0.00410151259041969
0.0270271052906219
-0.0132832701773207
-0.00939799363469629
0.0256410256410255
-0.00299997500000004
-0.0152958998170536
-0.0123504072784518
0.0237205620729664
0.00188885521275117
-0.0361990707943455
0.00208654147104848
0.0117126762994626
-0.00784668144704603
-0.0155581102900859
-0.00935070459633891
0.00505180796261895
-0.000925912722907651
-0.00622270629184052
-0.00639483097241755
-0.0052292838501129
0.00498714098969821
0.0130096704133498
0.00225073483716054
-0.0184939769548471
-0.0115747101652203
0.0073529545927844
0.00540678539848138
0.00726002987066532
0.0161505476815416
0.0055169580526846
0.0256041662075441
0.0118456244594161
-0.0123363919351362
-0.00943153211103154
-0.000643373640718203
-0.00798242585251518
0.0129785848288675
-0.00563743732335287
0.00167500319965219
-0.00848978668612788
0.000778373098641261
-0.00881514141580431
0.00483917087155605
0.007809423199026
0.00761974686813893
0.0198667400615253
-0.00955136357923836
0.0124350085632539
0.0112796213650881
0.012888845882046
0.0171294989430015
-0.00433056673874288
-0.0244049422884479
0.0117646687306501
0.00269279079655305
0.000488293468952294
0.000488055154807876
0.00353659756097557
0.00595452660159768
0.00289922690141609
-0.0184292827666569
-0.00245425211570127
-0.00430556028655971
-0.0227329374170266
-0.0128950192893811
0.0117827609686794
0.00860759493670904
0.0155622238955824
-0.0255808211957693
-0.00976532681712949
0.00922132404658504
-0.00659903528176264
-0.00140522485188066
-0.00601254972527965
0.0368082510994177
-0.00161367928534439
-0.0142981598905881
-0.0302724776775035
-0.0191206172913873
-0.00755878490604511
0.00721540658553765
-0.000397970299733541
0.00199073661554716
-0.00304639735099332
-0.0337451056361807
-0.0365736682287776
0.00685033537890689
-0.0228207077468161
-0.0129097617374598
-0.00543722239071753
-0.0159574763593382
0.0283783792305821
0.0106585344038117
0.010835018624169
-0.0034300128136342
0.00272472381795263
-0.00042904749511008
-0.0240377739882355
-0.00410495534532984
0.00073609598115687
-0.0233892899357476
0.00723006487769329
0.00792581092003242
0.0173590202564087
0.00787517864955523
0.0109969901461875
-0.00844431050045891
0.0154445585370173
0.00597013520881706
0.00169566207555438
-0.0227112430908625
0.0189087329519158
0.00467491172545187
0.01861252167548
-0.0060907393712829
0.00389970735795075
0.0129023303856179
-0.000547883836518825
0.00767435922057902
0.00788796420356253
0.0191606798116222
0.00291276317903821
-0.0109571221122111
-0.0245594774308459
0.00574709891223057
0.0152381360544218
-0.0158134676033179
0.0136165573633835
-0.00134344434864475
-0.00121060001133166
0
0.009427569023569
-0.00840556404558634
0.056243272335845
0.0240764203821657
-0.000124418461555198
-0.00845981619033909
0.000250991226511621
-0.00100353736824454
0.0178302237296613
0.017641253827813
0.00290950425286707
0.0060437565800644
-0.00480597123131188
0.00688156448432786
0.00695444827447367
0.00512027845486029
-0.0112546493896625
0.000239683683677105
-0.00347389781478558
0.00288493802416312
-0.000119884933477143
-0.00335649732333976
0.0178013473394436
0.00437242953063954
-0.00117659727442276
0.00918834973716987
0.000116750323724713
0.0133053221288513
-0.00403131766873988
0.0040476349711156
0.0256853605160103
0.00112295335913681
0.00302855854114292
-0.0117422838680896
0.0105239331043139
0.0216125412672157
0.00153458287182118
0.00142275359233612
