0.0200485374308339
0.028372119194801
0.00739833573050253
0.0010709761158052
0.0232308879718781
-0.00224038844990526
0.0167663914625873
-0.000294405191237024
-0.00265097193958852
0.0180153718544689
0.00449663462440864
0.00404330685920584
0.0117934562317481
-0.0191897375746904
0.0136232173913045
0.000142908202947822
0.00743393884634469
-0.0103590604461605
0.0131919418753066
0.000707543124395915
-0.00862679972601887
0.00927249669821673
0.00212016961130734
0.00394919593937404
0.00814838437763399
0.00306578865479956
0.00986383676588631
0.0078415185626215
-0.00505054586266596
0.0152284403241656
-0.0131081216216216
0.00766804063628701
-0.0161705947096396
-0.00386738939592857
-0.0024958540281812
-0.0025020850013322
-0.00710705108397292
-0.000140378947368403
-0.00294776819056053
-0.0115444180141409
-0.00427282444484856
-0.000286153609717954
0.00887112618215946
0.0255282364053826
-0.00898899208930959
0.0153502363745333
0.00948316356560852
0.00040852282131465
-0.00503541079060654
-0.00273556281308207
-0.00288035918911766
-0.0140302206614945
-0.00111609933035728
-0.00307263975063232
0.00140103676384284
0.0145494397922732
0.0231660241243528
-0.00471696784569942
-0.00839532859567582
0.00764711152613229
0.0138229704048924
0.00935709154811115
0.0125810750210282
0.0175255560754062
0.0120821974775502
0.00761999003352787
-0.0104612306761397
0.00776972340415938
0.00101104647329198
-0.00934340944482615
0.00790215406451877
-0.0228882771146109
0.0159182483208844
-0.00866242038216569
0.0106656643536367
-0.0164017923356188
0.0081437046517101
-0.00141045009386964
0.0116846948517473
0.00888433800121402
-0.0149703740085639
-0.0172414552781053
0.00155949323818683
0.012326417542494
0.00256349663791955
0.00767065957976643
0.000380588683075445
0.000761014603957166
0.00152065636696719
-0.0106288372849404
0.00767360256622074
0.00520365522015909
-0.00265150262568814
-0.012280048418282
0.0112792237097881
-0.00697089969655518
0.00561586485298959
-0.0106613020603973
-0.0138549588398317
0.00897612817837401
-0.0112170709442255
0.00756285023959191
-0.0198006866753211
0.0120148405602019
-0.00704502264722706
0.0120877412680629
0.00480336238872336
0.00271316530456933
-0.00566941108530572
0.0250097194508154
-0.00227560056322618
0.00950329471625166
-0.0149365511468948
0.00025480376192144
-0.0048407261146497
0.00716842010361951
0.00826133706151477
-0.00642886659702846
0.00253738898756684
-0.00379645673740037
-0.00787605426986715
0.000640256098342062
-0.00166353162729282
0.00435790839622818
-0.0176110002857197
0.0105221871711281
0.0179971844967581
-0.00479863607024555
0.00177641166797149
-0.00113991137960401
-0.0205427717405177
-0.0128171676027231
-0.0124589770491803
-0.00956176588731361
0.0186376905701879
0.00263257861481425
-0.00813962211210773
-0.000397167423011213
0.00304559069301868
0.0100330297029703
-0.00182981304849528
-0.00798744239934102
0.0164994715813234
0.00844048802907449
-0.00321916027714864
-0.000775171126460639
0.00168073695360671
-0.00103253738903442
0.00374676992902412
-0.00810920303490292
-0.00804562699313838
0.0121664177873777
-0.00491152882597146
-0.00454603207029558
-0.00234864303690829
-0.00601620463008368
0.00184209210526309
-0.011557617698419
-0.0186021919053364
-0.00541567823699329
-0.00258646886178138
0.0105091310430925
0.00175576712917658
-0.00849396005107084
-0.0107424665387209
0.0108591202749142
0.00747885494317568
0.00917804071686024
-0.00227362587696778
0.0010724128973838
-0.00575790037493318
0.00228953535353549
0.00362811082042769
0.0024099744969881
-0.020568998775117
-0.00586390274474546
0.0229080652151421
-0.00522998524875939
0.0130763278511727
0.0291416359509877
-0.0156451908789857
0.0027584264846352
0.0110034587898067
0.0146410728167918
0.0033201635377389
-0.00318187603410969
0.00561800306435156
-0.00114276279474945
0.00610148738023342
-0.00467470613582543
-0.00076158924551406
-0.0185467350286237
0.00854253148996831
-0.00359341641666888
0.0172591965128694
0.00658390706822343
0.00402515723270436
0.00501128789776994
0.00486163045547716
0.0114129511051613
0.0209738626391986
-0.0114127465500419
-0.00510387647218535
-0.00122152188024216
-0.00134515108273758
-0.000612331588913495
0.00624925859270609
0.00158301260656324
0.00911854103343468
-0.00265061445783132
-0.00229527666459628
-0.0141663404366794
-0.0297224030882438
-0.0284810126582279
-0.0225407557003257
0.0213277267926308
0.00574256046426935
0.000648884003345174
-0.0049279988986124
-0.0172031662764303
0.0159129682581636
0.00443801064563365
-0.0153346334763339
0.0250759017451196
-0.0212437368673551
-0.000920810349413825
0.00658327873271669
-0.00327011131210375
0.00787409479819279
0.0059895700785324
0.00711876761276797
-0.00745399068124897
0.010747053836059
-0.0102484757942217
0.00478895923404199
0.00244754614636911
0.00501155230017991
-0.0130417723186519
0.0136027461173014
0.0103528249067697
0.00215051225235241
0.00441806356452834
0.0377026517531733
-0.00738768317790961
0.0140312593220018
0.00589576457832086
0.00119616031569758
0.00394267636592627
-0.0051172320018712
-0.00956931841074915
0.00217391296471314
0.0138586883396474
0.00915256183831792
-0.00200234388687059
0.00106216212455457
0.0563546097618488
0.00323661837581746
-0.00011126933041794
0.00678683823276049
0.00486243794590435
-0.00934782799956024
-0.00788187149462982
-0.00257361522075805
-0.0102086157752819
-0.000566734651476608
-0.00544344522567486
-0.0164195558638388
-0.00417342907086882
0.0144353547279312
0.0153775994420196
-0.0187613352589964
0.000460734853720446
0.0133547776496112
-0.00977042750864898
0.0184716948842729
0.00619582086952186
-0.01612184281236
0.0143377565204059
0.00336552617641384
0.00391322665668103
0.00868692495058543
-0.00905377056420442
0.0210584846796658
-0.00862070066150922
-0.0116675511649433
0.0292905331407669
-0.00649207977693322
0.00805922456981056
-0.0175021179235547
0.00153947654410636
-0.00702678948118585
0.0153693052771049
0.0163345308431988
0.00803600111355407
-0.0111607459362085
-0.0149414169078944
0.00589263428516618
0.0147537535257105
0.00331405812150876
0.000745871086752725
0.0043654600588896
0.0069966711121241
-0.00357928210504854
-0.0153196510233566
-0.0104076612792166
0.012360402937426
0.0121023558283488
-0.0128042222222222
-0.00889700923038905
0.00151415748987849
0.00129592875369178
-0.0251294432147384
-0.00188071691426839
-0.011749024476291
0.0172722401403211
-0.00529212806919943
-0.00277100418121257
0.00644661546685987
0.00508005504980491
0.00450495540039664
-0.00918831785579355
0.0164495249183148
0.0192244596502662
0.0180094104010833
-0.00816496397116051
-0.0163588707124011
-0.0318668894377754
-0.00975290890769442
-0.00402909913887184
0.0149455223046526
-0.00387509964570409
-0.00422368562605657
0.0265655218915291
0.00043493530026173
-0.0291272681420005
0.0068286128550632
0.00667110280918148
0.00872543617489008
0.00832140570849882
0.00629820854808161
0.00582713943729662
-0.0110503058797371
-0.00705143198090696
0.0128919481360421
-0.00787397268767098
-0.000326223081336452
-0.00184880919571961
-0.0171061235247999
0.00598604374222433
0.0139944573002755
0.00108678551684793
-0.011723859800569
-0.00318542395446597
-0.000771349862258908
-0.0052933722981916
0.0176275393889427
-0.0156880159528487
-0.00121748757537321
-0.00964090225267955
0.00660172295171568
-0.0192307249803326
0.0137141443823821
0.0064847382270854
-0.000888635888312672
-0.00578167654477035
0.021024435719625
-0.00328590350648728
0.00307691208791216
-0.000438223054757048
-0.0139193010504012
0.017227920226432
-0.00841342903453113
-0.00165291460055095
-0.013686501405883
-0.0124216762262569
0.00203966005665723
0.00441026800859423
0.00866917360954744
-0.0194217890131394
-0.0162777465288046
0.00231433701259731
0.0116600550106192
0.00171176543575591
0.029619480856909
0.00254485514090019
0.00331092590982318
0.0126498069453389
-0.000108570499860239
0.00749587156450171
0.00258793406486801
0.0104322861766308
0.010005343587185
0.0056908104720288
-0.00691609556743167
0.0083359821146769
-0.00680194656345634
-0.00505746475366275
-0.0213914645769353
-0.00606001488756569
0.00381054989244523
-0.01073750577237
0.00767465198634643
0.00848654081224942
-0.00992561204173892
0.00446772380302041
-0.000325428509438175
-0.00813890378428861
0.0103938290942269
-0.00335676238996774
0.007279421911349
-0.00420665520662988
-0.00584923093587508
0.000871671397599361
0.00555194855702212
-0.00162392546420076
-0.00639778782912825
0.000982254752229128
-0.00457913209137439
0.0121577323496911
-0.0112542036033242
0.00656668469191146
0.00434926601773111
-0.00281478825977732
0.00499401796771237
-0.00421302797882672
0.0398133868518116
-0.0116848724399556
-0.00686161701061072
0.0271045381142745
-0.010141726486859
0.0176685202787554
0.00410932829707544
-0.00746875398953861
0.00123693431116512
-0.00607429237334378
0.00279673707482142
0.00413181498051474
-0.00267464255400307
0.000618927301256234
-0.00402019371157214
0.0128337607275795
-0.000715307574950752
-0.00224972898814069
0.00789172901506618
-0.00325400664039066
-0.00846760891045528
-0.010186284387565
0.0173597302710935
0.00653927639094887
-0.00517715957411102
-0.0101020204081632
-0.00360785478594261
0.00548311585006767
-0.00421857178272311
-0.00878279612298816
-0.00031270718232046
0.0117830758752226
-0.00051526332593288
0.00257785102357655
-0.00236555582539677
-0.018453618556701
0.00714210699655626
-0.00260715405784917
-0.007214575566861
-0.00505525029137177
-0.0105853709052041
-0.000641885089955219
0.0011775291220415
-0.00256627467599257
0.00117924529566094
-0.00235572333607148
0.0056885157387252
-0.00405546437744286
0.0122160201457351
-0.00518735978390172
-0.00446949021528686
-0.00598615694325533
-0.0338746324093909
0.0158059446040046
-0.0132588097028531
0.00255409208592705
-0.000664576879315315
0.00587451778015402
0.000220352617079866
0.000220381190493946
0.0067188125705604
0.00656452939683749
-0.00423911956521739
-0.0144089071672425
0.00398716353984763
0.00694977370215621
-0.00613494748175891
0.00650349419638996
-0.00602339296951904
-0.0429704816445465
0.0029933455791693
0.0105601236033015
-0.00624719438610644
0.00342899767811167
-0.00740405504722574
0.00240990363105231
0.000114516316302549
-0.00274722982203257
0.00631307370363632
-0.000113995668164724
0.00410669613932479
-0.0102248810574261
0.00849400797196953
0.00523559065290691
0
0.00328352581521751
-0.0171538763440483
0.0132047543095535
-0.00509969413190603
-0.0111630366651894
0.00276471611023443
-0.00448017216036167
-0.00150017302099359
0.0135212991277163
0.00969220101569679
-0.0295878363776001
-0.0313045734900501
-0.0103315836216141
0.00072839284031545
0.00994662760925213
-0.00480423961555998
0.0021723388586492
0.00529867527337813
0.0212026465787263
0.0263929618768328
-0.00274283428571431
0.00870954598419571
0.00920251110665227
0.00697956755646589
-0.0302962447276549
-0.0177542199159378
-0.000821596273060776
0.00963232736869468
0.0162885520519565
0.0137378938463171
-0.00926030459874749
0.0240509851572672
0.00545420772280525
-0.00309973423890753
-0.00333151571355306
0.00857935376044572
0.00143620199192007
-0.00330947593360231
0.00132820146825008
-0.00187905380922893
0.00232557024389024
0.00298306257909497
0.000991451872564886
-0.00451198400422637
0.00552730494723974
-0.00318822562871823
0.00209554432768377
0.00473255552792695
0.000876350083510058
-0.00481561765955063
-0.00428900252941822
-0.00508061624607237
-0.000666130091782069
-0.00588756962522452
0.000558755180662729
0.00804111002857821
0.000886261890399753
0.000332156313135101
0.00365158779512265
0.00562295498201615
0.00263126853010931
-0.00371783500441225
-0.00526840077633184
-0.00662030254729018
0.00733092310708572
0.00562349750527069
-0.00866220423230935
0.0129410236504357
0.0015287071079122
-0.00588749448443626
0.0153542662864661
0.00216026134888181
0.00431128480611442
0.0040781068898903
-0.000748183000174873
-0.00449243778997632
-0.00268615020951968
0.0134669252316311
-0.000956702455618075
0.00627789935269529
-0.00327797398752239
0.00381923395248807
0.00179663913136863
-0.0158244538893928
0.00160790007923794
-0.00171236083663617
0.0143653946651521
0.00306490161493667
-0.00505746475366275
-0.00211793921423287
0.00137958183021603
0.00243742049133733
0.00148014595539259
-0.000211168577710308
-0.000633481159681981
0.0156365025750342
0.0029127952641046
-0.00850542439558455
0.00585841639746487
0.00447217879413042
0.00414165450110482
-0.0030934521625039
0.00289614191146037
0.00278469474819198
-0.000617144895079247
-0.000823319971664627
0.00257493058296143
0.00595851678481685
-0.0052082721652017
0.00143721377939787
-0.00645827760763884
-0.00701609589385266
0.00322116590235177
0.00559288434201277
0.000309063768011653
0.00164740522094098
-0.000719572375818101
0.00966981801944056
0.00743754442307609
-0.00465209358774554
-0.00335299742639705
-0.00122331537254827
0.00285800752416043
0.00162853944020358
-0.0551773272969281
-0.00871160436508045
-0.00564170566652289
-0.00840158192249685
-0.00715222294736662
0.0066496617538625
0.00418360664574258
0
-0.00142524944003131
-0.00625823438168116
-0.000441951155851328
0.00475296778210499
-0.00605064893177887
0.00819034882546421
-0.00131732358403003
-0.0071452236215761
0.00121789193976984
0.00541853367245393
0.00604930721621866
0.00470100574285559
0.0150162891182528
0.000214451117221737
0.00160765268142593
-0.00920279323283446
0.00237608823311741
0.0012929856975108
-0.000968513935220128
0.000430859561863839
-0.00635223965392673
0.0131108352680589
-0.0149732834224598
-0.00760039104452526
0.0137855795670552
0.0026980357134454
0.00893331142252451
0.000426722859541817
-0.00554486037049329
0.0243405206017473
0.005547984984277
-0.00291483453913866
-0.0363332223463481
0.006608894693102
0.000107566457536734
-0.0138829210908937
0.00643898307668822
-0.0143135869191759
0.0023102199711722
0.00428052898385989
-0.0189071366120218
-0.00779767208859339
0.00213317615358721
-0.000560194923589719
-0.00538051793947447
0.00619853467152498
0.00190409948369274
0.00972613783318521
-0.000442880868024687
0.00764291102838843
0.00472684396254985
-0.00153172863169082
0.00131486957451532
0.00131323050929844
0.00426228415300556
0.00282950269702353
-0.00130225716110133
-0.0129305988583136
0.0035227654567489
-0.00120668050870198
-0.000659033476363535
-0.00142869549244307
-0.00220115559981116
0.00441202274820096
-0.00823632787692352
0.00011075185717524
0.00066427147918513
0
0.0100686438394106
0.00744878949009964
0.0051103728921349
-0.00778884665104196
-0.00697774741629154
0.00351339474059298
0.00579866508099203
-0.00870230610246936
-0.0128387801878234
0.00422406629862238
0
0.000664224071916131
0.0043141481346427
0.00286377351179889
0.00735857197061263
0.00109026383460242
0.00283164887824006
0.000108536053246455
-0.00618958654314627
0.00644672223929366
0.00141132340233074
-0.00552900055353434
-0.00152629451020514
-0.00054585655839523
0.00469739999238139
-0.00184840706917022
-0.00130722217950252
-0.0237783595113439
-0.00849164245810052
-0.00901505542066827
0.00875593566622834
-0.0119490137746479
0.00810038772161126
0.00124490718373793
-0.00904264712283642
-0.00615947316435439
0.00631244139719178
0.00285127737226287
0.00375300807460466
-0.00226607744695051
0.006245775749393
0.00214425006044183
0.00292787152270702
0.00213341572273573
