0.00130080650237274
0.0215639898065476
0.0141149671174334
0.00137932288401243
0.00175305532490544
0.00249996249999995
0.00511226951791532
0.00731914145491697
-0.0141624882079736
0.0242347898475406
0.0020734968184779
0.00778966612513798
-0.00495173895102397
0.0214832506552161
-0.0177044430748838
0.00774162350892982
0.00648181506378154
-0.0126415864673007
-0.0228288317087953
-0.0138442889037258
0.00112815243329334
0.0153999618605247
0.00505553649951995
-0.0036805667113099
-0.00701884013075771
0.000124045140427187
-0.00148794788622564
-0.00173848257467379
0.00348300788012201
0.009792996399975
0.000982101657035495
0.00895261210506981
0.00218791791131334
0.00242577328413973
-0.0078645128163457
0.00841465853658541
0.00749783510707847
-0.0159644104180628
0.00914857248785417
-0.0101535594045608
-0.00427400176180248
0.00649986501717104
0.0204703302059219
0.0206567522388059
0.00315859839171972
0.00559770262390669
0.00208745209019656
0.0177062600297995
0.0156924945259835
0.00962830273175119
-0.0245065313816812
-0.0181879957009435
0.00740996848176567
-0.0097689688594651
-0.00150887876003347
0.011856375820718
0.0045949912259049
-0.00743275039792157
-0.000806451585030565
0.00564969425862927
0.0107773789179388
0.00918780584447343
0.0111273236919487
0.00133395955240068
0.00876999314453841
-0.00187087041253864
0.00595370471732215
-0.00339761077153899
0.00406909710766512
-0.0117196053104183
0.0145184301944443
-0.020537436961575
0.00914564982620347
-0.00497351884482133
-0.0156614019289282
0.0107198935662414
-0.0482304342971976
-0.00398822287390033
0.0210810613081587
-0.0230680515479141
-0.00838251505487064
-0.0289320164050964
0.00429139294486025
0.031620020431204
-0.0130177278106509
-0.00239814142930117
0.00841352193798772
0.00357562565969904
-0.0171020789941357
-0.00966654157403235
0.000854075169034685
-0.0193831161694882
0.00348084277770133
-0.00173437807563959
0.0069495778865829
-0.0336454896924512
0.000765170219861222
0.00395052881418989
-0.00799691556228632
0.00383870751532411
-0.00930523936157701
0.0160833760153967
-0.00443203742646525
0.0200965904313182
-0.00773061126174357
0.0250062572252763
-0.00220670589677563
-0.0124094116280797
-0.0104503114126765
-0.001131556435359
0.0089365264544945
0.0071107656132352
-0.000495491124904213
0.00855118332999916
0.00860168377740278
0.0158381453255814
-0.0147516795904898
-0.00413881913234782
-0.00513383462006678
0.00417746657055496
-0.00832007800122059
0.00456502142263959
0.000736981103831358
-0.00662740525426819
-0.00296522107820074
0.0164808184565362
-0.0104839815980005
0.00923986717358294
0.0109863528072838
-0.000120767930451571
-0.0161815847405286
0.00490980723076206
-0.0070844262702664
-0.0204207649105577
0.00565119950965198
0.00661836896557522
-0.0238183721148941
-0.00940405364330799
0.00564466987728052
0.0104605180566464
-0.00542860756758745
-0.00660062206906098
-0.0136723737880814
0.0116594633589981
0.0134460629246287
0.00745519342248158
-0.0025085161479298
0.00238906076183887
-0.000752596578617704
-0.000627705215781815
-0.00565251845682047
0.000505217255926338
0.00416669207702136
-0.00377211120045418
0.000378631817040453
-0.0179157956619784
-0.0150308075555399
0.000130455201003077
-0.0226916797078769
-0.00547108338748115
-0.000134200994689415
0.00684382743601031
-0.00293217383622801
-0.00975800052821818
-0.0040497164133444
0.00433720526344805
0.0118759112517115
0.0142704715549291
-0.00473374077315947
-0.00396357500426547
-0.0136622630808101
-0.00685856634133175
0.000541652011960769
0.0144809854443224
-0.00426894349344897
0
0.00803857191905899
0.0130250269278316
0.00327997896510124
0.0273309398805945
-0.00763746200706361
-0.014109774424189
0.00845694758708104
-0.00322539018899781
-0.00207098104915915
0.00518809351979499
0.0134193677419356
-0.0131143237444065
-0.0012901302724776
-0.00968867021373621
0.00626134848623283
-0.0125745529242228
0.0156229884632528
0.0170630685488229
-0.000762544483985939
0.00877632884343682
0.00302616323354354
0.0114392956088261
-0.00124282875022153
-0.0158039445519668
0.00151729682727497
0.00858477475804542
0.0166479160927264
-0.00714112278821555
0.00644847478234722
0.0229176060661604
0.00144545897779302
0.00613426757438384
0.0056186609535287
-0.00618170448710043
0.00933013180215636
-0.00130362649811422
-0.0132905546442585
-0.0472639916472883
-0.0335774168950087
0.0171108285556643
0.0141260813872064
-0.00177281243797889
-0.00976790537186589
-0.0248526140110841
-0.00144509978540064
0.00486771464629099
-0.017936567868679
0.016931035410451
-0.0148138045990274
-0.00106456417659184
0.011589210070601
-0.000790163265995236
0.00817083585282696
0.0147712026143791
0.00669850599118282
-0.00447855394808561
0.00231362458944884
-0.00910497528449683
0.0137181964689346
0.00548959516176195
0.00647530455877843
-0.00630755669134186
-0.00685532589267468
0.0273552335157139
-0.0124424531874162
0.0154969756017271
0.00645167509805633
-0.00493099094190119
-0.00445986119351016
0.0125684667425527
-0.00282664362197449
0.00566920145019956
-0.00306372556528745
0.00504000012390904
0.0183463791989633
0.00108090316884679
0.00347931622025954
0.00215209232606517
-0.000477225005965032
0.0130103128790917
-0.0181454099866122
0.0020400575533408
-0.000119784431137693
-0.0158102770585764
-0.0124132411442922
0.00542198384665471
0.00698624865724962
0.00365135084462742
0.00303177301760571
0.00350623870760791
-0.0434939879518071
-0.00113359366587218
0.0113492303398777
0.00997510012375691
-0.0119753209876543
-0.00624765720664322
0.0192380110554256
-0.0186281154361735
0.00414825880019132
0.0131447551256167
0.00556032373656246
-0.0104448025477317
-0.0039736744563974
-0.00411422521025084
0.00363045832362774
0.00399151812377485
0.00223630270185882
-0.0246683779513668
-0.00521101931875956
0.0288744357560151
0.00807153865728982
-0.00689821384577494
-0.0050856361292867
-0.0160827953632064
-0.00747587449254639
0.00178729728616633
0.00828344579733087
0.0223710304965485
-0.0116207443642076
-0.0133833651050668
-0.00278895801682144
0.00533940984798309
0.0117602424946828
-0.00162485935195944
0.00976473496863051
0.00967019540440406
0.00122788552976694
-0.016556278923764
-0.0130939390673666
0.0102350013929113
-0.00450282693569082
-0.0109309592125121
-0.00431915644919767
0.00982399884501151
0.0056853567735855
0.00816585447652907
0.0133333333333332
-0.00959172405312336
0.0209833868762925
-0.0248084753201333
-0.0117221845187135
0.0262460820189274
-0.00700848378191354
0.0116393632580643
0.00367200747877638
0.0152439024390243
0.0211411651651652
0.00352894945232429
0.0106670146680814
0.0100904081409139
-0.00551148262769474
-0.00184740789923321
-0.00266045122014291
0.00730685447336055
-0.0122049168037976
-0.019932381164094
-0.00428164832821953
0.00979455315582234
-0.00378519039762026
0.0109237471987207
-0.00493302801189843
0.00790838045433939
0.0043330952609566
0.0034980876049886
0.0105740532320255
-0.0308152232860155
-0.00201682284948612
-0.00344746778004756
0.00274360007769059
-0.00059476565773886
0.0101178309696981
0.0154371551327228
0.0126494606626311
0.00767817997528808
0.000796087797111156
0.00284090909090917
-0.0021529971671389
0.00352038390916154
0.012560823382568
-0.000223558329563334
-0.00614794328356738
0
-0.00607356850416974
0.0115423329792126
0.000783085365064107
-0.00201207245709889
0.0178091847872892
-0.00165073176018271
-0.000661342585302593
0.00430177567607437
-0.00362440405411091
-0.0184082669928541
-0.000673834901499193
-0.00247219917905828
0.00259099929900852
-0.00460678651685398
0.00564397813044271
-0.00448977458703659
-0.00462287733402011
0.00951522439414609
0.00134644295288
0.00347383468117068
-0.0278057500455919
-0.0228577767713709
0.0082284824262373
0.00582954433355054
-0.0023182683082742
0.0160334262809341
0.00686113231084517
0.0126064845222094
0.0108792390812364
-0.00477088665608194
0.0168339136064855
-0.001206019090078
-0.011635532637443
0.00333179694211672
-0.000664124448267578
0.00454145995282973
0.00705700723217517
-0.00503666911120837
0.000109981288324734
-0.0193661318012588
-0.0157091781067378
0.0106019264637265
0.000451212623774122
-0.0105987369354215
0.0167521481481481
-0.00594036083904537
0.0116134736359572
0.00546141322490623
0.00521007654594929
0.00485226069695632
-0.000109767336157751
0.0188782897719428
-0.00258543568705294
0.00118804411655882
0.007335491068031
0.00717504842070182
-0.00148855922949842
-0.00085190071975727
0.0122562184321386
-0.0103179929358393
-0.000638276595744558
0.0046837874242327
-0.00497979460626596
0.00127776589169359
-0.00297776244791836
0.00330664533333325
0.0161599408071431
0.00952077820630315
0.00310916163559249
0.00320277917963852
0.0208033474933749
0.00161416460005559
0.00825945818150142
-0.00149851151845182
-0.0176087549057155
0.00967508891587543
-0.00181561430114607
-0.0129345090231862
0.0042997338247337
-0.0102956373148958
0.00587092412693058
0.00327666380189773
0.000714431494761358
-0.00530345725741588
0.00851022258289968
0.0106751015588136
-0.00593505659651727
-0.00829791540174052
-0.00785711224489805
-0.00133708727747339
0.00432542748353093
0.00676787346496743
-0.000407425137502582
-0.014978612339297
0.00258611777358264
-0.0187783743041349
-0.000105173503789135
0.00220850782242121
0.00283312687828552
0.0032436643298106
0.00521485206137418
-0.016808415132032
-0.0113972348797544
0.0148377455166522
0.0169348900809931
-0.020479964832437
0.0044351215766143
-0.00536166930104076
0.00338229570465831
0.00242288001685442
-0.027007228793307
0.0100442924741027
-0.011013676572295
0.00443295500990271
-0.00742737336001353
0.0107363410772838
0.0103005046234068
0.00403565191012523
-0.000423111905827112
-0.0370370370370371
0.0171428351648351
-0.0130726018382152
0.0109469077383013
-0.00032482946020207
0.0134315207972271
0.00897823875541337
-0.00540257403808109
0.0208754821692989
0.00323428280092397
0.00717547807090346
-0.00227156432156039
-0.0161440240963684
-0.00199855895655821
-0.019287458451332
0.00666303041387328
-0.00886091617083207
-0.0175570559050865
0.00668787420993167
0.00435636027009378
-0.00444592274511035
0.00588171235991108
-0.00812127792357942
0.00163757645496898
0.0106812316076295
-0.00787234957816185
0.00423911956521739
0.00487062457918186
-0.000861632953969571
0.00377316723214394
-0.00386640528550741
0.00420484097035034
0.00912603617270813
-0.000957506138046682
-0.0022364216776054
0.00266837436933764
0.0220353412383363
-0.0179148105840056
-0.0117722026538105
0.000965840309079091
-0.00192989177430769
0.023633098018395
0.00902509173024346
-0.039313561324731
-0.0118004110057244
-0.00339612186016791
0.00450693630310073
0.0219960830158485
-0.0153121320838648
-0.003044791246681
-0.00501744109947655
0.0116202366627907
0.0167967383701422
-0.0124693378989803
0.014785181748967
0.0188238223845987
0
-0.0282881723918109
0.00558604600219348
0.0162375385510358
-0.000525544009004952
0.00115692046367455
0.0179640714788512
-0.00732714123163791
0.013099022495082
0.00995383304116482
0.00497872393779142
-0.0202204015682782
-0.00227016810359426
0.0156168680190945
0.000814684342607563
0.00345954419474492
-0.00415741216312882
0.00305470932750951
0.00233474769394482
-0.000911444215342172
-0.00729855028284743
0.0102113754722761
-0.00424540584251498
-0.00304540649588048
0.00264740864115076
0.00132016856585593
0.00263694731515107
-0.00991304865554266
-0.00459743577638239
0.0100585445961203
-0.000406472902897193
-0.000711599043053734
0.00915558466463118
-0.00312497993321503
-0.00758418452405885
0.00264930713928369
-0.00376019301300423
-0.000714067129593765
-0.000204134342630891
0.00285888293120506
-0.0114030033455202
0.000514974263954082
0.0153370763697978
-0.00719788125707499
0.0104155723475952
0.000606417400901949
-0.00909000082638123
0.00295587602735825
0.00335366863102293
-0.0153955631906544
0.00154307171631585
0.00729251225048766
0.00142754155195268
-0.00254556565060138
0.00724784613360407
-0.00557408544793936
0.00845896835123416
0.00343611935632504
0.00795650107808932
0.0100918663051186
-0.00484714629922434
0.00775346933903531
-0.00453737436981771
0.00614350983241208
-0.00403785696240044
0.00524084856840257
-0.00108204796057254
-0.0141802260705005
-0.00389571467490046
0.00541517242864842
0.0034909135549388
-0.00119275418752851
0.020599064993513
-0.0229134072331008
0.0068855703710764
-0.00664022781684392
0.0123715251210759
0.00404056367359251
-0.0027483216356986
0.00561023633091029
-0.00274052075443909
-0.00186477575684352
0.000786647024188181
-0.00501082732374558
0.00829469758945489
-0.00440698262259342
0.00570523290555847
0.00870499821410409
-0.00155140118931651
0
0.0022336214214469
-0.000678294593361217
0.00804811426495045
-0.00432855910281416
0.00898463899169877
-0.000191535806366661
-0.00555451073653546
-0.00385202249044758
0.00493034599902642
0.00481000494882178
-0.00162755390026481
0.00153435943166813
0.00603215231650411
-0.00456842105263155
-0.00621468615411358
0.00307869919032711
-0.004028448033216
0.00337062801889942
0.00335923786622061
-0.000478314516182188
-0.00497652416454253
0.00625182258101553
0.00133816666015574
0.00630007624474849
0.00502749962108706
-0.0108541201751992
0.00353048654015775
0.00161641155493797
0.00655024706854945
0.00952562491300224
0.00308297829705739
0.00512242697804544
0.00982213695000245
-0.000917654590264494
0.00247984025936376
0.0033897846378419
0.00812643375072408
0.00470968192338805
-0.00649058865951513
-0.000453633975625034
0.00426645772452949
-0.0149145263015781
0
-9.17783054199539e-05
0.00403783606462493
0.00987107175318269
0.000633541508435753
0.00569829966892743
-0.00260814816785426
0.00108201080104586
-0.00801657380696918
-0.00499405261946939
-0.00629679674581485
0.00468365327104103
-0.0158135646103552
-0.0132813228063774
-0.00301204824947376
-0.00122731308963964
-0.00236317230018745
-0.000947498569760286
-0.00256073591500883
0.000855795395184877
-0.00313511299382263
-0.00238254074144673
0.00869312189529992
-0.00662938750371767
0.0047668987011813
0.0065471392593901
-0.00311087852355052
0.00179670921985831
0.00783457602728754
0.0109581814449242
-0.0145451081240485
-0.000658080267234684
0.0101598680105399
-0.000279372330397876
-0.00586862609908945
0.00318587890567956
-0.000653838981016897
0.0057014675334417
0.0118030206654836
0.000642959475256166
-9.1812004923586e-05
0.0043147158725787
-0.00795249528423225
0.00488343319711992
-0.0109113792574982
0.0109390930488804
0.00110036677394687
0.00650360916925186
0.000182062254697746
0.00664235656701817
0.00235019440522999
0.00432865005256233
0.00466908490610352
-0.00134061132666563
-0.00214782534719571
0.00573990134529145
-0.000267504906969029
-0.00124877351486241
0.00312582831896191
-0.00178060007122505
0.00579730630224828
-0.00966566488425102
0.00161175680515746
0.00876090641193539
0.00593766415943509
-0.019557756681213
-0.00952464723223434
0.0122471102536394
-0.00116512813828407
-0.00825480506742404
-0.00316655209596084
-0.0117989017970593
0.00128581928597971
-0.00587048264182211
0.0125484502458511
-0.00191360491914716
-0.0209075232439289
0.00391650510847641
-0.0027865780127595
9.31631884020234e-05
-0.00717150953232248
0.00891186695894697
0.00185957224008626
-0.000649651972157717
0.00232169390787518
0.0126007690169554
0.00375145023559842
0.00884230653169493
-0.00704797157401238
