0.0288290939365212
-0.00326625419516091
0.0358744567092102
-0.0236430565493996
0.0233628755689439
-0.00166635566293483
-0.0430645635119346
0.039246466448754
0.00251758971072191
-0.0239410848819688
0.0291595373783797
-0.0243333166666667
-0.0430475052434658
0.0999642806140664
0.0152548201112435
0.0394820645862841
-0.0126095650101425
0.00545084886233993
-0.0075898081657314
-0.012330279381926
0.0142225191880931
-0.00514181988158313
0.0100234928746592
0.00527219740338647
0.0297701672136306
0.00659069782532362
-0.0135416077473931
-0.0227787294798804
-0.0117320471091702
-0.0788815407160984
0.0164490076912156
-0.00083416751475085
0.0171981802838233
-0.0229809265587959
0.00638444220430112
-0.0550918846380005
0.0106007600918996
-0.0477272718928798
-0.0115660177792176
-0.0154160846953938
-0.00660249034531202
0.0273451955943791
0.0807763985499594
0.0311270731806554
0.0169182282813365
-0.0182678516022207
0.021266024609836
-0.0204978360094707
0.0102973428051376
0.00526056204962799
-0.00147180698375127
0.00245656727060983
-0.00408430001771443
-0.0370734586134098
-0.0204429468408357
0.00469565217391299
0.03548554613121
0.00986292209963224
-0.0211885283893395
-0.00405888712905644
-0.00662249968793516
-0.0109401538461539
0.0490839950037334
-0.0174629651159314
0.0328638335490246
-0.00568178589875923
-0.017795918367347
0.0259308676861703
0.00615678862351277
-0.0590981983606506
0.00496322094814317
0.0263964402861641
0.0426414468226315
0.0195735200509228
-0.00109255501794903
0.015625
0.0041538000000001
-0.00827323463796092
-0.00849687895117179
0.00654406357120596
0.0182662699153644
0.0104895410533525
0.00270800356991119
-0.0405101413200257
0.00719316642387535
-0.00916012984566805
0.0020369946725165
0.0139170443484433
0.00940778898259031
-0.044308604017201
-0.0153477060806987
-0.0118525572333172
0.00640813331567314
0.00995919999999995
-0.0166504846968883
-0.0271248059469076
-0.0192632477188239
-0.0180909542024301
0.0149148617331161
-0.0115837136929461
0.00927064926607146
0.018197556010441
-0.0119149106382979
0.0377261505206916
-0.032868591206222
0.0068658086805975
-0.0117626832594612
-0.00224255645605387
0.0311203146611341
0.00704228717374722
-0.0151514982492258
0.0263735747633618
-0.00658866754387533
0.021057883915472
0.0157518182607399
0.0137490170063792
-0.00126159911685852
-0.00457920402402645
0.0301396092934709
-0.00123192173600506
-0.00431697495656846
0.0244658090905603
0.011940643171666
-0.00537716230218799
-0.0100615413762751
0.011377427529655
-0.0208489431783094
0.00842529118298541
0.00713961697889687
0.00301654586652123
0.000902225563909731
0.0138221909201379
0.02178414248144
-0.0107323862537659
0.00586427218683871
0.00612152738490712
-0.0344777203314172
0.0124531279083833
-0.014967426720476
0.0213629905015347
-0.0210634853596037
0.0167017908020131
-0.0239751812934734
-0.004093965311325
0.00274057551766127
0.00576976911980309
-0.0220410483708046
0.0160543534432593
0.0256761166818598
-0.000592519609168507
-0.0174892542242587
-0.00362042534891494
-0.0101439208110256
-0.00244717050078802
-0.0114995398420801
0.00558400797915293
-0.0141909913869815
-0.0129869816930057
0.0114140294415337
-0.0203761601939837
-0.00608001599999997
0.0272054415197269
-0.0136342577396292
-0.0170003180330524
-0.0038790690783751
0.0134674344723766
-0.0131284023875825
-0.00324464638618838
-0.00764970715575686
0.00623252409000274
0.00130402612238067
-0.00553475500569744
-0.0116221803895892
0.00132490888829229
-0.0271253560556626
0.0113907174430465
-0.0295848367932481
0.00242506495756101
-0.0205633146805481
0.0112914608327452
-0.0308792916957432
0.00702070219659223
-0.00160888454788854
-0.00805722499757289
0.0133573460881824
-0.0231563773273312
-0.0085704048140044
-0.0134265222259797
-0.0337434197193032
0.00482346112971399
-0.0180492120564818
0.000391102862555615
-0.0344018373729476
-0.0115384610713174
0.0237558868009056
0.0238047199918097
-0.0111371434153967
-0.0235131985079391
-0.0214487463152063
0.00785775417994716
-0.0367255011602173
0.0287539503992769
-0.0391304148888285
0.0316742296918768
-0.0121136588948693
0.0122621989907441
-0.0390560351074345
0.00108678552865826
0.00759876231874146
-0.00409392372333539
-0.0337516435795838
-0.0414240707568293
-0.0401775510353293
-0.0732537843757606
-0.0380777553530591
0.0496860483296193
0.0605981258622073
0.0348210405792311
0.0109004499786622
-0.0546178621659633
0.00967019540440406
0.00270139973719541
-0.0168994113691201
0.00896863500170975
-0.020000024691358
0.00755865476338258
-0.0287572378716059
0.00180226570545816
0.00668203546646118
0.0479959432216464
-0.00584648004498123
-0.0252389604205108
0.0138261190001538
-0.0205802618110458
-0.034177164556962
0.0117954384379848
-0.00336779810195831
-0.044710188596044
-0.00870748299319724
0.0181169365907221
0.017794553788083
0.0786755231788081
0.0540274299109176
0.0193383513205196
0.00251430857142854
0.0184677834366671
0.0127603318898737
-0.0276304143399463
-0.00613778103488138
0.0212717515720093
0.02284425429589
0.0166411656072329
-0.0247684902003016
0.00905477051799419
-0.0391769980121908
0.0193621403479662
0.00469271508379898
-0.0482650811446861
-0.037158213667721
0.00873786386558573
-0.0125120304977857
0.0216861349491684
0.0286191509658955
0.0484581486561988
0.0280849396708327
0.0219401152101479
-0.0134708277613483
0.00234693839016287
0.0166027671349511
-0.0448073511225859
-0.012275274271707
-0.000221970700799545
0.0321864824014757
-0.0126881720430109
0.0252668263994773
-0.0231570002124496
-0.015876468029578
-0.0070718232044199
0.0360560649899844
-0.0137486361707548
-0.0226530385536919
0.0254067088345602
0.0104326020618386
-0.0636696681578977
-0.0558235942068365
-0.0138685894826565
-0.100912906511545
-0.0343029647174249
0.00369425983785909
0.00537933182332972
-0.055195694463289
-0.0599105233952466
0.0104629039168387
-0.0407907423661518
-0.0520117762512267
-0.0106970324361628
0.0055807464248343
0.0346860908775581
0.112973550117332
-0.0150602405102337
-0.0308868492083533
0.0173556636997265
-0.0384615981103226
0.032258064516129
0.01
0.0157797648514852
-0.0798051428690135
-0.0711684896116679
0.0156807204447869
-0.0536842456140351
-0.0463477955635074
-0.0357698303176451
0.0467741954344434
-0.0566255414724786
-0.041241322988975
-0.0804940374787053
0.119962945808245
0.0599668734491317
-0.111587948169643
0.0786121651295566
-0.00285012226588455
0.0939159248672929
0.0414333317867364
-0.0659498566308243
-0.052570915294356
0.0769541888637428
-0.00112828130876264
-0.0643824948939192
-0.047082494969819
-0.0430743243243243
-0.045454589585172
-0.0175681469056009
0.0207059294117646
-0.0198248492473558
-0.0437441204139231
-0.0309886374815542
-0.0532995404416478
0.0884717962466488
-0.0684728605159044
0.0264410364886303
0.00772792375064402
0.0373211675522069
-0.0300641187745629
-0.0233740345528455
0.119667071782886
0.0223048327137547
0.0595454090909091
0.0377521251716912
-0.112443236360346
0.0680019128086591
-0.0196249454862625
0.102313211743772
0.000403551234723576
-0.0282372316160858
0.088418389373184
0.0450038537377517
0.00510952554744537
0.0174291569560945
-0.000356887937187689
-0.0803284541235273
0.0275620729813664
-0.0238004920211746
0.0096749226006192
0.00421621310847065
0.0473282424683876
-0.0302478123087532
-0.0210447943989179
0.0130518239175363
0.0443349770494497
0.00145141514700353
0.0423913043478261
0.00973232533889479
0.0657487113854978
0
0.0125969319314254
0.00159489633173826
0.0191082802547771
0.05062496875
0.0336109766094876
-0.0235971223021583
0.0374300324196877
-0.0355113626275181
0.0197348447795334
0.0661467667864462
-0.0216743159035492
-0.0396012450955069
-0.00346017877739335
-0.0523727126049562
-0.0439694961832061
-0.00351319078611279
0.00641022415351844
-0.0433120700636942
0.0499334204416304
0.0317057694449661
0.00522427765137468
-0.00580859082264107
0.0390529212792126
0.0248594251299372
-0.01472717254614
-0.0064477434480581
0.0103244241696505
0.00846718248175171
-0.00144756799514856
0.0565380367330801
-0.0148187984308122
0
0.00529242310348632
0.00166256580770296
0.0182572327381891
-0.0241782932850233
0.0456571016512863
0.031948801066326
-0.0304436548216541
-0.00345931328050486
-0.0622163401277346
0.0187927112412503
-0.00642817234287785
-0.0129394940348662
-0.00826449130806506
0.0339080756870136
0.0372429127292941
0.0233118703108253
-0.00654621645839792
0.0226673701282913
-0.0760309555678081
-0.0585773533376487
0.0663704296296295
0.0194497627424417
-0.0119923415642502
0.033103475862069
-0.0347129229716175
0.0229598327546425
-0.00459705246078956
0.0209182553404441
0.00239478433236906
0.0621183999001009
-0.025243640352094
-0.0156410512820512
-0.00260479298267258
-0.0047009661869688
-0.00944636553538791
0.00556288741721866
-0.0165963386879964
0.0112509503749825
-0.044238357615894
0.0382482517600748
-0.0355044857315667
0
0.0595072776222729
-0.0619122011993783
0.00584792536897805
0.0520487555938194
0.0160526578947369
0.0233099450062175
0.0174640099956471
-0.00746266150590391
-0.00827072640246984
0.0439727318675764
0.00871452411729545
0.00695946757664845
0.0121544807472469
0.0197786668288515
0.0334794958790234
-0.00960670284212262
-0.00518845002533497
0.0256236292799832
-0.015918682290515
-0.002920624709981
0.00112661106068934
0.0130541976142247
-0.0126638308226542
-0.0249774308050728
0.0085390949208819
0.0130434550790972
-0.00135534221820643
-0.00022614793544784
0.0244343433385894
-0.0424027836219696
-0.00392071024168095
-0.0474646919996455
-0.0233349300762016
0.0179194126431061
0.00220048888995161
-0.00341556460524195
-0.00465111405880614
0.037137186424004
-0.00687685591068798
-0.0558739241672894
0.00252903382577063
-0.0317860250198292
0.0833767826113396
0.0351130093740735
0.024860594217923
0.00204035361504529
-0.0208145244159611
0.0207948479850937
-0.0158442734268901
-0.015409360625575
0.036907217077617
-0.0056318992032417
0.00951522450193076
-0.0148114673516277
-0.0186788146387784
-0.0304085872605112
0.00311232942303086
0.0252982565490092
-0.000465549359067841
-0.00582207745277308
-0.0227219026170509
-0.0251678565396009
-0.0115563566046892
0.00646761177941269
-0.0316361599514623
-0.0329249872383869
-0.00527843772178516
0.0493499615110098
0.0242730473899633
-0.00789925983210371
0.0405573784662199
0.00382592061214715
0.0390661981896141
-0.0110041267997277
-0.0299026664326071
0.0229391408812014
0.0511562473451006
-0.0226666666666667
-0.0252387676216461
0.0221600425043165
0.0246463258785943
-0.00935416439402392
0.0125899505395684
-0.0179840360127879
-0.0357223151706986
-0.0114889091916105
0.14634729601518
-0.00993180178225528
0
-0.00229876707622856
-0.00900714247980128
0.00507288089044855
0.00399585707667405
0.00691240021313799
0.00104012897857286
0.00145469662208431
-0.0242788757891444
0.0108464270523181
-0.00315585952358211
-0.00717602348720936
-0.00807825237928883
-0.00192884697813966
0.00708614988189815
-0.00767592717799892
0.00644604627318346
-0.0128095217762597
-0.00627164765261035
-0.00609364513397948
0.0308737477939018
0.00892094269664634
0.0317894315789475
-0.00693736000560541
-0.0429421838069522
0.00257619138788368
0.0149893144541904
-0.0198312860830681
-0.00107617307525143
0.00150829562594268
-0.00258173407917384
-0.00582400763968904
0.00368839227598183
-0.0136186127807443
0.0210387678930799
-0.00279031981111821
0.0148515500398525
-0.0108166061159446
-0.033662071905276
0.0104282449522963
0
0.00241548084287491
0.0249725947438073
-0.0324855945183672
-0.0249613651424785
-0.00181236977372845
0.0156604399532356
0.0147486033519553
-0.00330328121559109
0.0150243267796875
-0.0372224431263048
-0.00271306805335747
0.00136016773157643
0.0201494915168436
-0.0288504875976366
0.00525603314698486
-0.0268242997579313
0.00583975692969507
0.00696702259714299
0.0292896672211793
-0.0259914849654607
-0.00276059344926183
0.013610173638301
-0.00864811125735343
-0.0651974273370654
0.00122787325078888
-0.0125092469953397
0.017387010302385
-0.0229491948962206
0.0274862318840579
-0.00972757805757718
-0.00442043211148269
0
-0.0182536255980852
-0.0115577641094915
-0.00635485510930356
-0.007418802762855
0.00206190726963684
0.0190328698808417
0.0403836961227586
0.00557981548811703
0.0065138719779525
0.00743044085737177
0.0109446350450781
-0.0228289469132055
0.0327553227360307
-0.00792910429269822
0.0122237890873582
-0.012540663898266
-0.0152869473189088
-0.0291377365449662
0.00885598972418267
-0.0117044385127746
-0.0315815206410441
0.0114649936305733
0.000755642298346348
0.00226529071230819
0.0193370165745856
0
-0.030549445676275
0.00355791631806435
-0.00455814107074493
-0.0117019330526091
-0.017503218404284
-0.0311762657152878
0.028123309897242
0.003682272488164
-0.00707549790356377
0.0171549753801787
-0.0153087697117599
-0.00237154143948515
0.00792390364701778
-0.00628936058700202
-0.0150316463624286
-0.0120480863211826
0.0403793203046439
-0.00807494160132705
-0.00682778325484334
-0.0182442887361185
-0.0377053854644389
0.00251889168765751
-0.0371300390843106
-0.0147869518824615
0.00853443201883475
-0.0332652173913044
-0.00241479014745583
0.0257186997191741
-0.0584071351972192
-0.0134711779448623
0.0346142267386473
0.00429708383688876
0.0235330371780855
-0.0388176447406601
-0.0217458534248479
0.00857415052397603
-0.0138539042821159
-0.00510855683269473
-0.0324133504492941
-0.00464344941956873
0.0156614461846052
0.0078739829396326
-0.0120442386733151
0.00658975288303121
0.0412438638705031
0.00502986498050495
0.0253362535294417
-0.0512507337172279
-0.0295819935691319
-0.0212060636182902
0.00643192259878389
0.0269088799192734
0.00917124110149881
0.0126582931729404
0.0144230444095177
-0.00947867298578187
0.000319011164274352
0.0363520077693875
-0.0156923076923078
-0.000937824320100034
-0.0068835734319016
0.0390674228103338
0.000303274711946688
0.0145498324007378
-0.00776821010552109
0.0030112015360193
-0.00990696457799578
0.0127350515463918
-0.0338323931836889
0.0430740625968389
-0.0374330956625073
-0.00802478345526025
-0.00186673932379411
-0.00997512406638879
-0.00472289042821161
-0.0170832326136275
-0.00482780817508843
-0.00840879689521346
-0.0156555772994129
0.00728959575878063
-0.00197368421052624
0.00197758734344089
0.0190789473684212
0.0045190768237573
0.00128531486872396
-0.00738125802310652
0.0019398642095052
-0.000968086479509522
0.0142119190636925
0.0226114968152866
0.000622858903056578
0.0171179266380974
-0.00887395960832305
-0.028403829219013
0.0108039406038749
0.0113171647694801
0.04165371723057
0.0116384369822999
-0.0073746308333551
0.00950962796376653
-0.00588757710074839
0.0331655019247854
0.013184265210211
0.0121641025269648
0.0248742041608219
0.00709031944861294
0.00649872732196055
-0.0156039287384411
0.00327955725608087
-0.00299648605275105
-0.00191254108811711
-0.0183410352680272
0.0136641658208543
-0.015680853682578
0.00307434329442002
0.00306494853900663
0.00222227777777784
-0.0130266345328918
0.00730126348494076
