0.0288203989642715
0.00998912073809177
0.0365513023672888
-0.0124455094886022
0.00147025831820513
0.0111157508389264
-0.0356771838970585
0.032049858806201
-0.0125051896623593
0.0183621566407313
0.023834238341969
-0.00546560706616972
-0.0315489307643205
0.0332071864982266
0.0132221521562246
-0.00622366982084577
-0.000404040404040518
0.000808407437348446
0.00767370759289165
0.00120234464118862
0.0282225786273533
-0.0048666537836608
0.0185837444949872
-0.011330900710582
0
0.0264180264180265
-0.0109765707797124
-0.0166475130749144
0.00719982500875327
-0.0596986112711984
-0.0113005757674368
0.0143391939804487
0.0124973773305188
0.00708219373056229
0.00783604581072916
-0.035486423444976
-0.00413396022873169
-0.0381901203819012
-0.00712132067328441
-0.0578135213133459
0.00230687438555366
-0.0170311158335761
0.0430812466186197
0.0208754437906946
0.00791556728232212
-0.00152705061082026
0.00458815818221536
0.000652414093084142
0.0102152145279379
-0.0103270223752151
0.00152173913043474
-0.00998478402431091
-0.000438522244276984
-0.0309278350515465
-0.0160705975554549
-0.00161028291671772
0.0248847453970162
-0.00157374100719421
-0.00585449223147927
-0.0122310526735651
-0.00412751652998122
-0.00276304397881644
0.0341722458053049
-0.0147354316870856
0.0138228186307994
0.0138578223577193
-0.0174162474114583
-0.000224343728965737
-0.00875231129370935
-0.0258093514063551
0.0460143863819287
0.00333263733981926
0.00132863153232954
0.0369305166534606
-0.0142887185815466
0.0341842917744635
0.0125523642793381
-0.00289264450856841
0.0049731042259884
-0.00865975257731955
0.0222545747814238
0.00590024391046828
0.00262947011790993
-0.00322775872503533
0.00546448087431695
-0.00301934380032209
-0.000807530805724377
0.006465932250316
0.000802991351074311
-0.0120360686875053
-0.000203005076142238
0.00223387480772241
-0.00202630200714493
0.00649746192893397
-0.013717994754892
-0.0194313769570746
-0.000208573220871422
-0.0171082620488212
-0.00700492449575618
0.0145361268605415
-0.00863885395362107
-0.000425079711478871
-0.0085051670955808
0.0195153330577882
-0.0170383042272128
0.0119837577573294
-0.00126878830051202
-0.000423480838450008
-0.00804907875554084
0.000640593609199325
0.0192060815363619
0.0192630242572456
-0.0143796220213641
-0.00166731971654843
0.00709812078922245
0.0091210195223459
-0.00328677074774031
-0.00309152926628198
0.00764943162392862
-0.00718102145338428
-0.00247983059474743
0.0116014501760928
0.026213371852821
-0.00718421458423035
-0.00180904522613068
0.00865888038662921
-0.00878414853264131
0.00745212457393252
0.019592163134746
0.00235292156862754
0.00684667462532618
0.00680005815426332
-0.00405247008876886
-0.0118194339891603
0.0135293921568627
-0.000773786047084224
-0.00580840248563785
-0.00915281437790905
-0.00471702034754273
0.0238941355429332
0.000964397337103184
-0.0183044501616783
-0.00431797832545677
0.0100532623694067
0.00526924257340977
-0.00990095165602611
-0.00529411764705889
0.00611080228661542
0.00666144187575557
-0.00175165430611812
-0.0130630139781046
0.0114579615064789
0.0072265428276066
0.00969555943377931
0.00364889571730376
0.00746276339314056
0.00683753060446235
0.000754593501399503
-0.0184731200466186
-0.0128672556174381
0.00233459134884861
0.00912270962732897
0.00326982099365947
-0.00613496932515323
0.000385821759259164
0.0140763398751189
0.0144513785890854
0.00449863184624677
-0.0057846799776079
0.00300300305936574
0.00243265348863497
-0.00877360462945675
0.00225994358794512
-0.0103345169046503
-0.0356938878182604
0.0074817285394424
0.00429941388702026
-0.000194551472943227
-0.0157649082178881
0.00533913387383822
-0.0259638080251771
0.0149434168012923
0.0228810594063293
0.010309258899047
0.0211783215475225
-0.0177225298317772
0.00249524001901102
-0.0202948879954049
-0.0127027169319021
-0.00831357878068095
-0.00199596814355163
-0.0448000399999999
-0.0374790007319514
-0.00739612774861598
0.0223537360869224
0.0167202136454356
-0.000210879190385871
-0.00759167050154663
-0.0127497234859811
0.00495049515605883
0.00942390253638692
-0.0112455546096848
-0.0236051083092321
0.0250549230769233
-0.0289450692312408
0.00905277083124822
-0.0159737414447758
-0.00155657101275142
0.0126948546683807
-0.0158346378747606
-0.0138547262569833
-0.0104238157619801
-0.0240439443116073
-0.0532614043468185
-0.023791797957462
0.0421426768759248
0.0621193437787904
0.00917435821900736
-0.00545459090909084
-0.0479889875680526
0.0175227796447432
0.010379877574425
-0.0175110895395242
0.0477661098970481
-0.00680424132456359
-0.000685156412761789
0.000457061264033776
-0.0159889679303098
0.0123026688810273
0.0314147894653798
-0.0168963761671853
-0.0205789230986223
0.0163934191550816
-0.00954116310767839
-0.0233944047428626
-0.00211366828963522
-0.00400098827954865
-0.0543478260869564
0.0134932783608195
0.0453649150551056
0.0136791974679622
0.0342019776640299
0.0418447684624348
0.0166270996193674
0.00870858076853942
0.00631709807045278
-0.0148566433384255
-0.0101954965932245
-0.00193133055499262
0.0129005165728022
0.00997667140783975
0.000840626278241885
-0.00482990350335788
0.00633044959549367
-0.00440341799965238
0.0513900168491996
0.00801286089795128
0.00258348569157385
0.00475714559450657
0.0134148749933887
-0.00914925071343686
0.0151276221953782
-0.001548248560025
0.00755960457452987
-0.0115428818776452
0.00447644989341267
0.00445648121572417
-0.00270059799382727
0.00019338490921883
-0.000193347518726572
-0.0245648157724407
0.0140789014475511
0.0099726830264506
0
0.029235197319063
0.00300978179082034
0
-0.00600150037509373
0.00716983018867934
-0.0273511235041004
0.00173343612224341
0.00230730637597798
0.0247457697152165
-0.0211530708031851
-0.00822336951188818
0.027959891477827
-0.0240105416617794
-0.0217181822355983
0.119253413781791
-0.0361593990493349
-0.0280459114915316
-0.0389731691769378
-0.0140378433605411
0.00296620526003566
-0.00926658104758327
-0.012338288557214
0.0269997979649448
0.0103982536708209
0.0199999805825242
-0.00418804500643521
-0.00152936338120124
0.0107218265364732
-0.0214055877740938
-0.00348432055749126
-0.03010878010878
-0.00761067494492285
-0.0219979822804839
-0.0375567486082696
-0.00771869656343704
-0.0190146287600395
-0.0134361447825487
-0.0258986375106354
0.0139812281920415
-0.0289331587281573
-0.0207169232010458
-0.0178274304730212
0.0164569215876089
0.0290476428571429
-0.0240629564076134
0.00663819345661465
-0.0247291338843415
0.00338080173871047
0.0108303492377941
0.0138095714285715
0.057538677428902
0.0379747510098767
0.0139066532346319
-0.0147710490561522
-0.00985219554191896
0.00800341769413815
-0.00944201757261887
-0.0294627599653379
0.0270089068528774
0.0178223002748228
0.0247704452372219
-0.00875186460713206
-0.0103005675846122
0.0172046934067676
-0.0190018588223401
0.00446996594295457
0.0192837257741836
0.0133056970189478
-0.00266723419502524
0.0300349510381619
-0.00898743758737763
-0.000403083442222618
0.0139113513673932
-0.0105389339721825
-0.0186896309762714
0.00471019845544962
0.00142682426769625
0.0303276606894431
-0.0067167128944432
-0.00178997616925169
0.00936443533302311
0.0146072246348206
0.0050583266514268
-0.00232286101432444
-0.00562671700375006
-0.00136585365853659
0.00273544353262989
0.00467655884645368
-0.00853378571501584
0.00704227322070161
-0.0120434926184926
0.00550526925864592
-0.00136877202520092
-0.00646168004699443
0.00374454064861895
-0.00962106813273123
0.0065424466007622
-0.000197006105968067
0.0169424947573875
0.0114296786406369
0.00287305119465708
0.000190947284359311
0.00324617153420226
0.00970685173759334
-0.0209236573218409
0.0007701386363137
0.0121200654097731
-0.00133054549837397
0.0215073654071687
-0.00130426686432894
-0.00335820908053019
-0.0151628047608688
0.000760330721149449
-0.0167141873992711
-0.00734017770909789
-0.0105079005741955
0.00609640141972068
-0.0062548866301797
0.013768705743509
-0.00562671700375006
0.00565855609756083
-0.0192084202714703
0.0207714939816319
-0.00174418611411564
-0.0135895365400713
-0.000787266270669718
0.0116210557415795
0.0175233057335806
0.0107156911869764
0.000757307837940147
-0.01645855057778
0.0036545103422001
-0.0157148141050212
0.00428350848357661
0.0127956567353371
0.0176109870746177
0.00884125282167059
0.001305239580361
-0.000372458093622741
-0.00167660208643805
-0.00391862287740252
-0.0129262268091752
-0.010628164938853
-0.0051793591947179
0.00636324708131042
0.0141789809193136
0.00264500283393154
0.0037686074995289
-0.000938595832551181
0.00864334820286827
-0.0393070044709389
-0.0310257707969749
-0.0294176700136548
0.0185567422680413
0.00627524266092139
-0.00341979487869248
-0.015744912883631
-0.0131254927450982
0.00166255198799981
0.0248962857905335
0.0091092304004361
0.0220662596616352
0.00451420992121276
0.012114087534193
0.00501934372624224
0.0103725891207724
-0.00456268078185107
0.0112681434058797
-0.00849860229464394
0.0118095047619047
0.00282381405918342
0.00506853763844561
0.00168098614716139
0.000745795249938563
0
-0.000372573145987376
-0.0096924693497682
0.00564650845762271
0.00112300205876847
0.0028042062888689
-0.000745730811814616
-0.00391789193723469
0.00112384343741967
0.00355468655650726
-0.0244220176066745
0.00879034936784451
-0.00814548194458264
0.00534755528366015
0.0112082258968127
0.00356937817020486
0.00149760394974185
0.0052336261682242
-0.00316098927409802
0.00764780810207411
-0.00721952980377638
0.00932313985972133
-0.00258634763372723
-0.00648273730384363
0.00298284867604104
0.0070632157446695
-0.00516792174234038
0
0.00723560269997758
-0.0162092647594536
-0.00936154278225054
-0.0164429975429975
0.00653343569305465
0.00897283297111806
-0.00245973519242126
0.00550070171660266
-0.00830028327863741
0.00323382157123819
-0.00341298811478996
-0.00608826091917314
-0.00210568521800591
0.00844041802339501
-0.00456530340498384
-0.0114657362329167
0.00193315290933693
0.011383291090747
-0.010682888618195
0.0161974543733618
0.0168880262450091
-0.0111960813584625
0.0103792975890056
-0.000373571154770658
-0.00579224588938709
-0.00563801927528707
0.00888302778302785
-0.00711878967555657
0.0130188490566039
0.00447012487372178
-0.00203968106805119
0.00520248978075055
0.00258787440250918
-0.00239677351044343
-0.00646836062708622
0.0148810087381328
-0.0117302600489322
-0.00204000378486657
-0.000557554347564548
-0.00334698779001463
-0.00634328381877913
-0.00244079994144952
0.0097873327726834
-0.00410068950230424
0.00823505521242751
0.00519775394835253
-0.00923361000060541
-0.00354152829295318
-0.00542463534277293
0.000188113604969509
0.00338474990597959
-0.00243630055404231
0.0144655269584821
0.00611114814814817
-0.00478560630275704
0.00203439985204357
0.00258397932816545
-0.00607507363770254
0.0320429512115967
0.006999281999295
-0.0122973264605716
0.0115482321020655
0.00285408485811489
0.0120953573088693
0.00931455151794203
0.00487548319693554
0.00970370836429924
-0.00205934443109668
-0.00842651733700717
0.0119666666666667
0.00102831194612896
0.00633451463790458
0.000340251792110502
0.00476195586329853
-0.00558568024422212
-0.00544680851063828
-0.000171179188772852
-0.00890099311540538
-0.00829022423867964
-0.00348305480609723
0.00664098205800445
0.00798616347174175
-0.00447816044646643
-0.00622837381017949
0.0060933496882547
-0.00207653569689326
0.0102306228621682
0.000514984569687016
-0.00840627880586242
-0.00813143612684142
0.00662823978272331
-0.0107433548907183
0.00507971623751957
-0.00418267681800832
0.043752188375082
0.00955734422463683
0.0200963132386034
-0.0017908987883718
-0.018920224777031
-0.00864507036924123
0.0112359213275881
-0.00729681604140664
0.00584694276901199
-0.00315560543357596
-0.00383203932022669
-0.00100352900144629
0.00887322953289815
0.0154331402400643
0.00604677244724261
0.00259909027616811
-0.0100454146136518
0.00507368265380292
-0.00244263149324209
-0.000652905669373371
0.0400195517801445
-0.00471177963599123
0.00284046083068423
-0.0100707948083525
-0.0103322524240979
0.0192740288876976
-0.00173339113982662
-0.00142067881359675
0.00395194448156633
-0.00566833587366833
0.00205854308603182
0.00410875480576411
0.00472141950391225
0.00422933897243105
-0.00670723745582213
0.0119347047738694
-0.00900063597142675
0.00266204192511688
0.00734032496236647
-0.022015472868217
-0.00459735242240489
0.0165631626602458
-0.0117499604652996
0.0149016323747104
0.0153077639163275
-0.00892310769230764
-0.00372552014050043
-0.00997193829853549
-0.00755429638724736
0.00222010779860282
0.00506327523634065
0.00141689231738029
-0.00660276675675575
0.00126603895024591
-0.0123280859807177
-0.00912152315181547
-0.0138888408878824
0.0109727970689026
-0.00404989470273776
0.00113856538711787
0.00633631204445684
0.00355184054814073
0.0106177606177607
0.0316777777777777
-0.00740620297504102
-0.0177211715305091
-0.00617186273416459
-0.00445858287354428
0
-0.0129558701215611
-0.00469941670230789
0.0271898738909109
-0.011412284038675
-0.00865796069677671
-0.00194085389161069
0.00243075680490601
0.00290979626721954
0.00580272395546877
-0.00160261212812141
-0.0337078336068674
0.00631230886524414
0.0117200227230101
-0.00505793759083151
-0.00327978025582154
0.0110233960352648
-0.0130186979167014
0.00676008221730973
-0.00278417944998066
0.0175726723201293
0.0129115399114192
0.00462079364629675
0.00253766855729842
0.00822656238295449
0.00392279930958739
-0.000156283213504138
0.0120368452081154
-0.0112758112843933
0.0195281981087894
-0.011186070757399
-0.00666358293295499
0.00452419670902326
0.0128902316025816
-0.00183997237289213
-0.0218125659543031
0.00235555904522622
-0.00563999668995774
0.00157553172245883
-0.00755073147711183
0.00253605959740044
-0.00853756521739124
0.00574072724829722
0.0137941810686539
-0.0081326401021683
0.00220755289207042
0.00519191307124123
0.00986066692535092
0.000465065117718488
0.0268008662989527
-0.0101086000318136
0.00960214891629096
-0.00181151877450247
-0.00559593138554448
0.0155132623574146
-0.00569114897519019
-0.00376562741023689
0.00120958574553343
0.00951369662468005
-0.00643231133679301
-0.00481782610110904
-0.00635397901222312
-0.0219245127892814
0.00700504380464029
-0.00602873686725192
-0.0135303726191117
0.0107204950338955
-0.00358758378431467
-0.00735756093679463
0.00141933448982812
-0.00614171653543316
0.00237675483478461
0.00237119830449561
0.00410026809651476
0.00424063151376264
-0.0118861278055384
0.00348214624881282
0.00725550450298096
0.0144064827058177
-0.00308732638294751
-0.00356153596898301
0.00295264966441811
0.00201420821174159
-0.00695835803180345
0.0105886170883118
0.0269645600319088
0.00795195775087909
-0.0327477969633821
-0.00169282848448005
-0.00292898090354632
0.00262829313543578
0.0308404018763424
0.0249812872096122
0.0143024378708014
0.00748197122302163
-0.00228500438239099
-0.00128834810637912
0.00401327235258453
0.00513920035092652
-0.00127828426199217
-0.00511946814562003
0.00543163243898848
-0.0140744676755455
-0.00793071399944378
0.00377899692824135
0.00246170004233126
0.0171890069107756
-0.00085198809576803
0.00127907900399271
0.00738117845484076
0.0035226151398815
0.00645884573913458
-0.00153459821428592
0.000698658655861495
-0.00307178149657428
0.000420140044253836
