0.050889026698008
0.0189615233069289
0.0217577726882336
-0.0179321943942896
0.0339515844208724
0.00303520954551839
0.0143053928090999
0.016544643790199
0.038153681963714
0.0241582626574146
0.0281054719249925
-0.000244129845151875
-0.00781250019073487
0.00221459158992587
0.00171861036091348
0.00343137263312188
0.00781629232575209
-0.00290836175028408
0.00145848326345366
0.00606796101776785
0.000482509035403922
-0.00168794305068865
0.0355071721977211
0.0135293215192285
-0.00690446474328044
0.00811119313505482
0.00229880459770104
0.00940367015613175
-0.00749825073838906
0.0057234432234432
-0.0177554746187115
0.0111239624044512
0.054091243316726
0.0108719282073526
0.00365665718835628
-0.0139306043720531
-0.00934570786114797
-0.0179904336116526
0.0080429181431152
-0.00487582014352439
0.0122494203897807
0
0.0134213418389144
0.025618779296162
0.00465700657675683
0.00821742537331271
-0.000208944627333008
0.00459868311036771
0.00561799821851849
-0.0153114415348048
-0.00441267072914486
-0.00759816362182009
-0.00319015312632931
-0.00640066154044505
-0.0130985827786128
0.0184943868253782
0.0281991021534052
-0.0128818405800573
-0.00947162742461083
-0.0135997234679192
0.0103404571452157
-0.00554377375079851
0.0310892159324445
-0.00582239550842178
0.00543817181681305
0.0268358851674639
0.00871150711686575
-0.0062261697885887
-0.0216248989490704
0.128072732906424
0.0131844165320563
-0.00849450538606533
0.0020051038642892
-0.00818630147014188
0.000733694057226675
0.033541018446829
-0.0221670512886514
-0.0155966633223915
0.00884301784898711
0.00346974081335794
0.0227479522702829
0.00338074727080517
0.0065614294477998
0.0149753881245731
-0.00815834042426056
0.00927544643464207
-0.00208078730989381
0.00139013034561475
-0.00416453228935387
0.00592439459704464
-0.00952710895548237
0.00472194823364824
-0.0135770754816871
0.00935244430395077
0.00314685309183815
-0.0177762283412997
0.00550030153477121
-0.0285865370949898
0.000726630349257684
-0.000544545289526299
0.0043588448173113
0.00940327322609891
-0.0295593335721963
0.0269522439339946
0.00593201499313301
0.0235882777624781
-0.000174563550533469
0.0120481753099353
-0.032263613393092
-0.000178249242289263
0.038516403761897
0.0211194875989189
-0.0109298972434859
-0.0261815878952738
0.00645954969377716
-0.0091934602187872
0.0119047621131787
0.00605541532967857
-0.0111780219715212
0.0149565391304347
-0.0176490572712635
-0.00453518211982618
-0.0036796740844578
0
-0.0145972913366639
0.022487988978904
0.0303717571937203
0.0132136542980461
0.00117037282778187
0.000166967265080809
-0.000834847233842861
-0.0121991811497327
-0.00828966319929514
-0.00904126593383248
0.0213462213806161
-0.000337114433267671
-0.00252910128934247
0.0299188640973631
-0.0108321024126046
0.0267131408661025
0.0114738039516193
-0.00207702508387919
-0.0116874641640645
0.0220314271828934
-0.00332856237121582
0.00667935740013736
-0.0109004425102756
-0.00590958303929756
0.00723002868798117
-0.00207366409433185
-0.00047957160358747
0.0212698228253609
-0.00923897574007226
-0.00806072388177648
0.00207139904625242
0.00143108604597053
0.00619242616703719
-0.011677418521026
0.00431104894920886
-0.019713862648208
0.00194614012325656
0.0121398512809947
0.00095955542874715
0.00255631890078289
-0.0188047808764941
0.0209517784635374
0.0257715872451227
0.0122517674200482
0.0104182630803551
0.0101593029640319
-0.000600435277674838
0.0165214473859585
-0.00339838947990556
0.00266864355827923
-0.0208486775476274
0.00422831464469486
0.0225563909774436
-0.00294113235294113
0.00309733024643077
0.0276429487533318
-0.012734282626045
0.0217391304347827
0.0222695035460991
0.0203968502844458
-0.017541487387252
0.0034602076124568
0.00648277241379303
0.00685213091884163
0.01796651670115
-0.01484156953013
-0.0103149022801303
-0.0152221616901308
0.00668434777006977
-0.0148014937778187
0.00814380780477664
0.0052924371047729
0.00166255195344966
-0.0103734435529691
-0.00810624703957041
0.0116951104453276
0.0467966693538995
-0.0153007176529687
-0.00878261022071047
0.00831515801097105
-0.00202786261960441
-0.0013546328908155
-0.00461209977465948
-0.00763146665159997
0.012084550947542
0.00203529180605
-0.0303317137530593
-0.0544616945334214
-0.0321961310322866
-0.0279261106047018
-0.00251177390091417
0.0440666502350229
0.0123606881133969
0.0111673608595972
-0.025916682319736
-0.0411186986812185
0.0195490777234748
0.0173187418375982
0.0088159597383195
0.032092766366155
-0.0105109635036496
0.0141634555055097
0.00247317435185268
-0.00812662846456957
0.0150694810554348
0.0129720674389766
0.0110984492188166
-0.0139318607917777
0.00727846439275015
-0.0267781233556779
0.0112097390825523
-0.00935791836104116
0.00988228483889797
-0.0436033830365056
-0.00692144157269692
0.0265151515151516
-0.00811812546125468
-0.0105654617811961
0.0165438115970464
-0.0153867888969841
-0.0066116000024824
-0.00468912411603195
-0.0115501818442166
0.0472017212914864
0.0045514167588987
0.0314235905122358
0.00566814510415203
0.010426912633128
0.00808816075984065
0.000138359383893283
0.00677728879209027
0.024041763648279
0.00509789367993174
-0.0112119063324055
0.0160636469745237
0.0199282590644982
-0.00924839166009095
-0.0524585604117423
-0.000971277924240233
-0.00138886111111114
0.033240597128217
-0.00309601557280914
-0.0226843241340621
-0.0198949303631498
-0.00155060610232316
0.00663562031242093
0.00504910217184706
-0.0247000404856242
-0.0271855920329889
0.00161788503067761
0.00469897223785543
0.0388775807915105
0.0188519409439523
-0.0475006226871203
-0.0278342261017298
0.0365345075017749
-0.00906351578007436
-0.0158245651491535
0.0123911489542536
0.0103453159119327
-0.0305739129260982
0.0470097583009559
0.00582557569588982
0.00282521538599778
-0.0549373448355358
-0.0107317490375167
0.0120535628121037
0.0370702110189134
0.0383289957893196
-0.00400941506955843
-0.0127706550142886
-0.0300899874821434
-0.00391423584020434
0.00523942665171617
-0.00622558274214546
0.00451628794458458
0.00348085584398228
0.00953889262786833
-0.00286322127024252
-0.0133524906431446
-0.0381257706908357
-0.0175491079439971
-0.0194025556081752
-0.0191583071608039
0.0107268973859573
0.0171075238855136
0.0219592590244395
-0.0341359630843052
0.0173556639735615
0.024503643400885
0.0198305334493047
-0.00771864296933455
0.0026926104021725
0.0347605853313528
0.00807377439340007
0.0130149317223949
-0.0189185932819823
0.00431721123376638
-0.0750823602939911
-0.00542224606867958
-0.0551401427635581
-0.0173095779756017
-0.0147626402489073
-0.054997445939043
0.0147747747747748
0.0342684659090908
0.0125321888412016
-0.0133943879281112
0.0182162058466437
0.00185655696202525
0.0080862363866876
-0.0248997660427808
0.0209083469034566
0.0621118012422361
-0.0276592381855539
0.0273082087126137
0.0234177053256692
-0.00355601422387153
-0.00325832443405694
0.0193026936271075
0.00931571429524825
-0.01951873321342
-0.0057099225751579
-0.013037404935589
-0.00990723384179903
0.0152477607250279
-0.00657068230821911
0.0152756062992125
0.00496354886050043
0.0143540667640982
0.00426048380613997
-0.0201515454545453
-0.00541206140133199
-0.00590797574626856
-0.0010947763699527
0.0184750903158775
-0.0124520363204288
0.00622666582274811
0.0215037132039559
0.00575503567704128
-0.00451743686086814
-0.00287404321775753
-0.00273058260711734
-0.00441133265626203
0.00580603540745761
-0.0288622503763557
0.00484902236821516
-0.0168119245582792
-0.00316657694743494
0.0287483803803745
0.00262474923381584
0.0292576831149465
-0.0047875376892601
-0.00496083906918998
-0.00589211343429186
0.00577503013183756
-0.00468414928981575
0.000910839490928961
-0.00910053086607032
-0.0303077290583887
-0.0162588481849676
-0.0075417522464698
0.0168148914087274
-0.012879583604382
-0.00322166548899272
0.00581772776635869
0.0273135756004637
0.00907097292885473
0.0003100434118124
0.136969257251793
0.0222132061411777
0.00253292887527179
0.018883059263952
-0.019316156904875
-0.00865053245475822
-0.0132903480545133
-0.00530610884353744
0.00177810146658319
0.028809394560606
-0.0054412211132373
0.00226846804727865
0.00785509242637339
0.0138705817914366
-0.00169377198697074
-0.000522069935184
-0.00287282572805359
0.00170242271212118
0.00993596574548228
-0.0125566472491909
-0.000393274782292563
-0.0127213245901638
-0.0138151037966938
0.00377153835591426
-0.0017444713531054
0.00820004043823142
-0.00640003999999994
0.0106011947370312
0.00265574299975424
-0.00940271462315678
0.0167112292762877
-0.0373439038523116
-0.0233574514869205
0.0153845874125873
0.0157024797714183
0.0273935998750638
0.0014519666987336
0.000263556072351845
0.011200408633554
-0.00156365654322799
0.0214043191828119
0.0116278555679057
0.00429460665137316
-0.0237705817187629
0.00553980911338026
-0.0028187186616766
0.00552486173648048
-0.0224891637493186
0.00261433986928106
-0.0172099094084709
0.0126028792492521
0.00746757480760984
-0.000780312073333955
-0.0022123634675878
-0.00508672244911246
0.000524396965448259
0.00406180555555569
0.00195748409072749
0.0240947906237925
-0.00508704076384492
0.020580249754049
-0.00713926638974272
-0.00731670268638962
-0.0015249967842168
-0.00916382843324415
-0.00539496481425716
0.0264755650264754
-0.0179919469806763
0.0220370779486068
0.0151686855397524
0.00963199519762936
-0.00330239717949121
0.0100625846131448
0.0013364111611327
-0.0105556299576712
-0.00416927023289027
0.00369416332587336
0.00269906753284088
-0.00611770441266224
0.00652467044719929
0.0207925263994
0.00491258093592828
-0.0133540355304387
-0.00712986102719038
-0.027994192892201
0.0122714123181642
0.00037119002331476
-0.000494633343837036
0.0314239878405547
-0.00575751448635542
-0.00144772591926323
0.0026579800407629
0.00578386566535394
-0.00359414156470406
0.0131057355562278
-0.00901972444766852
0.020359245508982
-0.00234738271176227
-0.00870585882352937
0.0135295510674212
0.000117119435196322
0.00175616430131531
-0.00105185836960864
-0.0104129985911665
-0.0091038541238152
0.0110965281254392
-0.0161670407403125
-0.0100756143669564
-0.00932990439028125
0.010151589771243
-0.00326911264168128
0.0205296647230322
-0.014879180695651
-0.00290001201304946
0.00424146888904997
0.0154458664614747
-0.0143790846255712
-0.00434048699444223
0.00169531359420416
-0.0395309956536388
-0.0117054755835925
-0.00866022702471581
0.0164440784400863
0.017694564546465
-0.00372573287602096
0.0107205309060019
0.00505668463106357
-0.0251564124470833
-0.0333585213152437
0.00859481692154151
-0.013815365286586
0.0162346955839758
0.0155887522962348
0.0100215778251536
-0.00791264727784546
-0.00924162575621279
-0.00651676446417671
0.0205787524115755
-0.0022684310590656
-0.00555759771523567
0.0335323243922649
-0.0261767840908154
-0.0461887442248549
0.003704670449731
0.020959609531247
-0.00748862520937221
0.014049615686889
-0.00218085960926973
0.0124710852721919
0.0237460698412697
0.00173652933255286
-0.000743003943957321
0.0100372370521897
-0.024536866040072
-0.000125795494257397
0
0.00201262893081755
0.00163189798484065
0.0110289132594448
0.00508248432087455
-0.00863350990050527
-0.0027369122693548
-0.0174650939388675
0.0052056372471907
0.0184413166209756
-0.0207118698020045
0.000633270018151944
-0.00468298937645895
0.00267038406244136
0.00215597976299264
0.00733992687952134
0.00942211078950028
-0.00149340389529318
0.00373919966075542
-0.00186268473690154
-0.00323456095675156
-0.00299558151539248
0.00788689313546165
0.0120482048926045
0.00269997535468924
0.0178703433734522
0.00817691158360212
-0.00489021969896075
-0.00515402133525122
-0.00590359036144583
-0.0149073199634633
0.00295273133554042
0.00846420541453141
-0.00887964978566658
0.0218458386654699
0.034950707784033
0.00174076828921343
-0.00301207136237258
0.0219614111541113
-0.00113699833326886
-0.0062606148266503
0.00274911788949184
-0.00182778156468155
-0.00835425755393426
-0.00126948641039848
0.00531544944169804
-0.00574712643678166
0.0152601156069363
-0.00922338874971529
0.00264332829230374
-0.00114625174567284
0.0133119579218723
0.00792748557437761
0.000337067415730363
0.00876108063305714
0.0102439040250286
0.00187368008794175
0.0067106709194571
-0.0143154296947781
-0.00676276075707627
-0.00479955373588814
-0.00841184349879576
0.00373254139882184
-0.00146492002400089
0.00835116794547841
-0.00369335206924115
0.00808808160260877
0.000445743268235876
0.00534643579133909
-0.00819859277202317
-0.00457993759762976
0.00190773199520011
-0.00985659733262323
0.00180990946131421
0.00191965903160929
0.000112645099313191
0.0105927656207521
0.00301067127564658
-0.0103390776099748
0.00213437436983943
-0.000112117476876117
0.00504489927281049
0.0174009700524045
0.00800354136611725
0.00946264934821284
0.00193944622216247
0.00548448232034593
0.00791441711229957
0.00615452050412801
-0.000316378401181039
-0.00569681394981736
-0.00148540053050406
0.00690682173088075
0.0103418739902517
-0.000104397328272388
0.00292488239032029
0.126549335974391
0.00388311745994385
0.00469694226014106
0.0165918605405393
0.00775473385473879
-0.0583393332437485
0.0160585521865937
0.006639848499018
0.00696767007587962
0.00572011260928229
0.0302724148193301
0.0135340043368177
-0.0149345951869525
0.00642112743479339
0.00425346928229442
0.00476485476458399
0.00570821096755392
0.00148450056281435
-0.00871915583365324
0.01477703377998
-0.00936120284230202
-0.0335112605345065
-0.0141227323386088
0.00991736437250013
0.000363647926068911
0.00463553911931114
-0.000180919209091801
0.0284137177013173
-0.00158381871387914
-0.00264389704200307
-0.00485990111972967
-0.0155389802289385
0.00892935846678022
-0.0316467098905175
0.0045236152141801
-0.0195753886513258
-0.00899886576677922
-0.00283771279949185
0.0127110987044412
-0.0094604906433029
0.0160756217494089
0.00362958595522356
0.00537835702441991
0.0208448814027833
-0.0153595681243225
9.17140734526534e-05
0.00412885593410151
0.00767541104394343
0.0117882028635128
0.00349524101998133
0.00223274089280401
0.0136339243126544
-0.000791173626373598
0.038184021179517
-0.00338984745762716
0.00552722798515703
-0.0127695729386892
0.00154188798255772
-0.000769722900611169
0.0172900450690741
-0.0137147415012998
-0.00221806857005569
-0.00393296001994659
-0.00334763090128753
-0.0182585736090037
0.0128081325170302
0.0143785538599883
0.00273246518032222
0.0154985949076045
-0.0233123605870021
0.00352018542525823
-0.000342239912959674
0.0187436072832456
-0.00714104853516795
-0.00304620071078032
-0.0075538957732133
0.0153938510219789
0.00421123547011115
0.0229807760719423
-0.00385341474253165
-0.0180247078189301
-0.00921967159868697
-0.0102360122683023
0.0164957264957266
-0.00546540822332464
0.0246026633801375
-0.00643615799263708
-0.00672706563484549
-0.00342806025799425
0.00192965849602045
0.00452186408510902
0.00208402802670915
0.00108141586458221
-0.0192787026517767
0.00406713279275883
-0.0362869451476794
-0.00245183018700068
0.0179951109198579
0.00551866857360817
0.0124345852634029
-0.000931738115055647
8.47986456498084e-05
0.0050864615554973
0.00809715769394681
0.00476906805812582
-0.0122407615035643
-0.00674425037740056
-0.0150228908504497
0.00939246852066011
0.0126344887539225
