0.0124028441805384
0.000163328974790433
0.0282541074636617
-0.031925000507068
0.0180475468737071
0.00547945214310164
-0.0019233691604964
0.0178256142604785
-0.00126225936790381
0.00189571882931627
0.010091454118305
0.00702472703792467
-0.00496047109097897
0.00342735617923795
0.00403654686933419
0.00293803936718828
0.00385445569142062
-0.00844728907314873
-0.00789955105017182
-0.00827483177479327
0.00157429156171274
0.00188624649302493
0.0047066048099591
0.00171769204063565
0.000935261077622318
0.0214919330554733
0.00274433619419656
-0.0010643150857983
-0.00487062427110907
-0.0249311268705015
-0.0147450823529411
0.0116223529434429
0.0147938619012613
0.00124061718793644
0.0049566141560291
-0.0195745385130028
0.000314415967388681
-0.0342605683756001
-0.00211555732928304
-0.0471298108284409
-0.00479202464487416
0.0182286666129436
0.00895124149554527
0.0378305645185617
0.00532261290322578
0.00433171813471134
0.00367418542090059
-0.0015916281524232
0.000797050852861414
-0.00270783693386167
-0.00383328535644001
-0.0102613277258511
0.000971990928235966
-0.0205535034705695
-0.00165237937871787
-0.00215155584745308
0.0262066341647598
-0.0156779863532889
-0.0119869289987873
-0.00149569557904916
-0.00765650773447046
-0.00402546132213122
0.0163354156898718
0.00215413428845501
0.00826719576719581
-0.0191866021646441
-0.0282561774242405
0.0225395908902202
-0.0358405014302541
-0.0186736303433443
0.0115596834430021
0.00105481714038658
0.0356515987996417
0.00797012026504795
-0.0354979312836126
-0.00313971731590035
-0.00209978995276328
0.00561106445048343
0.0120314389548888
-0.00603035826963538
0.0157739472313043
0.00136522188959809
-0.00647581799591002
0.00943394527330943
-0.00271875965059509
-0.000340790600456442
0.00119318224623077
-0.00323464408462226
-0.00426985489786258
-0.00617495722427031
-0.000345201938992123
0.00707879858697513
0.000857174666306415
-0.0102775263741431
0.00519216000678724
-0.0261708152145036
0.00954733009994113
-0.0176882317929328
-0.0103405598145837
0.00972799530635893
-0.0140945765226507
0.0175534208307426
-0.00960343233149563
0.0195726345766318
-0.00898201847449831
0.00746399502399142
0.00423356860528434
-0.00210783418232918
-0.00369658504318637
-0.00229676686561009
0.00123959622384273
0.000884311975870133
0.000530111327089466
-0.0128929709094484
-0.00626226527576079
0.0261073275817909
-0.00912442501756705
0.00478131742905386
-0.000352502631212337
0.00229190757595354
0.0272648030700018
-0.00119863009593735
0.0142293497606942
-0.00422582826233941
-0.00814802240706158
0.00462093102858119
-0.00817717192202427
-0.00120231877014232
0.00103176264723093
-0.00962028877547316
0.0140502510303468
0.00342115982588354
0.00733037845209705
-0.00440003384667464
0.00849906481390228
0.00269678062710987
-0.0183224065112655
-0.00308220879855448
-0.00206119886531786
0.011876127775426
0.0086749105515409
0.0148398147527793
0.002658690594882
0.00314880676168361
-0.00561704948979092
0.00016617378578121
-0.00498337201024301
0.00383971606545197
0.0264427070273956
0.000972099789823266
-0.0153770963965214
0.0019726943293541
0.00114846593685858
-0.0116355129465749
-0.00116065327208337
0.000995966102391499
0.000663366511830299
-0.0235333443818363
0.00492194517725553
-0.00152001353690279
0.00101490191161879
0.00996958431902684
0.00619037978919179
-0.00848017972198511
-0.0155961761597153
-0.00153321973537957
-0.0044361541642014
0.00685521874396633
-0.0108936000000001
0.00258125963549727
-0.00652243414083198
-0.00673806139015098
-0.0151331182768092
-0.0007064111746099
-0.018027588616911
-0.0023398307714213
0.000360833483673106
0.00739404855916947
-0.0107411920740924
-0.00380019919653274
-0.019436857755438
-0.00407562060022215
0.00130215778653864
0.00873113473040554
-0.00184158382765343
-0.0132841510464179
-0.00205686237845915
-0.0146149337570719
0.00285229131013498
-0.0113766207289866
-0.00728808989812213
-0.00463674670157443
-0.016304347826087
-0.00434098263614835
0.0265556881996767
0.00791505806785842
-0.00440526727456947
-0.00442477876106184
-0.00811590338164248
-0.032924273020679
0.00543918222077311
-0.00340609096373468
-0.0110575588637892
0.0168733689138723
-0.0217912834866054
0.00306564479869209
0.00672367535763341
0.00384533495243877
0.014919395762879
-0.0045689114024634
-0.00758333650801568
-0.0132716670018097
-0.0226207662522926
-0.0333610932727502
-0.0258844041008541
0.0276793622674933
0.0265028873087698
0.00860621344681389
-0.00686780451337776
-0.0303856028837887
0.0112384050140479
-0.00769397290673268
-0.0131380572905448
0.0224792230467046
-0.00704371428148187
-0.00322444110060194
-0.0071166272830846
-0.0112945479736196
0.0175746924428821
0.015975841968912
-0.00446245209387053
-0.0371397454488686
0.000221635995973468
-0.0104166004081693
-0.0219485768444087
-0.000228944365877948
0.00274848831882735
-0.0169026499977764
0.00975831761713963
0.0163368388480634
-0.0314693018550737
0.0329593275586566
0.0414121077486334
0.00391136462407649
0.00324668824141372
0.0252427626857719
-0.00778615319865328
-0.00424180257723006
-0.00979763557406532
-0.00473224328964306
0.0118867516749512
-0.0331055104656129
0.00463883366467854
0.0140720976253299
0.00368607987177105
0.0321883337181177
0.00837172474616432
-0.00352847654628474
-0.0233284533775653
0.0110898061652762
-0.00485129719468458
0.00105977108944466
0.0237136989201778
0.0266804768016744
0.00080582193404144
-0.0106682367149759
0.00162762963875362
-0.0184846638228722
-0.0109685223509934
0.00376647826393661
-0.0150094013965104
0.00931214814814818
0.0243237371424563
-0.00348000014247696
0.0273212407559573
0.00259950020393918
0.000398903079355639
-0.00279106858054212
0.000999600159935943
0.00339528659876165
0.000995202985859756
-0.00576657375687861
-0.00760002000000004
-0.0143087266083984
-0.00674704559394801
0.0121448327647249
-0.0134228193379222
-0.0253555772152373
-0.00296108297295006
-0.00360623681812122
-0.0317223965994807
-0.0107739226033421
0.00511222471161488
0.0194603489725707
-0.0238611290178364
-0.00911111111111107
0.0289302758466023
0.0211420440030068
0.0315902681575355
-0.00144845845443986
0
0.00476593471885334
0.000824850450614534
-0.0144240060668454
-0.0110809738205739
-0.00655384791868607
-0.0114918275594029
-0.0396124856918734
-0.0114324812501124
-0.00680269872121086
0.00958908697691996
-0.0217097010015898
0.0131762373174404
-0.0168834580477545
0.00116033882571354
-0.0115901718032029
0.00703564744455076
0.00535628796824139
-0.0203844577430836
0.019153392784266
0.00649658962861199
0.0281234894392925
0.0309417502664462
-0.0104393214441061
0.00747252747252758
0.00545375218150079
0.0169233890214797
0.000853445719083412
0.00319763376678761
-0.00318744149622952
-0.0243018546152205
-0.00742844658072983
0.0129870129870131
0.0130377879182964
0.0244530035275206
0.0121440959859336
-0.00579228382292107
0.0253848933544549
-0.0166396107272647
-0.00206351634468682
0.00558312643541936
0.01542257833801
-0.0111380921195202
0.0233462820665049
0.00880526298168371
0.00753820670501892
0.00925373086722336
0.0126804921061447
-0.0227316509343094
-0.0132071555292725
0.00978821394749874
0.0140454800008998
-0.000390089753807721
-0.00878222057836764
0.0129946837370609
0.0639455964247697
-0.00182687242137836
0.00640561871166923
0.00600105451896527
-0.0130152205350688
-0.00384613567201952
-0.00110308882336996
0.00220870597427925
0.00202020198309993
-0.00329912017413636
0.00680395353431495
-0.0116894794520549
-0.0110885786159937
-0.00541949188635737
-0.00657651246568003
0.0183469078560037
-0.00111443164933145
0.0139457049822556
0.0172382544881398
-0.00721112299961923
0.00453967677501366
-0.0018076464208242
0.00778705165180993
-0.0104223176847326
0.00181583439259114
0.00543779247554088
-0.00288444198874283
0.0144639303116265
0.00320798425934798
-0.022561751242463
-0.00708831334060345
0.010616840369452
-0.0097808550947448
-0.0345710457132266
0.00378933315250718
0.00622878444696107
-0.0129431999072744
0.0167236985314272
-0.0119625981308412
0.00094587588070616
-0.0207900018900018
0.0193012928141036
-0.00871052814409146
-0.0296083869955449
-0.0129921262400025
0.0101715797800475
0.000789674203764079
0.00946930379698774
0.0179793245252815
-0.00134382799001731
0.00346022683583236
-0.00344829495309773
0.00269127258746615
0.00153378067484655
0.00114848770488174
0.0225621610432536
0.000934910246821241
0.00541754166668307
-0.00427350427350426
-0.0160477701063633
-0.0208609709842594
0.00755372830614509
-0.0011534217608612
0.00307929182215716
0.00613967778472135
0.0175438981224998
-0.00393551341949927
-0.0105362554831135
0.0205361855866133
-0.0529158953946672
-0.0314775120410187
0.0101564086938859
0.0187009853207321
0.0296091590998815
0.000766890337423387
-0.0220306892331286
0.0121449365748274
0.0135475329416501
0.0204315451676826
0.00842065884020693
0.0211542033986676
0.00363439948454292
0.0148469853340576
0.00321143627495868
-0.000711381824648694
0.00266953199269504
-0.00283990060347894
-0.0122819152723389
0.00576678660058438
-0.00358358710654749
0.0102499368773614
-0.00249197223211117
-0.00374730542920576
0.00125380615246984
-0.00214674410923998
-0.0493008255521841
-0.00226285125896386
0.00226798336798328
0.0143315484505289
0.00966722421142929
0.000368274712423622
-0.0163814277054508
0.0110404193682712
-0.00111045717398572
0.0137112837926388
-0.00255892894459753
0.00604731537474801
-0.00418950804409812
-0.0309127137703572
-0.00113254058135137
0.0200302728658455
-0.00166730270470539
0.00371128231047102
-0.00665557404326134
0
-0.00483899125255893
-0.0147746584107975
-0.000379650721336389
0.00474743638435249
-0.0066149877149877
0.00437595121050305
0.000568270495012957
-0.0371071374479365
0.0241840144674792
-0.0168938567863314
0.00156223396919009
0.0056541429975796
-0.00949984453277064
0.00195731062830284
0.000586091044854298
0.0107379732382278
0.0198956731697895
-0.0166666859217175
-0.00943755814474412
0.00758312269103634
0.0167888653029717
0.0062630671145012
0.028102565069785
-0.0130251151357592
-0.00836433101048939
0.00637302741792034
-0.00558763281034891
-0.0129237312778373
-0.0176470774640023
-0.0189298628549354
-0.0116164597043421
0
-0.00637450186504973
-0.0038091819605216
0.00382374730979573
0.000601423404141377
0.00480869565217401
-0.000797627086834507
0.00399121923785239
-0.00397535273354499
0.00658547183026403
-0.011895301583967
0.005016051364366
0.011778798163306
0.0063141278610892
-0.0188235098039217
-0.00399682246209376
-0.00862760834670961
0.0198340214531472
0.0186545548452977
0.0401324161257581
0.0442030538341085
-0.00448430493273544
0.000180144144144245
0.00486400666056586
-0.0145212982165882
-0.00491176996704079
-0.00914076765739003
0.00571950173949265
-0.00293524134783496
0.0130635331394124
0.00326917901799528
-0.0146633231475987
-0.000551129891603885
0.0374999434742669
0.00584693490161126
-0.00739830896600324
0.0102928486350611
-0.00632355524328121
0.0298744564256674
-0.0113285276803478
-0.00190965284408517
-0.00695776632604728
-0.00560518479593619
-0.00880746873348603
-0.00159943131331086
-0.00800996796012821
0.0104073389556791
0.0177588347050464
-0.00680514732498438
-0.00404074153340628
0.00194037752584886
0.00651406701609281
-0.0152177545991868
-0.00177616344185016
-0.00800713508884099
0.0215246816143497
-0.00597014914890004
-0.00830245524991235
0.00463133246582337
-0.00372345731477097
0.00889838065311221
0.0155230378465874
-0.00173699843668573
-0.00609016867774204
-0.0141806375031625
0.0161605395815922
0.0211464344434387
0.00684583262022942
-0.00917900699714413
0.0140675928277991
0.0194552018363188
-0.00298698981038803
0.000998618475412272
-0.016627868583769
-0.00811631735063112
0.00204566996249578
0.00170129298573141
0.0112092389400604
0.00537453803536225
0.0447711318949027
-0.00207868560795199
0.00480690594456035
0.00877051520922523
0.0140689855854879
-0.000155931405894538
-0.00639225142488709
-0.0130236623254354
-0.0160572808884807
0.00452413967562015
-0.00562969295897353
-0.01957293756066
-0.00214487704760147
-0.000826719576719537
-0.00546089690551055
0.0129784197330589
-0.00936268052952238
0.000994826712073849
-0.000662531069447247
-0.0018233216700374
-0.00714048477016804
-0.0085298877984632
0.0040485999333435
0.0102486727150537
-0.0192915346866532
0.0220450903502614
-0.000663680106188891
0.00614308484144122
-0.0082508253548127
-0.0189683700155863
0.00271370425226758
-0.00219886674896597
-0.00711988448483181
-0.0023903022024927
0.0172856238233785
0.00185060568389317
0.00100759027720554
0.00419392712306776
-0.000668242554823784
-0.00183886659979937
-0.00251210856660711
0.00218263931862595
-0.00552853083478866
0.00438002014184602
0.00184503525402602
-0.0219320609409007
-0.00941456725144019
0.00915851061272699
0.00017119862427406
-0.00342408834103736
0.0164919947859816
-0.00287304386929332
0.0145762881355931
0.0227196788720403
0
-0.00637045072900277
-0.00904164034056754
0.00149303253969868
-0.0200430515163667
0.00185936443542944
-0.0185591699004556
0.0132370814246892
-0.00542925017694695
0.00392355857938509
0.00135942230618258
-0.013066349906669
-0.0123796595598349
0.015668541359132
0.00445659924580033
-0.0104094884098802
0.0079323846203696
0.0162532247005436
0.00101005047104219
-0.00369991597208075
0.00894662360072185
-0.00870001673080145
-0.00556965400843878
0.000509215903232052
0.00288376585438899
0.00219893440796581
0.00151898734177225
-0.00455005055611735
-0.00711017436939221
-0.0175618578836536
0.0352308753077208
0.0177702760177612
0.00395325323592899
-0.00180477437563942
-0.0139710387902696
0.00450068329719344
0.00696983096481341
0.011535942649967
-0.0187357605289059
-0.0263988211854557
0.00153480561962471
0.00595950962029623
-0.00152335810686
-0.00593325967339331
0.00716238074969944
-0.0115137146712883
0.0212401161144207
0.0105669408011899
-0.0154356846473029
-0.00236008091705997
0.00490032105441029
0.00454012099310352
0.00133910273387672
0.00401205282514216
-0.0041625040931984
0.00618623965580611
0.0029910435360585
-0.00878063272397889
0.0128697304740186
-0.00495047871123688
-0.0043117413650372
-0.000166588937931533
0.00666335176850508
-0.0104253020023167
0.00183948163611158
-0.00634286429644471
0.00134389385761624
0.00587146442087816
0.0171781690656798
-0.00508283308467505
0.00774558338826625
-0.00392480772118375
-0.00788047939582981
-0.00661924540791003
-0.0148259206201219
-0.00422725742690666
0.0125658348202722
-0.00368943478635864
-0.0015148964820737
-0.0173634356035065
-0.0049751414483592
0
0.0141379310344827
-0.00663039782386943
-0.00701694335101821
0.00930715270596338
-0.00273222331399892
-0.000856232847389338
0.00479868054151433
0.00699300687373339
-0.0038956638906561
-0.00255060359546677
0.0213092396863279
0.00500749457519634
0.00315567186772414
0.00844367521709688
0.00574615005746204
0.000652970964837296
0.00962479624184009
0.00743252556846863
0.0102646996075284
0.00349257013835325
0.0107577916588797
-0.00704335587796778
0
0.00267972891992008
-0.00801765433080248
0.00380351834559489
-0.00757813388064421
-0.000318183259335192
0.00572885105028642
0.00205697781555414
0.00931621634876945
0.000938704660159662
-0.00437635198499531
0.00188381472709875
-0.00626765904105298
0.000157710506392572
0.00772501970676331
0.000782274742874733
