0.0735538890565468
-0.0130827208769572
0.0165456113306131
-0.0318280410746964
-0.01361873144103
-0.0144641736603283
-0.0149329710815664
0.00546982684783925
-0.00300503608634362
0.0776386350541518
0.00737811176588021
0.00919106297341488
-0.00037948011262523
0.0100123419850922
0.00949019940361184
-0.00390932200654626
0.0186889689234639
0.0182085080869996
0.000855864864864886
-0.000990148062557705
0.000540591068430185
0.00981587662327654
0.0037454719089407
0.00253205987058736
-0.013780512657141
0.00498713198135459
0.00366598276851704
0.00904231180400883
-0.000308974530124018
0.00313517167735489
-0.013161971326865
0.00548671174238091
0.0109134064874956
0.0112783914354324
0.00538097113885638
-0.0115245082901915
0.00371165459394041
-0.000565583396129887
0.0109694164622716
-0.0254897653390742
-0.0197499269230775
-0.00829350487562652
0.0211344146689498
0.0157119287462673
0.0258545533635568
-0.0021358393301365
-0.00693497413694422
0.00508667997390599
-0.00171559870105331
-0.0119436288869142
-0.00130447432480174
-0.0128439441392703
-0.00035285141539021
-0.0102801105743686
-0.0217992771371481
0.00328123329977048
0.0119464232190714
-0.0264386391347458
-4.60786575963157e-05
0.00170598944794365
0.00750289988492536
-0.00306102880434433
0.00930295556976901
0.00980743257792782
0.00458634904459565
0.0256467462684338
0.00632778545916102
-0.00516045953615463
-0.0327361922717198
-0.0216313119864256
0.0222017128824952
-0.0228009960598503
0.00525684310035568
0.0256881009174312
-0.00661901145029498
0.0165676574952203
-0.0282108499351968
-0.00970692279063234
0.0115968889333149
0.0056864705677131
0.0301714289084904
-0.000175674010369886
-0.0110672113886765
0.0165645755215917
0.00218426451995524
0.0260232810073968
-0.010281238629424
-0.00339117864123351
-0.0162811691112648
-0.00871318800609999
-0.0098056583870757
-0.00240875197101109
-0.0112681273979079
0.0122558206461609
0.0467765755548712
0.00520700377455818
-0.018130111784475
-0.0155675935135136
-0.00276736225172047
0.0196898992213919
-0.00431984093654492
0.0245129674928855
-0.00796139581587774
0.00960471291737197
-0.00257917641070526
0.0129292203373266
-0.00125550535160712
-0.0306306230202544
-0.0107201307291456
-0.00436948350795474
0.00820677166590555
0.019544704993596
-0.00584918023290415
0.00317796856745622
0.00860486336923438
-0.00191006786307135
-0.003657244405458
0.0204874435247433
0.0040570580795023
-0.00170792303347433
0.000500771971644554
0.00717354536141235
-0.0012422998624726
0.00153404368726706
-0.0224374856966177
0.0157956975344953
0.0163005131175327
0.00410205925056228
0.00878337286045983
-0.00348271179840021
-0.00495794272074779
0.00624871947113625
-0.00641286617394132
0.0454656448676596
0.0115266365048508
0.000965698374426394
-0.00752522657497712
0.00427718341216354
0.0144029774446452
0.0226335610687023
-0.0168326806174329
-0.0156405162731504
0.00146550334587769
0.00666208813399027
-0.00386370064092889
0.00725812228705358
0.0052994164943585
0.0235892034478322
-0.00622450180565759
-0.000820225930876939
-0.00458959328358211
0.0121453729189906
-0.00303695407440652
-0.00416061143310964
0.00775911868424739
-0.00444191014862649
-0.0104480270482383
-0.0115729196152634
-3.80521556911928e-05
-0.00608240286253114
-0.0139224089995452
0.00992978169915659
0.0021507777806733
-0.000804782913553348
-0.0186406872559042
-0.000625357615002931
0.00555337511404042
0.0164515054537084
0.00550986404033216
-0.0104646291937225
-0.00299953458315705
-0.0121500612454656
0.00187423774203888
0.00888576731572988
-0.0329895050216229
0.0146606398381286
0.00645668897637797
-0.00117353700975398
0.000665775055467499
0.00778836459998367
-0.00446599611650478
0.00128725177404521
0.00818141677290729
0.0044825836791198
0.00434717623799963
-0.00486466834928301
0.0089299734686672
0.00526478340578329
0.0255787096774194
-0.0051805582142006
0.0026409463270487
-0.00059348175522822
0.0247595776703156
0.0021010541338915
0.009253892644562
7.15938364643787e-05
0.0120334717712431
-0.0129874130116653
0.0142698753824548
-0.0100746079708752
0.00146408722619351
-0.00160460681313868
0.00139291071428582
-0.00107000600574181
-0.00235639619202954
0.00329246331119504
0.00670592102644707
0.00768870394863863
0.000386835451199108
0.0102281216748752
-0.00636704793413256
-0.0197135931890274
-0.0308972470284156
-0.0581622465678541
-0.0172973741529268
0.0385886143977197
0.0204755645924339
0.009919530514793
0.00368327257862688
-0.0255773224648795
0.0269335303939882
0.0166326719778029
-0.0166156426423579
0.034830272068507
0.00615869738670405
0.0147331494661922
0.0157115093088567
0.000276282720051757
0.00120806346393931
0.00179285992592426
-0.00172075571447405
-0.0157203326436985
0.022801228580392
-0.0122251117542505
0.00152540468606399
-0.0319152671302954
-0.00132307713662527
-0.0315431377676966
-0.00558238402833311
0.0164323846354515
0.011192381372181
0.0112855244938499
0.013806478215481
-0.041948962447439
-0.0226108792904824
0.00727173795604164
0.00950104375702909
0.00993031328867811
-0.00315521722303502
0.0110415895012916
0.0196577858176432
0.0221348870660145
0.0154034341070248
0.00911559314106958
-0.00368143596680381
0.00800600796498574
0.000746728001268071
0.0215710761303904
-0.0169655238924759
-0.00506602728989192
-0.00570281415802043
0.0128708099706967
0.0232573620156449
-0.0140654495778736
-0.0110922054798852
-0.000641920356833636
-0.0183569750516689
0.00699107702226587
0.0175787110310268
-0.00208373993831534
-0.00734212213576857
-0.0124515950482322
0.014841817762419
0.0124580785169734
-0.0199953551343582
-0.023815248201102
0.0436546141512677
-0.00291357998164277
-0.015181606935822
0.00654825571752093
0.00887742674622327
-0.00419815281276237
0.0139291905564924
-0.00322656083513673
-0.0148168021782447
0.0202561174031024
-0.0120186748199731
0.00174749318743661
0.000469587377331271
-0.00868426799504651
-0.0193133506371727
0.0124508035286555
-0.012025205737702
0.0188607723862784
-0.0070391081606519
-0.0138372855207759
0.0220839255831913
0.00402381497341642
0.00141451860674779
-0.000538099871435715
0.0125172515056546
0.0135256619783235
-0.00750871833367461
-0.000958102342607292
-0.0208994944622914
0.0247568809843266
0.0188523810177332
-0.0188917151539527
0.021431632454467
0.00997448565231163
0.00652009705765644
-0.0296584072603857
0.0177040487929596
-0.0250811545413406
-0.026650011368119
-0.00254142536044655
-0.0155591324683619
0.0250879599181724
0.00969535470912075
0.0123696265348161
-0.0134040567742695
0.00216975660049989
0.0344747384102499
0.00280128467138163
0.00369250575589186
-0.00975714846613318
-0.00352134447343766
-0.0648727807473712
-0.0679517607270022
-0.014097634490368
0.0312771491240362
0.00625591580092077
0.0357390199195355
0.0225357444795047
-0.00223135608230784
-0.00116977810775387
0.0312080088953739
0.00153653341244175
-0.0259146494243087
0.010100705403689
0.0423035814954209
-0.00234154289055055
-0.0100400531683039
0.0155092099475833
-0.014234708448146
0.0216439781045366
-0.00280110438586034
-0.038712352968125
0.00342588574317415
0.00840170711297072
0.0180906221174193
0.0368100463998253
-0.0125157578616352
-0.00493595329690932
0.0137293467733564
0.000694535272934171
-0.00384882629081607
0.00516216413851778
0.00519863235143037
0.00100293377311189
0.00435250208318982
0.00941539828526894
0.0172035926405767
-0.00373477565719038
0.00792419042047743
-0.00232829071075757
0.00960775589738883
-0.0134189012676998
-0.00374273047668883
-0.00488685739730788
0.000552444679736253
-0.00613515770837014
-0.00574087180903338
-0.00180056806567896
-0.00248791177065755
0.0104442899454404
0.00459731555821064
-0.00224211741444291
0.000769562308512661
-0.0160560125521829
0.00662726218572351
0.0149374145232315
0.0100666358531716
0.0051801583644917
-0.0107890329831739
0.00642827219194109
0.00989855892419755
-0.00218805830268065
0.0058276665342456
-0.0117670822595708
0.0183443915646715
0.0121083158504713
0.000205184137207715
-0.00126056702796307
0.016232235862468
-0.0053146819786607
0.0122833320597515
-0.0180149136314129
-0.000788791173400472
0.00292354929128069
0.00568433775896238
-0.000985495652173873
0.0292172195297717
0.00845713615135879
0.0149833249522919
0.00955686479447926
-0.0124399771521169
0.0108839834254144
0.00434496636418547
-0.00772725221812431
0.01261347164653
0.00449512025655707
0.00536457726277151
0.000723947548002757
-0.0077972269504436
-0.0026464516115513
-2.71011583728997e-05
0.00755465060547866
0.0144046893672987
-0.00762995832318558
-0.00178862465495255
0.0149768819771936
0.000368854565917731
0.0152245465332472
-0.024595857022471
-0.0127410768642295
0.0158152681774406
0.0238442299653721
0.00442987940709982
-0.00219226259480854
-0.00191271192730669
0.00336662078391425
-0.012285796447007
0.0176910711922167
-0.00179743735635063
-0.00398710739549835
-0.00126555006408424
-0.00749914165005372
-0.0100049426018339
0.00113164986411651
-0.00102519454824168
-0.00147364012858509
-0.0181578963818824
0.0115417302530691
-0.0014063525476179
0.00294957892898395
-0.00980291431855174
0.0172045356987354
-0.0192019826666339
0.016359605443715
-0.0145394358008829
-0.00835429517267894
0.00286222933371749
-0.0158858214736536
-0.00328320656634751
0.00804288524983421
0.00163378804026992
-0.000217456441364061
0.00350784228416035
0.00620522963405845
-0.0114453455115113
-0.000217900737803034
-0.008256128065395
0.00642909303945616
0.00180176081352834
0.00318830966240213
-0.00915419639997572
-0.00216568803306905
0.00203305120511144
0.00992540850535906
-0.000732988551153779
0.0015757518650521
-0.00512677073310885
0.0128148676841839
0.0175254675004826
0.000608543004448681
-0.0136700498042291
-0.0274776828337605
0.00887590553193651
-0.0248360546448086
-0.00453894534152655
0.018294913550468
-0.0098952926032847
0.0237849870580522
-0.0319581180935856
0.00535194486487867
0.00972234165787067
-0.00166492588843825
0.00728221415109864
-0.000386269322068422
0.000331239984231013
-0.00670564867396584
0.00083341572440343
-0.011269945870923
-0.00861901508397744
-0.0115824537208663
0.0118041286187553
-0.00583320978337609
0.0151813411396662
-0.0101566266426234
0.0201247342446056
0.00555709928686476
-0.000497355631346008
-0.00157582383728905
0.0132632094132057
0.00702303105961088
-0.00143822144749894
0.00524483108404494
0.00594734118085638
0.00298303201941774
-0.0142275252820655
-0.0444402321824334
0.00969963311923783
0.00650758653827754
-0.0267857367520872
-0.00442891501498444
-0.0215501681828228
0.00534379867170798
0.0282509876387902
0.017450119204456
-0.023354405614035
-0.0492340566913989
-0.0173821046208744
0.0158437907710369
0.0185947419044914
-0.00107030089873694
-0.0144056070049953
0.00634165278998355
0.00810230488843788
0.0238732778241753
-0.016717060560686
0.00458300772078624
0.00432658628659666
0.00633005283934418
-0.0134832254805078
-0.0275711321416009
0.00382484351368184
0.00423368219921305
-0.00779931673509748
0.0288628191709255
0.0220058731563422
-0.0012411014580902
0.0323382424423844
0.0116735176874936
-0.0188162890997418
-0.0134803521078468
0.000543157717293186
0.0128285428571429
0.000705238531559127
-0.0133055227294785
0.00291417642436409
0.0158670688730527
0.000308505102570411
-0.00801753754200074
0.00912793516339527
0.000896155040983171
0.00366524995198514
0.0200434962643747
0.0104943728185141
0.00200132521974306
0.00728767867655478
-0.00846754463695421
0.00418881713425634
0.00691643008211851
0.00213822801771846
0.00314706750829497
0.00159520908203015
0.0117324950785511
0.00556210162238657
0.00542702809950502
0.011184631978441
-0.0134219856960223
-0.000572281049881607
-0.00325342919049698
0.00890433486562303
-0.00359754643990928
-0.00955899759689083
0.00466823775509795
0.00454218455426636
-0.00818562949612955
-0.00269866105514549
0.00874838658252997
0.00476596347431824
0.00168487304359388
0.00062101175455509
-0.0104734722362954
-0.00491324724623998
-0.0199075974391323
0.00294765534228403
-0.00785508979335015
0.00533207039728634
-0.00661631027988263
0.0237023293994501
-0.00632184412910219
-0.00310142888085641
0.00510538719988918
-0.0139156568669979
0.00794138092625984
0.00495085307061216
-0.0061183898117354
-0.0314731833352835
0.0346146912536192
0.0083774205904783
0.00305940233084279
0.00278712132017822
0.00629292036429652
-0.0146177133113182
-0.00669010739357589
0.0211106157047725
-0.00041714158323114
0.0105891785755283
0.00149685652696485
0.00010310011915271
-0.0105387823498547
0.00223954427083339
0.0237489356031648
0.00796958121827407
0.00813310136980272
0.00524516328952185
-0.00618677166947412
0.000150002495999724
0.00534942493714419
-0.00109404497403742
-0.00201622198477169
-0.00271867163602313
-0.000200045020008366
-0.00162603808219841
0.00977180513286346
-0.000148874714054892
0.00250646226559725
0.00289636109037339
-0.00812087221236546
0.00544993784043335
0.0062371333966218
0.00191858079700657
0.00886263009160682
0.0164501142918669
0.0059372298988587
0.00637819992538291
0.000756770589205757
0.00259938092111067
0.00464316254511932
0.00091499120234606
-0.00171107016298033
-0.00201924348318439
0.00875191413956711
0.00536422338084863
-0.0029229799789805
-0.00504870293873438
-0.00156677106093539
-0.00283390167263764
0.00230171922440525
0.0186061845293666
0.00255363950003562
0.0106472932012538
0.0103081263132776
-0.0084275344215845
-0.00296903358195677
0.00250052508467169
-0.0092515292339963
0.0169134967120463
-0.000247605325591316
-0.00427724058102064
-0.00366258055961921
-0.000680721138756391
-0.00267949762666619
-0.0323307331139469
0.0130114558948857
0.00362334967108713
0.00430452435587325
-0.0153931056745736
0.0115615100439093
0.00397945721165271
0.00587636076012177
0.0087058560037081
-0.0141270568780951
0.0101826500995725
-0.011037871126773
-0.00666432385561144
-0.0220076394742401
0.0187049112673399
-0.0149128388953972
0.00312228443745188
-0.013322944192601
0.0116387330771481
0.00895348005537855
0.00924866664402035
0.0140821637742681
-0.00199033430910989
0.00334683209579212
-0.00507196924637054
0.00642965906419057
0.00506525738127528
0.00161178433598175
0.000521318657083603
0.000362459222714495
-0.010507280201441
0.00704874144873369
0.00643120157740018
0.0113577326456717
0.00631841267673683
0.00521371096365719
0.00527503767232163
-0.0134147495698625
-0.00841195951170415
-0.00302970519185375
-0.00607795946501244
0.0142232668544002
-0.0186016101409152
-0.00248019471356564
0.0253198627254319
-0.00258070930567322
0.0144090785522226
-0.00712421323222168
-0.00343259448829836
0.000644464444444548
0.0133247460082997
0.0120756073797794
0.00374623439791
0.00573857788220522
-0.00703575363248565
0.00719359264484587
-0.00122249702347499
0.00588397561257614
-0.00523048820280958
-0.00530088644456173
6.47241594149417e-05
0.00280466437446347
-0.00606687956097374
0.0268831450216449
-0.0127313516177489
-0.0203040477784698
-0.00862987565791917
0.000879281608412441
-0.0113329468332914
0.0064201156026229
-0.00838782210071876
-0.00594333331723207
-0.0109949233558804
-0.0100756531261545
-0.00638132260797308
0.0172873711506474
-0.000475170283362081
0.0103685298144331
-0.00407792303144761
-0.00476967680780582
0.00137900357330012
0.0055308756675827
0.00765563715252293
0.00554780222382956
0.0012629796843906
0.0156674982075009
0.0124845000490565
-0.00404563148580261
