-0.0057332076906037
0.0195751132147159
0.0047626133423837
0
0.00829503752643923
-0.00484798002056697
0.00147620317319763
-0.00560137120291104
0.00429885864658863
0.00324724723247227
0.0233926287569128
0.0107820589644065
-0.0056890059931447
0.00214552984434091
-0.00813588376065888
-0.00287806886970976
0.0168855243630317
-0.00709622490911477
-0.00929103786865415
0.00966678717838088
-0.0102886677498427
0.00635280085611312
0.00688670043988693
-0.0135365773724709
0.00476664720063646
0.0107820589644065
-0.0035556820809467
-0.000285426785196163
0.0142775554786185
-0.00281538565856732
-0.0028232215032874
0.0063702860471444
-0.0016879308869282
0.00450894737904828
-0.0140272125960553
0.0182102572455503
0.00922178286991771
0.00332269126445972
-0.00262180208883944
-0.0166020616574719
-0.0102701741623473
0.00042642502989132
0.0268542210935303
0.0096859558469331
0.00534466211669637
0.0162214010874946
-0.0111334938511003
-0.00678241987544193
0.00505319577911512
0.0020383477123711
-0.0115269734615397
-0.0144053095679149
0.0218542328426634
0.0088542972971366
0.00567114517070344
0.0147690514996355
0.0112463347116611
0.00745780452701816
0.0115584285714285
-0.0102709334994343
0.0128422110697735
0.00576328110237512
0.0109512289691993
-0.0177603730666379
-0.00320595012031477
0.0203267070503008
0.00617835093124075
0.00375933569827058
0.00174781527460222
-0.00760220607183959
-0.00364185622159452
-0.0218048284247456
-0.00657135669924802
0.0115434503642919
0.0121811004534198
0.0168481754028837
-0.0267845282216718
-0.00320020469021232
-0.00218320268974437
0.0034749550891231
0.0242400920323189
-0.0138993361645462
0.00330161269841267
0.0124034422882309
-0.0301287168428234
0.0137922141327091
0.0165288616267294
-0.0246403261278422
-0.00359074107755553
-0.0110682243655684
0.00247270965500834
0.00714011433389716
-0.00412477432006242
-0.005436267009157
0.00637696545429267
-0.0297426993471432
0.0103958284738881
0.00184670892617622
-0.00250158008564494
0.0180833548552441
-0.00142616367533377
0.0244093102210845
-0.00354878318000551
0.0227677554273307
-0.00845667163503694
0.0250846597861034
-0.00330360932447293
-0.00773382037483206
-0.0249907701350793
-0.00393348569809626
-0.000636980891719818
0.00573620162152455
-0.0131812544187262
-0.00385310809333284
0.00966993320448517
0.00983276745837736
-0.017450745638575
0.00437585602480794
-0.0278062272192949
-0.00329510992638293
-0.0039672439579248
0.0103557886351568
-0.0103810778023937
0.00610807345925046
-0.00593898664137482
-0.000663874137015297
0.00664275302149941
0.00633500091071659
0.00314751475409847
0.000784481652097879
0.0018288568845648
-0.00208636061842848
-0.0145041292892215
-0.0206841294267869
0.0123205522296161
0.00575096987097634
-0.0288563575341632
-0.00780501174592663
0.0237372484644944
0.00889722297115125
-0.0196418102427478
0.00599693310629945
-0.00555474882955553
0.0209809258588305
0.00320253527615333
-0.00505449587656293
-0.00240641701578548
0.00294817731379626
-0.00400848498174688
0.00107327607897401
-0.00897890609840901
0.0152806632297766
-0.0025306738803762
-0.00761114978783761
0.00941868945102264
-0.0163955751691113
-0.0254776660051814
-0.000278194950455002
-0.00556407018450511
-0.00489577576991951
-0.00562272990754475
0.00212045524796323
0.00987441119867971
-0.000558639506000214
-0.000419371051598727
0.0157998468596132
0.0140398619672442
0.0149314378968763
-0.00936200385296271
-0.0149858377210746
-0.0157620753256864
-0.00640579324344215
-0.00981073608439342
0.00778478392682835
-0.0151684556953001
0.000712991983186528
0.0209491384052769
0.0132607064944263
0.0048216836931636
0.0156292839147438
0
0.00148488116941481
0.00660463656544996
-0.00334761649705406
0.00510544135429236
-0.000668306394019602
0.0041465755980048
-0.00452906620487536
0.00735977489523187
-0.00677473441517984
0.00775713552589807
-0.0108825351262782
0.00067091105153505
0.00630197086881301
-0.00213196527120729
-0.00587531053378709
-0.00214903971050517
0.00699955570063859
0.00949069668468661
-0.0125794099276779
-0.000938715301059267
0.00362412080536911
0.00575096987097634
0.00106385642541995
0.0144793306918083
0.006285124802208
-0.000650553042304547
0.0044270310770691
0.00505574287082888
0.00232168195952109
-0.0159567367900751
-0.00666930813823319
-0.020668773310542
-0.0520231489719472
-0.0222631886952577
0.0339376954577679
0.0256698271052065
-0.00246172035851788
-0.023169755328496
-0.0248420631578948
0.00978700303164937
0.00399084925935878
-0.0181714645607194
0.0154713553804884
-0.0126727461481099
0.0025959188114173
0.0198504755401527
-0.00451339902642045
0.0175686875157641
0.00751881091617945
0.00345494743705155
-0.00688610374760912
0.0142837052519249
-0.00847692108937548
0.0046884171823669
-0.00809777644664034
0.00830228344965889
-0.0211335383093095
0.0311229628172449
0.0213460222428541
0.00199672515987537
0.0107613263223592
0.00446892732731552
-0.00981418502523379
0.0138760807156357
0.00821163962185034
0.00180995479793022
0.00825911751862485
-0.0119032386498109
-0.0104922024802668
0.0240869750502286
0.00651917397983492
0.0176530230544329
-0.00786218674137729
-0.000628968553459175
0.00339841422523901
-0.0031359758763676
0.0184975585944691
-0.0160613166280871
-0.00916618544909831
-0.00975801496601114
-0.0104939724916046
0.0360838204862908
-0.00811386832962346
-0.00402718353922948
0.000252779886944277
-0.0285497964350785
-0.009102795602008
0.017979042702587
0.0105710841820292
-0.00880216875624662
-0.00527665400038546
0.0129382842160914
0.00459830112915682
0.00101717734222051
0.00508057900112124
0.00644511587685259
0.00188350077704036
-0.00839701706483253
0.0093528560659939
0.00989232394324668
-0.0102914070603496
0.0164118892508145
-0.014791039620031
-0.0287752158138371
0.0261497755822404
-0.00690438077306654
-0.00581467569441685
-0.0137317479025622
-0.00464098233853294
0.00440362653028936
0.0082527269534729
0.0144519500076237
0.0190368381240544
-0.00309291097134945
-0.00843881835594884
0.00225281596363414
-0.000624413071318219
0.00912161700764225
0.00136207277458955
0.00395695546097619
0.00960708191631765
-0.000975991204391846
-0.00366348765006097
-0.0207132501881726
0.0200250057565705
-0.00944781595092026
-0.00309674211209932
-0.0206262790522014
0.0121796371479321
0.00200555279525649
-0.0096322739646667
-0.00757860319764081
0.000127300496372662
0.0076355050232757
-0.0351098509724679
0.000523560195718309
0.0167451460820212
0.00617596492310901
0.0196931081723699
-0.0184349264719068
-0.0316851423924291
0.017152592464011
-0.00466977582927885
-0.0147270292691113
0.00105822754122298
0.0077959434460888
-0.0351383388673793
-0.018480677726902
-0.0123218463662531
0.00602748842318412
-0.0146300131515961
0.00805995463716136
0.0124842051832768
0.00360213355500139
0.00731638577260108
0.00205566668417623
0.0147701580373294
-0.00525605142544683
-0.00785794629069081
0.0173425774678722
0.000671181208053762
-0.000804896010534129
-0.0788024588213844
0.0204021267676133
0.0135676098358015
0.00704523027976278
0.00265850003276213
-0.00962884400620467
0.0100042129068028
-0.00864958147321448
0.025893668052172
-0.00425248273655743
0.0013776829523453
0.00921720981655749
0.0148581786415187
-0.0025519812982665
-0.0166981546809007
-0.00383455233502683
-0.00274947766701883
-0.000689316229813719
0.0166919441769056
0.0204884947281612
-0.00478661088667209
0.00240482304354916
0.00186590699541389
-0.00665158990692005
-0.00870498215360882
0.00770060825590146
-0.00925048983780608
0.000135345057230118
-0.0220539157324359
0.00110683454768723
-0.0248756630061407
-0.0168650089814344
0.0219114305069297
0.00507830448692759
0.00701754385964914
-0.0224390383275261
-0.00456228977134732
0.0120309939845318
0.0084913383248606
-0.0102442180678018
-0.025237473773394
0.00276366545454554
-0.0126196979222601
0.0158660496547673
0.0011569197062351
0.017477956775475
0.00411699306879609
0.00636217985173859
0.0098341809497049
0.00653868975537097
-0.034415992658355
0.000286229597964205
-0.00973096779039651
0.00794802057578137
-0.0227956415770609
-0.00674892859454645
-0.0129984791579829
0.00972764142472315
0.00103749813194765
0.00651468749608086
0.0126506761113265
-0.00145261484326642
-0.000290907776866689
0.00713035496026837
-0.0410344753797786
0.00195867099780012
-0.0230075037593985
-0.0207788514579212
0.00848797561282577
0.00187024614275288
0.00280024895457753
-0.00062055539281014
-0.00279416339007033
0.00482573178162315
0.0153369164057204
0.0108330636125562
-0.00664153962264158
0.000455827395709818
0.00243019455833493
0.00560610606060608
-0.00421887882090344
-0.00892716047372732
0.0071755877862596
0.0275882972928863
0.00324533112191561
0.0127921625410334
0.00174220390863256
0.0113043333333334
-0.0080251935801835
0.00115576421329444
0.0173159732763648
0.00382974468085107
0.00353257044789768
-0.00154876097784129
-0.00648719467002157
-0.012491086408421
0.00359350294667249
0.0127470495560011
-0.0087682507250495
-0.0019974177199269
0.00528953560927237
-0.00227525597269618
-0.00484612287080266
-0.0552850329418504
0.01349301112027
0.0170531044742888
0.00544202104550728
-0.0159450553548118
-0.018730415581853
0.0053022116254442
0.0131103373551789
0.015915513197285
0.00497797928354404
-0.0201048516915043
-0.0136783522545837
0.000301552625960433
0.00271247735514657
-0.00826574980063499
0.00409158975879942
-0.00935712317062709
-0.00396102992018632
-0.000611823215593055
-0.00443821575991521
-0.00368954633253449
0.0123438207790101
-0.0161560430398408
0.00712624289111186
-0.00507617274031147
0.00293758503401342
-0.00709108954411486
0.00279447273439071
0.00634779416923936
0.0110769384615383
-0.0199330033485544
-0.0249961946905018
0.0160828346510005
-0.0169252622327964
0.0140283915192092
0.0117905987770697
0.000932209432377151
0.0110214067377028
0.0012283433699527
0.0122681032398115
-0.0249962270869194
0.00124302359784001
0.00077585348305842
0.00139562727230969
0.0144007428181872
-0.0164860626931441
-0.00155204097470141
-0.01927564062566
-0.00919324774132191
-0.017597153018626
-0.000814183357759291
-0.00912649919937247
0.000657911195031557
-0.00558842866535181
0.0107438347107438
0
0.00408830730700549
-0.000977231238526666
-0.00423863710466255
0.00261951530387949
-0.00342918016233895
0
-0.00524332304183706
-0.00560039541427115
0.0129203745721447
-0.0212592634093455
0.0055138180622829
0.0260884014622798
-0.0150607287449392
0.000822081552120935
0.0070642353715169
0.00473084836428805
0.000324744276668287
0.0155818695734156
-0.0206169250439509
-0.0212140832443551
0.0011670390130043
0.0158201667913433
-0.027868868852459
0.0106239630796621
-0.0156849324211581
-0.00016955415597375
-0.00288231603933531
0.0212548882629673
-0.0141525472169073
0.00371560553480155
0.00925458522631661
0.00850286762254093
-0.00793526176441517
-0.00516575587954526
0.0134003180334954
0.00975206611570245
0.0114585202160746
0.0135944325360993
0.00431104894920886
-0.000476995215357823
0.00238589156013824
0.00206286893049823
-0.00570072824384082
0.00334446562598401
0.0166667142857144
0.00140508970780218
0.00420961964779565
-0.0147493392486049
-0.0077213679124073
-0.000317611556017061
0.00381251781076219
-0.00427284387201843
0.0120788624309873
0.0106784076633166
-0.0113424485496822
0.0102152756527538
0.0135345832846077
0.00353023780413708
-0.0139185690081939
-0.00915154321154732
-0.00892298044892015
0.012636234202555
-0.0112307282603223
0.0014197980978039
0.00189032766225594
-0.0094339311142746
0.00571430158730157
-0.00536617731429634
-0.0115836083782928
-0.00947182518105905
-0.00291735813748195
-0.00812743823146944
-0.00524416584726328
0.00115319602713027
-0.0143162415665625
0.0143571948461705
-0.00625406538031825
0.00298111952664581
0.0016512384139491
0.0125288163534454
-0.000162780858442901
0.0084676762742224
0.00339090909090922
-0.00225296109193696
-0.00548387096774194
0.00356796951021732
-0.00484807684473054
0.0136407270659069
-0.00785001627202875
0.0134021960277733
0.000318690258721777
0.00764573124634826
-0.00300344619043469
-0.000792769938163906
0.00380828308473502
-0.0148592796351338
0.00160458921694473
0.00208268189947725
0.00191844927127827
-0.00861651535396568
-0.00273623044042759
0.00984507762822906
-0.00383567204730706
0.0174875014443285
-0.000473021143898467
0.000631030140890054
-0.0037837143307583
-0.00316501033652494
0.00603265578559609
-0.00347162700760018
-0.00332546307757842
-0.0117571975175913
0.00337618965633135
-0.00192275276398013
-0.0016054262063665
0.000482424834900019
-0.00128579232906156
0.00305766017151043
0.01090960978952
-0.00174569121554335
0.00222573919790969
0.00713834062280561
0.00677265689801043
-0.00750937132382268
-0.00315253788071468
0.0137570995016729
0.00436746210626326
-0.000776564696017501
0.000932639162738003
-0.00186340056324841
-0.00124458620480072
0.0113707637712197
0.00539040505159405
-0.0114889707642306
0.000774879912829318
0.00387116742424376
-0.00154248028559367
-0.0125135943528382
0.00766592639755714
0.0167674884789637
-0.00717668368229296
-0.00276839446793586
0.00478109221351586
-0.00521878725345259
0.00138873634898129
-0.000924591651014106
-0.00493521005152431
-0.00278984823883366
0.0166305263680775
0.0021403300938494
-0.00289858110303987
-0.00657896256764123
0.00415827814569525
-0.00199381911014507
0.00153677577992961
0.00214822777806423
-0.00336858071868251
-0.00245807358783667
0.0275681657169258
0.0104915615933521
-0.00771278575238177
0.00283997001973191
0.00521696260050475
0.00281724487493329
-0.0100547098944868
0.00238990301971187
0.00119208759958167
0.00863216226723718
0.0118046781085144
-0.00641684410091858
0.000440437418483874
-0.00220073343892413
-0.0142626227242281
0.0025357696519126
-0.00104151169530586
-0.0108727287886913
-0.000602333949565881
-0.00105469333789232
-0.00708900420411762
0.0112410447746911
0.00315455911071072
-0.0283018872162607
0.00138702421616599
-0.00384733746472743
-0.00494359624855878
0.00993632914539178
-0.000614926950887384
0.00692196563845671
0.0120684542020846
-0.00301882264150932
0.0168054647930902
0
0
-0.00759383516415513
-0.00870220529025656
0.0195247616164675
0.00207836992163934
0.00311109629629613
0.00516908883723355
-0.00323247144379868
-0.00117915690914838
-0.00678865092123215
0.000297132230439701
-0.00118838383838371
-0.00133842954605679
0.00297834689565613
-0.00400884941377444
-0.00149074235269098
0.014929829131241
0.00485429516677138
-0.00585557036614159
-0.00382862589729782
-0.00709540259880548
0.00893254455657422
-0.000442659013250468
0.00354303228647868
-0.000147131502774456
-0.000441356474306764
-0.00838974070092036
-0.00326556316169369
0.0023826656028989
-0.00237700200199076
-0.00238278473915754
0.00223915516462636
0.0011915698717837
0.00743826231124278
0.00546360003745416
0.00763702497500507
-0.0145751346075625
-0.00443725773647019
0.00118854557089731
0.00727107890296907
-0.0079552301689112
-0.00757341892328012
-0.00164598229400015
-0.00374700234192138
-0.00887624478898374
0.00303589874176824
-0.00075670397225458
-0.00620923831908593
0.00335252956327969
0.00136701101865211
-0.00500533899590483
-0.000762118925674238
0.0147977720153576
0.000751698771122689
-0.00225329728105728
0.000301174354145672
-0.000602046941539869
0.00105420177547577
0.011433759418779
0.00386724659226934
