-0.0216957788798796
-0.0038360106409977
0.0259928285437503
-0.0277973603613099
0.0574255405649118
0.0142612660750425
-0.0253093357635695
0.0462781524228932
-0.00650787529195351
-0.0108804707449761
0.0555618500645123
-0.0229689916740856
0.0117544844935074
0.0438898670814316
0.0279266176017454
-0.0111278295739348
-0.0288929240560921
0.00521975148533516
-0.0211860107883892
-0.0283288912466845
0.0155055467240546
0.000645139784946069
0.00558783592494816
0.0252190633635594
0.0032311652442949
-0.012779251948052
-0.00505152615401572
-0.0111064416003127
-0.0111241953390565
-0.0159004223656167
0.00549571316237474
-0.0243769449810796
0.0090756078431371
-0.0328669783003992
0.000344420214567709
-0.0758636546263166
-0.00968702221884088
-0.0280912723373783
0.0107097032258063
0.00906420250059492
-0.0136639927421055
-0.00436115962495076
0.0296314727016953
0.0322823081151729
-0.0231515636363636
-0.0364808803315985
0.00978753355344408
-0.0123708959382274
-0.0204029049482722
0.0113366726689075
-0.0174661624417861
0.00424515803575831
0.0240422730796146
-0.0534055748221972
-0.0114472067912459
0.00137852217564771
0.0400606283047995
0.00701520819264556
-0.045872843168432
0.000551053894533915
0.00812342040988923
-0.00942368192537979
0.0421893980723755
-0.0202407472015212
0.0363219291472301
-0.0115960781758958
-0.010545781564121
0.00519583014110925
-0.0042412195192002
-0.0194329702954733
0.00067874306172766
0.00976669818547626
0.0151799834717896
0.0170702792113273
-0.0307051908573355
0.0387919328859061
0.0200284664689039
0.0125411448558108
0.0246465907669209
-0.00134311352031469
-0.0127155029622753
0.00532507739938093
0.00505045577728502
-0.00600561372744768
0.0059186684566872
-0.00551611901161742
-0.0120793175919877
0.020087335743298
0.0204256110463403
-0.0439889488193697
0.000626830475756401
0.010775592301105
0.0193381063428313
-0.0167822564715217
-0.00371051338801509
-0.0126629914588582
-0.0315604429971136
-0.0107763572101931
0.017718847152675
-0.0165075958665516
-0.000393377907333403
0.0146923121595575
0.00103428574102882
0.020534637737311
-0.00746642650467322
0.00624758383271717
-0.00253417391115507
0.0119410948686345
0.0179511916670252
-0.0143050444841555
0.0017515325910169
0.0328462220557013
0.0020556953587314
-0.000844696482030893
0.0218598784350286
-0.00472759715485649
0
-0.00985633546914055
0.0207484296263527
-0.00528723998017577
-0.0167730443291735
0.0163382992873209
0.0392434997457094
-0.00784798698471323
0.00171952304071343
-0.00892651667177335
-0.00184752891102824
0.00983339866188349
0.00286401646392465
-0.0108522388524991
-0.00577433910494696
0.0160297951460004
0.0220647190800878
0.00604026832124682
0.000444752047036756
-0.0032229494368875
-0.00646672970304996
-0.00549879917519025
-0.00609344371157383
0.0314486368880873
-0.0107869567592066
0.0231444745806897
-0.0217509523137885
0.00944976129348851
-0.00165199333748922
-0.0123552451769389
-0.0155255223447506
-0.00113453597838142
0.00567923664607872
-0.00146822903243471
-0.0162877834503887
0.00724384262108968
-0.0223744183190506
-0.00665575673348628
-0.00152812977547889
0.0014127148242824
0
-0.0126968613378053
0.0008335317635082
-0.00011900059063652
0.0241551520209999
-0.00336936214708949
-0.00664490564985909
-0.0103273912724726
-0.00189735558170612
0.00558394928321126
0.00236291354398532
-0.0269919036771288
-0.00884316139879504
0.00439990222439524
0.0238500730104647
-0.00237695510312519
-0.0104837262214982
-0.0128822541026307
-0.00865958064787364
0.000738152076010579
-0.0138922677104631
-0.000623301341769023
-0.0258234518052169
0.00512232066191931
-0.0169447577256914
0.00492479238336996
-0.0127675778595876
0.0141083469323966
0.0127528795344407
-0.0291274600943477
0.00510938018840879
-0.0192909669018383
-0.031499136935118
0.00864549161607697
-0.0155101904761905
0.0540353226363279
-0.0260914917828042
0.0197899975739095
0.0257425346534652
0.000772265152082285
-0.00437247931140738
-0.00736243883653942
-0.024983709173291
-0.00320296276524756
-0.00334716820599357
0.0184040295968824
-0.0201820213740144
0.0324448442709322
-0.00756292847664819
0.0337669027228105
-0.00406709456024412
-0.00153143183344262
0.0029397112203402
-0.010577316036991
-0.0285935217490149
-0.0160434769568677
0.000539024397507415
-0.0447138047138046
0.00352460172000568
0.0443944366395053
0.0351089741785835
0.00987656958583116
0.00141553212476553
-0.0303264070932922
-0.000927643797079769
-0.00424458156578578
-0.0254428666577859
0.0226899386172805
-0.025661561079925
0.00137171464000785
-0.00561649315068491
-0.00840326537557601
0.0156987767838799
0.0195595675070501
0.00134153472844734
-0.0120578913726942
0.000678098743642552
-0.0126033336142658
-0.0104310045233186
-0.0165047716090089
-0.0126921724613075
-0.0407084404882605
-0.0312686997457595
-0.00445743942383747
-0.000617477255711596
0.0559245300822866
0.040672993143321
0.0140587662333236
0.0144184256655384
0.0252835731934828
-0.0070647696773436
-0.00147672174726055
-0.00981439942784623
0.0130346092862292
0.0253317112272924
-0.000784287581699239
-0.0168759807201471
0.00878238166913148
-0.0201820213740144
-0.0802369289207988
0.0163934718969556
-0.0321140975773591
-0.0476119185777699
0.00031240430206525
0.039200406671879
-0.00706343542134924
0.0031784319660968
-0.0123717563725372
0.0189428356086592
0.0118440934862412
-0.0037042525916211
-0.00803094907885038
0
-0.0460269286069083
-0.0207449313099963
-0.000160519978165352
0.0191011720561984
-0.0403213406734496
-0.00443131462333834
-0.0181338443785031
-0.0125923436435134
0.00323072601206054
0.00881355932203398
-0.0223454469086022
-0.0134043480564419
-0.00330951053823358
0.00227188042167281
-0.0507410479770199
-0.0134092581449166
0.0169428414995874
-0.0281947460306617
-0.0131876596387468
-0.0120275102705706
0.0112077681159419
-0.0405121903110188
-0.042620972766799
0.00478466819221968
-0.00186335407584581
-0.00954156833730702
0.0245025759162303
0.013082645669773
-0.0175545194198039
0.0657219155005528
0.000963576815640188
0.0019253369642922
0.0180630088765756
-0.0296338240845602
0.0140050768333009
0.0195664872517458
-0.0103481463650745
-0.0583650022192017
0.0472440954420372
0.049739773467125
-0.0348944346208552
-0.0283539111009308
0.00195846059619154
0.0172009577795154
0.00883933495696909
0.0148571238095236
0.0407282665301854
0.00360687098995727
0.0429469706038823
-0.0303239484782228
0.0884861245288935
-0.0210577381997302
-0.000333500077813964
0.029858231361831
-0.0301263514698298
-0.0295591177428337
0.0481844596767431
-0.0188803480545066
0.000334688766221003
-0.000167263301560028
-0.0468462272042831
0.0317710719366144
-0.0280707388239322
0.034657797397903
0.0204702923283659
0.0344827917771884
-0.0237180120603201
-0.033322374698699
0.0227543050221481
-0.0785322928773036
0.0299099099099098
-0.017144856543037
0.0106799394802419
-0.0183162560464293
0.0373160732932878
0.0195434278796265
0.0123833585685604
-0.055965147453083
0.0908768015619452
-0.0569476091270357
-0.00103514494539592
0.036096717233274
0.0203366721007945
-0.00833193936173737
0.0309720093744315
0.0341962117546752
-0.00247223420160336
0.0182775718177688
-0.036659508264664
0.00631609012107726
-0.0106700298132747
0.0239492311490757
0.0119269520423466
0.0174498540502113
-0.0021061982532542
0.0140208046428223
-0.00773125162856825
-0.00913996131675032
-0.0257068966750444
0.000310367841067638
0.010550815076066
0.0314755580289678
-0.0278356951473655
0.0564998026795225
-0.0118840579710144
-0.0165737312995013
-0.010141684855704
0.0180804120198699
0.0182033890779933
-0.00566858986910224
-0.022219045623795
0.0236209003381804
-0.000292157144849425
0.0125639304264689
0.04515948766872
-0.0328548306776691
0.00057093921127449
-0.0126961344563805
-0.0170495595585833
0.00235194770471781
0.0200908631737535
-0.000431267982497485
0.00230120814470314
0.0213803695973491
-0.0132059848271987
0.00569477521909967
-0.00849374304209716
-0.00271277837360406
0.0302076028692226
-0.0232073099389564
-0.0137999855768961
0.0018753173687247
-0.00403166324110837
0.0154691344649163
0.0180809230660854
0.0225143470140023
0.000547059605563893
0.00123012568452019
0
0.0073720273037543
-0.00108418483420281
0.00501971245447974
0.0155237711791638
-0.00225980317985641
0.037969705248327
-0.0308047988291722
-0.00741630228006096
-0.00333555717153666
0.000937081697607089
0.000401310702205837
0.0296790629807862
0.0116852899903386
0.00975361934685881
-0.00292327147941041
0.00395162539011951
-0.0264093695680708
-0.00847679968701098
0.0418255957099249
-0.0284055047141207
0.00610708168018581
0.0245383184812087
-0.0259675399982972
0.00142357971102292
-0.00710771544744326
0.0110633603784107
-0.00939756694129779
0.0189734510321034
-0.029078011525162
-0.00551685296927051
-0.00198125745583488
-0.00119106673348501
-0.00318004500887714
-0.00199389863110866
-0.00346299937498673
0.0032076717455225
-0.0158539172889399
0.0013537023952741
-0.00662428002400595
0.00585194586886462
-0.0142065071461774
-0.0299204085929122
-0.004103013582343
0.0161954825429107
-0.0141199778291623
-0.00836637868830303
-0.00142997282997304
-0.0138908917688416
-0.00885856798056095
0.000879091575091584
0.000146420733316388
-0.00087819086651042
0.0145033397449945
-0.00433217328519864
0.0335026120450739
0.00112256522249332
0.00378476331846156
0.00684257775670183
-0.00318994460998467
-0.00417424499063956
0.00153695682548571
0.0129743443080357
-0.00482025885111881
-0.0105176028088125
0.0033566153846154
0.00111516590786631
0.0115566972988026
-0.00302824492695808
0.0164296976390996
-0.0146699532190999
0.0195753788313291
-0.0350188755410881
-0.0105086166242701
0.0116114268644254
-0.0130179167688154
0.0102113314363541
0.0214796986601278
0.0192413683551025
0.00242707646024387
-0.00914705456804166
-0.0133044250174083
-0.0555861447440837
0.0238927742408621
-0.0103869665678282
0.0441409039191558
0.0141834061890633
-0.0165648603784151
0.00607487229048731
-0.000137258125267214
-0.0069997665797451
0.00829300644901187
-0.0260451552862982
-0.00985228670574445
0.00028436390289599
-0.0413529043049778
-0.0228283578836103
-0.00470262453588077
0.00563941463741169
-0.00985148485064491
-0.0150008261135518
0.00170941730254603
0.00713619309860691
-0.00862595528730625
0.0320074109383561
-0.00617277946921957
-0.000151522492000566
-0.0146969848484848
-0.0136859912914961
-0.00592455575186401
-0.00658717084652349
0.0380486264603725
-0.0272243498098859
0.0273608509593628
0.000760964857114077
-0.000912484765435484
0.0260275049936456
0.0203233187762457
-0.00436167496891071
-0.0230724434985786
0.00358739899589233
0.0473637332047026
-0.0112343714448235
0.0238746299996351
-0.0147493042632588
0.000855403490952256
0.0109687184174665
-0.0125404958075174
0.0269691630431175
-0.0109768096293341
0.0231806968249506
-0.00562960303090454
0.0125656451965104
0.0144551612040049
0.00416719994847692
-0.0642569637586464
0.0141630468050631
-0.0323035834716263
-0.0199707731769905
-0.0321285572454906
0.0109113108959584
-0.00197623900845612
0.0214774707851493
-0.00656121403403553
-0.00330232647993123
0.0102409635469589
-0.0123733150753333
-0.00950938867924533
-0.00335265147732466
-0.0203364213964399
0.0174809115030439
0.0102776342912214
-0.00804735791000066
-0.0330629715884594
0.00269118260855428
-0.010262093463846
0.00398787691797531
-0.0125515890141656
-0.000643620252820054
0.00676216379387928
-0.000639644980643617
0.00592093115951564
-0.00699972944639304
0.025793031906217
0.0014056536218281
0.0179350272332335
-0.0168530573090113
-0.0352189195954161
-0.0206751574866741
0.00247398973323443
0.0508390926429598
0.0187881794079876
-0.0161365145228214
-0.0270227441591415
-0.00995349157242742
0.0337279401241426
0.00941173333333323
-0.0282828136218435
0.0108747802794624
0.0129726311180609
-0.0277994538153905
-0.00289156626506026
0.00547768648300306
-0.0298029322224002
0.00396369948742681
-0.0139825955916664
0.0108441943751116
-0.0115530780656874
0.0190348976295691
-0.00475171235051142
-0.0238722580219869
0.0134929834121609
-0.0216341987019472
-0.0139479500944386
-0.0079351904789513
-0.0074768912355031
0.0127890500073913
-0.00813009845822343
0.0149982734565748
-0.011168419052089
0.00469159000332908
0.00432376340366658
-0.00533841914930255
-0.0173130199900631
0.00493310447262507
0.00455816962555811
0.0251309428469624
0.0156622057997207
0.0251424740194435
-0.00784826684107254
0.00692152274225455
-0.00327325706295434
0.0247947118294018
-0.00304436788976115
0.0204114590097804
-0.00771778208480756
0.00730157142857157
0.00220609836442009
-0.00377353785451384
-0.0116793243106167
0
-0.000638725656958217
-0.00527328203025623
0.0163855421686747
-0.00663824877509089
-0.00270482108845893
0.0121250638162094
0.00709331663135759
-0.0707465968186978
-0.0207175344570917
-0.000515961481182825
0.0163483046575752
-0.0147308158697796
-0.0333390450823001
0.03502224
-0.0187220883077622
-0.0133030279484854
0.0125954055809012
-0.00595655199871936
0.00140990477934788
-0.00228794438577962
-0.00934907407565844
-0.00908116096866085
-0.00323451920091566
0.0171263202248724
0.00159517907108042
0.01238720624269
-0.0108372489221683
-0.00494785297755795
0.00674832167024819
-0.0121714413859841
-0.0130357142857143
0.0162836620227971
-0.0245682223453169
-0.0186165537759343
0.00371956481309277
-0.00778213808074613
0.0250233431376909
0.0291492626917336
0.00548764363647924
0.0195422714708147
-0.00673458815403205
0.00312936369958261
0.0185441764550403
-0.0895014803471159
-0.0203700250558784
-0.030331859226702
0.023608045500372
0.0799538743024002
0.0384409866246838
-0.00137100261768641
0.00823751501630343
0.00442549787234037
-0.00711740407108641
0.0197986004437616
0.000669472803347171
-0.0132129283623862
-0.00440674576271194
0.0197480415475642
0.0190317022026143
0.00311269654140411
0.00767599216070569
0.0029173419300268
0.00468644142394248
-0.016406563178593
0.0224038913359317
-0.00895714971209216
0.0158166561623088
0.00222438834166483
0.0155357636164943
-0.00140488608819489
0.0476785360688052
-0.0137272312918785
-0.0363085790108496
0.00361065928397708
-0.0143907711559518
-0.0141247266822641
0.00547327761547467
-0.0128081814410533
0.0181641096334739
-0.00111500479635229
-0.0102056930346945
0.0138553246334783
-0.0176386461147306
-0.0124555321902297
-0.00475022120802981
0.00477289350799515
-0.0131039969386404
-0.0011618257261411
0.0179461282818212
-0.00359120155374482
0.00393181513873175
-0.00359004575049027
-0.00376677032809092
0.00575370686326782
0.0098071101667212
0.00906443847627791
0.00433110362528066
0.0012777191937754
0.00366883081302971
-0.0128734428758247
-0.0231847202836142
0.00510964249578505
0.0204985241062643
0.0141411055760887
0.0278878461751253
-0.00015418528653377
-0.00832563971129141
-0.00310940609452726
0.00592634095790667
-0.0102325581395348
0.00657897869674184
0.00295666034993269
0.00775795226181319
0.00508086243637562
-0.0033701134094688
0.00276667699866828
0.00183940839483165
-0.0175948895716816
0
0.0130821369425658
-0.0221368475571017
-0.0111617511214942
-0.00031798091198787
0.00349867996980469
0.00618072919748736
-0.0075603084718755
