0.00511293151071435
0.0188639253921152
-0.00540875806116081
0.00543817181681305
0.00707301851466613
0.0037182400330511
-0.00288123070590662
0.00681110409058605
-0.00881510883179804
0.0206825241233723
0
0.00466066888189132
-0.00141194024155133
0.0266613624181524
-0.0261656885238761
0.0242424444444445
0.000591696240794803
-0.00374529863985806
-0.0207756030713176
-0.00444538272598971
-0.00953929368784256
0.0131147543671057
0.00687702279281988
0.00321414229036043
0.000400480584711316
0.00800644531638195
-0.00695001971902254
-0.0099980007997601
0.00262575247932761
0.0201450447249203
0.000987361788849839
0.0100611957005563
0.000390624992370636
0.00663803188914414
-0.00446080286150496
0.0120786864570939
0.00558230980592267
-0.0112940271326941
0.000580793781963518
-0.0104489357585139
-0.00801718826783715
0.00473094815690933
0.017068844083405
0.0198688078703704
-0.00321539631578205
0.00683111941496928
0.0130041271578567
0.0236279069767442
0.0118138495092692
0.00862231035108008
-0.0263580400228659
-0.0210352669118443
0.0041106502242152
-0.00893196840595567
0.000563330851044874
0.0146368734352249
0.00166450896985393
-0.0125553914327917
-0.00280474943904252
0.00656287243341946
0.00875562593144563
0.0173591498666981
0.00834995461971322
-0.00342030609217481
0.00722537920474409
-0.00358674690052896
0.00503957874298822
-0.000716350286533052
0.000179247315040376
-0.00268770824784614
0.0132950413223141
-0.014539006576631
0.0102554872164273
-0.0019590560299535
-0.00767309051261433
0.0120481565896753
-0.0456645352818857
-0.0104263081442247
0.0287864147211132
-0.025054846378932
-0.018945825943616
-0.0244741687279955
0.00411603292826324
0.0255709740386492
-0.000761343723613472
0.000761923809523779
0.00304529876198534
0.0121441933179471
-0.013685770528684
-0.0146360194899063
-0.00173611111111116
-0.0289855072463768
0.0069651343283581
-0.013438735709041
0.0126202128453612
-0.0354105051515431
0.00205092297173581
0.00511665973973274
-0.00590513121757008
0.0174108562064728
-0.0108716936127117
0.0128230610050264
-0.00462216658449233
0.0262467802593738
-0.00196738139022701
0.00551937709442152
0.00901789880485793
-0.0128230034423353
-0.0135800430312922
-0.0041899242655612
0.00420755359647362
0.0103750999675798
-0.00236964854600408
0.00415676959619948
-0.00177411787896697
0.00809636666856961
-0.0144955536629883
0.00139137345674079
-0.0083366810572314
0.0108086671498933
-0.0162376237623763
0.0110708534621577
0.000199124029464537
0.00218941074086754
-0.00595827233200685
0.00899102915066985
-0.0176237425742575
-0.00302362420835256
0.00323493738849434
0.0135026604897754
-0.00934581409135382
0.01144116820554
-0.00754119880018256
-0.0249950019994002
0.00266614038827484
0.00961345898166188
-0.0230956235191323
-0.00912488575020987
0.00293007540665724
0.0112688026406011
0.00103175817234336
0.00412288205000544
-0.0158078426566998
0.0125156865355796
0.0129789243308833
0.00549117370311869
-0.00242716428857537
0.00304138280616395
-0.000808591048947038
-0.0028322678535303
-0.00588356652701216
-0.00469387755102035
0.00984211605495178
0
-0.00121829441624366
-0.014230473962807
-0.0167045157061448
-0.00503357802013427
-0.0158094438408399
-0.00771036641058831
0
-0.00323768602470598
0.0103941100043308
-0.0120017573939134
-0.0017353146089073
0.0143415906127771
0.00578408311910894
0.00724174638462727
-0.0116303444358142
-0.00385111237265234
-0.0152492049989432
-0.00610682687488884
-0.00131669958305902
0.0105472208546349
-0.0106545331309182
-0.0019780219780221
0.00352345298392431
0.0206275619925389
-0.00430008618792033
0.023105160373458
-0.00527648785824208
-0.00848718420353956
0.00342390327412812
0.0031990190488167
0.00552716824984767
0.00887953507144901
0.0121541908601384
-0.00786751569083888
-0.00709507542133037
-0.00126107602937886
0.00652361111111111
-0.0100356257564028
-0.00295668439098973
0.0139800892603281
0.00522247765244366
0.00353287621639398
0.00993992524456577
0.0194792085298339
0.00261458160469452
-0.0150451360098349
0.00285140541146256
0.00588945954957509
0.00545124178177359
0.00441769085176102
0.00779688124750089
0.00991866693116439
-0.00235708112355137
0.00767865706480308
0.00840173896053131
-0.00271265253414732
0.00408002712104083
-0.00116101006191949
-0.0112359165291732
-0.041536108120374
-0.0341373276425727
0.01756617989418
0.0106072790928753
-0.00617408931879004
-0.0217436110634994
-0.0247671877744627
0.00173653136531371
0.00671716113901799
-0.0154971376559867
0.0161783552173871
-0.0131239457831325
-0.00806625262843363
0.0129670329670331
0.00347146886526351
0.00972975135135146
0.000214089931175776
0.0203382791765847
-0.0092320394460762
0.00614140181826772
-0.000841864905993028
0.00526648398427465
0.0094299453178972
0.0149470838674315
0.00409083665557031
0.00427783662660408
0.026774848413283
-0.0138285463024209
0.0118189107299245
0.0116808557386994
-0.00900193773001701
-0.00434441161817567
0.0128917498172054
-0.00861560603093792
0.0108631046639718
-0.00449392340758104
0.00588810587069477
0.0113171121951219
0.00791047625273089
-0.00497706719077073
0.00423241631396687
-0.00268199228578558
0.0122935072552151
-0.018595825074083
0.00638047164770938
-0.00230545633631996
-0.0184864047756594
-0.00412012940709972
0.00354611913105263
0.000392618774884612
0.00961542405053817
0.00272106894614055
-0.00174452413258386
-0.0481553398058252
0.00673190534475721
0.0206687141101809
0.0138971811375259
-0.0164480125318192
-0.00856064105116461
0.0234940165360245
-0.0258975666882958
0.0191338562282435
0.00869571180615458
0.00783695125711303
-0.00602639980611197
-0.00938781518897291
-0.00572558713818028
0.00337565521493932
0.0083119336693438
-0.00353289492575271
-0.0204845381130591
-0.00824452041021506
0.0265612530413626
0.0108631046639718
-0.00136770222743265
-0.00528274299975051
-0.0389456923682141
0.00102331148130763
0.00572478020854628
0.0107745885500019
0.0287610814810724
0.0111436750285954
-0.0245552972823803
-0.00753222978132351
0.0123826442979829
0.0187413694760579
0.0019365414782444
0.00193270189668726
0.00115744598765422
-0.000963468170964599
-0.0150433564144014
-0.00372036420599176
0.00923736223983163
0.00214218119346388
-0.00621842219623825
-0.00625731338008051
0.00413221172766609
0.00176366846489651
0.00352112682944306
0.0109162185363785
-0.0090628999409389
0.0233508663816087
-0.0273815934588325
-0.0111436945789367
0.0197706595582974
0.0011631833593182
0.00987612335159027
0.00325978894497458
0.0147171253822631
0.0133734978338669
0.0143122865113807
0.00934583104269748
0.011619444022533
-0.0141780507146797
-0.00491534680502459
-0.0104281009879252
0.0110926049177296
0.00457121968497387
-0.0189296872757496
-0.00723569546435265
0.00654088979782785
-0.00594132926213653
0.0171833765935119
0.00385602283980946
0.0122553873149951
0.00903505601734733
0.006984240687679
0.00764716343588834
-0.0333568655135897
-0.00858135840788754
-0.00128911604584014
0.00202839756592299
0.00533678689731309
0.0166575138814293
0.0102628734198258
0.0103368025247408
0.00317516322411637
-0.00650604899782048
0.000884938053097306
0.00335991164208505
0.000176207254980465
0.0112775154185023
0.00784110485870548
-0.0112379149377594
0.00279767446752355
0.0022668178645795
0.00782881002087699
-0.00172618677714487
-0.00103755832482932
0.0131555997922796
-0.00239193580030628
-0.000856293900604488
0.00788479602331149
-0.00357141162536412
-0.0257722819593788
-0.0033287139688607
-0.00158200037936373
0.00440140852819382
-0.0073619282622599
0.000706286408153067
-0.0105875775749983
0.000535009809166986
0.0110517472745721
0.00705215079245147
-0.0014005252346031
-0.0245442141559569
-0.0111430447725206
0.00690661577608132
0.00180501798537835
-0.00252250450450453
0.0124638364800609
0.000178447817635208
0.00677841586196193
0.0111623141595023
-0.00175221657613456
0.00947862016010848
-0.00191264134629254
-0.00418121936650806
0.0073478306508048
-0.00069470299775265
-0.00312825854834453
0.00470711288864867
-0.00416453228935387
-0.000174211538146229
-0.0271871901849566
-0.0184521497671086
0.00912575270805349
-0.00687287019582439
-0.0136587142596977
0.00941650664697202
-0.00676786196333867
0.0092081033003335
0.00383209861007483
0.00418113085552174
0.00506875434218856
-0.00306199567723353
0.0146341830039451
-0.006054131054131
-0.00214974919383737
0.0113106102098635
0.00976387325532135
-0.0035161919213047
0.00423426252646442
0.00650040430430088
-0.0134404082136426
0.00460012384996444
0.00193730190097408
-0.00123042716172317
0.00369586413234768
-0.00596177460918412
-0.00476276247597041
0.0141794226933507
0.0239426594906911
-0.00443758320532517
0.00428595905071294
0.022533287042223
-0.00317200323298816
0.00904372817021803
-0.000165941908713774
-0.0147743022983299
0.00370685774917812
-0.00402884002014436
-0.0244395912880637
0.00742916365879132
-0.00960385852162826
0.00207790476190484
0.00449286339196231
-0.000688130041490931
-0.00327075228094342
0.00189975813817767
0.0149974664712107
-0.000169870921028048
-0.00951245132516476
-0.0102898643407672
0.00450531978002644
0.00897017407331058
0.00923229580330664
-0.0091478402362839
-0.0155582145475051
0.000694633529189526
-0.0152724230349258
0.000528692261942521
0.00123304562268811
0.00175930682617875
0.00368814548100005
0.00174974622048141
-0.0153711965065502
-0.0159659041327994
0.00540831070113024
0.0136273803119955
-0.0175127899789986
0.00162045369786723
-0.00629160513586913
0.00108540161153048
-0.00126490784242861
-0.0208069658042338
0.00461936446081612
-0.011587217428494
0.00427984725419273
-0.00704096707354152
0.0145549356223176
0.0108515727579837
-0.0016375546149483
0.00255146715056442
-0.0319941476820269
0.0199061220657277
-0.0128889704863014
0.00167879123897063
0.00130351952879848
0.00762506974149146
0.00756736803248437
-0.00293093973255176
0.0187396839977954
0.00667265993376631
0.00734503762092431
0.00195625111150632
-0.0165069222577211
-0.00306800216567404
-0.00995660717028934
-0.00932526987246796
-0.0118124584717608
-0.017370190187333
-0.000950389641695693
0.00304413997252406
-0.00531111522550998
0.00610219309882143
-0.0147838898705039
0.0115429395921509
0.0136933619743871
-0.00225138840996975
0.0107183151560737
0.00706978604651165
-0.00295584698030948
0.00277928473634814
-0.00221727646373382
0.00240742592592591
0.0031405504684916
0.000184198898419918
-0.00736514440498726
0.00537935447968851
0.0158671583788348
-0.0177987464983882
-0.0118343745623383
-0.00112271708687717
-0.00374674028200184
0.0208725272658894
0.0136304657647732
-0.0327094136418211
-0.0167198947961674
-0.00745126098586169
-0.00500485072175461
0.0143161349258296
-0.00877358382605375
0.0044256300860952
-0.0072797125042201
0.00733309532998838
0.00478927193890288
-0.0135366822967268
0.0164282560329241
0.023768777334094
-0.00167161961367024
-0.0396279255813954
-0.0100736344454404
0.0113503331252576
0.00483746130030949
0.00154049682264601
0.0184580472393019
0.00622990360147435
0.00863037539644229
0.00985868712271887
0.00478905867030655
-0.027131054576188
0.0114942528735633
0.0165797317436662
0.00916254352208168
0.00345011803159623
-0.00560979028627551
0.00891716089322725
0.000360750367257356
-0.0014424450314181
-0.0119176595897857
0.0155336071722658
-0.00611840921360451
-0.00271587905124016
0.00344949152325746
0.000180911887099677
-0.000361812596993638
-0.012486392055244
-0.00531429356789448
0.014369970787951
0.00454050118887572
-0.00289276798241245
0.0103354302688874
-0.00358939333113073
-0.00810518731988474
-0.00127110949700382
-0.00472723636363637
-0.00347100827654334
-0.00458295150472876
0.00423572751815326
-0.00513476994562201
0.00331797235023035
0.0163512768693734
-0.0112075018076645
0.0118829431100009
0.00668478795609007
-0.000717893023727711
0.00179595905172403
0.0127286305616463
-0.007789042032606
0.00660123116148492
0.00124076572991005
-0.00955923138398895
-0.0033959427453808
0.00950507566374004
-0.00248710246070161
0.0122884768552636
0.013370830401126
0.0090277954523541
0.0156572611090375
-0.00525153320771687
-0.00102181537769397
-0.00801229116945101
0.0068740506422762
-0.00529102235876444
0.00120108100894112
0.00359902325960659
-0.0177595796147613
-0.00243391863699594
0.00575109784330619
0.00571828115956108
0.00499657124402875
0.013715051818445
-0.00997801437547763
0.00666209418069541
-0.00763617851688447
0.0164158515731874
0.00454239576955584
-0.000669921297436371
0.00569800588898972
-0.00766537269339695
-0.00100750631414792
-0.00706004346747202
-0.00761809717284578
0.00272944392237195
0.00187138485660765
-0.000509390397510523
0.00934418944369364
0.00218820063962299
-0.00235134359503952
-0.00202025245723059
-0.00118083672707203
0.0113156901083549
-0.00434205069569049
0.0112378733854055
-0.00248800792025183
-0.00831393429188454
-0.00335345411390775
0.00605652769274112
0.00384615391047083
-0.000499733474924713
-0.0043333000000001
0.000502142601200628
-0.00619036305839049
-0.00437715473477585
0.00135275619466957
-0.00185748054951917
0.00642870907750459
0.00100852240684079
0.00352643162932731
-0.00686077666870077
-0.00202187032929646
0.00422083403680573
0.00672496637525222
0.00450903466083785
-0.00864507036924123
0.00939121231944973
0.000830752630515796
-0.0021580510571696
0.0104808016888904
0.00658539655629253
0.00441611063814373
0.0070021169190686
-0.00711510349288491
0.00130289898036162
0.0095966167859467
0.00451100370549384
0.000320785896416487
-0.00128263590320088
-0.00208702838197095
0.00675678893178899
-0.00751040244453816
0.00305905646338678
-0.000802552179816285
-0.00144578313253019
0.00466539575289571
0.00272214567298401
0.00990103816513943
-0.00711576511335343
0.000955518379431197
-0.00206836919867515
-0.00829081619434291
0.000803842430806334
0.00658634538152603
-0.0106925949569103
-0.012260073809967
-0.00865587130491585
0.000164711694156328
-0.0049415088937822
-0.00562820725045521
-0.00133174629598809
0.00133352220925076
-0.00266355918095562
-0.00150225338007004
0.0033433634236042
-0.00199930023325567
0.00534222018890751
0.00166056124774894
0.00198937334217497
0.00380541038725024
0.00890062663262325
0.00539130869778304
-0.0129996585472919
-0.00428057279286886
0.00760580357142859
-0.00377420419714802
-0.00296491521932007
0.00429542382777837
0.00164497447532552
0.00279195274744537
0.0134294134715129
-0.00484807684473054
0.0076322991999902
0.00419020151797267
-0.00930831312296088
0.00793780981694492
-0.00578592083275609
0.00501126729694046
0.00643400374566516
0.00367586702892764
-0.00541401282506382
0.00960618010896863
-0.00142721215624464
-0.000952850548628814
0.00365600063582905
-0.00269239788869813
0.00174687943867102
0.00301201639150239
0.0003161213845424
-0.00078999840748939
-0.00379509791919352
-0.00682539682539685
0.00607321400031968
-0.00540111190784576
0.00942341463946006
0.00458862334511667
0.00976530131468567
-0.0229293710352616
-0.00431034489639759
0.0109026777441508
-0.00301344969093498
-0.0186128218483483
0.00129682284481802
-0.00469483568075124
-0.000650634352634905
-0.0118815106100506
0.01251856386952
-0.0021148690074041
-0.0148353439843496
0.00231673010094324
-0.00214629354465912
-0.00099268697870103
-0.00281553489871578
0.00963298471405039
-0.00263201180075645
-0.00412337120034023
-0.000993723070657149
0.00563660477453576
0.0105505934718102
0.00603587285539753
-0.000324241943383874
