0.0110046732741937
0.0110262796445089
0.0350951077360924
-0.013913265080552
0.000821890410958703
0.00807560930948847
-0.00502380162868155
0.0154203741187278
-0.00510690739917175
0.0203971635876965
0.016944651615771
0.00364485810986737
-0.000778171226411661
0.00142784266059381
0.00998050525001948
-0.00064161962632503
0.00154096565271744
-0.00320553925389255
0.00128631338529228
0.000770889042697398
-0.000385096267391694
0.0152818152581808
0.00316215540506337
0.00201743795277864
0.00528498797930066
0.0126424209868872
0.00259578485548118
0.00505481438719269
0.0100588693593793
0.00983733348736138
0.00601322895939327
0.0056186609535287
0.00213980020899429
-0.00320289431069176
0.00654531722652996
0.00342871829206159
0.00954397279802155
-0.0231092787114847
0.00334535256912849
-0.0130984277292774
-0.00132722012526132
-0.0401111528371809
0.00616746404660051
0.00675507864010294
0.00608844410704101
0.0169197848966312
0.0429924844786245
-0.00465759215152284
0.0030415885689663
0.00256590862061823
-0.00244298513777319
-0.012594775510204
-0.000236163936132461
-0.00507975179965148
-0.0111612679748126
0.0153698248723562
0.0218780279535957
-0.0174748516387061
-0.0214369841828744
0.00601829547380128
0.0081359174889708
0.000474732958112289
0.0128113162700598
-0.0222533856495686
0.000718711042691389
0.0173569186335059
-0.00223549834652303
-0.000589657998007476
-0.0127433864306784
-0.0205569623654109
0.00402687019012338
-0.0190811864253912
0.0132573412620165
0.00110056249817259
0.00574072288723393
0.00437212797532793
-0.0103990451172568
-0.0073313542195188
0.0123092075900839
0.0310068465711781
-0.00342022640145978
0.00473375147929
0.00341578319397451
-0.000234816287479345
0.0038746273071415
0.00678364912280705
0.00743493244807314
0.010378251725343
-0.0288747650465156
-0.00646368581331225
0.00295717999814071
0.00165112629259201
-0.00682917696926888
0.00569062254156782
-0.00648359055797254
-0.0238490985269233
-0.00461891350257371
-0.00610575169258454
-0.00184299056202231
0.012924704897211
-0.0111799488251313
0.0280201415256185
-0.00765092629645125
0.00337307545179932
0.00792407242257087
0.0170339493877529
-0.000819852453262659
-0.0146524443711744
-0.00725673345840427
-0.00551227101901508
-0.00735029539342802
0.0367808583435612
0.0159231113020437
-0.029272721998596
0.00415527706914598
0.00354687861085656
-0.00895374678205996
0.00285304316976775
0.0487197718264607
0.00429520736639311
-0.00844119321195713
-0.000454029522225508
-0.0113558939667475
-0.00792551132381136
-0.00949403695169482
0.00268843941478303
0.00373046168955993
0.000232346114572568
0.00894096578236314
0.00517892743904858
-0.00572475409776751
0.00760023065869331
-0.0309714171428571
0.0189880997878511
0.00138883098636966
0.0101711168575283
-0.031922207507501
-0.00626402309107643
-0.00273553751818412
0.0221824811492541
0.00478361923677073
-0.00255458653432694
-0.00139700811648402
0.0195849850732686
-0.00102899612427387
0.00068670021677808
0.01509779251973
-0.000225318309859168
0.0165670455347555
0.00266080940113578
-0.0150375936524195
0.00729682291655087
-0.00557227218637224
-0.0234226597526842
-0.0130823848184805
0.00116276744186039
0.00499420452948218
0.000346689013598578
0.00369684620371658
0.00138125004769507
-0.000804597701149379
0.00920284136661675
0.00410341944249115
-0.00771928744326422
0.00423286789919386
0.00979722043514708
-0.00620490756097603
0.0170280402782628
0.00312542708451513
0.0131300763392654
-0.00252611743461462
-0.00220212508258089
0.00617961798125299
-0.00361923667470943
-0.0221244033489136
0.00112568667832913
0.00865748799960664
-0.00523911498427276
-0.0135589312765336
0.00908784515605854
-0.0139593152322567
0.00365347659109383
0.0209304506458674
0.0149303175487465
0.00296415645906922
-0.0062390542224271
0.00308402904412342
0.00186667398704299
0.00712407950732308
0.0166503320997968
0.00706491130517883
-0.0108418790212186
-0.00827419961904563
-0.0128941704096417
0.0140504832941928
-0.0117990477960288
-0.0113922772330783
-0.00199445983379509
-0.009326046408349
0.000896503387991521
0.0161236371318696
-0.0160881432506886
-0.0157912866413789
0.0101274468637045
0.00822353300293566
-0.005586592178771
-0.00550559550561802
-0.00282453953622097
0.0097439494732845
0.00841561910629651
-0.000890196921435438
-0.0184876264785875
-0.0376716114037767
-0.0353731879583348
-0.0108788659302985
0.0392980731413264
0.0130796554834638
-0.00868542284103602
-0.0101823467935395
-0.0199760531094748
0.0190406200414988
0.00443170450189734
-0.00906275925276934
0.0169675575684129
-0.0106496388439323
0.00346849654983261
0.00703213332462127
-0.00414249033358949
0.0105776088730403
-0.00693869230787592
0.00284223110274207
-0.00897498819083609
-0.00369395861997057
-0.0095682692313328
0.00591722028540587
-0.010444213309332
-0.0228071939827733
-0.00682809409702945
0.0100000375
0.0019801484413311
0.00012354249164459
0.0144497713418579
-0.000730423675802672
-0.00950291156181982
0.0156211187347679
0.00169551895361519
0.000120928546982535
0.00955030210891805
0.00514908381872647
-0.00786279466612361
0.0162103508190483
0.0187877118795123
0.0134539084498504
-0.00331884882074329
-0.00964514913974734
-0.0412753391304347
0.0292659202015739
0.00258490186129823
-0.0150005738895915
0.0183223431889705
0.018226499274518
-0.00883539853504534
0.0194489587676183
0.00272547133148926
0.000905934284056498
0.00248926236102953
0.00609481955067315
-0.0108817703711215
0.00408303287020595
-0.0410030163899584
-0.00518260294033923
-0.0174047006559874
0.0201229791570787
-0.00637846650704155
0.00832140959386307
-0.014855010610705
0.0129248566999727
0.00945183139711525
0.00854396047415817
-0.0042937798373861
-0.000815850787324601
-0.00291613194041296
0.0156761459168409
-0.00172773554480521
-0.0229606328132141
0.023264076523382
-0.00300061158682952
0.00011578886579211
-0.0126157867450051
0.00797092973791891
-0.0115129436332816
0.00964705882352934
0.0120018410626894
-0.00184221075054014
-0.000461414223984047
-0.0117715519498776
0.0177508472877792
-0.0055077910382606
0.0140763935404729
0.00409604055178114
-0.0033994674220964
0.00284252425841469
-0.00374142869868799
-0.00523499470006838
-0.00892354380855531
0.0111970568347128
-0.00582194077219045
-0.0143529688530472
-0.0011649348166326
0.00268256362683839
-0.00453645452441021
-0.0688244900952443
-0.0273560038309449
-0.0376726348168589
-0.0296286247287102
-0.00939486084808772
0.00292896804444776
0.00444999279933289
0.0011075037612831
0.0092657311372073
-0.0131543705198257
-0.0299916146900145
0.0287718575898674
0.00570468878371977
-0.0298837303525696
-0.0185396883111942
-0.00973551293228703
-0.00454887734265952
-0.0165093612328633
0.00659476908580992
-0.000744535393416679
-0.0110266426609054
0.0146149307843184
0.0194536097091542
0.010779271353845
-0.0158523997096469
-0.00410014637428402
0.0138214229136473
-0.00580121852652138
0.00948204188991775
0.00708099741680646
0.0235327873860585
-0.0133184490868231
0.0174766134190087
-0.00586508859286272
0.0169967687316541
-0.00980662956335265
-0.0117171708266937
-0.0371206361925374
0.019788903257272
-0.0175363231277849
0.028237030818933
0.00939105021899622
-0.0190302503797506
0.00689760062638878
-0.0353932353360924
0.0278148411193868
-0.00187138330399617
-0.026247463296652
-0.00281390711554697
0.000742536737188937
0.004303962791806
0.0150732086618357
0.00524095195105678
-0.00521362757942234
0.00611441240022081
-0.0114310662504549
-0.0158079918032786
0.0279596230802981
0.013454860527133
0.000570920746427284
-0.00542155830626678
0.00788987244139827
0.0120979074267604
0.00084372098377572
-0.00266959400504707
0.014651929501891
0.00458207461463789
0.0113337943699736
0.00218674326053669
0.00300014992499276
0.00231132553454816
0.00732502703031712
0.0242391051915134
-0.0148566661808219
-0.0160149072467638
-0.0014919299542141
-0.0112741370032271
-0.000686948747259941
0.00288698110769814
0.00246744355589223
0.00875153871536472
0.0112512001322163
-0.0131366625505808
-0.0137191246786557
-0.00826331072492337
0.0104152198190468
-0.00742167379269731
0.00401552196046073
-0.00220664729812037
0.00718735334311971
0.000548936439593639
0.0197502938005598
0.00497650316009413
-0.000133859741249243
0.00348014995957913
0.00773645447863891
0.00383842473176332
0.00553805408955976
-0.00852348522099444
0.00515803458328223
-0.00210531578947371
0.0134494337262359
0.00091073378986839
-0.0132587547120759
-0.00487423238707774
-0.00503040766441087
-0.00478979484886666
-0.000802205850178983
-0.00214070115442078
-0.00589974508179802
0.00822769096611387
0.0112374046822743
0.0179918120381961
-0.020142885775551
-0.0290451318555669
0.0109275100522812
0.022834683885024
0.00132108327560454
0.00633240080478625
-0.00878340336632677
0.00793543171623545
0.00446140932241712
0.017896733459305
0.000128362426292661
0.00449119722828173
0.00408787690454604
0.0108142369163928
-0.0015103210136056
0.00441192475956331
-0.00853413654618485
0.00227848101265837
-0.00745142712806268
0.0034356153930839
-0.0186406540877421
0.0142137099652888
-0.0163077975871525
-0.00155424169866902
-0.0132312369039428
0.00131455238596057
-0.00971508493409701
0.00729156834150846
-0.00118457484135648
0.00645668739566063
-0.00615335190442601
0.00698192559705313
-0.00850341422021417
0.00501381442124549
0.000262623086848546
0.012337511160585
-0.00207436803089733
-0.00441735735458793
-0.00013041890109966
-0.00313241961110333
0.0017020817636324
0.00836491939968842
-0.010499105366193
-0.0602567230944052
0.0079453584595861
0.0112018396128293
0.00314544571339814
-0.00886163623344616
-0.00660242118029253
0.00443090550497227
0.00248138954395638
-0.00068761000154538
-0.00770602745853954
-0.0135904033616639
0.0136370173050899
-0.0166434956073092
-0.00747530303313682
0.000994727824581876
-0.00326523272955059
-0.00783357082799552
-0.00588578777572279
0.005776202166065
0.0198133088352246
0.00436431091601164
-0.00995232744336005
0.00226538307795776
0.00197766630911622
-0.0153673198928522
0.00987976860708883
-0.00808166749016981
-0.000714622651724062
0.00615065048487184
0.000142195060687911
-0.00412224603048328
0.00727950349070805
-0.0218223182655518
0.00188331163093314
-0.00173515027558413
0.010428751297382
-0.00774083980100804
0.0157468503937177
0.00170675584431135
0.00866109612381094
-0.0201295042211501
0.00272952158124529
0.00386815169621113
0.00456684743827607
-0.0164795569893389
-0.0598007629726666
0.0354894168375737
-0.00222554889538429
0.0382156133828995
-0.0369521913491835
0.00922074685368068
0.0371352190224696
-0.00753053456367725
0.07057983022419
0.00815726140889628
-0.0106115268684379
0.0249363332852304
0.00902553338229706
-0.0128337699356206
0.00380827304508813
-0.00876510966077682
0.00435529910341681
-0.00223387653702689
0.0115895956802317
0.00117177453903872
-0.00195061113262396
0.00143323778501614
-0.0127505072501884
-0.00065886929331338
-0.00224183035100001
0.013877807883806
0.000260774348334936
-0.0114688513696526
-0.0672379450820816
0.0244523392226148
-0.00524289437460423
0.0148404997181832
-0.0362170434937008
-0.0190016599121523
0.0106967042497832
-0.00972540073585249
-0.00852102855346704
-0.00218502542796717
-0.00102189781021889
0.00832967996492751
0.00869562318840589
-0.00143675291484924
-0.00158274820143878
-0.00864675037680862
0.00886758236854801
0.0250720021593083
-0.00379527697210125
-0.00169328340510999
0.011448734982332
0.0131358583883696
-0.00565522758620696
-0.00319038719325215
-0.000834929017047958
0.0189415173144212
-0.00669773063435031
-0.003027397909107
-0.00966179474099904
-0.0158884878048781
0.0111882309702842
-0.0249299572848752
-0.00574550391788986
-0.0235481793766515
0.00769352020674763
0.0113051826265573
0.00333919875170707
-0.0350166251625432
0.00599781058636029
0.00462074852411676
0.00504445088888872
-0.00177140542578702
-0.00207039328288705
0.0137818754987311
0.0130097785113417
0.00476181797567876
-0.00244144775706379
-0.00331120073871582
0.0106889783032365
0.0200086034013349
-0.00896735285271044
0.00282761192587544
0.00874105456083463
0.0027952060323464
-0.0153309825783972
0.0150034956828451
0.00348626416798581
-0.00528066988994824
-0.0213746710987797
-0.0379729319925939
0.00341302868990989
-0.0112393073984336
0.0116661380247363
-0.00251327620510466
-0.00933755729453745
-0.011669629663054
-0.0186193768882645
0.00401039629768962
-0.0110615001420495
-0.00823369543729857
0.00234965538847098
0.000468745101773971
0.00140587323051578
0.00764306648505597
0.00371513943390522
0.00308459303421316
0.0233701872175553
-0.00976553514920464
-0.000758655696637578
0.000455481317104933
0.00273184098849333
-0.00423791433328269
0.0109439274822325
0.00586377970639673
-0.00194327348450596
-0.0034446010234207
-0.00105199878190576
0.00300883100633631
-0.00869959528122388
0.00408541407689
0.0103978600000323
-0.00879946269353649
0.0118868644581231
-0.107658022304833
0.021163156845964
0.0019582735306507
-0.000977231238526666
-0.00684711444408226
0.0128037266186385
0.00907612627105148
-0.00754894017182595
-0.00339859195017644
0.000324715806277576
0.00779227298026863
-0.0170747739344467
-0.00589970501474935
-0.0169798714144411
0.0115713397355133
-0.00265251989389925
-0.00714760638297873
-0.00786877615938375
0.0143436218138244
0.00332723335007112
-0.00265294308318775
-0.00482129659779573
0.00384228192712532
-0.00549179563987356
-0.00267737626095643
0.00251681216499366
0.0108786945606694
0.00480127467545444
0.00972153583327628
-0.0168080779505234
0.00199168464730293
-0.000165612061713061
0.017395609387084
0.018075232046898
0.00175945297504798
0.00782369459007359
-0.000475269335793227
-0.00126806149944525
0.0193620859978443
-0.0126110067284287
0.00867239068660974
0.0146944346616471
0.00477579696343877
0.00459975460595308
-0.0137361727901179
0.00913023789243717
-0.0202422944370846
-0.000782579445649967
0.00125310150375935
-0.00375466219507703
-0.0180590609296483
-0.000479753725887599
-0.010719968
-0.0043668282592001
0.00909678347796006
-0.00643911794010166
0.0068048929552027
0.00933379480743146
-0.00111605546689963
-0.00957706274295089
0.00950846107185277
-0.00223497768574366
0.00176001599999998
-0.00079859446097108
0.0145460355731133
-0.0179612254929695
0.00914487376400208
-0.00413359287333559
-0.0044699553714872
-0.00609366571370007
0.0100031945788965
-0.00111819492390408
-0.00335837203515699
-0.00128366495507071
-0.0167095270980229
-0.014705914792387
0.00862356564881539
0.00805657678395266
0.00685041580736545
0.00437388627895685
-0.0154838548387097
-0.00786369580826185
-0.00379786981839714
0.0213823463821532
-0.011197647049621
-0.00689318890530111
0.00462738405643304
0.00625097867657542
0.00343310457522006
0.00244376014265613
0.020965399333096
-0.0105062082139447
-0.00659588159588154
0.0152226558704454
-0.00558301173365783
0.00898302855309585
0.0122415894358794
-0.0161771483014652
0.00957859210693779
-0.0142315302267068
0.00497276227141485
-0.0102155463618341
-0.0162876638054399
0.0134426229508198
-0.00161758330637329
0.00923525584518359
0.0028897093772724
0.00928442437514931
-0.00142743856348038
0.00174715695278205
0.00396384969081964
0.00489578332280471
0.00031433285691751
0.005184571714546
0.000468927789934348
-0.0257772371261604
-0.0503527894427069
-0.017561651172549
-0.0080783946373324
-0.000693138116325431
-0.00919020319716324
