-0.00088161206847337
0.00642876575245777
0.0020040582166363
0.011750025
0.00432417829690679
0.0104563659680605
-0.000365205750733066
-0.00280116912920259
0.00219835132627066
0.0265659280176926
-0.00261159787776821
-0.00202331594941618
-0.0164579252583882
0.0149144656855285
-0.020788507316195
0.00878478536828697
0.00737785437832605
-0.00396208423625788
-0.0161523145630703
0.000735077159945918
-0.00281590352595507
0.0223449977536525
0.00756581028818815
-0.00667468398868454
-0.0133188511312143
0.00206735976891559
-0.0112864196289705
-0.00196394989610971
0.0105768050812154
0.0210539618121932
-0.000834326559372545
-0.00155081709290661
-0.00274786150828654
0.00107819574603818
-0.0100526211118387
0.0159574466156016
-0.000713921933437445
-0.0105978443463499
0.021783681395291
0.0177856532912686
-0.000462920936793454
-0.00428392945638778
0.0153488372093022
0.0158039051763628
0.00372042853620402
-0.00808717295391648
-0.00271767642889087
0.0165777109117748
0.00994079090741429
0.00818409661986497
-0.0134928032692934
-0.0272433781830314
0.0026291265673597
-0.00752475210950565
-0.00183807001132441
0.0101277248259608
0.00592462137146943
-0.00566315544610763
-0.00854311415260145
-0.0114889704562389
0.0129009877626569
0.0153757426190306
0.00203412819604765
0.000338321875229974
0.0110485122113364
-0.0028992194469224
0.00201297253439869
-0.00859370554896666
-0.004390408546878
0.00554045668158176
0.0109074777915215
-0.0265850939580624
0.00731344972429548
0.014407214647596
-0.0218071689064454
-0.0108609121886256
-0.0475033881473667
-0.0134692506506855
0.00664198007471173
-0.0107526520406966
-0.00382901437535832
-0.0189708488785902
-0.00328617277731902
0.0177529924200737
-0.00622975314652996
-0.0055165745858432
0.012102861825517
0.00224215249429682
-0.0134228438158444
-0.00226757378184339
0.00391420469371995
-0.0231417929029859
-0.00244618263026108
-0.0126484636300285
0.00679734640522889
-0.0305115436449576
0.000401754396725629
0.0104418478089094
-0.0104663615341932
0.0210202163336399
-0.0211119847597172
0.0180843665617048
-0.000394723684210563
0.0285638801031476
-0.00255947021448
0.0142417368683156
-0.00708418695442681
-0.0152885339607219
-0.00452838653734777
-0.00545886390800987
0.00209099590006523
0.00821593635889384
0.00232828876803248
0.002581029876914
-0.000257484869159885
0.0224025498236784
-0.0163707711184601
-0.0019203942911229
-0.0121856979500474
0.0140240744312667
-0.0103726090599364
0.00646997937978755
0.000385690413803985
-0.00578327993274075
-0.000904860381271133
0.0138439641112178
-0.00382852215634866
-0.00243396111795946
0.00898930233764084
0.00725466463026603
-0.012635835388373
0.0112618122761943
-0.00784605193037402
-0.0155612496030293
0.000129593158849417
0.00816165285239911
-0.0291698406579284
0.00304428842974369
0.009105331342113
-0.000915378567864722
-0.00405767005084634
-0.0244446457849729
-0.00633168504654369
0.00637203073828552
0.010103731236546
0.00400101344354442
0.0123538790163904
-0.00223065217465745
0.00105210414187118
-0.00105099838212031
-0.0073645185775314
0.0123211574329165
0.00183220773028614
-0.0010450946683831
0.0014384856618479
-0.0191956249883618
-0.0170416586733902
-0.000948124043122611
-0.0222342591585071
-0.00194120901520212
-0.0150041810917957
-0.00267987298505301
0.0100409985863528
-0.0099411792198596
0.00339411686316105
-0.00169126152323873
0.00508259197846717
0.0119398648141631
-0.00652416703880965
-0.000978063434399767
-0.010069944055944
-0.00381459457211919
-0.0147496946603406
0.0149705050385707
-0.00794220655390143
0.00786280233864778
0.013475134751773
0.00601819479432608
0.00820818064307915
0.0157306469472795
-0.00421135709534892
-0.0106412819655682
-0.000413665212920522
-0.00331077399119251
0.000553647058823659
-0.000553340703370653
0.00996541176470589
-0.00822252969408621
-0.00124366445031088
-0.0135583289092187
-0.00420761553123639
-0.0183099014084508
-0.00703010073300292
0.0171940906977908
-0.00596589471687803
0.00185764496180441
0.00356582508107506
0.00938027274900133
0.00253449743175849
-0.0367976841347339
-0.0102071300610342
0.0229818071441577
0.0118087554202546
-0.0192143176995639
0.000435321408485345
0.0155207422245214
-0.00314242242129914
0.00444185407018405
0.00798867355174537
-0.000566105260905503
0.00354007348314611
-0.00437427665975976
-0.0165816189507261
-0.0502953891093153
-0.0349014253444181
0.0108491041147518
0.0236428212219189
0.00136763413972463
-0.00864946862975824
-0.0347466849916825
-0.00475742142788738
0.00366481847242883
-0.0231783291576971
0.0139769220539074
-0.00801410495294286
0.00226207791665978
0.0104788168705274
0.00239313975749833
0.00636635345006042
0.0113870156571247
0.00734944476388688
-0.00263890104436215
-0.00498054474708176
0.00172064758329427
-0.0078076201154339
0.00078689013555433
0.0157256801383865
-0.00820557412637102
0.00421486119934
0.0119694695485941
-0.0105989865007369
0.0229777194238336
0.016390985223721
-0.0128415706608694
0.0101345937054214
0.0133273287410502
-0.00162553573594038
0.0106572087228305
-0.00263621855061835
-0.00264317188379348
0.0170789757679319
0.00318472775956224
0.00115431452434422
0.00994527284283375
-0.00927646639075186
0.00921924543990893
-0.0201255501034984
-0.00233072098089671
-0.000438005561045673
-0.010224905203402
-0.00383710142157312
0.00977783703703694
0.00572181597876664
0.0107950104684897
-0.00115459660622619
-0.0166161106287547
-0.0354098746814537
-0.00776851461482053
-0.00445196506680945
0.0186584431351871
-0.00393574035530531
-0.0098784342000714
0.025786645409466
-0.0207990417238052
0.00351460869454123
0.00258867070469515
0.0167072610393233
-0.00403352243700261
-0.00284978259636381
-0.00511438003394782
0.000453568195548426
0.00695177593930096
0.011406303980473
-0.0308651288153308
-0.0145459658412483
0.0243940176445927
0.0115274078568179
-0.00194937765933811
0.0222356226633302
-0.0342445909135128
-0.000760843110041654
-0.00335062422475629
-0.00336187336913607
0.0292854334669514
0.00148973639906447
-0.014428096931663
-0.0012073950737278
0.0226654578422485
0.0164007239952719
-0.0014536851075202
0.00247487254404199
0.00493749629774176
0.000722586736528363
-0.0128519711191336
0.00321827087158755
0.00539508587357584
-0.00638136358439578
-0.0141585311878986
-0.000296180037071658
0.000444401678513007
0.0125832562879382
-0.00292404962210391
0.0131964961816642
-0.0146165271958474
0.0114555301192851
-0.0335415260545292
0.00180291471763594
0.0307438962207558
-0.0167321540783288
0.0165728761002404
0.0123727225199153
0.014521854154341
0.000283503409396424
0.0144516289472478
0.0019553073171874
0.0224421528419891
-0.0143148606493486
-0.00110652830816627
-0.0106619217576582
-0.00993700531575947
0.00989544839964518
-0.0125979979675813
-0.00141762118772859
0.00468476704472542
0.0033913382813906
0.0342205313555688
-0.00626360277059923
0.0141134414587514
-0.00702613141396757
-0.000544305362479403
0.0108918043931303
-0.0338047407407407
0.00655144986204204
-0.000138512673293345
0.0141274798113911
-0.00109262495093376
0.0143560707459129
-0.00336972628737764
0.00852039468432775
0.00911894863886298
0.00970103654485044
-0.000789747270738994
0.00816653077361784
0.00104523123797695
0.0182719126231305
0.0117919127835906
-0.0127945525007714
0.00603107917361734
-0.00892863497631036
0.00566283162147374
0.0089582417322529
-0.00849819931497708
0.0184214281289861
-0.00477324450730754
0.000631023578277601
0.00870335530655075
-0.0128798172704786
-0.0234355960619308
0.00155666112630226
-0.000258994952195057
-0.00297969936572884
-0.00181911384900102
-0.00338456131215825
-0.000130551205082208
-0.00927507475081357
0.00369207561667073
0.00170779026374968
0.00236065573770494
-0.0235510009158708
-0.0150073032965552
0.0114269620071565
-0.000806953619554851
0.00430744374333769
0.00134027608443543
-0.00374781158811133
0.0100765820233777
0.00505450917797279
0.0127051220938361
0.00614219835894647
-0.00181841802359839
-0.00897845176261425
0.00498945614551172
-0.00705514754304748
0.00776310526315793
0.00626718925536962
-0.00609837809783309
-0.00234986951305127
-0.00785132184902715
-0.0323133342126087
0.0129480300007621
-0.000269066200215162
-0.00820997275060675
0.00529244116454208
0.00485961109990263
0.0153143467137467
0.000926170920186209
0.00356901510723029
0.00935193649504562
0.00339295328433842
0.0175575369691447
0.00115035790261642
0.00114893396785587
0.00242288963078008
0.000890459217778306
-0.000381265887137827
-0.00381441821196649
0.00842379089786327
-0.0117706616435728
0.00473866534993173
0.0025494583511585
-0.00686587395128102
-0.00204844447511909
-0.000898011580423685
0.00526456106566098
-0.00383194528251452
0.0117964613872665
0.0030414141152495
-0.00391668973046899
0.0318366581347873
0.00319610333610587
0.0014704325270134
0.00367057370596213
-0.018651700824719
0.00472045962732914
0.00160738136525884
0.000617158360272541
-0.00172711575936613
-0.0139643725646162
0.00614109529839468
0.0012456153618039
0.000124433943434976
-0.00534892406205911
0.00337673841141495
0.0176991019182686
-0.0023270421965208
-0.00712008356395877
-0.00902565562656987
0.00461628185611285
0.0108047942426028
-0.00147440719344405
-0.0111971949500627
-0.000373307611083784
-0.00398356768371544
-0.00524941869142814
0.00201035316046494
-0.0111598620689656
-0.000760816627430549
0.00596439063587351
0.00315377834567099
-0.0164738185289419
-0.0112517198728005
0.010991826949649
0.0140700818623689
-0.016271455805644
0.0123092579127904
-0.000506561133878147
-0.00101383849885506
0.00317138137330009
-0.0230146681078738
0.0138493395327637
-0.00791526853273916
0.0063054691327431
-0.00703318441303769
0.0169993427688513
0.00759780919845743
0.00879724770642221
0.00635358189934898
-0.0398613646925151
0.013537945166012
-0.0218801930812849
0.000650318645471826
0.00896796181523363
0.0108206110068507
0.00853826929351009
0.00138995452855628
0.0217034826498421
0.00938621700152886
-0.00367065935382371
-0.00552618199680721
-0.0170413058641156
-0.00854271378248017
-0.0201469341142154
-0.00775894199511329
-0.0126417432826114
-0.0229673304390884
-0.00905159453059701
0.00627130214782001
-0.00921285758604129
0.0103924795730539
-0.0081201516865631
0.010506167137315
0.0110720904961408
-0.00961529151770668
0.00647242413848859
0.00388532963404797
-0.000533844921927207
-0.0050740687017502
-0.00456319944804184
-0.00134822708233073
-0.0214661401377075
-0.00275943697187753
-0.00553406205774853
0.00667785225422302
0.0182421086478428
-0.0237513572204126
-0.00709025441401367
-0.000420036416130976
-0.00798429763250186
0.00974303868963577
0.00307650669622417
-0.0401506326439161
-0.0142337694766528
-0.00677764814597104
0.00919737373105645
0.00881960912567403
-0.00743106545669825
0.000880754512004422
-0.00513344089175727
0.00869815690113085
-0.000146068405322164
-0.00423916069351504
0.0206987072504974
0.0151014384452959
0.011618021773363
-0.0373949429301137
0.00218236568387753
0.00580723021808494
0.00144338916633058
-0.00172953308141544
0.0170372504465133
-0.000425865973144202
0.00497085613004655
0.0113057656499218
0.0163499864826715
-0.0145745216042407
0.0100460586032107
0.0107749552531422
0.000136695370690054
0.000683287783547204
-0.00450636332761034
0.00384085037473669
-0.0039628450396284
0.00164635754762466
-0.0139707433510274
0.0209751637998379
-0.000408149659864021
-0.00721381506446406
0.00438716741466494
-0.00354903075214219
0.00328764383561642
-0.0293555715280058
0.00211002965874418
0.00645703274724951
0.00181317999218322
-0.00348043983069912
0.00782337223181417
-0.00346548382957423
-0.0112671722251659
0.00126612264304682
-0.00688489551453975
-0.00339555744199205
0.00198750704180828
-0.000708458466747941
0.000283623993812876
0.000850432281342295
0.0145871404250513
-0.0128419599782519
0.0101810094714225
0.0053191207917378
-0.00208858256752975
-0.0138132834885806
0.0101867855121673
-0.00560226875063674
0.00887319718309865
0.00460703635098558
-0.0162590052287243
-0.000282582281641686
0.0282605635831805
0.0107187856555773
0.00489464290028652
-0.00270606127960704
0.0194003529968845
0.00878365729017383
-0.00422163571682188
0.0156332929663503
-0.0140882069351315
-0.000529253756833548
-0.00211813605880151
-0.00543905566884018
0.000400146720019423
-0.0227999866666666
-0.00191020600477276
0.00628843455123884
0.00638501553613624
-0.00296977583774893
0.0178716352847059
-0.00305936419260455
0.00613751859122824
-0.00278486923299992
0.00744687529708288
0.0100316127235582
0.0014375327275562
0.00234896263926498
-0.00429625060008465
0.000392246323525969
-0.0041824596998441
-0.00446258027398405
0.00145024394067872
-0.00355446292199124
0.00158536130042619
0.00422106593381
-0.00328385669054998
0.000922509261564564
-0.00131664257998587
0.00988793697792856
0.00626637092079285
-0.00116766992299755
0.00181840503489816
-0.00311160390684317
-0.00689293805297109
-0.00733365626854821
0.00804750627780315
0.000654299141248593
0.00326968353740109
-0.00938601237630043
0.00908016868219952
-0.00547728221178934
-0.0060319825325994
0.00606858815031974
0.00236034612220459
0.00156980634301895
0.0104493602520732
-0.00284387276572029
-0.0247601247700302
0.00598161613791248
-0.00396409883720938
0.00424515803575831
0.00132108327560454
-0.00870717643639141
0.00319401122163976
0.00517378635608057
-0.00105576089702097
0.00885188244545154
0.002619133019655
0.00600834655194227
0.0109063104741487
-0.00269713585028075
0.00759814532908831
0.0104805728650452
0.0102454467555135
0.00463246508204085
-0.00137089983476812
-0.00124794713270737
0.00524800706295148
-0.0141702802052311
-0.000378249914972706
-0.00163972000050105
0.00290581167641668
0.00050391788248616
0.00768069775071001
-0.000249868802322584
-0.0063742280621365
0.00301884276729569
-0.00464001767343913
-0.00226787190621613
-0.00252562185817351
0.00987465526964559
-0.0205591082070619
-0.00383969040725818
-0.0122061541255002
-0.00143080130453177
-0.00390772452420451
-0.00666930813823319
-0.00579254878610502
0.00357526497253446
-0.00633332885165172
-0.00172617186897261
0.00678374567704187
-0.00832347712185311
0.00572875048571153
0.00158965430095792
0.000396746456861052
0.0034373744505205
0.0075098680498058
0.00928467360684371
-0.0112723762632808
-0.0116629540469911
0.00291701148016466
0.00674250405529486
0.00131317133780251
0.00616394754098359
0.00560480962454624
-0.0080363316127976
0.00431206068616308
0.000260161328907715
-0.00377212553741391
0.0118814995107195
-0.00890325161290328
0.000390548115884792
-0.00832898273446037
0.011154934822373
0.00674882517525655
0.00709040866314292
-0.007296466693684
0.00373943247945463
0.0052672664577218
0.00447281789137377
0.00725190858147351
-0.0022735885379207
0.0108874543837816
-0.000125259865379035
0.000125275557378624
-0.00588604898900558
-0.00264549014785165
0.0011368447931499
0.00668684060845726
-0.0132848475587813
0.00622377723013678
0.00744757627559234
0.00664074694000116
-0.0161811683435981
-0.0102479502752032
0.0116323145226009
-0.00341162501151926
-0.00633954584736096
-0.00408319494386122
-0.00320307482883764
0.00205650377674149
-0.015520767259117
0.0131596351791532
-0.00398668971227656
-0.0127824149560651
-0.00156948733415496
0.000262051362957871
0.000785712404587358
-0.00968330305373732
0.0360729915433402
0.00867226074876881
-0.00556320675499844
0.00267004443305674
0.00989092049339435
0.00891510558657838
0.0180461112145891
0.00599019537933265
