0.0246275293201279
0.00385756134541992
0.0274904025101952
-0.0028768681299749
0.00836699889902381
0.00171674091262197
-0.00742643905108586
0.00489206677047349
0.000572764101419043
-0.00887238398253387
0.00924055438716098
0.00772535799807272
-0.0105054282869962
-0.038163530542398
0.0053698869092158
-0.0359049910116831
-0.0172361162608631
-0.0106482507034789
0.00981318193184588
0.0172413630634525
0.00862868703977537
-0.0027497904948498
0.0456495639150973
0.00498093513754383
0.020408178964717
0.00028568450927402
0.00114251660922582
0.0097004561182259
0.00282564565814547
-0.00366299845759577
-0.00169683524513864
-0.00934842352282728
0.00114381388454321
0.00999715150753455
0.00678736931765855
-0.0134831479649035
0.00597945572913838
-0.0181149198624044
0.0170078309666126
-0.0144557902826945
-0.00488931992424069
-0.0170520035695141
0.000588089446044826
0.00411399067371532
0.0251682929430042
0.0151298565379916
-0.00562428395696146
0.00650451778924532
-0.00561954302624368
-0.00678161564340851
-0.00512086158662262
-0.00800688821267492
-0.00345922524284425
-0.0190916608390572
0.0115010254371186
0.049562678610273
0.033333311375926
-0.0126343673276237
0.00435611284824056
0.0065058019845956
-0.0358200654463694
-0.0284916361597013
0.0123633969536108
-0.006248162158076
-0.00543012960335432
0.00287355163495873
-0.00916905586719319
0.0254482109924903
-0.000846029728976627
-0.0183460178389939
0.0014376404765053
-0.0129199020178481
0.00668992846736405
0.0173359795860286
-0.0139164836251444
0.0308179455161535
-0.0254260704880007
-0.0149082452295813
0.0157159636018545
0.040401156003645
-0.000550837824855877
-0.00248003972658006
0.0182320730202989
-0.00108523720655196
0.00325912168138398
0.00108281463195969
0.011898348496389
-0.00454300699453303
0.0118121049256372
-0.00371456018852168
-0.0247669765131197
-0.00819222114353735
-0.0033039882946978
0.0361878579151431
-0.0133298055714851
-0.0321534707032085
0.00502515228936495
-0.0025000085587501
0.0169869090507762
0.0120482178941397
-0.0143398596715645
0.013724979865108
0.0148930354832355
0.0077374557535772
0.010855185735128
0.011000523499944
0.00233162283512289
-0.000775399672125809
-0.0168132279548665
-0.00420941917050444
0.0108321799891613
0.0086252402600151
-0.0062192633348459
-0.000782274167791752
0.0106993920894836
0.00697131215103552
-0.00205124820770453
0.005138734133316
0.00485685692269811
0.00407021184682788
-0.00380038179914777
0.00127164641991229
0.0124460089893084
-0.000752639597170202
-0.00903839402600359
-0.00304030543931821
0.00228718281383822
-0.00608515990571845
0.00841834194003876
0.00126483171647074
-0.0149065013894881
0.0105155347864301
-0.0159898683728901
-0.0208924281957927
-0.0316122024207168
0.000544031107138299
-0.0135943087198367
-0.0135061200849467
0.0195585516531391
-0.00739925801473018
-0.00331310106685889
-0.00415515430652014
0.0130737452420908
-0.00384401719426875
0.0002756144368532
0.00799117776139835
0.0183160286088806
0.0112751584601343
-0.00716747863896217
-0.000267423254638577
-0.00508157916631768
0.00672044826967033
-0.00480637150353724
-0.00858599531862314
0.00866035306953572
-0.00697618168739089
0.00729536881596848
-0.000804726759334073
-0.00214768723114067
-0.0104923178110821
-0.00652525946773996
0.0103995752368309
0.00297938486374805
-0.00108018288335598
0.0116247347989031
0.0163014405191648
0.00762555471182669
0.0067849678067835
0.0111457135194164
-0.00640863019676718
-0.0118678833538616
-0.0101828225252594
0.053811692063692
0.0040050069400519
-0.0186985539765273
0.00304872577009774
0.00531917854609998
0.00100779807947227
-0.00453060536680761
-0.00353980051374347
-0.0208068695961187
0
0.0101062390878224
0.0253976491421577
0.00375277442686839
0.00324027456631848
0.00795031208462649
-0.000492940209701476
-0.00493222855964681
-0.00371743251585688
-0.00572137838341902
0.0140104765192994
-0.0148038640001111
-0.0110192398725308
0.00962263363247451
0.0140456847341153
0.00445216296804141
0.103176462450744
0.0104911493387221
-0.00485979212244747
-0.00421754161547494
-0.0133749062839958
-0.00361495009669444
0.00634916552337961
-0.0126183287940542
0.00319486786957346
-0.00159234279889575
0.00205064896719742
0.00682120173302425
0.00880758343566268
-0.00604430118807109
-0.0204954817923054
-0.0305817131933127
-0.0315465292215493
-0.0117560640634102
0.0185874026288573
0.00608274127432318
0.0140265941050142
-0.0228953051812417
-0.0253844641969575
0.027047350611241
0.00365767057225685
-0.0136054766780368
0.0243842461083139
0.00480883707945789
-0.0134003135348111
-0.00800386477609549
0.0352077720442383
0.00259805306236194
-0.000942273392018245
0.0219287966358317
-0.0191509074453737
-0.0112914625516317
-0.0135617586012706
0.00988905842830512
-0.0341533542434189
-0.0314045155231251
-0.070717433687657
-0.0112636823356012
0.0222284000516952
-0.0203860193759576
-0.0011098642230668
0.0161111116316974
-0.0322580815993226
0.0138418565826242
-0.00640852825840466
0.00616939041832465
0.00418062258569107
-0.0177629783240583
-0.0124329069596993
0.00886983601230473
0.0127623331512059
0.00812097006694068
0.0316666328182407
-0.0175013308065882
-0.303918861705279
0.0854330175170506
-0.0210373609119215
0.000741049381264736
0.0211033220782795
0.0192167707427437
0.00320173051690964
-0.00390066996255189
-0.0103239527611056
0.0190646952689839
0.0285915793941829
0.0377488669731596
-0.00396827110549414
-0.00996013046935806
-0.0657277809841802
-0.00969127537054404
0.00471184540266978
-0.00432903526014672
-0.0148550015782105
0.0114011922387001
-0.0665454574559473
0.0249318321852272
0.0380083504572342
0.0230685162073292
0.00644241049257288
0.00497863088986761
-0.0268931692497476
0.0145455060863486
-0.0265232865752498
-0.0276141992200239
0.00378642949234487
-0.0192379346809867
0.000384575289794853
-0.00576704094698732
0.00232020221646856
-0.0246913624790428
-0.0486550409122258
0.000415770971495144
-0.001662489885082
-0.00874276282351405
-0.0155396277340483
0.00255973092595729
0.0497871901281313
0.0206728945279968
0.00397140328588863
-0.00118671733777898
0.0134653855158364
0.0152403061429061
-0.000384871363268147
-0.00577593624363359
0.0441517731706904
0.0140949741186533
-0.0340160929609742
-0.000757235311568683
-0.0549450363082925
-0.0360866092227761
-0.0973377797567694
0.0221198188174734
0.0356176051303361
-0.0335219829951391
0.0139639987708802
0.0191025742037156
0.0217960488176983
-0.012372020934504
0.0185744828215648
-0.00890580280534792
-0.0834403290938915
0.0317460136780641
-0.000904913312339439
-0.00860508295936313
-0.0356327327614849
0.00426334932788786
-0.0481131733178173
-0.0594648423050812
0.000526903480176255
0.0352816730617083
-0.0350966393177403
0.0100158274099245
0.0375782949784478
0.0608651661823052
-0.00663817494033569
0.0038186163529712
0.0418449422736678
0.0251026691783591
-0.0209260080517502
0.00181897091368954
0.0245120522300195
-0.0256978143289165
0.0227375313278775
0.020453617162949
0.0261437141828678
-0.0127388170981909
0.0176344384825804
-0.0705832602537785
-0.0168258986414691
-0.0448658412952762
0.0460049014378934
-0.0305556018585366
-0.0439350361389116
0.00949052138216411
-0.00346368400434549
0.0620655595246387
-0.0201028651297691
-0.0085877679828168
-0.0500481479161591
0.0177305105538672
-0.0119462441209184
0.0231738288971317
0.00787789394304594
-0.00341967371904317
-0.0269607752847461
-0.0211586731043022
-0.0169840804049215
0.0518324823123826
0.0318566509891154
0.0202604916441351
-0.0264775461274136
0.00534241034711558
0.0294685940607249
0.0398873741338395
-0.000451216518892572
-0.00316025810915777
-0.00452908816129194
0.0409463202102831
-0.010489468992675
0.0123675302371424
-0.0174520676865256
0.0279751703325888
-0.00431963710200667
-0.0104122069939799
-0.007891200514205
-0.000441978062739157
0.0101679822211584
-0.0341356349954255
-0.0117806962917962
0.0880330447140401
-0.00632114345947299
0.0135708253742157
-0.00669456195584806
-0.0269587387450685
0.00519484244988044
-0.016795856006472
0.00175205894246999
-0.0109313805534564
0.00839965738863269
0.0197281989619758
0.00902842513812718
0.0285470944896791
0.0140844363034909
-0.0175653170242003
0.0141371573967271
0.0172202683807199
0.00282141807130531
0.0144694353762371
-0.0170364082360217
0.0197500745845789
0.00948611461044679
0.00469853269114662
0.083398329481942
-0.00539572174369718
-0.0169982203537763
0.0132451034252905
-0.00108932021943153
-0.0617957157745352
0.0089112516611356
0.0195852646128429
0.000376621157962109
0.000753046762842269
0.0037622120630767
-0.0258621152632726
-0.0334744088203041
0.00716565638533884
0.00197622382118312
0.000788991032870445
-0.0161608473431215
-0.0256410307877221
0.0316611958829172
-0.00199277795872588
0.0263577746541013
0.0116732222940559
0.00923071903195494
0.00762192075610679
-0.0158850102134021
-0.00807065704681609
0.00968609022176925
-0.0107443677325278
0.0104731928666879
-0.0084453151152849
0.00851724594117242
-0.0230326659312341
0.000393004498921101
-0.0231736697495987
-0.0201044908363195
0.00902751138906388
-0.0406669231362795
-0.00211959023030084
0.00467285012188445
-0.0291754168080106
0.0117595346670174
-0.0374515664039755
-0.0111807100475716
-0.00542731148217912
0.000454704756618574
-0.0072727285976858
-0.00457873630273109
-0.0285188831599338
-0.023200728373041
0.0523509293100586
-0.0198065538461539
-0.0140977038535595
0.00953286598912628
-0.0226628933602977
0.00289855526121974
0.00674375920762449
0.0239233805938526
-0.00233639251331796
0.00515217282170255
-0.000465934683698821
0.034032653022837
-0.0121731852280812
0.0187129334879155
0.0295699538985723
-0.0156658926965613
0.0176835288734596
-0.0317115873201705
-0.0246747186091166
-0.00367991486718022
0.00230845515338896
-0.0050667384615386
-0.0402778310820444
0.0207428984961588
0.0255198727314794
-0.0115207524351754
-0.00466200150423013
0.0154566436173298
0.0166051460126153
-0.00635204673963419
0.0168949094023485
-0.0116748829121466
-0.0109040761218959
0.0211299564977665
-0.00899683030538456
-0.00408535214576589
0.0195989649470802
-0.0210103160605871
-0.0369863360296485
0.0341394093863125
-0.00962854176301797
-0.0166667073858002
0.0277777921924043
0.0123682660349869
0.0085972809921171
-0.0242261186924833
-0.00597701843460452
-0.00138759856109338
-0.0532653745161891
-0.0508806349529528
-0.00773194509618436
0.0275324786368831
0.0075833871172386
0.0822880652665168
-0.0352341648818109
0.0278712167257313
0.040205730259538
0.00808981006103471
-0.123495293064169
0.00712108064326555
0.0156565368008876
0.0492292762917343
0.0308056588084276
0.022068969880555
0.0238417107411202
-0.0131810982127991
0.00534287004993295
-0.0403011236333993
0.0115367173189138
0.00912406584760883
-0.0226040381655688
0.0402405127582983
0.0102267566028156
-0.0061619327628275
0.0340983826737722
0.0263194949895869
-0.000696905923345037
-0.0350069052304143
0.0147419709570176
0.0209372029758896
-0.0269252232142858
-0.0166308817204301
-0.0377605503869689
-0.00212119696969704
-0.000151882779351853
-0.00835224019293057
-0.00290967827367494
0.0081400398074023
-0.0103595370255872
0.00584970760236625
0.00673405305993602
-0.0177865311308382
-0.00464329044043821
-0.0158606287003772
0.000316005683109521
0.0507028265565816
-0.00871910742870297
-0.00485288126014938
0.0248399409551994
-0.0301858587360595
0.0269856174948542
0.0126903398317255
-0.00825600742279187
0.0188792040528856
0.00554416391094015
-0.0216192403255728
-0.00355921696574224
0.00461375190910096
0.0100740740740741
0.0112935904957463
-0.0134880353946932
0.00176421648474934
-0.0176107575229051
0.0158350458370167
0.0132353235294118
-0.000870914343369722
0.00798958500811064
-0.00734979114209244
0.00159699484307474
0.0134802149146316
0.0135870284206814
-0.0342881458605271
-0.0115429569975759
0.00650397615657128
0.030694729369642
-0.0131091194072386
0.0336412638278585
0.012432002370834
-0.017246136151512
-0.00954653897740243
0.0119063921230449
0.0142877856042554
-0.0332827491626709
-0.0630000571428572
0.00640350702262582
0.0257536274578509
0.000590769466707552
-0.023763852398524
0.00922287585761827
-0.0149812734082397
0.0159696273764258
-0.015568876546308
-0.0200729920902374
0.00496585956033946
-0.00679434815335567
-0.00652981965174115
-0.0115806256156299
-0.0169411019632678
-0.00322114672249962
0.00613994193149048
0.0317970130078689
0.00824901167315173
-0.0135843935409755
-0.0237871823540788
-0.0160307788388782
-0.000977533382575224
-0.00538157208088719
-0.0132808980724414
0.0029910435360585
0.00132534789056749
-0.00496360034684973
0.00881275372152901
0.00148343502500214
-0.00757075403458707
-0.0038142455027238
-0.0106542367238223
-0.0131246508497391
-0.0202899055314609
-0.0365471290732186
-0.0148121384607633
0.0122845248939398
-0.00398473109916209
0.00618294212827997
0.00108434841553051
0.0115544324165811
0.00267715514326539
0.0380918476326095
-0.00171466049382707
-0.00790111631911516
-0.00363571688489328
-0.0231103044849749
-0.00409105293327916
0.0119663864273483
0.0135898340981293
-0.0149747518718439
0.0146721230334099
-0.02177700272554
-0.00819239507774194
0.00305264864522625
0.000895076962136088
-0.00357719549275615
-0.00269247895696434
-0.00215986317206873
0.0106421358340933
-0.0151704268279569
-0.00579918448713312
-0.00455705423702057
0.0239882251604426
-0.00339767537187685
-0.00556256953167056
-0.00559359457212549
-0.00381054248211676
-0.0052823495343407
0.0281999811719469
0.014247532885217
-0.00386305524384456
0.0178036664903931
-0.000519622427446298
0.0159418127870701
0.00392290629502123
-0.0122324496732509
0.00172003786928165
0.0353708263952326
0.00580436162196296
0.0257213017074591
0.00739429364080202
0.0110101008779353
-0.0189394094233047
0.00820460102960108
-0.0202648163480075
0.0144950972477167
-0.0274522230301457
0.0176625943326973
-0.0131387181463514
0.00525969756738975
0.011608878351864
-0.0092128658350229
0.00799350747134597
-0.00226572257216817
-0.00827255447615394
0.017827952532351
0.0114092720552788
-0.00524305696287031
-0.0372145338250354
-0.0232249174390331
-0.012398080631826
-0.0235598100237383
-0.0109193203754724
0.00480769230769229
-0.00797448165869219
-0.0219721329046088
0.00127853881278539
0.0176942904049617
-0.0132640614220458
0.0090826522994123
-0.0216021786066999
-0.0290708014377479
0.00227400037900316
-0.0296842319849543
-0.0099376266562744
0.00413302491373702
-0.0223441591532733
0.00661583787859188
0.0209121493908015
0.002926297422017
-0.0105038124878427
-0.000982877943441651
0.0242030499803227
-0.00999039404400381
-0.00776242980326847
0.00762759617391762
0.0172748447204967
-0.00190801373783622
-0.0263812076776676
-0.0424111525623404
-0.00553619028091046
0.0154639175257731
0.0278172385786801
-0.00651912300511903
-0.0107377408880942
-0.0100502512562815
-0.0154314314720813
-0.0169107850315204
-0.0956575873991017
0.0292275103403501
0.00878970044601535
-0.0015638740645163
-0.0239427170271362
-0.00802381953287057
-0.0108620522301827
0.0280374071971357
0.0215909318181817
0.000444938811013706
-0.00266851228222131
-0.00624298801529488
0
-0.000673076060130229
-0.0361473049809765
-0.0128115303983228
-0.0127418826630041
-0.00454106118546849
-0.0218487384466393
