0.00850692285127597
0.0177429023344122
0.000285738766176769
-0.00342854285714289
0
0.0243692366866617
-0.0148334452840749
0.0153409370641777
-0.0128708162915044
0.040249490936777
-0.00299730237064566
-0.00519262093468165
0.00192304934488741
0.0287907587389427
-0.00213222281449899
0.00881412950892457
-0.00450097961344997
-0.00132976070902979
-0.0431424512155113
-0.0158641525187866
0.00141399882878956
0.0084721547585429
0.00224032490171711
0.00726454296550605
-0.00305131769906564
0.00862551498679776
-0.0275862068965518
-0.00198581560283684
0.0144968447981808
0.0134491177766634
0.00193541619770055
0.0126931284385692
-0.0130790187171929
-0.0146328543723674
-0.00280187735505388
0.00674352346164642
0.0147920449460204
-0.011551209803322
0.00918199802954933
-0.00964990350151651
-0.0114142545330875
-0.000844776166982752
0.0310034385569335
0.0259703922378134
0.00213168137840869
-0.0159532832769665
0.00621464502645996
0.0163801280139566
0.00951125545634124
0.010991939570582
-0.0137199841128661
-0.0267715499617611
0.0132146163314661
-0.0284801703486824
-0.00767120547945199
0.00138042514134651
0.00771985111662521
-0.00164150483287295
0.00383663996510619
-0.0032760850866479
0.0112298006699425
0.00948001134777976
0.00295146230211962
-0.00347782227186133
0.0198658255033557
-0.0194788618331738
0.00322144966442961
-0.000802756243049263
0.00187466523835012
-0.0109596364608393
0.000810783783783631
-0.0267350263768573
0.000277413976764507
0.0244105693317773
-0.0200379366368806
0.011329069116581
-0.043715794738568
-0.0148571428571429
0.0150812064965198
-0.0211429142857142
0.00525396995061111
-0.0270035141406362
-0.012533513132409
0.0244787549108492
-0.0141594091941352
-0.000897636199738705
0.0116801441054248
0.0298994088188103
-0.00862313858513541
-0.0153668590683177
-0.00117788578262334
-0.0321343179324479
0.00578732831024498
-0.0121139006662629
0.0107296753749135
-0.0212314521919487
-0.00526811279826478
0.00093467295543137
-0.00933709899355439
0.027018504555451
-0.0091771186655587
0.00926211822359102
0.00734172552284251
0.023990312784695
-0.0139383447823742
-0.00150372932330822
0.00481927696327467
-0.00449646269494997
-0.0111411927474012
-0.00974421437271622
-0.00276752767527688
0.0351526364477337
0.00119156985403635
-0.0226124063489316
0.0161340344678256
0.0134811559771972
-0.000886875501810547
-0.0118342311193559
0.00149697595826481
-0.0020926755727152
-0.00748951445507751
0.00996069997100224
0.00627612092875429
-0.00831597910994819
-0.011979545132661
0.0203091227457337
-0.0163398395721925
0
-0.000604077299786066
0.0293140223632515
-0.0202584257117315
0.0104885229394225
0.0029655693070707
0.00591366055588427
0.00293941798941799
0.0202228024684292
-0.0226946560558845
-0.0170488242210465
0.0116627694875231
0.00295589695797238
-0.0162098143236075
0.00808870556954155
-0.0166419603778923
0.0135993049259593
0.028622509581917
-0.000289797101449385
0.00376912126592521
-0.00837657447650419
0.00378668780735869
-0.00174106215151093
-0.0148256677426937
0.00177049282297115
0
-0.0035345801609844
0.00472952972335028
-0.00764936701092278
-0.00919069077972123
0.00508683453541803
-0.0047633224173862
-0.00957221058929114
0
0.0323164895102239
0.0020479812755998
-0.0102189197080291
-0.00265489659853124
0.00561960941675221
0.00529411764705889
0.0023404915155063
-0.0213076194575378
-0.0038770356062342
-0.0179641606009485
-0.000609756116151217
-0.02287980545698
0.00249772096464951
-0.00965437528326452
-0.0119496544638256
0.00986632718014002
0.0100850614560353
-0.00343207499008036
0.0259861920480218
-0.00518773268233153
-0.00306742350106892
0.00769230769230766
-0.00152668702290071
0.00214064213637188
0.0024411962160511
0.0225266984795556
-0.00297701696933628
-0.00298605536064145
-0.018268943344383
0
-0.0469798366985916
-0.0105633802816901
-0.00905858945325133
0.0120796935057033
0.00451609677419351
0.0163776819646011
0.0139020537124803
0.0112184792770333
-0.021571678842167
-0.000629921259842514
0.00819413803970992
0.0140668646452018
-0.00801476596839601
-0.0027967681789931
0.0186973823621064
0.00183545432350729
0.0100763969465649
0.00997575514052262
0.00568686022149056
0.0172619653132122
-0.0111176418958455
-0.0236686101677104
-0.0109091212121211
-0.0686274224456932
0.0342105592105264
0.00890578852080837
-0.0100882411755436
-0.0203821656050954
-0.0260078348504552
0
0.0100133848469088
-0.017845373430271
0.0191790719777614
-0.0165070975071939
-0.00134276598379435
-0.0016806386554622
0.0154881812966943
0.0109416445623343
0.0186946211872747
0.0164198653064991
-0.0209059233449478
-0.0126172759624718
-0.0674967562254259
0.0196767751116225
0.00172294968986919
0.0147918816649466
-0.0101694576271186
-0.00171236295505617
0.0188679588336194
-0.0168350162681813
0.0212328417386014
0.0160965459423206
-0.00297029712773256
-0.00264812984601548
0.0248921349117868
-0.00194297286084766
0.0068137897469176
-0.0141798577447677
-0.0065381170317097
0.0187561704098773
-0.0161498713226703
-0.00919235092555326
0.0132538104705102
-0.00392416612164803
0.0180565009210933
-0.037084779103515
-0.0231078692864075
-0.0212547480287968
0.000350262709291282
0.0010504552188535
-0.0234347674011892
0.0161175143266474
0.00493475484896888
0.0206944931602946
-0.0123711340206186
-0.0226165622825331
0.0256318618725526
-0.00242967727975285
0.00452334725121784
-0.0107378589976495
-0.00770304648820197
0.010938602681722
-0.0335078184991274
0.0155290713062812
0.00142243949422349
-0.00568181818181823
-0.0117857142857142
0.00397546078785682
-0.00287976951476709
-0.00288808653833628
-0.0112238229100715
0.0197730142721719
-0.0183123877917415
-0.00731532553035841
-0.0158437736125193
0.00187199557738671
-0.00822118834080721
0.00113033153239139
-0.00338727888596158
-0.0203927114803626
-0.0185043169427788
0.00746272613757748
0.0307992592592592
0.00605139916598341
0.0112781954887218
0.0197026022304834
0.00328107911046294
0.00981108284883714
-0.0014394026110327
0.000360360360360357
0.0068444164265129
-0.00930232524857522
0.00288909343123533
0.00720198055455534
0.00679302848741603
0.00106537642045446
-0.0124157852991917
-0.000718390804597679
0.0086268511861971
-0.0042764791260328
-0.0143163917567504
0.0134349668324267
-0.0161232891436761
0.00655498931372867
-0.0311142558290252
0.0238983934317256
0.0222465718453682
-0.0310382079543985
0.0250368188512518
0.00754306752873557
0.0235294126035441
0.0299547554843176
0.0145417653026716
0.00466663333333339
0.0487724634629219
0.0202467250791925
0.0201551007751939
-0.016413403257544
-0.0129789860018854
-0.0256731363283301
-0.0260283410659272
0.00494886192506971
0.0183848003409324
0.00225660863958743
0.0115793181087167
-0.00667729708498266
0.0144046414852752
-0.0157778474036653
0.0179544399501623
0.00724409448818908
-0.00781738586616632
-0.00756381972896314
0.00889171165449354
0.0173119294932327
0.0235149133663366
0.00846429815814398
0.016786480312156
0.00913921044452892
-0.00175290680689444
0.016388704500363
0
-0.00230342643247905
-0.00432906179918835
0.00811591304347825
0.00373780919315148
-0.00200515611572594
0.00114813432835814
0.00344033820411882
-0.00799997142857134
0.0169930870681714
-0.00424811656051793
0.0150739192263938
-0.0072849259536264
0.0121366356195314
-0.00557727257174367
-0.00420644980370144
-0.0256265855041727
-0.00838141666944603
0.00116575339068037
0.010189316459349
-0.00461095087576524
0.0156340759804843
-0.00912212034651527
0.00517839500451056
-0.0163136810622119
0.00174573761261976
0.0107464130119082
-0.0278734778124562
-0.0138930231219023
0.0218824633728281
0.00234667057788207
0.0131694769194894
0.0210860491359344
-0.00537476692360783
-0.00199089874857772
0
-0.00883445426047325
0.0138010067222833
0.0034033751221425
0.00847933836971904
-0.0120515695067265
-0.00141841134751775
0.00397724420519197
0.00339555744199216
-0.014664411017045
-0.00629645123916567
-0.0109447289474445
-0.0142691322073385
0.00974895183154811
0.00263311878291406
-0.0157572220601111
0.00770833086273348
-0.00323627518468506
0.00855953339552729
0.0046825873387526
-0.00174780065553148
0.00408520571928772
0.00900903807032849
0.00691238459353727
0.00171627579279954
-0.00856650485436894
0.00950455041749554
0.00256776041562801
-0.0153671319114154
-0.00578023154799023
-0.0159884874425298
0.0100443432817929
0.000584966381543373
0.0128618244040286
-0.00606069229086914
0.00929149272042662
-0.00949361389491454
0.0151031367993029
-0.0160229466087854
0.00581567332991195
0.00838395490026
0.00688067640823742
0.0353075750372316
0.0013751099731818
-0.00549302389453432
0.0115990613531913
-0.0253890246959043
0.0114845935158376
0.00803104380971909
0.000824120833839537
0.00878396925610758
-0.00979594557823116
0.00274809021016997
0.00493274842791203
-0.00245421338719465
-0.00902137730883668
0.00579307586206901
0.0260559798698841
0.0024057738572576
-0.0109333333333332
-0.0134807225667296
0.00737909264826442
0.01139441097682
0.00482832630977281
-0.0181526966938789
-0.00570959776263169
-0.00656270166803385
-0.00522991988825094
-0.000830049829276591
-0.00720030442535846
-0.00892605349657205
-0.0202645094360965
0.00373450147272325
-0.00887229561740976
-0.0115507071455182
0.010225007303535
0.00375931152346376
-0.00979544827990353
0.00174573761261976
0.00464711007842
0.00346918184446365
-0.00576205721008516
-0.0176759210475759
0.00442469000444312
-0.00704839961963
0.00561960941675221
-0.00558820588235298
0.00769000273025733
0.0111535368359261
0.00319303328902665
0.00810182268223913
-0.0413317451205512
0.00688619719244321
-0.0172465650536258
0.00211800308980337
0.0160025065218148
0.00534918244581384
0.00975459593528827
-0.00731850117096022
0.027720377469773
0.0106170163912205
-0.0119250990367662
0.000574741395825917
-0.0183802412406663
-0.0049737273259215
-0.0211701570814561
0
-0.0156203359681483
-0.0277692706743974
0.0084745760051923
-0.00217864916966548
0.00374295060065655
0.00994406463642017
-0.0107691692307692
0.0111973865507069
0.010458321160155
-0.00456611899945925
0.0015290213599688
0.010381679389313
-0.00634629797521924
-0.00121657538879016
-0.0103532277710111
0.00461544615384613
0.00765696737170174
0.0109421269943997
0.000300721605575482
-0.00120228434024661
0.0252783629250679
-0.0237746404461402
-0.0168369523052888
0.00244642194353428
-0.00274557665483754
0.0223309581624642
0.00718138881995145
-0.0472370766488412
-0.0586217337075149
-0.00629350757557112
0.0256666666666667
0.0422489437764055
-0.0146554412223261
-0.00348101265822798
0.00762146713242307
0.0236369366530096
-0.000615794334975162
-0.00462101061679032
0.00835657665253553
0.0248617848458084
0.00808628356053531
-0.034165240641711
-0.0104583211601552
0.0261112854281185
0.00939115476468677
-0.0081032713085234
0.0145234497586519
0.0199821658211206
0.0204678648986005
-0.0111748990730716
0.0275282832528707
-0.0104342642536454
0.0182388144770589
-0.000279848866498567
0.000839837602468085
-0.00811191608391604
-0.00902425293356612
0.00483784874325122
-0.000283262523838479
0.00283294625589092
-0.00564974544351726
0.0147727268530475
-0.00643894158905556
-0.00845316943064689
0.00852523468386557
0.000281713142760598
0.0163380845070422
-0.0224501650526515
-0.00595404026084501
0.00941237851077092
0.00141282852254387
0
0.0124154066708637
-0.00473807121688752
0.000840184845706471
0.0016787072367821
-0.0139664808370525
-0.00481580750186428
0.00626236816788017
-0.00169722781879655
-0.005950665742401
-0.00114027929644944
0.0239726020555766
-0.0119843920851619
0.0104372070398531
-0.00111672250139594
0.000838513159265419
0.00558494818249256
-0.0216605954823993
-0.0107863184785694
0.0048781064492458
0.00228435179897191
0.00740749329957224
-0.00395927590612888
0.00567850636915068
0.00451733509414654
0.00955581733806543
-0.00640309055696497
0.00812555360396616
0.0333518621456366
-0.0164066702528241
0.00382824719715624
-0.0174339149396328
0.0097032991405599
-0.00274568933254749
-0.00688325991189431
0.00166345993900752
-0.011347910009745
0.00167967520493617
0.00531028522387622
-0.000834083935666419
-0.00834724564126998
0.0179573517945384
-0.00826899140763482
0.000833740967204122
-0.0122187732418092
0.0109642676412709
0.00945495020731224
-0.00936639144260021
0.00444938833285269
-0.00775191051361868
-0.00474335937500014
0.00728909488584772
-0.00640130809908157
0.00784310902400254
-0.0044469149527514
0.00893352875488551
-0.00221355844531157
0.00582359939479771
-0.00827127102288394
-0.0044481511134794
0.00921524688033393
0.00138350861603498
-0.00607897225971177
-0.00194603831120277
-0.00334270176363793
-0.00894354412922127
-0.0115623240711317
-0.000570613425695199
0.013417100011907
-0.0118309295774648
-0.005131128555808
-0.00171925491580194
-0.00602752583237665
-0.00866297982492115
0.00378668780735869
-0.0139291646526167
0.00206000588581534
0.00851691654968922
-0.002329702970297
-0.0195562766816273
0.00506097052694243
-0.00770136301548363
0.0188060000000001
0.0167008492030223
-0.0054755906202999
0.00985221731974595
0.00659982821232874
-0.000570153901359505
0.0134055329890035
-0.0045032368281237
0.0124399777336719
0.00614347930344916
-0.00582844867689269
0.0067001954215522
0.00693288943613735
0.0115670335564022
-0.00353939558943639
0.000819754143156048
0.00163794699323105
-0.00218037618371159
-0.0057361101956811
0.00604387329429268
-0.00382302031193404
0.00191883223684219
0.00383036946184312
0.00354322713391197
0.00706143400325909
-0.00647254549770515
0.00135719326818684
-0.00596370306217697
-0.000272647955966709
-0.00436442989634467
0.0194520273972603
-0.0120935504459433
-0.0155059584062002
-0.009671152519236
0.00641741071428559
-0.00637649015802599
-0.0089285714285714
0.00450450450450446
-0.00280263452914797
0.00505890921535079
-0.00111848440259976
0.00979840398100773
-0.00970332686443021
0.0095184767771983
0.0268995555490972
0.00351069412667271
0.00618942411194845
0.00561644839840714
-0.0031914363399701
-0.00747062433297752
-0.00483873642906618
0.0178282009724473
0.00822722929936304
0.0107923131986147
-0.00156255200195032
0.00547728221178923
-0.00337226986698491
0.000520588262393984
-0.00702395959999902
0.00131000792821645
-0.000261695440562648
-0.013347239291998
0.00106103445461447
-0.0063593531341094
0.00266661333333329
0.00638303225441672
0.00766387420718817
-0.0138998947311856
0.0103724473602365
-0.000789760421702312
0.0071127767943302
0.00235417211613931
0.000521920668058451
-0.00104332290036524
-0.00078326372802251
-0.00130648027175329
-0.00994246441804125
0.00079278541226202
-0.0087139690708733
0.00159821519450687
-0.00132976070902979
0.0127829563990134
0.00368127803526908
0.00785965459049809
-0.0153366255436282
-0.00211198516071842
0.00793648169144134
-0.0128608143234024
-0.00558359464015956
-0.00320863619205169
-0.00992486614605326
0.00650235708480107
-0.000807617722335507
0.0129310078914604
-0.011436170821073
-0.000537960749957489
0.00672947473865548
0.00721914399897616
0.0124767991758323
-0.00786573172170246
0.00924944503171243
0.00418955234850871
-0.00521501982868422
-0.00288338123809284
0.00683485786448856
0.00417754580098051
0.0124804995444747
0.00770423748598437
