-0.00679278085261636
0.0359393858119887
0.0396116245954692
-0.0161872249081614
0.0105049231615004
0.0211673733049786
-0.0141052620398046
0.00273701179660413
-0.0131513278697599
0.0149610508554054
0.0525207214472667
0.0112980933117797
-0.0237402653322473
-0.0100130648469789
0.0121612879411936
0.0126101002286487
0.0103383102559336
0.00534882558139538
0.00751795058429283
-0.00711747207992797
0.016764990559949
-0.0113713893251901
0.0164481362675837
-0.0150503785769929
-0.011029400149019
-0.0161477691415479
0.011453559772026
0.00175103890959427
-0.00256382711953906
0.0177591432531436
-0.00711747207992797
0.0119088799146463
0.0122257659583787
0.0108365170261437
0.0201004460044518
-0.0113847840478333
0.00431844766511902
-0.0321940253206402
-0.0052403623290086
0.00240493586807156
-0.00228489663298193
-0.0147715672787915
0.00953045084227733
0.0107068845186866
0.00307548692247983
0.0144220307613452
-0.0045897681721756
0.00101219075600967
0.00337036280484515
-0.012428630890799
-0.0252834022205238
-0.00709549834715018
0.00468604727406219
-0.0181903563854862
-0.000356282673026564
0
0.0441962823855597
-0.00386842648615804
-0.0271845221981317
-0.00176119529790297
0.0043519408733923
-0.0334933836923923
0.0115110143161397
0.00551028969177225
0.00166785795406565
0.0193862626216399
0.0201843777877073
-0.00171547342828293
-0.00698821162804197
-0.00934468158744817
0.00815182223762112
-0.0073928612683376
0.00337485162341422
0.0185571674952776
0.000569380551127319
0.00147942409880208
-0.115113602272727
0.00423775506981805
-0.000127813304135915
0.000383667978419933
0.145103539438717
-0.000893178519593585
-0.00893950182008041
0.00529937974293881
0.0240017822341059
0.0109529021592694
0.0265438452910993
-0.00601583113456461
0.00456573582501574
-0.0143748122357593
-0.0160857908847185
0.00468664850136258
-0.0125841071816013
-0.0126345203021706
0.0168019800778243
-0.0123659119839981
0.00332413296398903
-0.0132524015487885
-0.00447678801291074
0.0274311645002079
-0.000437695595116527
0.0177340233767711
-0.00688393022605216
0.0185205129747534
0.00680560392592944
0.0129911702577101
-0.00531750577343315
0.000733742122982273
-0.0159212735317767
-0.0126662590526745
0.00991804635795512
0.0054440862510674
-0.000637063368997492
0.000424954863219584
0.0404587987779292
0.00612368832036059
-0.00111585512039247
0.00182797804582124
-0.00841360347869036
0.0141075138008588
-0.00443543360187804
-0.00678418374272616
-0.00132528295749956
-0.00806452641960509
-0.0110116293302795
0.0135276173470888
0.00934287455148097
0.0117994407852597
-0.00552933542244549
-0.000202143150063616
-0.000808918082731758
-0.0103217668488159
-0.0157464310098232
-0.0210887072285746
0.0791679800753058
-0.00776870866813439
-0.0211100590463813
0.0033411057003474
0.0188698591093817
0.0177280477594528
0.0102179445267041
-0.00568343137816063
-0.0119163242402991
0.0210805083063146
-0.0070097465624136
0.00038674207961531
0.00260999524243588
0.0171615790863713
0.00369667298578191
0.0671451607058755
-0.0208849646017699
0.00262112258334346
-0.0152348508068152
-0.0181251925691174
0.00177134995764772
0.0016751978131746
-0.0094768747415277
-0.00909860229717097
0.00719427307075238
-0.0151315880614363
0.00219482772979451
0.0299942971813263
-0.00277336604924416
-0.00166868448126389
-0.00436438844155662
0.00680839389285204
-0.000555794364681561
0.0165909817090646
-0.00911743253099928
0.00754508649245489
0.00301371689497709
-0.00773922411473682
0.00266098359347633
0.0131783841817072
-0.0339626233760512
0.0224404026865004
-0.0197530502012445
-0.0011195260543051
-0.00523020453908651
0.00516379672962541
-0.0204557728461754
-0.00305139688038336
0.0327116011656163
0.0291747890231102
-0.0347372290837681
0.00177134995764772
0.0241973575857801
0.00672419790847267
-0.011102112003772
0.00483751377943631
0.00517765483432298
-0.0103018882956122
-0.0348794750240908
-0.0073793663400008
0.0214449108167158
-0.00279924424371092
0.00692428164337189
0.128519662405728
0.00946964740662626
0.0160698430889907
0.0179030429978011
-0.040933850927251
-0.0046052385625861
0.00371775443061995
-0.00296321512821163
-0.0028894411679049
-0.000993500587791907
0.00820485634991353
0.0111796134619053
0.00252010401560665
-0.00145962536490418
-0.0360565375674561
-0.03529903206316
-0.0538818085078716
0.000738434585137115
0.0629035244955456
0.0191773606243901
-0.00800336333767637
-0.0130461245722062
-0.0401773639477757
0.0272718484931092
-0.00432173234225786
-0.0147045443768673
0.029038891601936
-0.00969771981214151
0.0228496166360763
0.00577884240505688
-0.00737501923184103
0.0266090885529158
0.0492299747668103
0.0332852261790182
-0.0181635020078631
-0.0012648905251782
-0.011477914802851
-0.0219410479326004
-0.0134272065942952
-0.00373441493775928
-0.0277384582822543
-0.0232179487387084
0.032190140650993
0.0190346532970769
0.0225150520766353
0.0108464684999232
-0.013957208889646
0.00580918830134847
-0.000406759944683976
0.020019523600737
0.013403550770817
0.00850266907186281
-0.0487900679723622
0.0273286996689159
0.0175746684773925
0.0241011153423092
-0.0108087698921142
0.000775000042041007
-0.012079890135356
-0.0170089196267609
0.0237620198146233
-0.00996960830259053
-0.0103060183281722
0.0100158582667123
0.072721589370716
-0.00652970638599337
0.00723724223507149
-0.0162768605929823
0.02340314561233
-0.0290582700321648
-0.028802961283973
-0.00362991206765251
-0.00209278358626408
-0.00621409794104011
-0.0214163276314472
-0.0213258631308113
-0.0133844773801067
0.0364794775124451
0.0222665038563488
-0.0143648689004566
-0.0105346693069306
-0.0292187084409016
0.0193782968428704
8.08445215780829e-05
-0.0042060665907806
0.0156770366690193
-0.0154350606571093
-0.00682319870990822
0.029851975869436
-0.00698854045407471
0.0047184580556745
-0.00485552825413182
0.00471927702893793
-0.0191067747861892
0.00884671705905959
0.0477876255562117
0.00706387411456255
-0.0189844916442667
-0.0257246992418543
0.00175495371924894
0.0154482797348579
-0.00972394941320454
0.00150460881774306
-0.00292561870067509
0.0126883348562781
-0.0111981208582174
-0.0156014417264935
-0.0281576823453495
-0.00720201141054599
-0.00742098724255813
-0.0355342990966542
-0.0296140933649349
-0.00188499230284567
0.00629500916263526
-0.0494191143982285
0.0122214436714834
-0.0456022670307843
0.0249123973352978
0.00911506836308407
0.00112912119993536
0.00676692656453137
-0.0178305073423122
-0.00266133449920469
-0.0514628895454112
-0.00843963637536049
0.0238119257511009
0.0109857580068708
-0.0336759954248459
-0.0244149126169072
0.0373831660212929
-0.0636636723991256
-0.021488154570364
0.0121271715517008
0.0184585386275748
0.0956015388574782
-0.0108348937553963
0.0311980635696822
0.0515932748180334
-0.0307539330110191
0.011165878746014
-0.01573570471585
-0.0261779639695022
0.00230412817572478
0.0069922891380787
0.00304385055770506
-0.0127074067152415
0.0391893282183333
-0.0134947682134252
0.016677587838164
0.000184287159076924
-0.0289320927755652
-0.00502892119773157
0.00791532512001414
0.0349133780884969
0.0507405663944205
0.0127033759679804
-0.00103103360280976
-0.0169432704122285
-0.0246719153629419
-0.0115715910054289
0.00626186575439025
-0.0176767591362759
0.000642673533651772
-0.0119276633072329
-0.0101216824195064
0.00600375245785645
0.00522197883666498
0.000185500922481374
0.00352436468187722
-0.0282809434828357
-0.0103670915956543
0.0162421427320862
-0.0205220166544736
-0.0057931736989475
-0.00980870146830437
0.0255982838917055
0.0224729654776705
0.0177703145860515
0.00312446241499731
0.0171307707170842
-0.0312528238426807
0.00678693764944116
0.000461676974220282
-0.00766101191290425
-0.0100455955716566
0.00197311848163118
0.0105963804444522
-0.00723762662812366
0.0820637364625429
0.00647836243789479
-0.00472018549743014
-0.0160386305420486
-0.0136710015452545
0.00541982215673498
-0.00494879798696368
0.0214919986055417
-0.0206050692211373
0.00257434527164957
-0.00903137933360409
0
-0.00268044143460411
-0.00761517628699571
-0.0199512418511667
0.0177781875051251
-0.00262468101411317
0.0269510079932218
-0.00141376692433981
-0.0105300591004326
0.00420319263101421
-0.0093508147711211
-0.0057533262451156
0.00452079574178654
-0.00999099927976599
-0.00209106286191585
0.00819972652697287
-0.00569315902067014
-0.00836133789295046
-0.0211712764992092
-0.0231273495376214
0.00642191112006318
-0.00628575238095241
9.58596931515121e-05
-0.00201244852922755
0.0292875266879924
0.00167927042300064
0.00568128884191244
0.0177810608136397
-0.0740673325920412
-0.0326257855222919
0.0279357978883421
0.0295483539964749
0.0203494240737185
0.0132643081863317
-0.0165258473356776
0.00254882469555362
0.0129002169369177
0.0172910662824208
0.0169057753815225
0.01905106954575
0.0075837741166882
0.00761416930484571
-0.0044297230373419
0.0079392425072613
0.0051934389785635
0.00912774500459168
-0.00520522219975739
0.0053181934239459
0.00349832773459879
0.000255063342784911
-0.00374024144627894
0.0176621164930577
-0.0219669243389015
0.00617231879687408
-0.0325466465226212
-0.00871866995899606
0.00843997882800251
-0.002466734164977
0.0075950982709061
-0.0027171269249584
0.00527331697375044
0.00367202317726933
0.0111498167817992
0.00706409360675231
-0.00530370392979118
-0.00739594949600919
0.00017331485311578
-0.00381152107048655
-0.00878262608695657
-0.00342135281027023
-0.0150528083636058
0.00321745467170831
-0.0079287216035635
-0.0140086026040893
-0.006466365943542
0.000275066468973018
0.0367484777286893
-0.00954648659630031
0.0165997407425327
-0.00228252120858496
0.00369553887029395
-0.0260366616989567
0.0222322416243428
-0.017698353438408
-0.00224094661600838
0.00530054811428537
-0.0363717598503708
-0.0158582858970919
0.0144176305762072
0.00343701805040375
0.00712834680045393
0.0102950913659794
-0.00746072213772275
0.0367586593366453
0.0255526087630877
0.0207776880899679
-0.0141891973954528
0.00257021930628665
0.0179457020495395
0.000167864334254642
-0.0051200269021322
-0.00641189577669699
0.00849112698882037
-0.00884058286201694
0.00908936451674003
-0.000841813276859837
0.0177774114453213
0.00811254946740347
0.00862213014141999
0.0151428801572437
-0.000240580636128307
0.0234236957027532
0.000862204093710739
0.00234940868745537
-0.0191420973379498
0.00700969406555929
0.0412909435420177
-0.018307528246031
-0.0250715631067574
-0.0237320267280264
0.0186178943089432
-0.000638534594632256
0.010222817747966
0.00411102860480717
-0.0177938899646659
-0.00897797995991978
-0.0196554239178701
-0.0168316258291656
0.036757274697641
0.013436911013138
0.0110224044174698
-0.00718916089130717
0.00628631346043296
0.00877748702180514
-0.00940657678137491
0.00720104438076175
-0.0106851116490031
-0.00651207125972164
-0.00839324553786158
-0.0164449895257157
-0.00827802625558516
0.0222314214876034
0.000646737801815123
-0.00177744207265351
-0.00445166318611911
0.00861786991869917
-0.0307109306901648
-0.00182953014553011
-0.0303257521480109
0.00489732799121345
-0.00256493675243619
-0.00377166968038167
0.00748575970155096
-0.019045136870617
-0.00400486675949097
-0.00472028837901595
-0.00202005970472452
-0.00140804368761893
0.0044064510054953
-0.00605424229135521
-0.0074152278196965
0.0115616860270067
0.00835241794183972
0.0153456706714503
0.00729932178529813
0.00272804767106427
-0.00357087220955099
0.00691130563766151
0.00677905250776956
-0.0019358303499003
0.00640912453349429
-0.00418971021249237
0.00908786634425685
0.000583722491389604
0.00191685143623377
0.00532357340439549
0.00306140987041692
0.00635153824090895
-0.00385246721311472
0.000493680576760358
-0.00674396765339147
-0.00149044468387294
0.00779503301418139
0.00427881185122048
0.00237601796699671
0.00408697087091614
0.00333770769578989
-0.00486813793103447
-0.0256828532297945
0.00142257740585783
0.0101111307781587
-0.00852083905991496
-0.00367120573502222
-8.37618261867457e-05
0.00971520921750058
-0.00771400974973468
-0.00392872199102368
-0.0039442932546393
0.00294884989554545
0.0118447243628634
-0.012702358141196
0.0100908595709865
0.0114052194953742
0.00740802547383379
0.0174850887938973
0.00144543484658666
0.00841955744061873
0.0126430977633094
0.00243428350897967
0.0142565560314412
0.00965400091609525
0.00359520396527824
-0.0101372105976497
-0.0174789950519363
0.000626974931457358
-0.0050125234962406
0.00566751412415356
0.000313094860471264
0.00962438162071089
0.00488262423376429
-0.00154247257311513
-0.0254133232049029
-0.000237766509277426
-0.00887903923322531
-0.000399904024953712
0.00560132027205484
0.00652502596522675
0.0155744251019752
0.00513769238701656
0.00123918839990678
-0.00889537444999511
0.017248036476702
0.000997429829597163
0.00367897598161271
0.007483742057665
0.000379011617168912
0.016366139304929
0.00961677359189483
0.00236289608314455
0.00331489502762428
-0.0182084879194234
0.0215375783612206
0.0174963315887409
0.00100726667360007
0.0141594259268516
-0.005102770867352
-0.00577003826150313
-0.00121811987872156
0.00308470601512378
0.000214539080103826
-0.00035752180496551
0.0229597743074139
0.0164312049662647
-0.0341197714150021
0.0060536356084715
0.00233612495880386
0.00649762713461755
0.000421107305491164
0.00785575468197863
0.0128748762909754
-0.00659606325527307
-0.00297418726000587
-0.00256673614568437
0.0209347198562715
-0.00286121684057861
0.0102480019897522
-0.00676269719221945
-0.00347241790264907
0.0195408580244543
-0.0377295601278007
0.00480536958856104
0.0113667799512529
0.00870342665437818
-0.0101909095700672
0.00356925659181462
0.0149100054416931
-0.00471727882416118
0.0119845959511871
0.0169944659510153
0.0159867960526316
-0.0158647744029878
-0.0269114166840747
0.014740739838669
-0.0130606111053223
0.00567143335580678
-0.00819067488802971
0.0163812229440525
-0.00992334371988057
0.00753393629667887
0.00133527174078818
-0.000266662228741499
0.0160063623315145
0.00367597488974591
0.00830610889363403
-0.00934035168113578
0.00549997395403579
0.0123721684794869
-0.00540294587121015
-0.00446228401790472
0.0043523385169244
-0.000258676668658753
0.0153328258567005
-0.0171403209234061
0.0340356564019448
-0.0189968589341692
-0.0241579790109415
0.00288167525205751
0.00359164097199627
-0.0151612903834528
-0.014734132220649
-0.0214592080693136
0.0135690517210671
-0.0294117050471279
0.00668750943878416
0.0212442537279169
-0.00352353972728636
0.0116959133917574
-0.0311869877079379
-0.00298315528641013
0.00918510845246856
0.0177894367909359
0.00325177831277168
0.0124924441216137
-0.00453519401713753
-0.0450890809690835
0.0102434996859853
-0.00381973040420414
0.034300048322643
-0.000876280662737483
-0.00418265544579777
-0.0218142536290615
-0.00290877486604868
-0.0177814612920647
0.0191640684770789
0.00860398309061861
0.00206386212118947
-0.0156528829973118
-0.00871809148004976
0.000211067325298187
-0.00485370695403187
0.0108856576596759
0.000769177007523103
0.0185159942186974
-0.0209233924422476
0.00469449268011135
0.0152033476198017
-0.0187539387835571
0.00770096633158679
0.0201472416264106
-0.00429030929693042
0.0095068663802198
0.00548779110483211
-0.00282999116420746
-0.0103385225238691
-0.000204929663836451
0.0050536436206754
0.00550382558271156
0.0143938711824267
