-0.00724377024187306
0.0118570047427946
0.0140616366673583
0.000711128888888801
0.00568484623050547
-0.00724253652636386
0.00960855854789044
0.00405355995581402
-0.005090415919073
0.00282286520818631
0.0232230823363828
0.0113480055020634
-0.00561030261815709
0.00102576505297436
-0.00461144328969165
-0.00102947839789758
0.00738579513250093
-0.00426257444969913
-0.00856164354240951
0.00967179586625933
-0.0111186796291256
-0.000345960900433151
0.00778683149702664
-0.0178571594142458
-0.00244755240476313
0.0145460565274087
0.00483674218063124
0.00790790812817299
0.0112570354552781
-0.00033734187321055
-0.00303694955289358
0.00795398544592985
0.0094022496742403
0
-0.0113107120976499
0.00353302495849639
0.00486164275401024
-0.00934264279850927
-0.00707312214427203
-0.0115332430721379
-0.0142415582402463
-0.00261100082487375
0.0232112045935637
0.00545795658437731
-0.00152671753135347
0.0156302749638078
-0.00568752100514414
-0.0031964839030364
0.00168772995780597
0.00926712752374481
-0.00116861431824322
-0.0198897369249628
0.00511596188806207
0.0220563797430671
0.0217462974187816
0.0144597890245295
0.0150544845460359
-0.00378671499232064
0.0142540705456775
0.00109306681616061
0.0104507563492318
0.00987957718245713
0.0195658673055903
-0.00629682187242064
-0.00211225108799418
0.0122467192659013
-0.00672138939752298
0.00345869172932334
0.00194811919909554
0.00553398137101424
0.00237983032664757
-0.020626191135572
0.00227275757575751
0.00786086144033682
0
0.0194990706314404
-0.026482315337909
-0.0108810793677221
-0.00351407197161524
-0.00505982819595474
0.0117121746295603
-0.00487433343871047
-0.00964342538976193
0.0115919634432131
-0.0258212234906595
0.0283877361476703
0.00762543846271169
-0.0107461631602845
0.0149938033201682
-0.0134157228468932
0.00504204759551041
0.0107935392337113
-0.00391028737886268
-0.0138910608232949
0.00826825932531805
-0.0247531822248499
0.00171287758154959
-0.00590705717683626
0.000938248617071924
0.0142164657329649
-0.00369682697772111
0.00587504638218905
0.000768567499802364
0.0221164487464838
0.00570994715056594
0.0342148662782009
0.00115576421329444
-0.0126984842987669
-0.0187079660540184
0.00163838250876358
-0.00401482527881047
0.0191101663581592
-0.0101084380278806
-0.0034039366582802
0.00787061228812669
0.00780903162771351
-0.00979530673113149
0.0070869035691612
-0.0190587160102436
0.00254069630604103
-0.00283248351721854
0.00119602333975211
-0.0128415706608694
0.0015126001888881
-0.00589033387540161
0.00607719538134321
0.00996671685341721
0.00134575364888234
0.00537555613893437
0.0041586067381969
-0.0121283831958529
0.000898293144208751
-0.0263276298078573
0.0129052704197432
0.00910054603367194
0.00285588460628095
-0.0158872449657187
-0.00137075836912848
0.0216562147323471
0.0226900141122559
-0.00671433347790584
0.012637780486211
-0.00522421969384879
0.0294674968869073
0.0233810542723538
-0.00830792012866355
-0.00670209410630707
-0.00182734048112654
-0.00774543000294525
0.00454158394183346
-0.00240178019782122
0.00495677659033023
-0.0045095829271361
-0.00863533421057949
0.003998272226164
-0.0162139102891169
-0.0140234354206575
-0.00850431122452977
-0.0152322826723329
-0.00240270325290293
-0.00903203371970518
0.0107853407022531
0.00841594516958288
0.00149029810701329
-0.00148808042357496
0.0204173329483557
0.00248280995351546
0.0132576342257813
-0.00934580836754251
-0.0108853407580453
-0.0145267493902641
-0.0135497907355694
-0.0126791849056603
0.00351620525814367
-0.00914073749452682
0.00276752763272547
0.0246856941937181
0.00867876676107238
-0.00133517274379646
0.0181224153297683
0.00393926168749248
0.00130800759505911
0.00986937562062762
0.0017245616060777
-0.00186509333709162
0
0.0114992525513871
-0.00284219115352302
0.00869318821984288
-0.00706414251291532
0.00896421469784014
-0.000846227564731183
0.00183493300874904
0.0026767398136065
-0.00252915561413969
0.00225389497827577
0.0236120864761182
0.00947404889539905
0.0122415810218273
-0.00147809732539916
0.00511376679084297
0.00870255700354639
0.00477835172701635
-0.00528393680121275
0.0107569451225651
0.00775188532713322
0.00717083470029345
0.0155339417475728
0.00318674327036628
-0.00216007632122261
-0.00101874444185346
-0.00726577465643485
-0.0173343355418979
-0.0563177584779533
-0.030324037242813
0.0297015854591116
0.0239910549994307
0.00392742437310001
-0.0087682992891529
-0.0134731213878693
0.014898634705439
-0.0036699333967648
-0.0256480889912105
0.0232428457922946
-0.0161466881185908
0.000973560473614299
0.0138946781451343
0.0010963683555385
0.0242299374032879
-0.0105586875167066
0.0166149266056319
0.002923212784395
0.0148383009470734
-0.0127936687413491
0.0096534643089079
-0.00969216790287275
0.00872895108148475
-0.0104890000192344
0.0151053396699969
0.0071792584887187
-0.0097200617045069
0.00602014102760684
0.0176922069327876
-0.0193020828594369
-0.00560479659013546
0.0138943109988947
-0.00323206213916127
0.012581089820521
-0.0133213910593056
-0.0123328185425526
0.0152470553299935
0.000906266206790907
0.0288449496532133
0.0145838067062634
0.00111529124344334
0.00730283441882862
-0.00737279457014484
-0.000618915580823498
0.00767985850316388
-0.00737551339583309
0.0007430092879257
-0.019428289058985
0.0155225016537734
-0.0164036160506571
0
-0.000252747940549636
-0.0204725775485624
-0.0161269509449891
0.0131130340122467
0.0121666447795328
0.0112532613012759
-0.00265552598240948
0.00633954584736096
0.0245684380281552
-0.00491886374815531
0.000617931305435748
0.0243300108147462
-0.00192914150158818
-0.00422806238497297
0.0122528448380443
0.00587245911139833
-0.00214464434647932
0.0234029731343284
-0.0074670284385373
-0.00834605618902073
0.0169511614870654
0.00536191857603541
0.00347829565217395
-0.0107452335963525
-0.0081757180036538
0.00412151446353071
0.0109065325755786
0.00928077758517798
0.0193103448275862
-0.00338298376184032
-0.00814656058429153
0.0163129356005962
-0.000673442616385245
-0.00921037862754559
0.00022677701198015
0.00940717411060277
0.0130249609931499
-0.0084238748789196
-0.0139727253965205
-0.00442125614353539
0.0293782965156002
0.0082964599934412
-0.0106418209403878
-0.00299396762031501
0.0100099428312781
-0.00330355694975337
-0.0106065515278632
-0.0260190052701619
-0.0136436824851676
0.0287109267547474
-0.0412429604519774
-0.00153208017753881
0.0310434014277219
0.00286204929277734
0.0326484139874066
-0.0190139400731145
0.00676130283437693
0.0151108804616469
-0.0132319326666241
0.0179908373670987
-0.0300768063683163
-0.0255772179088137
-0.050987213727926
-0.040264362259997
0.0109666031871105
0.00731586790257133
0.0127723013677399
0.00630566294407742
0.0195356188663915
0.0234996014642228
-0.00447423760744148
0.01951500817806
-0.00243618337944951
-0.00104658683676206
-0.0434226299552356
0.0288426805121742
-0.0169150695893653
-0.0115509443923602
0.0254412166660689
0.0243352688588621
-0.0169196776344922
-0.01002002805564
-0.00452494625416955
-0.0017942703778534
0.0179748358768665
0.00247212486658488
0.0225457716042379
0.0022967041273152
0.0111136687799458
0.0194900963172804
0.0144492162448682
-0.0181877512278215
-0.0122754043937573
0.00146872666436049
0.00823560478605145
0.00794448893551003
0.0116562497412023
0.0203007358817315
-0.00505486109739095
0.0102691274398632
0.000535020335277414
-0.000213923639954539
-0.00919885568935408
0.00917635784874293
-0.00834409472579922
0.00949304237841564
-0.0174183048211518
0.00195758570824101
-0.00694669511386181
-0.0243742053639568
0.0104190004387408
0.00410240594073819
-0.0277163764955028
-0.00590578060514091
-0.0244487607043158
0.00714370543557452
0.00523252325581391
0.00879123223104328
-0.0135305585773484
0.0012786237507687
-0.0138147436012857
0.0226016017399036
0.0231379524644428
0.0174392782664023
0.00331751631095867
0.018736878031405
0.00995345666991221
0.0073915695209763
-0.0240323476814935
0.0176509372156346
-0.00460386499777599
0.00645368391466405
-0.0159238858608528
-0.0096655080437551
-0.0157912267618988
0.0142618272980501
0.00131827970249665
0.00899614900721546
0.00315321296995541
0.00411876210451423
0.0031304080648793
0.000430442268373854
0.000322673977383392
0.00440864516129036
0.00160575948588959
-0.0176356780170088
0.000652779864964481
-0.0105469282315219
-0.0146154065934065
-0.0118210886990319
-0.0106083172259528
-0.0174517969077632
0.0135825285997506
0.00687213393361907
-0.00898647439488232
0.00206611563133219
0.000229060702323203
0.00171783096655975
-0.00491597113392039
-0.00195310199961973
0.0395993424795897
0.012955431579126
-0.0013117839534833
0.0129159368113405
-0.0204235895783057
0.0286817202717766
-0.00847186058981242
-0.00454248328512308
0.0131464470540368
0.00450400000000006
-0.00192163984032545
0.00951972423830849
-0.00286073329712022
-0.0148762297856101
-0.00366730669471804
-0.0014074374339903
0.00650474862325989
0.000538593301964374
0.0078588008166518
-0.018799422597754
-0.0158937403016139
-0.0055309733289608
-0.0436039923558623
0.000465154670906465
0.00639389699118431
-0.0161719071271802
-0.0248913355616142
-0.0127634552884965
0.00597639970670572
-0.00230361291330206
0.00741282042273883
0.0103739442611834
-0.00250715132504409
-0.00131658882166641
-0.00395494956963216
-0.00661777154833632
0.00024229651749752
-0.00980873069002819
-0.0119847870362524
0.00693151371541623
-0.0020897111761452
-0.00751416605075161
0.00521283356087876
-0.0137054084135179
0.00876320764008032
-0.00223380485892755
0.00186568403319187
0.00571072604429324
0.0104925191830016
0.00256534323765756
0.00718903375167557
-0.00955723399190744
-0.0238183086422995
-0.0173923803151247
-0.0300522224634181
0.0126033743626985
0.0081680931479875
-0.00720171020571736
0.00466322556981447
-0.00309435283894666
0.00426800310398345
0.0229233477675894
0.00742788618909729
0.0169957516994159
-0.00614401595517389
0.0090257669025382
-0.00845488287642582
-0.0186603316525046
-0.0220375256497909
-0.0124903676286187
-0.0333812091959523
-0.000269742355446301
0.0183510994690177
0.00172249898340415
-0.00899470923266421
0.011212013112974
0.00422386472481873
-0.00197163506909459
0.00474122217832207
-0.00131077465839846
0.00131249504364095
-0.000262209984765893
-0.0190113682579536
0.00360860732424495
0.00253033706380812
0.0124867429926505
-0.0738651918936605
0.0212494699673875
0.01470392646436
-0.0258373198677424
0.00364854045331064
-0.0153802998621489
0.0176087196139936
0.0339100176438729
0.0174112710169401
0.00809234577178342
-0.0335569952245557
0.00435729835628273
0.0147776026361821
-0.0195056651838521
-0.020711214344069
-0.0189230686410296
0.00141822432511063
-0.025917036879804
0.0149752691912657
-0.00243516695130097
0.00631825109589657
0.0124143118603222
-0.00140942923507092
-0.00973880055719967
-0.0135405493990566
0.0140153303571064
0.00356226845255048
0.0208718159875052
0.0319888030044839
0.0133423859841937
-0.00239393530006826
-0.00359957329423877
-0.00802781664511143
-0.00984616954203088
-0.014030880586793
0.0251450687404697
0.00997311361077302
-0.00854015189377766
-0.00969045721303685
0.0106006928349907
0.00537924952421664
0.0082931378198734
-0.0137967768823339
0.0168146363634456
0.0218283117781881
-0.00245980068513207
0.0053211678654963
0.0130390138528145
0.00930286721928297
-0.0118686241869428
-0.020828072557422
-0.0258383802363975
-0.0112525650032803
-0.015715973871182
0.00536818980404163
0.00177980556161272
-0.000956676259578515
0.00437756509924947
0.0215200496191785
0.00186665333333336
-0.0182326592791144
0.00284676709421583
-0.0105434707808811
-0.0122950005038933
-0.00345781451765637
-0.00569054799345392
0.0114461196460931
0.00759043620743083
0.00273930960856572
0.00696628885352113
0.00637548824775536
0.0043132496478433
0.00657627146486983
-0.00200002666666665
-0.0180360459061067
0.000544231292517017
0.0180854226531761
0.0317883919411623
0.014498420711974
-0.00574205668972594
0.0156570974244634
0.00442252975009505
0.000251654302469539
-0.00402465088606074
0.00795552448653791
-0.00501130042595821
-0.00428098726469384
0.00480522243790538
-0.00591493840819202
-0.00468407405200855
-0.0303993883083419
-0.0195461752769444
-0.0199357511355567
0.0120136109215017
0.0184810880270236
-0.0108609271523178
0.00910553026245298
0.000132722928175122
-0.0007961390156771
0.0021245917441135
0.000397495688386318
-0.00609270198675493
-0.00772923763687061
0.00402904920801839
-0.00936334913420689
-0.000810126945993028
0.00527025675675685
0.015459094172054
0.00794278517417535
0.0162857632819249
0.00400626792477143
0.00489120852384572
0.00909438965031395
-0.00126934502753673
-0.00953228266395523
0.00218141922237902
0.0298335731071337
0.00460031082929246
-0.00408418301667646
0.00186407354462448
-0.00186060523962028
-0.0190132842175557
-0.00456042552418501
0.00496308208289431
-0.036976041066531
-0.00683765916485235
-0.0013239640053484
-0.0250563303725309
-0.00965459600687268
0.00659063554604877
0.00109126997930087
-0.00245265025824581
-0.000956153543998695
0.000136765109881809
-0.00874914535203974
-0.00124126323979401
0.0114609503303216
-0.0199317269624573
0.0484746615339928
0.00836993523461937
0.00777333312850237
0.0137273241921121
0.00438478199142667
0.0104006809347976
0.00444782044865111
-0.0131579072221926
-0.0106410512820512
0.00388756003336921
-0.0219440296638178
0.00910653328915911
-0.010201399557957
-0.0158561971458775
0.0181256571646486
-0.00870373180261796
-0.00864708018217586
0.0124798716779335
-0.00331345274937522
0.00265964106354954
0.018434999511008
0.0222685112349457
-0.00738856050955405
0.00474849858184023
-0.00255466850741259
-0.00998844973689084
0.0186263360141337
0.000127009523809507
-0.00571361082494648
-0.00459712692113712
-0.00538804382506897
0.00606218245920509
0.00628202564102565
-0.0140145117598295
-0.0191238534581193
0.00816750055763404
-0.0231281461273768
-0.00842703294737734
0.0175368009255417
0.00185602545406316
0.0146883684001591
0.00938969744392271
0.00103360462445456
0.0169075625874719
-0.0071074754777577
0.00945926079026238
-0.0041788273498945
0.0106816379791663
0.010317060506402
-0.0473225760651591
0.0185620653594771
0.020277233580011
-0.00264149685534587
-0.000378345309896111
-0.0257380891814765
0.00686349382461171
0.00154344694533748
-0.0111725050273852
-0.00532472727272726
-0.00470026137617241
0.00104938996263715
0.00733855346189372
-0.00351248848006414
-0.00952996108433324
0.00421772752533056
-0.0190314209468062
0.01043616565256
0.00397249750950057
0.0242680559219204
-0.00167402772732272
-0.00812584816362505
0.00481137828839073
0.0104827880347917
-0.00627569143761031
0.000515543266686125
0.00193226852758999
0.0079712394956446
0.0126275124329716
0.0233026706550279
0.0124323242844
-0.0306382613981764
-0.0283456906429566
0.00271071378971599
0.00888263388259514
0.00893195065974406
0.00417354243075763
0.00050377832484183
0.000251724565666356
-0.00151023158205676
-0.00567175476036064
0.0101407403998066
-0.00401554764674261
-0.0167569856334766
0.0133265118743398
0.0106221039296384
-0.00400400410420443
-0.0072864449066945
0.00733992687952134
0.0108040329347747
-0.000994307742907097
-0.00447872621841472
0.0022494377249227
0.00461350391322335
0.0129080426957926
0.0134787156784866
