0.00760179027959285
0.00754446337308345
0.0287439116548835
-0.0255928621742194
0.0173494216867471
0.0106583843993751
-0.00304656681727533
0.0204513159273316
-0.00921451278507246
0.00465010484306472
0.0192085632772172
-0.000681267014503328
0.00477171119162523
0.00497507903719852
0.0105760803459962
-0.00846138944555774
-0.00202110940986089
-0.000225000005062981
0.00495165428764355
-0.00716685298244779
0.0106022327722881
-0.00892850466358264
-0.0011262161654858
0.00744085715629561
0.00828108773500458
0.00355160940181154
0.000442402133209452
0.00221096617289418
-0.00198544001829082
-0.000884195363209717
-0.0172567031580375
0.00968032461415236
0.0314381284922243
0.00821446209314569
0.0132932893073174
-0.013542086904024
-0.00107247964548429
-0.0113806957268628
0.0086880536774967
-0.0189491390815921
-0.00680423602273406
-0.00530391160220989
0.00822046248480168
0.0264433885755093
0.0156719400741976
0.00824350014281339
0.000419287202950036
0.00314329415039194
-0.00146229374268425
0.00857740603718438
-0.00186683264606591
-0.0116375314139138
-0.00336415047594296
-0.0170886490679895
-0.0171710452886887
-0.00655162684971333
0.022642294014408
-0.0113929062768703
-0.00717551610456557
0.00481824353920279
-0.0207062114057059
-0.0209213888270644
0.0286428266131928
0.00331496132596687
0.0103523563721428
0.0126444737877582
-0.00344456397320647
-0.00410462294005998
-0.0151842956696007
-0.0147577526538436
0.00581269841269849
-0.013114024755989
0.0128378147370354
0.0180119631307101
-0.0777631733893221
-0.00378967305093159
0.00665713250934075
-0.00188951346244681
0.00591575986350024
-0.00729233155927234
0.000947890972798682
0.00615525539037631
0.00258825882352931
0.0105609009490519
-0.00232238731253154
-0.00442269563367537
-0.0130933130699088
-0.00260604128419917
0.00783852768829107
-0.00518503417393346
-0.0156361055587801
-0.0012033453959891
-0.00963860240963854
-0.0311435051651341
0.0200903817177298
-0.00172328906261177
0.00789149217981477
-0.00660633732826865
-0.00443349775534474
0.0143493822043237
-0.00414629268292677
0.0129806263541206
0.0297388532461593
0.00610467245832336
-0.00886807509302556
-0.0040028725217125
-0.00189120571846813
0.00402648024570151
-0.0117952350034262
-0.0102649799538072
-0.00699471796899953
0.015302429696499
-0.00861244039742681
-0.00482618254889444
-0.00460725001904694
0.0019488916430912
-0.018964332142856
0.00272617113884377
-0.00197721211016355
-0.00916302602369912
0.000249987515620553
0.044477736131934
-0.0105262681944084
-0.00822052688054808
-0.0117015845928817
0.00641336935339498
0.0112744855704532
0.0077557929110903
0.0117844631176305
-0.0104587354409318
0.0187364636383265
0.00754539023815148
0.00795693891879257
-0.0104481309496169
0.00516191940783495
0.0072362745098038
-0.0349942741601726
0.00120076852067164
0.00791559145875742
0.0166587577344122
-0.00585205978810721
0.0127147866090231
-0.00418498043175919
0.0102731258336155
-0.0113242662352671
-0.00257131843317704
-0.00351530365668162
0.00117591721542798
0.00281886304909551
-0.00679308987568727
-0.000707617891150147
0.00590040136654246
-0.00164242143694093
-0.0244418572136746
0.00409544707759313
0.0105565978886757
0.00973409329853014
-0.00916999786433081
-0.00593260574116294
-0.0088326332975085
0.00385356454720598
0.0117561900191938
0.00403134949164574
-0.00732170524326892
-0.0035688318717304
0.00644701512781731
0.0130486114804929
0.0166276108518124
-0.00990555171619445
0.00884134481154031
-0.00276750454871988
-0.00439414873292554
-0.00720085963300499
0.00842292894604935
-0.020649629728521
-0.000710708379784708
-0.000237126600284521
-0.00165994790893753
-0.00142510695606213
0.0166508321443666
-0.0170801115077157
-0.000237990965864965
0.00785719047619038
0.011575666828459
-0.0399345866417563
0.00924351716751359
0.0106049163362296
-0.00166942523253044
0.00788337296026342
-0.0177767247636105
-0.0188223701453275
-0.00639444171175596
-0.00841586592000665
0.00099842733403821
0.018703242828092
0.00905760142264889
-0.0080058707422157
0.0237222309543219
-0.0107501430781142
-0.00169041294373329
-0.0111272133526852
-0.0185910465119608
-0.00299100206856939
0.0142500000000001
-0.0197190041902883
0.0173497359818959
-0.0101334654012226
0.00399500634194783
0.00373046515121755
0.00891972227651849
-0.00933204790441922
-0.0237976945959346
-0.00507874542715225
-0.0454312914752425
-0.0106952400697733
0.0291892432432432
0.0236344000192017
-0.00743973832734723
-0.00387691920074751
-0.0282823033657938
0.0234980234045921
-0.0180016426818865
-0.00371942092772115
0.0357333333333334
-0.0123583676622041
0.0067778413248738
0.00129464011638114
-0.011895501003129
0.0123004714027863
0.00568774560496377
-0.0136247550835602
-0.0310137876208962
0
-0.0153307961269501
-0.00382409167374764
0.00575812981195134
0.000817857142857203
-0.0157994556197074
0.00996404622297131
0.0032885446265527
-0.0303196112996554
0.0135211267605633
0.0230683991106171
0.00679163252399806
0.0264436042513867
0.0260251833326712
-0.00128104025828957
-0.00436118522319129
-0.0221592367390044
-0.00237154143948515
0.00660327505009839
-0.0162686692136271
-0.0120032268869977
0.00026992439876028
-0.00377865057432258
0.043619615280412
0.00597092419522327
-0.006967741935484
-0.00415800415800405
0.018267223382046
0.000512583290620094
0.00307374479831601
0.0278345250255363
0.0069564968944098
-0.00764860615960028
0.0251118591468955
-0.00363807906863922
-0.0121713723382973
-0.00295719551714158
-0.00617894231781868
-0.0387962456800858
-0.00129376448673924
0.0147668401433596
-0.00816951790500475
0.0216216484747309
-0.00579491070281957
0.00633552981083452
0.000251876108080529
0.00226586097014447
0.0065309970728209
0.00648869478412784
0.00619885910246176
0.00837841259840255
-0.0190615600714349
-0.017438964061758
0.0177484791518379
0.0171899107421503
-0.0154298547425984
0.000497512425435165
-0.00174040274141218
-0.0169365122323032
0.0108943751990276
-0.00175438587697319
0.0115490579187014
-0.00744599137637147
-0.0225056752935394
-0.00639549756971092
0.0319259011328525
0.0294410164949592
0.00605913747257092
-0.0026498676294805
0.00579702870545762
-0.00312202216911672
-0.0166224532219925
-0.0154336354728074
-0.0109479724047766
0.00276732075471697
-0.0203211735995691
-0.00640204881951467
0.00231958768864926
0.0138853436329478
-0.0167385239665229
0.0123807067320092
-0.0402548280254778
-0.02389163917662
-0.00652708729942908
0.0166986043443365
0.0226171519283023
-0.0305423907319641
0.0325909831613254
0.000526065228826811
0.0341745259154964
0.0310117183528213
-0.00295862911837697
-0.0323936209790707
0.0127779194281135
0.0984102422808417
-0.00620264199868215
0.00924646367297544
-0.00687125515345854
-0.0251383988667342
-0.00615098178377105
0.0245180444902662
0.0148698648961463
0.0169413461538461
0.00315180113245384
0.00201977104982554
0.0159014326583904
-0.0180776010123985
-0.000898091582889671
0.012808988764045
0.00332817838917254
0.00154798758186647
0.0311326996879511
-0.00428267656782277
0.010752688172043
-0.0165957234042552
0.00216354387357098
0.00539723661485314
0.00901872450075158
0
-0.00276656723700497
0.00170717025806311
0.00234341717817244
0.00786395340837309
0.0320540081001268
0.0022476502298252
0.0167176354070875
-0.0188489877451171
-0.00204369507459634
0.00143354489315817
-0.0081799996654397
0.0107216494845361
-0.00183598531211759
0.0014306151645207
-0.00142857142857145
-0.0318823012466789
0.000211146299580856
-0.0056986068869016
-0.00827849695863925
0.00877568474367107
-0.0040314448539901
-0.0340860467423528
0.0105866784296427
-0.00109122653862936
0.000873956740222726
-0.00174636538427497
0.000218718565493159
0.0015303672264817
-0.00502071589127451
0.0010969503687166
-0.000657527927733326
0.0192982903201004
0.0206540232358003
-0.00358345285799855
-0.0101544108313942
0.0049155587750469
-0.0138239259889409
-0.0172525127723208
0.0215053543998245
-0.00128887220813911
-0.00709834342446358
0.0110484835355287
-0.00792798405519535
-0.0142548599191114
-0.00350567492343734
0.00527706684256835
-0.0113735780539463
0.00420349548222365
-0.0193875527514332
0.00786346923673187
0.000222871149735404
0.0184979277579214
0.00525159725926483
0.00304751856873131
-0.00173615443853492
0.000652152173912901
0.00456230729007845
0.00583901358827799
-0.00666516906751968
-0.00800863619028924
-0.0019637790982423
0.00546567531851005
-0.0139161550808369
-0.017199515642757
-0.0132376037693517
0.00591182355616193
-0.00632918144985606
0.00773430408858733
0.00383751701664825
0.0128176295745979
-0.00177624329981685
-0.000222375449785983
0.0135706337359147
-0.0397278525081682
-0.0239999771428572
0.00257611235184751
0.014716140744776
0.0218692454389791
0.0202748821868637
-0.0200927352595995
-0.000901329407360651
0.0085701623815968
0.0114042707646629
0.00287422065001097
-0.0346119921822753
-0.0111898147707281
0
0.00346424950263846
-0.0108170538362014
-0.0125640065146579
0.0025918945002803
-0.0166862283592533
0.00669213671128088
-0.00474836193609596
0.00143134548813673
-0.00190562172463071
0.0143197606529948
0.00588235294117645
-0.0060818245614036
-0.0160037883735566
0.00597943061517747
0.0080837135500782
0.0110848343827907
-0.000466550045872371
-0.00863472619065242
-0.000235381355932041
0.0228396038888721
0
0.0078268878413188
-0.00685242135341302
0.00298990340386385
0.00642049973812209
0.00250628850549761
0.00363636363636366
-0.00294386322463769
-0.00749484459447747
0.000686475956831245
0.000457351932311889
0.00571428571428578
-0.00568181818181823
-0.0146285485714286
-0.00672700053985142
0.0116767865483418
-0.00946445060018475
-0.0151480307620599
-0.00212967355086013
-0.0379416190629177
0.00345080108454532
-0.00663227724471338
-0.00395647883176264
0.0131579447159371
-0.0181328346451155
0.0124781632143749
-0.0160217402021198
0.00801613266613876
0.00770370240041252
-0.00271270043681138
-0.00593466879165849
0.00472631829039005
0.0118841300293173
-0.000734010294445975
0.0230166258570028
0.00909528504296997
-0.016840583491461
0.0110976836888375
0.0195657361011692
-0.0100632108588813
-0.00425531924953471
-0.0512820524995738
-0.022522473036098
-0.0184332048532204
0
-0.00182576943140322
-0.00287431408413918
0.0199160901467506
-0.00282623344430799
-0.0113373354460877
0.0148553561338378
-0.00770416044438005
0.00983439466445124
-0.0146078677601231
0.00806234049252708
0.0056760064848298
-0.0148793740379681
-0.00390630187988017
0.00915027450980399
0.0217616850653723
0.0296653658637263
0.000246195512282776
0.0731167177035135
0.0305115393438862
-0.0142475295746897
0.018518496353173
-0.000221685153954931
0
-0.00288314482146812
-0.00355871894036308
0.0102678350506213
0.0145824133708534
0.00696872852651254
0.00281135368463015
-0.000215613547889126
0.0140206424930838
0.00829619265246517
0.00189873409709973
0.00715940167785223
0.015680534573258
-0.00576375027732601
0.0180124020292423
-0.000813443189483176
-0.00244256050391689
-0.00224435838581349
-0.00613505087382205
-0.00576127595725417
0.0022764900662251
-0.0078463968614495
-0.000624328837134813
0.0106205539358599
-0.00803626639266963
-0.00228500212474048
0.00229023531730665
0.00394688417006406
-0.019656547914068
-0.00358805395550743
-0.00487182810573683
-0.000638548318433352
0.00468577199817322
-0.0116599326546505
-0.0023595238601356
-0.00731025617330716
0.00736408955443313
0.0197807361763378
0.0120177103099304
0.00104164583333333
0.00437042672987364
0.0580191279742697
-0.00998828809266961
0.0136499112492563
-0.00507419964581579
-0.00333462142016472
-0.000393623294752565
-0.00826938357414087
-0.00397063736292713
0.000598026733028778
-0.0103585854510242
-0.00120774959742354
-0.0124949418076369
0.000816346938775414
0.0275285067795983
-0.0115101808198091
0.000200742818696309
0.00863107185869127
0.00179104477611958
-0.00417161303138669
0.00518647506111169
0.00138916454433757
0.00297269129949829
0.00197585453515425
0.00315519627598482
0
-0.0212305488742
0.0062260894511732
0.00499002015928229
-0.00635549181153894
0.0189886272034505
-0.00686541781090622
0.0231087887989574
0.00810814687467465
-0.0162773263830462
0.00136266305942501
-0.0244945378012158
0.0123555001992826
0.0118110829096669
-0.0138132874002612
0.0181495762112758
-0.00697541160675419
0.0120975414634146
-0.00134952769133467
-0.0123551932887104
0.0109460711493357
-0.0137278226270723
-0.00490099999611837
-0.0141843386203444
0.0167865704079424
0.00668238980577063
0.00195234279671319
0.00350740452065468
-0.00330093203883497
0.00837708909498969
-0.00096597762619699
-0.0146973122161539
-0.0141315208217563
0.00398168425243894
-0.00178465199286126
-0.080452900278109
-0.0162022031496608
0.00570922253602935
-0.0336244767166916
0.0268866483003456
0.000440043994718531
0.00593800294836133
-0.00721473514583582
0.00682671217793462
0.00196850389395209
-0.0093865966080201
-0.0154253191841049
-0.00335722918531789
0.0123512915416863
0.00377102911397387
0.00618782320441991
0.00329455311431048
0.00262694833625221
-0.00655019664956757
-0.000219736263736281
-0.0112112986937217
-0.00533566029346377
-0.0120697580657237
-0.00542990937941379
-0.0377616023148682
0.0151300239983458
0.0149045881440286
0.0181275117885493
-0.0029298400480019
-0.0135624541789124
-0.00802011934051616
0.00415800406195443
-0.00460089706462163
-0.00231111624682234
0.0101923331106015
0.0151341202675048
0.00858373616444541
-0.0571109492895432
0.00166270791746825
0.0059283853890626
0.0259312129151916
0.0107996783088233
-0.0129575806793553
-0.00529707532460044
0.0106506832750795
0.0171821297969241
0.00495488716419423
-0.031600180000004
-0.011571395778093
0.00187314450651233
0.00186954891634628
-0.00513172393589278
-0.0126612186325338
0.0080740914729498
0.00188452292380381
0.0235128150367463
0.011945784790852
0.00272415443187635
-0.00226393489988386
-0.00408443385523027
-0.00318976995192011
-0.0036571428571428
-0.0199586831842166
0.0105336373938754
-0.00671755880090608
-0.00886196341273404
0.0216470117647058
-0.0170427921254165
0.00913776944704781
-0.0153238913396797
0.0146191700070739
0.0244016505787046
-0.00431041269009014
-0.00205058104467037
-0.00570776268739182
-0.0135476466945498
0.000698393871005232
-0.000232658747026826
-0.00953932061423912
0.0303030537937514
-0.0180118782943027
-0.0134664035291386
0.0143562243183704
-0.0171693047410351
0.00590179400609547
0.0133771177334636
-0.00972677165354319
0.00771754011775205
-0.0343466929682062
-0.0223504200348372
-0.0174532694198622
0.0357768567481396
-0.00579714947839871
-0.000242905733721988
0.00753334106763837
0.00289442843450138
-0.00408855199189273
0.0156967157691379
0.0145030191511408
-0.00445273046415429
-0.0103577919020715
0.00784961922336791
-0.0103846828035091
0.0181254233245887
0.00632466634632634
0.0137337060924978
0
0.000229667054642224
0.00849400806946732
0.00386974732529022
0.00226764182619688
0.00814479619581898
-0.00157089314248449
-0.00539451537898328
0.00632766101694915
0.0159443749369947
0.00641018981387309
0.00439273016456698
-0.0032800787229389
0.00394901255160107
0.000874147765478339
-0.00327504373962972
0.00854324168485232
-0.00021724586843519
-0.00521394753886484
-0.0203101109344811
-0.00780211752558801
0.0321276356831111
0.0139312802335934
