0.0457111405360515
0.0131665574654334
0.022612151628804
-0.00406657760664453
0.0213091480933081
0.0078710268881681
-0.00483449869429775
0.00610361243278046
-0.0607898499736234
-0.0230688106634747
0.0118742003525274
-0.0148019873263632
0.0254467389867381
-0.0122756068565046
0.00574635825881709
0.00451761880101986
-0.00793648169144134
-0.00519998666666666
0.0014743331795426
-0.00629016319204811
0.0084848080808082
-0.00854699553473548
0.00134695585525213
-0.0135861454714096
0.00368193089644264
0.00203807070755624
0.00352545084745759
0.0218888657778986
0.026312390307248
0.00103058486096685
-0.0334620218839905
0.0047936219652096
-0.00768621796562696
0.00480770585500956
0.0148857393643205
0.00209528546234572
0.00418190032077481
-0.0085892248094338
0.0203465870307167
0.00128649165239314
-0.0107928045536989
-0.0298739584328862
0.0190119020213708
0.0300880432257518
0.0188774867633295
0.0196544824607341
-0.010313026776416
0.00198481575505749
0.000123833110950766
-0.00940829424867906
-0.00999745101215144
-0.0151477402783672
0.0055114075433762
-0.0160611223477802
-0.0134732474809368
0
0.0266578850516643
-0.005628063443336
-0.0131206203529874
-0.00351934301982082
-0.00222364953134002
-0.0292343475253585
0.0152599183554389
0.014099467943602
0.00655823731789718
0.0118582750028218
0.00231809395188409
-0.00424003586688837
-0.0221935612903226
0.00607019010385579
0.0230850215919471
-0.0267948205128204
-0.0121196937362827
0.0054674491390172
0.00305033148407619
-0.000264392447351325
-0.0150773705187492
-0.000402833350304221
0.0100752281011491
0.0175555255338335
-0.00365963916717715
-0.00642798085682872
-0.0018484288842997
0.0146825532984802
0.0353278455915507
0.00604386819551417
-0.0132666579908221
-0.00494671511652545
0.0141491528673992
0.0106838363671151
-0.0179082567885459
0.00987715575690573
-0.00188090282131659
0.0163317089530581
0.00383185404618391
-0.0147764685971735
-0.00712410930823371
-0.0237915275984006
0.000257859435543573
0.0175325512440379
-0.0111490814645889
0.000256207549409027
0.0165236454463944
0.0195312875563094
0.0227412669513649
0.0126888580060422
0.00751786369267804
0.0104228117967546
-0.0280154736376853
0.00108543176761766
0.00349356695594349
-0.00120055217765125
-0.0117787985016393
-0.00668940638908522
-0.0013468838336449
0.0107896520546753
-0.00145562830044588
-0.000485920796890027
-0.00133691056559193
-0.00158204944826701
0.0118235127764077
0.00614377771006436
-0.00969825226406562
-0.00483618673481068
-0.0185882521829243
0.0285961503911383
0.0063787101397863
0.0120783779450475
-0.0262317509003339
-0.0106783758923249
0.00466092241703575
-0.0150165296048574
-0.00260286316311364
-0.0211259348685728
0.00279295427674064
-0.00227876952218697
-0.0158609317563997
0.00696235190722927
0.00422537782907506
0.00102004335075856
-0.00636861530076127
-0.00705041643249804
0.0126517300884552
0.0373534029231666
-0.0116751255373555
0.00571995786421176
-0.00309099912553157
-0.000992112153991531
-0.000869025417665203
0.000745501960282002
-0.015023578159628
0.0153788096463179
-0.00496587194416376
-0.0119775418096683
0.0138906297792492
0.00186824010626174
0.0248632514951952
-0.00473070100119599
0.00109684334807403
-0.0178962870452433
0
0.0184703859791839
-0.00401657721438287
-0.00366617368529443
-0.0100576476150822
0.00433650110688255
0.00900571204060485
0.0136936420871299
-0.00482453239297875
0.0270269778929346
0.0370545087810836
0.0111516162204692
-0.00990319592726541
0.000340975210014527
-0.0251107709326037
-0.000349720267492248
0.013291442694116
0.00437230448177184
0.00297860003461325
-0.00376929741510124
-0.0180004469387703
0.0026852889040212
0.0241034009351444
0.0244457199924635
-0.0046614651423188
0.000892082961641227
0.0121434489272849
0.0453495111799562
0.0309571756243321
0.00490241017659443
-0.0137208864083839
-0.0164880356915907
0.0158214057874808
-0.0286745650956544
0.0118934164148543
0.0178402453789459
-0.0183523975327848
-0.0126036867199211
0.00138279967274113
-0.000849808804438301
0.0253030411503943
-0.0136872560413261
-0.00862068938328353
-0.00159067863444295
-0.00562930418206475
0.00608843176388296
-0.00806881817456595
0.0105961468479074
-0.0051895574071078
0.0132012988395613
0.0014710518329526
-0.0498373738293437
-0.04969081381826
-0.046130630865225
0.0110854433468361
0.050481951807229
0.0291317919685332
0.0142650056525686
-0.0173607511842488
-0.0246002124566701
0.0304940491633368
-0.0193569587201798
0.00124787291553319
0.0143892700115733
0.0101642243958922
0.0170278744575878
0.000761034982788678
0.0028244974636229
0.00639155034972494
0.00592029050763632
0.00952379912863988
0.000636061082724737
0.0121822137249532
-0.0271062681180659
0.0108649097554314
0.00468237730464649
-0.0173711146119642
-0.038374454189106
-0.0284721559070973
0.0372678444044732
0.0116795881717555
0.01231449188503
0.0210709460193332
-0.0128709602622921
-0.00431035546410496
0.000757564918667297
0.00832699244806978
0.0109395540742074
-0.00148524291353191
-0.00053126857635144
0.0200914106516423
0.0164652148443645
0.00953454983048441
-0.0149284145940041
0.00113403092783493
0.0263618265228935
0.0252834759763916
0.0154613462088002
-0.000674568777331741
0.00482160091094319
0.0065259118961396
-0.0277459580781644
0.0131410903879465
-0.00706607312101581
0.0132579447600325
0.0463729065543024
-0.0152630008226737
-0.0056956116843252
0.0133346420008384
0.0101936610066291
-0.00908178132131399
-0.0376782087857307
0.000865839370827626
0.010476701168044
0.0251117671010683
-0.0140112743994973
0.00997551270514752
-0.00344766120014905
-0.0113136889569057
-0.00312080580898066
0.000379404216700241
-0.0114746233705441
0.0276285979974789
-0.00980211884422744
-0.0159329028000377
0.0172447121262134
-0.00536823318892454
0.00833251578134164
-0.0177481456990919
0.00783938829520836
-0.0313033111611329
0.0248727078474529
-0.00105103187269129
0.0214251356836404
-0.00533757837496418
-0.0205234417197943
0.00701649358884571
0.00706313850519624
-0.00834048889507177
0.00372742054078423
0.00866504500090581
0.0125554800339847
-0.00969607477725021
-0.014686471336034
-0.023313614625889
0.00498925841333153
0.00233620162553683
-0.049043439360557
-0.00602528607077801
0.00184937836536792
0.019074976534202
-0.0395491685755508
0.0306999260121557
-0.034563402422586
0.00305360636986829
-0.00955284464512185
-0.00201371493404801
0.0401444120584362
-0.00949560936296501
0.00340164924437381
-0.0296897382243575
0.155214446433492
0.0284116760295878
0.025666135154319
-0.0041706057579497
-0.016752456009489
-0.019522619229344
-0.0581047888153642
-0.0415105217641971
-0.00210525313283205
0.0146674601701078
0.00900994059405935
0.000981238309047727
-0.0039211939237096
0.0353311284781899
-0.0164448293662974
0.0106310910347822
0.0247681361767238
-0.0158641744731551
0.0134648019482724
0.0111340104173094
-0.00138800777273973
-0.0092661232258362
0.0271231018915656
0.00118372791841193
-0.00336512060114025
-0.0108596730998416
-0.0245409726408431
0.00189158227868402
0.0149155291230056
-0.0017672960326055
0.0194745061498323
0.00438712167490651
0.00709799806258982
0.0136441856626761
-0.0103405509003388
0.00387317610898497
0.00358906245641255
0.00357623609434476
0.00258352783964377
0.00453173978557198
0.00566120285728777
0.0215498017143143
-0.0123988463268371
-0.00523102890752469
0.0171779144115323
-0.0302429352101142
-0.00293204790052304
0.0132774727029275
-0.000615601095907081
-0.0264871702436393
-0.0148241801000862
0.0148637767660111
-0.000904068340077058
0.00298610075131478
-0.0108263897808152
0.0073877964920448
0.0166591584425304
0.00115768989974452
0.00907315440443246
-0.0253879050531047
-0.00416063683358603
-0.0121707177506034
0.00119526478125676
0.0719993027091497
0.00728175257564234
0.00841978213267924
-0.0096145736695622
0.00536488120582468
-0.00211756737451407
0.0142602497964561
-0.00209222532583853
0.0105669408011899
-0.00813280497925306
0.00635878530017031
-0.00390755739863291
-0.0095150656792431
-0.0111232832413126
0.00255648917863649
-0.00713985538223794
0.00462289195484789
-0.011759667861264
0.0149176164963558
0.00161429061038976
0.0134023412791784
-0.000753360670014525
-0.00477466086718037
-0.00025249558543039
0.00126284729131876
-0.00386781299924333
0.0027011057423727
-0.00867075504107462
0.00534983856403137
0.00143592365432821
-0.0163629810452595
-0.022894923094797
0.00868806516949716
-0.00295809982672535
-0.00183245203896076
-0.0119765889673624
0.00309685019722661
0.00890882926059389
-0.00410904889252617
0.0102712488711703
-0.026068821236204
-0.0277480455433967
0.0342295674568269
0.0129548095728875
0.00105111243689171
-0.000787513132547324
8.75295544700005e-05
0.0218914191390041
-0.00728362486590295
0.0119982738368283
0.00537363536973112
0.00050900991323477
-0.00975155600780131
0.00436720332563123
-0.00366612666326094
0.0214787093832045
0.0103878526332952
0.0108614293104932
-0.0107447262261274
0.0032335544048292
0.00520658677685959
-0.00337084609152793
0.0174888218322982
0.0134587648275908
-0.00847998399999994
0.00298528315337609
-0.00981419048852361
-0.00471195075837028
0.0151007996881756
0.00635253291771853
0.000878945251634899
-0.00159671081595547
-0.00143931715079659
0.000160193789882968
-0.000160168131942862
-0.00784749378237093
-0.00484260686291194
0.00867802087563607
-0.00369863302166196
-0.00282467911146222
0.00477504054346145
0.00177205796581448
-0.0071560664029251
0.00332034329477637
0.0086366939110234
0.0126440622010568
-0.00553188710659169
0.00222510337651305
0.000396408173253926
0.00269480863429994
0.0254524855671094
0.010175033074078
-0.00595191897859015
-0.0243341206928956
0.0125098664439003
-0.0115005282228529
0.00440215395332255
0.00453947729215343
0.00560966861193601
-0.00325414873495755
-7.76914144279273e-05
0.0101057447924888
0.00107742033126956
-0.0162976857887811
-0.00507972026476811
0.0108397142540211
0.00419608354656797
-0.00882148135329186
0.00140532442517993
0.00389802747647838
-0.00450417008607074
0.00218424990741473
0.00210168909393871
0.00194189832445635
0.00969067331999862
-0.0104422600413751
0.00131904091716928
-0.00953121248668243
0.000469386637458991
-0.00265871135420814
0.00807594473831008
0.0119778635463559
-0.00084544615444293
0.0159231307692309
0.00916174707252049
-0.00742801626221501
-0.00944893843935724
-0.0103021296712067
0.0123370419872459
-0.00228492662041668
-0.0113749518522425
-0.0179922934362934
-0.056381207146044
0.00625000000000009
0.0115942194616978
0.0169463689407061
-0.00837225077787584
-0.0193212940412405
-0.0147351486406834
-0.0331036388784316
0.0184219235588821
-0.00733789267929752
0.0124635125481696
-0.00653709137840996
0.0405913529462831
-0.00246362821212853
-0.00518650691375233
-0.00380667837824156
0.000249268987770446
0.00382027227571546
-0.0202697521236926
-0.0280358052362069
0.00260646398968656
0.0175909702323922
-0.00102190240994648
0.00545562194963134
0.00813910152113029
0.00647545180471121
-0.0159592496657754
0.0215674710427307
-0.000831177804524574
0.00299476751513827
-0.00580573111055815
-0.00525573524845913
-0.0012579839191208
-0.000419808562257318
-0.0137768732041593
-0.00110736795387789
0.00631026706686111
-0.00923653911979416
-0.00487512837624238
-0.0111731415758167
0.0157322725145865
0.015659772243199
0.0166820790853133
0.022706605166265
0.0120735592877868
-0.00440355477336185
0.0139927465057137
0.00420340246501394
0.0135838963769415
-0.00366209299242937
0.000390983020466473
-0.00289239372877415
-0.00399844757353707
0.0148771409408286
0.00341272026595085
0.0163098174348697
0.0098874584693478
-0.00451879804578104
-0.00907850706271407
-0.0050388534139213
0.0223295644850603
-0.0179389031881378
0.00107000920421907
0.00824554919058018
-0.00166592460496628
0.0179004935649421
-0.000447078996581585
0.000372767260867546
-0.00104328935027509
-0.00149195819115344
-0.00306316011670571
0.00299755690950909
-0.00231617610030421
0.00142291620926316
0.01794790593817
-0.00558326497146855
0.000591023931803658
0.0071618575433865
-0.00637791198950466
0.0138704817551525
-0.00480281625386136
0.00299797466357021
0.00182255597904146
-0.000873198964825961
0.00305898026819418
0.00377580595573779
0.00397850101350916
0.00583624930365123
-0.00200572340949612
0.00287104493183077
0.00193246491602883
-0.00107156935954089
0.000715145901462932
-0.0102187150175973
0.00779727845633094
-0.000429808737869797
0.00580518172296407
-0.000142432667591175
0.0102621716659408
0.00627820987155081
-0.00168236950644396
-0.00252791931667939
0.00161911999396436
-0.00386563820540931
0.000846750888217063
-0.00479385245849062
-0.00276261957586754
0.00184681063962788
-0.00794097458583976
-0.00242993142409842
-0.00136124801029891
0.0145634479845287
-0.00325265879299474
0.00929339482793878
0.0107541924297689
-0.000834561874105133
0.0124582968207689
0.00701178244990874
0.000477800516151428
0.00777837756247779
0.0172647464576454
0.0147088652246257
0.00209885862067427
-0.00641442601397058
-0.00625821463257803
-0.00404375853985717
0.00545788719855289
-0.00383954725062297
-0.00126264623239347
-0.00166345073953122
0.00193287798940389
-0.000931284495027218
-0.00272989542939073
-0.0329148953993517
0.0193993640566366
0.00270888520360613
0.0012157706499496
-0.00114677546051078
0.0133044229544745
0.0127966814821165
0.00111870223854371
0.00164333130732497
-0.00603752441142147
0.000462115388651929
0.0137266680771244
0.000130225895903724
-0.00533754457666002
0.00202864343994014
0.0103840912481743
-0.0330295441069949
-0.00775403712216438
0.0150902113299622
-0.00285368343493353
-0.00299498835274536
0.00560744982094552
0.0148034785900391
-0.00405570105500419
0.010903146141215
-0.00331368973260504
0.0108866562276397
-0.00954414737338594
-0.0195975914993839
0.0176650482445868
-0.0143566427056694
-0.000397225918833399
-0.0168896745764916
0.0128680394130316
-0.0101103434910296
0.0176051261709724
0.0136027335762978
0.0115309706840392
0.0233785657659931
0.00226558221267159
0.00445815661365545
-0.001500312549226
0.019595599313732
0.00785949890789928
0.00237602048480579
-0.000607828363264007
0.00954817896270299
-0.00433735542168667
0.00199662392301936
0.0291649113630521
0.0117929768623213
-0.0185560861447854
0.00360414180206803
-0.00329682089192973
-0.00419378019739314
0.00610949062481714
0.013913459907837
-0.00436097230750021
-0.000292022432798578
-0.0220820139886324
0.00406217457809466
0.0158852806296372
0.00146412884333813
-0.00584795321637432
-0.0181764470588236
0.00299562631368699
0.00221011284367467
0.0110859459475856
-0.00548215046853429
-0.00574952261130546
-0.00846547011847287
0.00553149327368652
0.00484332681047217
0.0111276106314617
0.0120645187389892
0.000290765829558781
-0.00755727804773221
0.00802480665402538
0.00650828651306368
-0.0130478027173107
0.0149751274929826
-0.00316977704944321
0.000520328378571522
-0.0120774109434717
0.00397749164809058
-0.00949664419422414
0.0147638907935972
-0.00202878502135906
-0.00615668822857263
-0.00333123719635764
-0.0449747760925499
0.00822749457320238
0.0211313918280267
0.00626194563354976
0.0126829790240734
-0.00819332850100452
0.00289140259106979
-0.00906100809939359
0.0167438964106863
0.00578130676882438
0.00156769439859938
-0.00527538550724627
0.00670207486921304
-0.00109993049959678
0.0068965631950757
