0.0315870321414236
-0.000995693353034288
0.0219286563187477
-0.00536447234159843
0.0188771753155879
0.00697779097743534
0.00334537650396061
0.0135746361717251
-0.00516919630711465
-0.0106282711384034
0.0324660069817619
0.000462427745664851
-0.019181904321701
-0.0117813386376375
0.0164521224714382
0.00398775500849746
-0.00397191598065227
0.00656812088744729
-0.00233043579585168
-0.00654057447931389
0.0056430991216343
-0.0158989946223989
0.0206699691138037
-0.00279327287693842
0.0233426704014938
0.0177919479927007
0.0257732188653792
-0.0139829364212367
-0.00221586522898598
-0.00244283816217705
-0.0115760468199486
0.0155404947954734
0.0115325127522732
0.00065770662886
-0.00109550835003303
-0.011406010089932
0.0173063678721987
-0.033805868432099
0.00654629811616925
-0.0132316662928909
-0.00977272727272727
0.00665597888455349
0.0264477650148709
0.0115504442470011
-0.0101009879204876
0
-0.00798582484534927
-0.00178895344836871
0.0031362007871012
0.0102725102785286
-0.00419988929266624
0.00488348512504966
-0.0106030262867243
-0.0133958916410829
-0.022629554709879
0.0143552214483729
0.032412667600715
0.0121600486402831
0.00131063786174401
-0.00654448080279246
0.00263502409672767
-0.0431450065703022
0.0279240335986273
-0.0151413938989089
0.0024869997739092
0.0112764997744701
0.000222970561998048
0.0133779939076029
-0.00242026397315143
-0.00308775915306581
0.0039823007968518
-0.0130013218818572
0.0243357886953386
0.0274629026272253
0.00190922787249082
-0.0698708448020325
-0.014341019804234
-0.00600457288694167
0.0292750457882194
0.00383751701664825
0.0245109056777399
0.022388081159173
0.00880206059244037
0.00234083837664034
0.0144373891480845
0.00460445802855713
-0.0027083541666667
0.00167123462860319
-0.0077163502040386
-0.0142917186090072
-0.0123667798564273
0.0202935664939552
-0.0154464458504634
-0.00343864181041564
-0.00150959675457396
-0.028941685290317
0.0082296042755694
-0.00705943052903457
0.00822046248480168
0.000661062127345513
-0.0114512442193349
0.00445535763990557
-0.0192947216677756
0.0169606509054578
0.00244609734387136
0.0239573636221222
-0.00606583622183698
0.00610285514161157
-0.0262131499133448
-0.0133482310712296
-0.00135280727633857
0.0614133424833294
0.00999791576251496
-0.0164279486099409
0.00385438963909235
-0.0019197951808918
-0.0108998074182559
0.00216080384962858
-0.00840877515289407
0.00326151323063661
-0.00476811887230433
0.00413769617324444
-0.00477124257707118
-0.0165612991187907
-0.00598271646393278
0.0187249215620839
0.0120349887957332
0.00821623783783787
-0.00471801405279837
0.00754143503555271
-0.0243797914619244
0.00306880760782136
0.00196678330274391
-0.0272628147115732
-0.00313899117215199
0.00652273968787087
-0.00268154189944136
-0.0125476358380543
0.00975720444746986
0.00202247191011251
-0.00179416909620989
-0.0096606609598141
0.0192830753501327
0.00667705319385714
-0.00022107008622585
0.00221138871712978
0.016990291262136
-0.00325452375786517
0.00370052250109976
0.0010843417678521
0.0054159445407278
0.000861904761904952
0.0023681377315794
-0.0150343639382654
0.00632361521317892
0.0125676700945754
-0.00748981382409575
-0.0125054331068255
0.00873366831296218
-0.00649348470793321
-0.00610028295859333
0.0105216793187566
0.00303696325539971
0.000216219713831345
-0.0123243243243243
0.00218911996497373
-0.00218433818663899
0.0076619746059543
0.000434499249065912
0.0152008906666861
-0.00427809625668452
-0.0184747587212623
0.0056905669881937
0.0150162782368601
-0.0293739071478111
0.0121493262646344
0.00327370144041916
0.00108764409206774
-0.0184702737940027
0.00708443688662541
-0.0147285550789819
-0.00200803212851408
0.00693049407556456
0.0186500883958685
0.00632077144026222
-0.0199263166526453
-0.00928172375690606
-0.0120455270111298
0.00609618410259238
-0.00987437141215508
0.00135995016681667
0.0654142145767316
-0.010197578075207
-0.0201759605065466
0.0219058040786066
0.0218648650861795
0.00671290147736103
-0.00500108335065286
-0.00628270157068067
0.00611171746866757
-0.00356099691826561
-0.00420435148202647
0.0177327426162708
0.0159718111589255
0.0144956921192325
0.0034212518297696
0.0104292015557721
0.0103215758173565
0.0102160310327688
0.0122520619312354
0.00864555251960719
-0.0352380571428571
-0.0191510752556338
-0.0527375
-0.0157246278001566
0.0222365716753021
0.0225976778288355
-0.00165216859364592
-0.0101365742656186
-0.0300940033477118
0.0424477698771817
0.0115749894258994
-0.00306493671975772
0.0401721451081749
-0.00137931034482763
0.00414362667719037
0.0174887014637197
0.00347624572182803
0.00134719017219376
-0.00269075538517682
0.002119888265945
-0.0123076730769232
-0.00584112138159809
-0.0135135524184576
-0.00555884466068779
-0.0147734477939709
-0.000810476223322198
-0.0249442095935062
-0.0276622700639655
0.0154010909090909
0.0115862436994683
0.00437317784256552
0.0138918100767158
-0.00531703454736054
0.0201480267300169
0.0135026604897754
0.00656190084386754
0.00434612809850132
-0.03933910306845
-0.024570045045045
0.0216204664487922
0.00349295268103367
-0.00511875511875515
0.0113191809014201
0.00264552304935939
0.0560178404708747
-0.00480492033067303
0.00502128244537037
-0.0153727706500236
0.0119046833760859
0.00327872722386613
0.00595928489042663
0.0185361544606859
-0.0148217826420597
-0.0045705200750531
0.0112875645685862
-0.0168369274151167
0.000577236856316388
0.00596155769230777
0.009558401652487
-0.0113615222237924
-0.0134074126299064
0.0141720836409271
0.00765691012033276
0.0283055096562597
0.00757435788704308
0.00128346165596871
0.0128181649364922
-0.000361598257790696
0.00560674614565482
0.000179910078413892
-0.0115087212460218
0.0161906491506156
0.00966704243345795
-0.0244681196997121
0.0165394402035624
-0.00500622206329338
0.000718724143082605
-0.0267552168568005
0.0173431362113814
0.00290170480416574
0.00614828220882968
-0.00305531996864339
0.0108166394300226
-0.0137328517924024
-0.0278481198525879
0.0158110682965427
0.0122687783873141
0.0186324533037709
-0.000355176694101011
0.0031977260046594
-0.00194793692318174
-0.00195175653030943
-0.0133333333333333
-0.0111711531531532
-0.0122084910311864
-0.0337575730263342
-0.0515464098597478
0.0152978864734299
-0.011895301583967
0.00100319020866779
-0.0545199650134289
0.0220479339430968
-0.0211574366554126
0.00678107664295569
0.00336771220238741
0.000209817504082999
0.0180369337248321
-0.0206015652945701
0.00610014711610973
-0.0148443021181559
-0.00721561984753016
0.0386917708142749
-0.00946694793167324
-0.0328277990270559
-0.00365194422453152
0.00560582135390653
-0.024871334152473
-0.00417763852242747
0.0070655772341448
0.00855073430057596
-0.0158695652173912
0.0351226198365362
0.0189927225993871
0.0372774659685864
0.00161522312972395
-0.000604696621554157
0.0137151265141136
0.0173100484405113
-0.00117349890135932
-0.00274133542196986
0.00471231101511882
-0.018565507858726
0.0230983667244451
0.000583865305880282
-0.000194475782921533
0.0138132095792525
-0.0147764533721654
-0.0105181340085704
0.00216537405837336
-0.000785719897858916
0.00982897601393695
0.00875999627720447
0.0206483790042455
0.0230667805457889
0.000924025116909588
0.015509601181684
-0.00709089090909099
-0.000366251595563805
0.00109913903645342
-0.001646861787855
0.00806449765277684
0.0176363818181819
-0.00303737711207119
0.00430111118819188
0.00767309051261456
-0.0143439168701274
-0.00413223140495866
0.0218293162547358
-0.00812145141457365
0.0122819330722677
0.00246173733887356
0.00894583437803309
0.0229485396383866
-0.0088375254928621
0.00445819615912213
0.0104130587090112
-0.0138536917359975
0.0118211754637858
-0.0187944460075441
-0.0144952542796333
0.00455258265535674
0.000174341993626426
-0.00784247110766001
-0.0122958018619358
-0.0145829628312288
0.0176863201588162
-0.0177336410309211
-0.0054161221414718
0.0092575422036667
0.00971224855080033
0.0106876204255009
0.00775463490466577
-0.0237845400489681
0.00286635614475084
-0.0101822079314041
0.0184082295614512
-0.0102782562466773
0.012891710398987
0.00194449354781678
0.0176429075511644
-0.00641468446601945
0.0259989177107152
-0.0013605102272195
-0.00442782690007104
0.00803970249811314
-0.00441204819277108
0.00102270329035981
-0.0010216584369146
-0.00511332896244521
-0.0123350524641949
0.0133563915574539
0.00599113337867641
-0.00357323464352566
-0.0264686300124892
-0.0117522894843813
-0.00656725239616618
-0.000714686426394828
0.00858215626676206
0.00141822371919864
0.0203575315858548
-0.00121441709254722
-0.00712176480805982
-0.00559832050384867
-0.019352533427164
-0.0113024933153034
0.0188713660157618
0.00997323205794376
0.0222183393090873
0.00224248745484745
-0.00585197954740024
0.0143698412177924
0.0032428571428571
0.0243280031358968
0.0147815813782026
-0.000654615406043058
0.00524074672059038
-0.000814581283568261
-0.000652225643168913
0.00016312611905489
-0.00261011423507518
0.0073601734929698
-0.0237051307030363
0.00532180267218019
0.00578987583474144
0.0134868423270862
0.00227197342213525
0.033678789950738
-0.0089285714285714
0.00521571044728941
-0.0064465253599536
0.00395632226549014
0.000315258516949246
0.00456982358288394
0.00329410196078439
-0.00140712947791011
0.00125257556368519
0.00140734946978349
-0.00234231726511058
-0.000156487715706533
-0.0144020348402937
-0.00810034955686711
0.0019215211862047
0.00207768898833316
0.00207338114715494
0.0143243350525437
-0.00988548564255454
0.00665613333299953
-0.00188913727959705
0.00678233417090435
-0.00266335570536258
-0.00157082940622044
0.00424797035481483
-0.00062668022476331
-0.012384401749735
-0.00761904761904753
-0.00943698016634686
-0.0518326982076538
0.00476837525939411
-0.0135593050847458
-0.012027508384407
0.00573916521739126
-0.0299153370252347
0.00623891287839262
-0.00053149689049603
0.010811786983757
0.0205155535773376
0.00807554968942359
0.000170478955871189
0.00528292433537825
-0.00762842828857679
-0.0107618891226189
0.00328091866689695
-0.0185886064918624
0.00227993686425809
-0.0117235691435322
0.0187677230878187
-0.0319777540497436
0.00718127455688911
-0.0235293947782316
0.0136911283988888
-0.00720327763737216
-0.00163250495859779
0.0103561044630067
-0.0143859015575274
-0.016785294348015
0.00426795331727492
0.00314120478827062
0.0198931291233537
-0.0552645485870426
0.0162492636924247
0.0161775771256585
-0.005368382080711
0.0167504373720455
-0.0236134171039095
-0.003749550056243
-0.00564544609795725
0.000378520060560161
0.0319712063569579
-0.00293308896302635
0.00569961400440544
0.0190128150089064
-0.00897021855148117
0.0152063716435058
0.0183666006288659
-0.0166345820935987
0.0220798076923077
0.00331006957107771
0.00833478034380963
-0.0227311864990529
0.00581501321585898
0.00490537824438042
-0.02057184413229
0.000356016375934409
-0.0186832558953157
-0.0241160825343216
-0.00037162764771459
0.0217472494748561
0.00327453150310109
0.00942875759097883
0.013831525555291
-0.00124025516017456
-0.0195139084533246
0.0028948796815631
0.0106440555655782
-0.0253481256694038
0.0120879125306927
-0.0019905176254259
-0.00453309140405833
0.00892526379142944
-0.00740204021307178
0
0.00436524190614773
-0.0188337736538615
-0.00239942783314873
-0.0109158188883592
0.00804339708274227
0.0105771016993339
-0.00936463476615201
0.0153845780280892
-0.0160642025568491
0.00500920204047484
0.00553817631671327
-0.00422248936621106
0.00055306045158332
-0.00497512437810954
0.00555553703703704
0.0103131125287865
0.0100255010932282
0.0037899115683091
0.0204962067690797
0.00458072602469084
-0.00982113293581199
-0.00814734339616274
-0.00642858928571421
-0.00916603179665776
0.0212225281838829
-0.0117229131744744
0.00826741567698441
-0.00427802154288848
-0.000716093793123984
0.00214974919383737
0.00607794075934809
0.0140369760845234
0.000175258454529592
-0.00385425704785369
0.00932110430318156
-0.00679559168488575
0.00105264912280711
0.00560813169281227
-0.00819102460454824
0.00281145668599558
0.00578240756965132
0.0141114455013434
-0.00652803653200551
0.0153899181950574
-0.00374661097161777
0.00376070085470093
-0.0139645603888869
0.00034535404679259
0.0134669030893269
0.0115843268895344
0.0116200570626463
0.000499384051939389
-0.00133108157507755
0.0186604298567143
-0.000981305217227835
-0.000654895197940597
-0.00163830272545373
-0.0196914509302831
0.000502142601200628
0.00685962857620881
0.00332337986041864
-0.00165621063835364
0.00630393175686672
0.003956511704583
0.00114940882924763
-0.00196823024490367
-0.00377977005028007
0
-0.00230945236406233
0.0226520833333335
0.000161729997145699
0.0017782088299676
0.0014523156131625
-0.00563973564873121
-0.00340299794851728
0.00682923577235761
0.00209949942181842
0.00161165191960766
0.00273528551133428
0.00802310654685501
0.0133715377268386
0.0199497329563307
0.0103187740643769
-0.0214938421187146
-0.00701043754446384
-0.00658930007564162
0.00631713518635513
-0.00831767093035674
0.0023738091845833
0.0022102936532995
-0.000787649653434142
0.00110357874822631
0.00220470866141742
-0.00895661547700533
-0.0079276993816394
0.0094294390282883
-0.00427487333755527
-0.00858643677192628
0.00785889359611525
0.00747932845321442
-0.00379088605605926
-0.00729346757570959
0.00814563155812764
0.00079212612154822
-0.00506569590203243
0.000636451889783674
0.00333914777133315
0.00380351834559489
0.00252604988948524
-0.00803146456692916
-0.0088903315164206
0.00368412622136782
0.00143632301308649
0.00892431872509958
0.00110567049272348
0.0190911167704146
0.0114569754734153
-0.00811264325386041
-0.00679015400662875
0.0167806243508295
-0.00152820899974926
-0.00474436821208246
0.000922604965748031
0.0147489177906848
-0.00227102184991579
-0.00652505291274508
0.0061096990055034
-0.0144224222974453
0.00492914371315889
0.0026058553833801
0
-0.00550376055625978
0.0135280085997844
0.00788710753829802
0.00165539510859558
0.00360584445931034
0.00748502960396569
-0.00297184236381098
-0.000447064096782968
-0.00462200685850589
0.00524264513952533
-0.0220534045290804
0.00380923375632647
-0.00258041906103923
0.00334805970701679
-0.000303291369634584
-0.00257936564531236
-0.0012168238885556
0.000152208336752446
0.00746164176828512
0.00136027803142214
-0.0182641358490565
0.00292130991818396
0.000459895732336513
-0.0139442839735127
-0.00745919215102386
-0.0153436670634675
0.00667835914578396
0.0148475593927095
-0.00560312840466926
0.00422609178629041
-0.0229115478234696
-0.00303077050615363
0.00512000000000001
0.00684495383635775
-0.0105928537549407
-0.00191759341906061
-0.00176114315980058
-0.00641534904299434
-0.000161452781897498
0.00113010980190698
0.00838576063169683
0.00703665451841773
-0.00524062243543555
0.0108556994070195
-0.00568542324699928
0.0233481738142975
0.00108645041129907
0.0145736744186047
-0.0105440400200478
-0.00494208494208481
0.00481139220859839
-0.00756870582541569
0.000933821011672942
0.00310999854175087
0.00589051291612108
0.000308290958672908
0.00600830343501446
0.00199076560532485
0.0149779000458505
0.0127992463304174
-0.000446015449122372
0.00669339550676518
-0.0132978871158392
-0.00673849965166984
-0.00874418788650111
0.0031939011406843
0.000606443308163174
-0.00575753030303039
0.00670519627985988
0.00287620353848639
-0.000150973584905678
