0.00330687830687837
0.0138431114040871
0.0240572171651494
-0.0193651111111112
0.00226610560913265
-0.00516795882325449
-0.0165583771609863
-0.0415978857181286
-0.0013779193462653
-0.031390134529148
0.0149572649572651
-0.024912245614035
0
-0.0237496213116365
0.0162182460825007
0.0279289082335872
-0.0112914608327452
0.0146324054246967
0.00457259936686594
-0.0231092094926195
0.0143368817204301
0.00424031817103598
-0.00809285714285723
-0.00390212827590886
0.0174501424501425
0.0357017850892545
-0.0162216627238931
0.00583991735348954
0.00204914610487883
-0.0848670756646216
-0.0242085288640597
-0.0125954193665871
0.0320834931548708
-0.0101123966250038
-0.0158910329171396
-0.0338331795463284
0
-0.046557900778269
-0.0409014624750192
-0.0522192776327242
-0.0344352601269394
0.00760817843042427
0.0443604509504272
0.0311794410835715
0.0254163014899211
-0.036324829059829
0.012860355337488
0.00306479859894915
0.0261894369271061
-0.0106337728626117
0.0137575236457437
-0.00932989821882946
0.00813347567921752
-0.0594479430763458
0.0171558013544018
0.0146471365003491
0.0223097103101613
0.00342319198018015
-0.0162047327844463
-0.0879930212397052
-0.109315631686519
-0.0218783351120597
0.0496453900709219
0.00155925155925152
0.0300985988583291
0.00856423173803522
-0.038961038961039
0.0166319646569648
-0.0603272014482209
-0.0522306339624937
-0.0338691159586684
-0.00118841354723687
0.038072697089393
0.08767902076338
-0.0363540042149632
0.0710770327459249
-0.0377743746809596
0.0350132625994695
-0.041004664274731
-0.00587915584602638
0.0467741397849462
0.0421161808996497
0.0325283374801213
0.016229116170448
-0.00845467315854043
0.0080530550424891
-0.0324248574988318
0.0305973288003887
0.0131951467104217
-0.018139488372093
0.0246327795057897
-0.0231160436022212
-0.00662560372104148
-0.0057169604573607
-0.0325826529668111
-0.0371471006861268
0.00925925878295986
-0.0397554006240876
-0.00159240976645425
0.00425305711074198
-0.0397035489520142
-0.00937155509214738
-0.0306065125546194
0.0464982778415612
-0.0532089961601755
0.0666280417149478
0.0499728408473654
-0.00775995861355394
-0.00469238790406667
0.0214772132006287
-0.0358974871794872
0.0308510654708014
-0.0221877204431229
0.0010553033743903
0.00158149718405354
0.00789473684210518
-0.00887728459530013
-0.00842992623814542
-0.00212534537725828
-0.0255592105666022
-0.00218573782435716
0.0377875684556406
0.0907651139437935
0.00774068698596975
-0.00768122899663926
-0.000483792936623151
-0.0208131655372701
0.0168067226890756
-0.0243072435585805
0.0373692077727952
0.048030739673391
0.0394133822181484
0.00925921516754857
0.0166011802796497
0.0167597765363128
-0.0114117075232461
-0.00171008985507004
-0.00385438972162744
-0.0150472914875323
0.0165866870362288
-0.0137398877741568
-0.0104483678906561
-0.00527932248130225
0.00840327251644091
0.00131583339104524
-0.0306614542268943
-0.0379574350635986
-0.00986383232203714
0.0128083491461102
-0.0168618266978924
-0.0433539780848023
0.00348605577689254
0.000496277915632781
-0.0252976190476192
-0.0152671755725189
0.0573642894056847
-0.028836658300912
-0.0176145436530174
0.00665983606557363
-0.0127226463104325
0.031958762886598
0.0269729770229772
-0.0306419761985398
-0.00602112393376808
-0.0111054523526226
0.0107197039305769
0.0111111621773314
0.0054944555444556
-0.0178837067999855
-0.018715225088518
0.0365979896907218
0.0223768263363091
-0.0398832217842036
0.0101317629179332
-0.0280843516507345
-0.0392155850988436
-0.0118153054878998
0
-0.0304347826086956
-0.0330717488789237
-0.0434782608695652
0.0169697575757575
-0.00238384967915084
0.0107526881720432
0.0112293735224585
-0.0409118035703212
-0.00670329067641684
-0.0257668113967369
-0.0522670025188917
0.0445182724252491
-0.0419847328244275
-0.0942895086321381
-0.0989736070381233
-0.0748576078112286
0.0844327176781003
0.013787510137875
-0.0528
-0.00760135135135132
-0.0468085106382979
-0.0142857142857143
-0.00996376811594202
0.0256175663311986
-0.0606601248884926
0.10636277302944
-0.12274678111588
0.00293542074363984
-0.0175609756097561
-0.00397219463753729
0.0209371884346961
-0.03125
-0.0191532258064515
-0.00205549845837616
-0.0133882595262617
-0.0939457202505219
-0.0506912442396312
-0.0388349514563107
0.286616161616162
0.0304219823356233
0.0133333333333334
-0.0817669172932332
0.0133060388945754
0.0232323232323233
-0.0414610069101679
0.0710607621009269
0.0317307692307693
0.0503261882572226
0.0115350488021295
-0.0210526315789474
0.0116487455197132
0.0487156775907884
0.0177364864864866
-0.0970954356846473
-0.032169117647059
0.00569800569800583
-0.0557129367327668
-0.001
-0.0190190190190189
-0.0908163265306123
0.0224466891133557
0.0636663007683864
0.0134158926728587
0.0814663951120163
0.0527306967984935
0.058139534883721
0.0997464074387151
0.0345887778631822
0.00222882615156017
-0.0407709414381023
-0.0162287480680061
0.025923016496465
-0.00459418070444106
-0.0430769230769231
-0.0329581993569132
0.0174563591022445
-0.0236928104575164
0.00585774058577404
0.00915141430948418
-0.00906842539159125
-0.0341098169717138
0.0146425495262705
-0.0127334465195245
0.0120378331900257
0.00424808836023804
0.0499153976311337
-0.0314262691377921
-0.0449251247920133
-0.0635888501742161
-0.0241860465116279
-0.0629170638703527
-0.0528992878942014
-0.0580021482277122
-0.0102622576966933
0.0207373271889402
-0.0530474040632053
0.0452920143027413
-0.041049030786773
-0.0190249702734839
-0.0303030303030303
0.0375000000000001
-0.0240963855421688
0
0.00987654320987663
0.0183374083129584
-0.0600240096038416
-0.0191570881226054
0.0221354166666667
-0.0789808917197451
-0.0677731673582296
0.0370919881305638
0.0529327610872676
-0.0625
-0.063768115942029
0.00928792569659431
0.026073619631902
-0.0852017937219731
0.0147058823529411
0.00483091787439616
0.0288461538461537
0.160436137071651
0.0161073825503355
-0.0951122853368561
0.0175182481751825
-0.0286944045911047
0
-0.0324963072378138
0.0244274809160305
-0.0804769001490313
-0.0907617504051863
-0.035650623885918
-0.203327171903882
-0.0464037122969836
-0.0900243309002433
0.122994652406417
0.0357142857142856
-0.0896551724137931
0.0277777777777779
0.0638820638820639
-0.0900692840646652
0
0.0659898477157361
0.107142857142857
-0.0494623655913979
0.0407239819004523
0.0304347826086957
-0.0822784810126583
0.114942528735632
0.179381443298969
-0.00699300699300698
-0.0721830985915494
-0.0512333965844401
-0.00399999999999989
-0.0180722891566266
0.130879345603272
0.151898734177215
0.124018838304553
-0.00139664804469275
-0.0321678321678323
0.145953757225433
-0.0870113493064312
-0.00552486187845302
-0.0111111111111111
0.0435393258426966
0.0269179004037685
0.017038007863696
0.155927835051547
0.015607580824972
0.0691547749725576
0.0123203285420943
-0.121703853955375
0.0565819861431871
0.0491803278688523
-0.00520833333333326
0.043979057591623
-0.0702106318956872
0.102481121898598
0.0665362035225048
-0.0128440366972478
0.00371747211895923
0.0175925925925926
-0.112829845313922
0.0369230769230768
0.00296735905044532
0
0.014792899408284
0.00485908649173972
-0.0435203094777562
-0.0475227502527806
-0.00849256900212314
0.0289079229122056
-0.0790842872008325
0.0542372881355933
0.0460878885316185
0.0686475409836065
0.0373921380632791
-0.00831792975970425
0.0121155638397017
0.0147329650092081
0.08983666061706
0.0291423813488758
-0.0679611650485437
0.0130208333333333
-0.0274207369323051
0.0114537444933922
0.10191637630662
0.00079051383399209
0.105845181674566
-0.0321428571428571
-0.113653136531365
-0.0174854288093255
-0.043220338983051
0.0442869796279894
-0.107718405428329
0.0323193916349809
0.069060773480663
-0.0499569336778639
-0.056210335448776
0.0605187319884726
0.042572463768116
-0.0842745438748914
0.0417457305502849
0.00910746812386143
0.0270758122743684
-0.0237258347978911
0.0486048604860487
-0.0266094420600859
-0.0176366843033509
-0.00538599640933579
-0.0433212996389892
0.00566037735849068
0.0422138836772983
0.0486048604860487
-0.0351931330472103
0.0302491103202847
-0.0587219343696027
-0.0495412844036698
0.00386100386100385
-0.0182692307692307
0.0773751224289911
-0.02
0.0333951762523192
0.0368043087971275
0.00519480519480497
-0.00947459086993963
0.0234782608695652
-0.101104502973662
-0.0425330812854442
0.0552813425468903
0.00748362956033688
0.0343546889507893
0.018850987432675
-0.0748898678414096
0.0371428571428571
-0.0202020202020202
0.0496719775070289
0.0401785714285716
0.107296137339056
0.00465116279069777
-0.000771604938271775
0.0123552123552124
0.0022883295194509
-0.0525114155251143
-0.0120481927710843
0.046341463414634
-0.0155400155400155
-0.0228887134964483
0.0242326332794829
0.0299684542586751
-0.00918836140888213
0.00154559505409591
-0.0370370370370371
-0.00641025641025639
-0.000806451612903158
-0.00564971751412435
-0.00730519480519476
0.0049059689288633
-0.0162733930024409
-0.00578990901571552
0.00748752079866888
-0.0239471511147811
0.0296108291032149
-0.00739523418241572
-0.00662251655629142
0.0191666666666668
-0.0212591986917416
-0.0116959064327485
0.0126796280642434
-0.0751252086811353
0.000902527075812287
-0.018034265103697
0.00826446280991733
-0.0382513661202186
-0.025568181818182
0.00583090379008744
0.0125603864734301
0.0229007633587786
-0.0111940298507464
0.00188679245283008
-0.0329566854990584
0.0788704965920157
-0.0839350180505415
-0.0344827586206896
-0.00204081632653075
0.0163599182004091
0.00704225352112675
-0.00599400599400601
0.0592964824120603
0.0417457305502849
-0.0318761384335154
-0.0112888052681093
-0.0285442435775451
0.0685602350636629
-0.0201649862511458
0.0159027128157156
-0.0156537753222836
-0.0280636108512627
0.0269489894128969
-0.0346766635426429
-0.016504854368932
0.00592300098716669
-0.0314033366045142
0.0182370820668694
-0.0407960199004975
0.00207468879668049
-0.0144927536231885
0.0210084033613447
0.0308641975308641
0.0189620758483036
-0.0166503428011755
0.0139442231075697
0.0363457760314343
0.00284360189573452
0.0103969754253308
0.0224508886810104
0.0228728270814273
-0.00268336314847939
-0.0475336322869956
0.0103578154425614
0.0298229263746506
0.0217194570135746
0.0708591674047832
0.0810587262200166
0.0558530986993113
0.0101449275362318
-0.00143472022955515
0.00502873563218387
-0.0135811293781272
0
-0.00507246376811599
0.0568099053168245
0.0420399724328049
0.0720898809523809
-0.0129549051792045
-0.01375
-0.0513307984790874
0.025384101536406
-0.0208469055374593
0.0259481037924152
0.0291828793774318
0.0012602394454948
-0.0289490245437383
0.0110174983797797
0.00961538461538458
-0.0247619047619048
-0.0208333333333334
-0.0259308510638298
-0.00273037542662125
-0.0533880903490759
-0.0202458423716557
0.0450184501845019
-0.00776836158192085
-0.0177935943060499
0.000724637681159379
-0.00362056480811013
-0.0138081395348837
-0.00663227708179803
-0.0215133531157271
0.0447308567096285
0.0761973875181423
-0.0141604855023602
0.0191518467852259
-0.014765100671141
0.0592643051771118
0.0205787781350482
-0.0378071833648393
-0.00523903077930588
-0.00855826201448318
0.0119521912350598
0.00131233595800517
0.0163826998689385
0.0135396518375241
0.0826972010178115
-0.0305522914218567
-0.04
0.0334596590909091
-0.00733054322965521
0.0246153846153845
0.0114114114114114
-0.00178153206650822
-0.0582985757464948
0.010739102969046
-0.03
0.000644329896907214
-0.00901481004507398
0.0266406757634827
0.0101265822784811
-0.00375939849624063
-0.0333333333333334
-0.0195185426154847
-0.0106171201061712
-0.0523138832997988
-0.0283085633404105
-0.0182083029861617
-0.0170623145400594
0.00150943396226411
0.009796533534288
0.0440298507462686
-0.0486061472480342
-0.00826446280991744
-0.0227272727272726
-0.016279069767442
-0.0197005516154453
-0.00321543408360125
-0.00241935483870981
0.0153597413096203
-0.0230891719745223
0.0505297473512634
-0.00543056633048877
-0.00468018720748831
-0.00235109717868331
-0.0125687352710133
0.0230708035003977
-0.00233281493001547
-0.00155884645362425
-0.0468384074941451
0.0294840294840295
0.0119331742243438
0.046383647798742
0.0037565740045078
-0.00898203592814362
0.0226586102719033
-0.00738552437223039
0.0089285714285714
-0.0140117994100296
0.0112191473448018
0.00739644970414188
-0.054331864904552
-0.0124223602484472
0.00235849056603765
-0.0219607843137254
-0.00962309542902973
0.0129554655870445
-0.0223820943245403
0
0.0711365494685199
0.0305343511450382
-0.0362962962962963
-0.0199846272098386
-0.0164705882352942
0.0143540669856461
-0.0550314465408805
-0.0282861896838602
0.0102739726027399
-0.0110169491525425
-0.00342759211653809
0.00773860705073082
-0.0034129692832765
-0.014554794520548
0.0208514335360557
0.00170212765957434
-0.0288870008496177
-0.0122484689413824
0.0389725420726308
0.00852514919011083
0.0042265426880812
0.00168350168350173
-0.0168067226890757
-0.00256410256410255
0
-0.0154241645244215
-0.00348128807658843
-0.0139737991266375
0.0115146147032774
0.0376532399299474
-0.010970464135021
0.0290102389078497
0.0248756218905473
-0.0016181229773462
0.00162074554294978
-0.0218446601941747
-0.0488006617038875
-0.00695652173913042
0.0148861646234677
-0.0301984469370147
-0.00266903914590744
0.0214094558429971
0.0270742358078604
0.00510204081632648
-0.00846023688663278
0.0230375426621161
0.00750625521267723
-0.00579470198675502
0.0158201498751041
-0.00245901639344259
-0.0230073952341824
0.000841042893187538
0.0521008403361345
0.00479233226837072
-0.0246422893481717
0.0171149144254279
0.00961538461538458
0.0317460317460319
0
0.00846153846153852
-0.00533943554538518
-0.00230061349693245
-0.00384319754035345
0.147376543209876
0.0127774041694688
-0.0371845949535193
0.00689655172413794
0.00136986301369868
-0.00889192886456902
-0.00828157349896486
0
0.00278357689631181
0.0201249132546841
-0.0156462585034013
0.00829302004146504
-0.0301576422206991
-0.0134275618374557
0.0136103151862463
-0.0127208480565371
0.0572655690765926
-0.0385917400135409
-0.00352112676056326
0.0409893992932862
0.023082145281738
0.0145985401459854
0.0130804447351212
-0.012911555842479
0.0156965336821453
-0.0206052801030263
-0.0427350427350428
0.0151098901098901
0.0196211096075778
-0.0185799601857997
0.0182555780933065
0.00996015936254979
-0.0637738330046023
0.0105337078651686
-0.00625434329395413
-0.0251748251748253
-0.00573888091822095
0.00144300144300158
0.0180115273775217
0.0247699929228591
-0.020718232044199
-0.0141043723554302
0.00572246065808302
-0.0120910384068279
0.00719942404607621
0.000714796283059371
0.03
-0.0263522884882109
0.0213675213675215
0.0209205020920502
-0.00751366120218588
0.0151410874053683
-0.0284745762711864
-0.000697836706210708
0.00628491620111737
0.00138792505204721
0.00554400554400547
0.0165403170227429
