0.00230819388343906
0.00575696570195938
0.00772753313473196
0.00880434560648524
-0.00337832207207212
0.024576213300779
-0.00385991177281508
0.0174369494205107
-0.00489651822070292
0.0254236180741598
-0.00453207168926006
0.00294592929833959
-0.0141522826661606
0.00487540654796348
-0.0123988955471102
0.0166484993626772
0.00268451006711401
-0.00160634546754201
-0.0238669610118808
-0.00824186767901824
-0.00581714713668391
0.0130956258873118
0.00907585233564778
0.00953943879911234
-0.00836935722544929
0.0130683092839643
-0.0239182753001419
-0.00220258810572693
0.00551868071088957
0.0120746984652771
0.00433839467629071
0.00107994057559568
-0.00134851664786872
-0.0021603565260695
0.00135315287271576
0.0145946216216215
0.00745868387163884
-0.0150713907985193
0.0158389261744967
-0.0103065274841438
-0.00160218954333269
-0.00534902394621628
0.0233934397255564
0.0191802412196467
-0.0018045887650272
-0.0129132228069933
0.0206697273503473
0.0187132539714561
0.00654247576535116
0.01925
-0.0144714250674517
-0.0296166749626681
0.0053859704854593
-0.0267856880922018
0.0052423588339523
0.0083441986098669
0.00905099607194204
-0.00128136852895955
-0.0130870409780077
0.00442022892408289
0.0238156348999319
0.00960811655140614
0.0247933383420986
0.000977541592255271
0.00830078145265567
-0.0101694433455071
0.00856161916434384
0.00291045355323805
-0.00532036301428596
-0.00948210528854598
0.0154638431289229
-0.0251389176973391
0.000495809546451342
0.00223050816508108
-0.00692381322759195
0.0216633217131474
-0.0509383390430986
-0.0254236781053846
0.0176547557930236
-0.0277058526076088
-0.0101198671137115
0.00161425889772704
-0.00805801772763892
-0.0222041429731926
0.00332315138955552
-0.0104886006072316
-0.00697350108638783
0.0132023041124891
-0.00609930690324367
-0.00669447736091933
-0.0176916872313483
-0.0197255288736421
0.00204141143069658
-0.00145518040002379
0.012824219970148
-0.0187050935251799
0.00146639304788243
0.00732064378795649
-0.00668616240196729
0.0286802475083552
-0.0156473390812325
0.0147399719502874
-0.00142409565866997
0.0299486585867468
-0.00470789242016356
0.0122426825888338
0
-0.0186915882712593
-0.0218488229174
-0.00601371741201118
-0.00201670993998015
0.02511544529779
-0.0126724028539794
-0.0162578147102734
0.0246447651699182
0.0124504527447649
0.000838513159265419
-0.00446799764121752
0.00168294520712808
0.0151218430445768
-0.0154483034482759
0.00140103674421499
0
-0.0137101838998217
-0.00510638297872335
0.0293697747362418
-0.0168973970580276
0.000281713142760598
0.00281684507042246
0.0202247764171224
-0.00220258810572693
0.00331123050158766
-0.000550082493121828
-0.0118326912493122
0.00946811473127274
0.0110345379310346
-0.0365620989597764
-0.0135938540471863
-0.00229692780379398
0.00978417266187059
-0.00427475064120841
-0.0022895822063419
-0.00917957518130885
0.0118702949661178
0.00829759632911009
0.00255391585959619
0.00481171781422485
0.00929583098591547
0.00251174979002222
0.00250556806823887
-0.00722016146737925
0.003076951048951
0.00585607903357288
-0.0108123093983921
-0.00224220852017942
-0.0165730346389344
-0.015138475586317
0.00203013341067293
-0.00434144730365982
-0.00290706378447303
-0.0110787466786807
0.0182783914079239
-0.000579067730773764
-0.0246234646581692
-0.0112859228563068
0.00210273349045553
0.00209829130400818
0.0182471133712234
-0.0070505873369392
-0.00325443796610758
-0.0124665779895095
-0.00811541929666371
-0.00424239393939407
-0.00334756532721947
-0.00427477862595427
-0.0018399876773999
0.00798777290285013
0.0121913437308339
0.0030112015360193
0.0225157603567769
-0.0079271870837585
-0.00947025719235683
0.00567669537864646
0.000297029114676217
-0.0014849718731792
0.00713866767217919
0.0245126395595796
-0.00835967161601825
-0.0125000283430216
-0.0203120983128616
0.00120195316111649
-0.0300120048019208
-0.000928186881188231
0.014245865151878
0.00152668702290071
-0.00579262212782394
0.0107328423571653
0.0303398067457465
0.0138398413969327
-0.0209120243973278
-0.0044496589869375
0.0122169245465757
0.00853685579814956
-0.00379442520691342
0.00175792552716314
0.0122843525090479
-0.00462294121285911
0.00986937562062762
0.00229945379995833
-0.00630906241207518
0.00663777739464488
-0.0143348619743445
-0.0113437751208909
-0.0367755200485131
-0.031154640735819
0.013240857920582
0.0115121036562571
-0.000615072323289834
-0.0163128029354999
-0.0306632988317678
-0.00387343447385413
0.0126376859158235
-0.02112
0.0192873488067995
-0.0128287042976267
-0.00682264435274049
0.000654236179260748
0.00948018960444585
0.010038925195561
0.0125039752323188
0.00443315389487031
-0.0186002527931984
0.00706717015956215
-0.014354066985646
-0.0139158899676375
0.00820479186756784
0.0104167321099196
-0.00418817641146341
-0.00258815917178912
0.0155692182938698
-0.0229958167676723
0.0117685845047402
0.0210015825201428
-0.014240506329114
-0.00385229534510434
0.00999029938800189
0.00701975111678377
0.0266160654821312
-0.00216049369379667
0.00525821186153963
0.00738467692307676
-0.00733054322965521
-0.00861535384615375
0.01272501512337
-0.0119521602221221
0.00837456523730995
-0.0258381436996705
-0.0119987053994317
-0.00319590913403933
-0.0112215770688817
-0.000648508430609596
0.0123296885139519
-0.00128208329224089
-0.00288831835686776
-0.00257483102671396
-0.0190383994837044
-0.0365131249999999
-0.00580402848057271
0.0123626025974382
0.0247625169606513
-0.00165504805213668
0.0145888594164456
-0.00522872549019615
-0.0124836395373311
0.0116434135609917
0.0263071029266688
0.00897151582734756
-0.0101619561765639
-0.000320821302534524
-0.00738125802310652
0.00711283543485286
0.00770462279293738
0.0280344386121198
-0.00898667493027583
0.00218883677298298
0.0240249929492977
-0.0103595368677637
-0.0178571428571428
0.0047021630094044
-0.01560062451172
-0.00285261498740463
-0.0152574385015078
0.00484180116204014
0.0163829109021172
-0.00347654878244463
-0.0164922608153421
0.00193485972267005
0.0209204699066625
0.0236444521956007
0.00400360320284543
0.00122702461515489
-0.00122552087088001
-0.00950911101282903
-0.0173428610299515
-0.00724866057358964
0.00126987301587311
0.00982875682216999
-0.0266875981161696
0.0190322580645161
0.0151946818613486
0.003429996881821
-0.0211311373523928
0.0336508253968253
-0.0224201774440977
0.0207352183474709
-0.0421668487431918
0.00578399724344481
0.0313099051536709
-0.0142502792518673
0.00817102451288498
-0.00498759320526221
0.00689219924812035
0.028624829764307
-0.000302540825694475
-0.00242051444540126
0.0166818011318834
-0.00805489260143211
0.0135338646616541
-0.0148367948119645
0.00361442760197517
0.00930375150060025
-0.0243829906517101
0.00213349582037492
0.0176398413126571
-0.0355648247329595
0.0514409668422682
-0.0282935160624814
0.0109190472878662
-0.00870089956790288
-0.0102905565892688
0.0382262985251896
-0.0332842700063544
0.0198050274223036
-0.000597550026963045
0.0077727351936403
0.00800952263451538
0.0170688934667453
0.0159143513913671
0.0128168609280301
0.00674909992269113
0.00474865935052127
-0.00750625500399638
-0.00308126041789181
0
0.00871036808092152
0.00752077952530472
-0.0113353614230224
0.00251677866424926
-0.00251046039109948
0.00615218155213526
0.00500277932184545
-0.0116149889380531
0.0167878558037016
-0.0151348101265825
0.00502933766333258
0.00166800106566556
-0.00971409963125436
-0.0170964125560538
-0.0136869118905046
0.00491465741543795
0.0103567612403199
0.0068337701262462
0.0110293831722461
-0.0027971468531468
-0.00673217353536204
0.00706015249929393
0.0053280426247897
-0.00976284573293418
-0.0208451267605633
-0.0244533385761416
0.0165143320554411
-0.000580214662599055
-0.00174171257643785
0.0482698472890331
-0.0993064660001792
0.00369568821386856
0.0141147284443079
0.0154312258829419
0.00268179372223498
-0.00416059410635394
-0.012533513132409
0.0139014505893018
0.0101341284689755
0.00177049282297115
0.000589101602677555
-0.0144245212121132
-0.00388297491039424
-0.0110943934689293
-0.0251667070952091
0.00622071500959787
-0.00185462144387161
-0.00712294806060854
0.000935714256528053
0.000623278279837658
0.00747421340784138
0.00401860921289687
0.0101601293103448
0.00792438256859551
0.00725736316903536
0.0153106870215944
-0.00118276167947973
0.00858499137314972
0.00176110948048125
0.00351593895353242
-0.0160583649635037
-0.00118697325854689
0.00267379679144386
-0.00296290370370367
0.0101040112865372
0.00882609539122714
-0.0160396320781676
-0.00592771156326544
-0.0149075726026365
0.00363193088281077
-0.00844387816646552
0.00699513360720383
0.0187254298180177
0.01363768158909
0.0210588189838787
0.00630194786594118
0.0014232564354324
0.0125070778851619
-0.00814140954916931
0.0195300866385459
0.00249863964464159
0.0022153973354917
0.00690798582227092
-0.0161910267889964
0.00948398937149175
0.00276324959279495
-0.00303116552683469
-0.00552791597567726
-0.000555892162312221
0.0152947445855045
0.00246507819584085
-0.0193988808414688
-0.0192253557878339
0.0048294884991622
-0.0127226749426823
-0.0174684145170914
-0.0291460207185654
-0.00750525345225894
-0.00393227453320399
-0.0151837230488916
0.0135676534073388
-0.000912655945015328
-0.00395861753958582
0.00519724870673333
0.0072992090237467
-0.00694444465411959
-0.0142900886071782
0.0129550285598414
0.00852615712545668
-0.0129830921794412
-0.00183536255232064
0.00888743460351105
0.00243019455833493
-0.00212121212121208
-0.0185241421196477
0.00866330445544561
-0.0119631602431386
0.016144086188888
-0.00855481209899167
0.0114021259968529
0.00700789152955505
0.00242063547414939
0.0153938419742277
-0.0297265169359845
0.0196078437379852
-0.0174278250429033
-0.00244654426768975
0.00674435949553542
0.00456766138855036
0.022734160488987
0
0.0245998207113327
0.00781024009256592
-0.0100458668197476
0.00260945186376049
-0.0263159036254539
-0.00386091499025343
-0.0110316931713865
-0.00271317471891319
-0.02357929119835
-0.0207430346979267
-0.0075877334046075
0.0025485824322582
-0.00476641260776656
0.0130906768837804
-0.0160731484399621
0.0044843691378722
0.00637748704153429
-0.00158425226819559
0.0228498889241509
0.0288551039404281
-0.000301507840771875
-0.00904989387330957
0.0103501071750447
0.00451946383005319
0.00839829034193151
0.0101130282603519
-0.00176669616509717
0.00176982290443539
0.0097173736665892
-0.0239136767595893
-0.00328652514829642
-0.00209832128002629
0.00841090392277266
0.0250223413762287
0.00261551874455113
-0.0292753043478262
-0.0489698985386742
-0.00722131868131881
0.00695758991278983
0.00785175879396993
-0.00685568712994722
0.00282390954427658
-0.0175218716371049
0.0162420382165605
-0.000313381385145806
-0.0128526645768026
0.0206414417275327
0.0140012761045822
-0.00122740104326491
-0.0387096171646579
-0.00958775936120937
-0.0135527589545014
-0.00228982662741251
-0.00426226229508198
-0.0102075070725219
0.0156354629286579
0.00655090053878493
0.0107386592905956
0.0177077275501523
-0.010123378357375
0.00095874078112046
0.0146871328224776
-0.00409065437096745
-0.0113743759873617
0.0041546499151599
-0.00636540420114573
0.00160156955802582
0.000319827310521159
-0.0140665276832951
0.0090791504539558
-0.00482011552634576
-0.000645721686978407
0.00064613891288734
-0.00387468530431656
0.00907614262560785
-0.00385477044184934
-0.0206384714608192
0.0118537697776171
-0.00162707452001309
-0.00228158409387225
0.0176412604494851
-0.0125200642054574
-0.0146294213263979
-0.00890788548029975
-0.0143142471932673
-0.00101320496409307
0.00743742393509139
0.000671174519166984
0.0057008718980549
-0.00566855618539508
0.016767270288397
-0.0158311345646438
0.00368636058981231
-0.00200340560923518
-0.000334560064722544
0.00368142582601827
0.00166725575191728
-0.00532629809166785
0.0190763727937207
0.00262725771339056
-0.00556829329943354
0.00131749007518134
0.00723687500000003
0.0127367402763965
0.0103192518542405
-0.0172358442387488
0.0194867807896466
0.0296273026322811
-0.015779733910891
0.019490758236113
-0.0268270428615479
0.00253485432619938
0.00316058796335605
-0.0132325141776937
-0.00446998722860792
-0.00224499679281587
-0.000321472185102145
0.0051446945337621
-0.00511836212412031
-0.00321543408360137
0.0190322580645161
-0.0145616017727128
0.00738843583001714
-0.012755165409593
0.0129199616576214
0.00159435581650658
-0.00668573702642472
0.00448714729207866
0.0015953733248244
0.00700866540327061
-0.00126545393022925
-0.00633509661070641
0.0143448831895161
-0.0113136706473916
0.00858235882334268
0.00157582729278283
-0.00062935806704334
-0.0138539042821159
0.00893997445721584
-0.00506325949367092
0.00540712450995162
-0.0107561211402682
0.00511672529581064
0.0012726376073815
-0.0197012716778288
-0.00615883306320908
-0.00163075668623613
0.00326684079494144
-0.00325620329717369
-0.00294024818881911
0
-0.0190038990825688
-0.0160321303930484
-0.0145959950643584
-0.00275576979828551
-0.00276338505135121
-0.00138555589242961
0.00797776621574764
-0.0103234346291615
0.00312934631432538
-0.00138651646447141
-0.00312391541561663
0.00731201278941551
-0.00829585205668859
-0.00348556976348657
-0.0150402238544945
0.00284090909090895
0.00708218838526919
0.00210966940542656
0.00596491228070173
0.00662717125915591
0.00207896735693125
0.00933613416320878
0.00171288106499201
0.00512992476060203
0.00204157883775369
-0.0115449911190155
-0.00171769145593637
0.00275292507752667
-0.0092655459596962
0.00831312752638991
0.013740947655756
-0.0047441206370723
0.00749060240072863
0.00675907401149045
0.0046995298858834
-0.00200464416972945
0
-0.0147305318135075
-0.00849473326537542
-0.00925291295407815
0.0408163265306123
-0.0122964772349617
-0.0208613398674744
-0.00962199312714784
0.0117973629424011
-0.00342938957475991
0.0051617345203625
0.00342348522504232
-0.00204704885865059
0.00205124786324795
-0.00102347325225094
0.0153688177811198
-0.00235452404978143
0.018206372218476
0.00132447015481874
0.00694447751322746
0.0124794412978837
0.0129743756081739
0.0163304514889528
-0.0154379332073094
-0.0121599680000001
0.00745056665207122
0.00482315112540199
0.0288000640000001
-0.00746506952005788
0.000626762770291389
0.00876915126839983
-0.00465687689093075
0.000311883957832659
-0.00873086997193639
0.00503302909616132
-0.0106416272099648
0.0136032896677225
0.00405733445513956
0.00963636988724703
0.00677342980295581
-0.000305871550279169
-0.00122352405088788
0.00551301650762537
0.00274127305871019
-0.000607411944557157
0.00091179325764168
-0.00789559672031581
0.000612213076964352
0.00336494351070482
-0.00426826232525201
-0.00183717085119406
-0.000613374270759137
-0.00491111080963103
0.0030845776116335
-0.00676509840098416
-0.00557275559048775
0.00280199261525516
0.00931384692064108
-0.0230697645690412
-0.00881612090680106
0.00508256035578136
-0.000632048060431378
-0.011701486030946
0.00384003200000005
-0.00573796602684196
-0.00128249434810856
-0.00834674157303372
0.00712211094600557
-0.00900035329474924
-0.0249757054816736
0.000332701275206349
0.0252743598270702
0.00064871878040873
0.00551053484602915
0.0106382978723405
-0.000637958532695437
0.00159588254069587
0.000956054842449205
0.00573065902578795
0.00759734093067421
0.0194785108388313
0.00123269641809864
