0.0171771352645784
0.00223036482396033
0.0260690351295503
-0.00573203691408031
0.0141788095980055
0.0145952536239211
0.00121141730449081
0.017241363404052
0.00639310120746073
0.013000413266349
0.0132711535656993
0.00273452780363304
-0.00746370051567968
0.0105566880533134
0.00143111053653877
-0.00743075132477489
0.00878204734785548
-0.00328248893963168
0.000143213066621684
0.00744459577507794
-0.00397906761493239
0.00313885022906835
0.00270234682697623
-0.00127653900709224
0.000283993734754073
-0.00525347153201783
0.00813586948717893
-0.00198214648090678
0.00581648477277596
0.00832152303747469
-0.00391661781834163
0.000702190713413708
0.00294694069753176
-0.00797536017944078
0.00662906892442683
-0.00812669154574641
-0.00452041242378298
-0.0146161343179204
0.00705642260782202
-0.0225940511940513
0.00907100246001469
-0.00304478754466009
0.0187609215020093
0.0234118334013491
-0.00516113809007868
0.0147224200785194
0.00911974537295523
-0.00520330008494185
-0.00137644868887954
-0.00289465184446658
-0.00483823637479874
-0.0141685932537462
-0.00493163301491284
-0.0113282776269494
0.00100256373531948
0.0135927459377985
0.0203275420851239
-0.00290535421839189
-0.00138752601637293
0.00347366953628359
-0.00595402927230637
-0.000975066151622017
0.0184049077188386
0.00150603776689429
-0.0099795485993287
0.0167080783404605
0.00584002468450451
0.00337564146302038
-0.0143991391306456
-0.00546152390665
0.0141406789753256
-0.0181400290453486
0.0125465740045025
0.0142973307653231
0.0175863207836306
0.0174142473318899
-0.00181535262647747
-0.0066251231504888
0.013469321126333
0.00245163870967757
0.00978240417602239
0.00318674327036628
0.000508271938053584
0.00393707147414468
0
0
-0.00303611626681421
0.00291844950941389
-0.00177124238649751
-0.00329534845892654
-0.00724820711149821
0.010247252465736
-0.00469130196432221
-0.0066241656050956
-0.000256527304827059
-0.0055156491215449
0.00786792219615529
-0.0180444844899474
0.00286711835525399
0.0167641462026309
-0.0107361454687154
0.0164082166302788
-0.00127110718879153
0.0161638793432608
0.00425856734762364
0.00137192566724864
-0.000622779915023353
-0.0079760719834514
-0.0222361312119632
0.00770908370270895
-0.000382481193420992
0.0169642980366249
-0.00413898140703695
0.00226700246178835
0.000628235721833903
0.00251167911007188
-0.0063886006165953
0.0123550554715079
-0.00361146935449064
-0.0118735655074725
-0.00139136102684945
-0.00430647261455885
0.00343462659414051
-0.00291575822448376
-0.0155117860009717
0.00942792199405917
0.00498975153583681
0.00483764462746117
0.0103889522361584
-0.00601884639498429
-0.0020183676807759
0.00518260643177104
-0.00880277950714725
-0.0154783303730017
0.0136598714860792
-0.000508530358071191
-0.014500126640799
0.0181981923774579
0.0039294968174608
0.0118687125707846
0.000873471435905548
-0.0028674230503356
0.00262564381249164
0.00860450159360271
0.00123647383419168
0.00592733986438598
-0.00552414688833958
0.0012344031296283
-0.00258906420183613
-0.00407913463339604
-0.010053344917463
0.0127883271617772
0.000123817778210134
-0.00792176002077294
0.00511535857478829
-0.001117142530217
0.0113085123485956
-0.0144998776542103
0.000249426443245326
-0.00785346537205844
-0.00439751247129094
0.0148914693309306
0.00696350427663517
-0.0081501972777156
-0.00946217629482071
0.0134489571002756
0.00372073683693674
0.0217472136414185
0.0312008095005245
0.00903018678422152
-0.00395169683924113
-0.00816799328476048
-0.00141179999999996
0.0015316329476307
-0.025644041274108
0
0.0154533257164475
-0.00309122573901766
0.00548598701218794
0.00770965502810239
-0.0182438208362031
0.0124684444326366
0.0224985324747851
0.00856975121180659
0.00355960516980613
-0.00240274594044054
0.0119279845870401
-0.00215348513588953
0.00113582461226924
-0.0089630248350695
0.00709791659067927
-0.0147777990817574
-0.00784585226366341
-0.0108152113226007
0.00681872811706397
0.0253386154289887
-0.00261924615919018
-0.00822106626578967
0.00529586685130234
0.00492441594136528
0.00900286039886034
-0.0168285292881349
0.005284307686928
0.0151981941447104
-0.00889231242198607
0.00545140242641451
0.00711628834424816
0.00471060992774275
0.00591648792327559
0.00188656084911165
-0.00531674795432813
-0.0153675384621089
-0.0401492318513739
-0.0407682205454852
-0.0164599426871421
0.0569501311352567
0.0228051644619578
0.00254160126020353
-0.0174003459022856
-0.0281458201528962
0.0278749477057461
0.00645694998826007
-0.0188965583029316
0.0292474018636617
-0.0168649532170497
0.00951706016311782
0.00174583337397172
-0.00999187870338092
0.0174861872724585
0.0069204846685289
0.00343636872498165
-0.0122146007354931
0.0147925461087777
-0.0174239726095882
0.0127491656554146
0.00297553226054692
0.00159744410768425
-0.0370243795514283
0.00272096300391533
0.0218263208629939
0.0103914211939566
0.00811334686062515
0.0129222397084308
-0.0106311211881029
0.0128944570571448
0.0199887542158987
0.00919645321639839
0.00282059014970715
-0.00941153160078911
-0.00698918859888598
0.0010997360607059
0.0101065364177362
0.00880919006446512
0.00118586672734211
-0.00301504243517681
0.0207366463219201
0.0131202832902277
-0.00219320104438636
-0.00115136067457233
0.0121554647385518
0.00124239574458618
-0.00206800746632207
0.00269396948100775
-0.0116771523719278
0.00104557717529885
0.00208903284079875
-0.000416927237504194
-0.00615228350047381
0.0113314554890664
0.000829982371926219
-0.0106768838947144
-0.0111065064730406
0.0125026598591647
0.000104667226970889
0.0047085591712881
0.00666535117679712
0.00134488924705622
-0.00547576190230648
-0.0107001763827098
0.00199511702210087
0.00335359470453978
0.00522247765244366
0.00997505216074512
-0.0136830662659383
-0.0219047244631878
0.0179161784552473
-0.00890517576443717
0.000739957732345919
-0.0157388616401999
0.00482933032839661
-0.0201858278389137
0.0184216485376423
0.00535160012843838
-0.00308741616097097
-0.00779576044207353
-0.0156065540584844
0.0100590204467421
0.00606197248523399
0.00548735731682015
-0.00417334416821868
0.000859671198359724
0.011165997543118
-0.0129539286472713
-0.0161359726348534
-0.0214301226922164
0.00458105027932953
-0.00756312945998761
-0.0114311774706541
-0.0077088766320017
0.0046841426332016
0.0155787578899531
-0.0277684028164461
0.0253368300049102
-0.0189823994044974
0.0194642211799507
-0.00101082658343643
0.00775718969389061
0.0206380970620046
-0.0145370426174892
0.0137533046249643
-0.0103939275624961
0.00630182442128779
0.0388925633561599
-0.00200925342659164
-0.0140934826504138
0.0189166163057113
0.0182489023760897
-0.020097410339764
-0.0293899790417583
0.00304975499509341
0.00673257711945174
-0.0111099019642961
0.0151614310645722
0.0137530675835393
0.0160042716694069
0.00479865423744363
0.00342610049833891
0.0131401549272603
-0.0074550246620716
0.0113180263130357
0.0120052903448438
-0.0149793705139302
-0.0239845471325408
0.0283383779673234
-0.0107789001740451
0.000102816612899126
-0.00133618047758066
-0.00607249872076998
-0.00766281453867657
0.00657411026663657
-0.000310999381204491
0.0177330602509591
0.00275122277105377
0.00406456644387498
0.011233681028918
0.00710567468185896
0.00944057466284121
-0.0114196099346403
-0.00497908793027457
0.00390312257612324
-0.00538332181005519
-0.00260594374880063
0.0219073455550731
0.00383518529186366
0.00489811902629067
0.00770131589586054
-0.00919033542061509
-0.0141573621198471
0.00782411599659194
-0.014347474167699
0.00159517442885804
-0.00706747966421939
0.0046115187969924
0.000798343486661413
-0.00618210184283474
0.00110365207391694
0.0105231811036597
-0.000892631143655009
-0.0117133216540267
-0.0115507635908147
-0.00375981084199528
0.00856789056948304
0.000202315944649589
0.00303331641995319
-0.00866936518153316
-0.0063046067237994
0.0141219503262182
-0.00413719483627029
0.00273580904375703
0.00293048709509391
0.0341561612090679
0.00954797359263404
0.0186257473858595
-0.00180011363903043
-0.00113898062700279
-0.0132079059902681
0.00385172852868032
-0.0105515395683453
-0.00668931639962556
-0.00663673635210549
0.00648460411165863
-0.00566186049078765
0.0246416844233095
-0.00364094077874078
0.00259644201551001
0.00834447519001591
0.00190245415873069
0.00550652225374493
0.00698704534087269
-0.00553215179499023
0.00537430709738462
-0.0011253399922726
0.00835602275174119
-0.000558715073394556
-0.00894353489634936
-0.0072381652727439
0.00132562256106783
9.45815602837463e-05
0.00491676427918386
-0.0174068405853108
0.00890549650483563
0.000759310926734091
-0.00948406658793499
0.0113940537841046
-0.0225314500387612
-0.00774821307506057
0.0227428215542067
0.0158427468585871
0.0215144772357294
0.00165548602072607
0.00477454761639717
-0.00657955770812402
-0.00257565083778533
0.0116204187033109
0.00556113582712858
-0.000997289184117234
0.00344857058810089
-0.000180853757800414
-0.00189965621258281
-0.000724977369040314
0.00117900415057126
0.00471061694637753
-0.00883602889420143
0.00500321113435809
-0.00117672878774266
0.00516538296629609
-0.00829424825629732
0.00645453636363635
-0.00316139466318666
-9.06397237165901e-05
-0.0085182964842464
-0.0453341268500457
0.0108186216606594
-0.0036938813469618
-0.011407966319841
0.00192330035432842
0
-0.00767830871142516
-0.000290144117324198
-0.00377321977773593
-0.0138875399253419
0.0122119163658467
-0.00262694106467154
0.000292644614327431
0.00292563874658036
0.0124465874152697
-0.0134460426398566
0.00292052177842184
0.00436812282182442
-0.00183630035917359
-0.00329199267323765
0.00106859333459108
0.00727802016657875
0.00520224455099472
-0.00613378401892983
-0.00549662503847514
-0.00833898986732251
-0.0194582776804032
0.00877547874726248
-0.0180901732665018
-0.00956412947620788
0.015755265778266
-0.00720505353747636
0.000907206943929095
0.000402749232545352
0.0217435482884456
0.00817735960591137
-0.0111404278092361
-0.00928947506098488
0.00359103241895253
-0.00377694062442158
-0.00508831671889709
-0.00250701962989353
0.00281490898949532
-0.00862156390977442
0.00808982716240103
0.0112347876169165
-0.00823326075256936
0.00560110005197756
-0.0140243085933528
0.00968424320642325
-0.00359669312005972
0.00330888388722905
-0.00209874079749628
0.00210315477422429
-0.00249850094940041
-0.00160300574297167
-0.00491719006689029
0.0136143399106761
-0.00785992422923243
0.00270755111604948
-0.0324032209701615
0.0163307700258397
0.00152548557865373
0.00081229688833373
0.00101467128682375
-0.00557473117475249
-0.00183468553832744
0.016644521597059
0.00612695874099978
0.00339426980920976
-0.00706396364413564
0.00741480939634842
-0.00417742188007342
0.0141829600224843
0.0164467006455908
0.0179246101920802
-0.00732911683474413
0.0110269535811012
0.00825109999523699
0.0121343243746463
-0.00343861530555045
-0.00578198249234407
-0.000656598811963227
-0.0180213814715471
-0.0124259507046659
0.000483962446767405
0.00251517841205828
-0.00366686298369767
0.0152058111380144
-0.00104942759015447
0.000764034005959813
0.000286277313805927
0.0122113909559245
-0.000659745535527723
0.0116947846052513
-0.0022373264352753
0.00298980662421555
0.0160223757060527
-0.00458421197396164
-0.00884221239753147
0.00362418916806817
0.00129628703703699
-0.00869245430638488
0.000746287334317808
-0.00932140202574017
0.0099736263640724
0.0122042672705149
-0.000368163822031087
0.0112328605908032
-0.01575165226711
0.00120263646998398
0.00286425197641371
0.00810758238338338
0.00804245125283209
0.00126925653846088
-0.00325968845962188
-0.0066315769143972
0.00201190675833396
-0.00830515652094543
-0.0012884869763119
0.000184334689946608
-0.00635713095303914
0.00231803434989408
0.000462571701435266
-0.00665743861937229
-0.019082220981104
0.000759176335903611
0.0119476769575921
0.00121811280717665
-0.00402433325267815
0.0127795623525571
0.0156801077721294
-0.00365397822550495
0.00944345832951332
0.000363315174628731
0.00853461965257507
0.00153041048738922
0.00656182471910105
0.0036613322826935
0.0127235609282281
0.00948868388683888
0.0121845167591903
-0.0061908940793407
-0.00155736283859897
0.0148180153411088
-0.00401333785318636
0.00737312249119615
-0.00408513191489357
-0.00059818835920844
0.00427533144784942
0
-0.00144740744437821
0.00520122787518096
-0.00441085761651427
0.00238560954965639
-0.00331491707071963
0.00451986176838037
-0.00925379056580544
-0.00462718949341534
-0.00241052849826007
-0.00025887988243567
0.000776901178712208
-0.00388135235671294
0.00259765352147645
0.00103638482566382
0.000172513150806353
-0.00534807211248178
0.00286185938534156
-0.00224837428440305
0.00164675857982544
0.000778783421303109
0.0013833304034816
0.0009497496114661
0.0028465625808678
-0.00404267152859672
-0.00518178594713026
0.0109384059217221
-0.000858729090392307
0.00171899444295653
0.0106391932053405
0.00517871631565736
0.00878378363540921
0.00150704116699529
0.0030930863628218
-0.00083339446342845
-0.00625573447540029
-0.000419699516700511
-0.00377862973477638
-0.00151719488804114
0.0151105944209911
-0.00207900207900202
-0.00133336666666672
-0.000917832140114538
-0.00400904525158996
0.00511531236897267
-0.000667462033476784
0.00935050099641432
-0.00951200976820499
-0.00517747807933189
0.00763874777903339
0.00533154777297939
0.0135896586012594
0.000163472858077274
0.00343310457522006
0.0143368765992689
-0.00345326863443474
0.00354583781274354
0.006022645194111
-0.000399074077259587
0.0038329153437775
-0.0019887041761889
-0.00820978007500217
0.00538453749095869
-0.0107913510917882
-0.00719191111111117
0.00260458243037132
0.0107972235752556
0.000883471192940855
0.00682071882152013
-0.00653541877312969
0.00433212989439036
-0.00455307125883753
0.00609849126708828
-0.00374854850251749
-0.000880642034084
-0.00376603356331662
-0.0119038363724951
0.00984941000975836
-0.0197484849225936
0.00600275465831146
-0.00841914364620389
0.00857307738147028
-0.00457700865675537
0.00804660474549146
0.000244408249028494
-0.00627039072629343
0.0115545604486975
-0.00137722778066707
0.00275820563214579
0.0132675267917846
-0.0015169820359282
0.00559734536378298
0.00373728524590833
0.00380255080878045
-0.00181513694116597
-0.000711606561236366
0.00490547515551443
-0.00031494370026075
-0.0058281325838534
0.01798302262577
0.00599224902723727
-0.0409994804363122
0
-0.00717914812310116
0.00812479674805333
-0.00402965822002488
-0.0022657306640923
-0.0065693834573548
0.00285735983112678
0.00985026896288743
0.00523977415784493
0.00104254212612376
-0.0299607942007403
-0.00602853269563242
0.00340641406275832
0.015318423830051
-0.00383298799951914
-0.0052394595949331
0.00666610144570634
0.00416940810987576
0.00154681264272893
0.00154448060992873
0.00405811219915675
-0.00573922080461742
-0.00926828455284556
0.00451340058662897
0.00343107578037483
-0.00138401039837155
0.0135333111516938
0.00209139317889329
-0.00473594469841154
-0.00354863301151109
0.0040469444585931
0.0119306405820885
-0.00286784834595588
-0.000559239443305048
-0.00271779380843795
0.0117826304619648
0.00697138540034725
0.00291088031696263
0.0069030277634996
-0.00116854159264168
0.00584977738906134
-0.000697983833080951
-0.000310336009557433
-0.00194054176914471
0.00256651108155981
-0.0110930180407099
0.000235323182413261
0.00282331577408335
-0.00883713907475236
0.00339277265887294
-0.000707682640680773
