0.0149962224753228
0.0168318306184434
0.0189443262634601
-0.0128159381654896
0.00822819543295306
-0.00797965194014605
0.00639850079710236
0.00744777488551818
0.00378649483928051
0.00323333943715975
0.00286481657528448
0.00285663284615723
-0.0452198164578891
-0.0171546146344468
0.0333902871066265
0.000550743518436869
0.00495412844036713
-0.00127805367902145
0.018829963092688
-0.00107665530235057
0.00574823085138232
-0.021253848142388
0.00054750000999082
0.0248038838298783
0.0144153944548033
-0.0429824736842105
0.0344638136473661
0.00850611376927168
-0.00316288877174487
0.00987133791644634
-0.0164078021223982
0.00976049724083405
0.0107204917145698
-0.0034776040159139
-0.0106438665042076
-0.00282186943876783
-0.000884311975869911
-0.00832009175712178
0.00642629418064966
-0.00407944299256047
0.017631290556321
-0.0238011904760448
0.00986021889315558
0.0275164023605041
-0.0694540416473041
0.0148533045886872
0.0102451701427004
0.00162984422981083
0.0027119507736042
0.0196538048981933
-0.00353671093787289
-0.00301682353209665
-0.00249197223211117
-0.00267669516993752
-0.025943818678544
0.0455547216303218
0.0101897754810181
-0.0222608521739129
0.0101387404813456
-0.0204261310014767
-0.0435017428815073
-0.0202968994605695
-0.00115098789274914
-0.004417130785481
0.0129243441358025
0.0184727106635958
-0.000560938668661137
0.0101029184265122
0.00166697530405724
-0.00536244432831201
0.0104108010706303
-0.0207911139205561
0.00225477259949702
0.0247469066366703
-0.00603728503476031
0.00128842255518413
-0.0238971314743702
-0.0126176652586691
0.0164028418844173
0.00168887217697744
0.0133008427631915
-0.00240342022554996
-0.00574494080327914
0.00223668211606043
0.0243630649060813
0.00871457847804735
0.00773939870879414
-0.00321487754188676
0.00125425548729163
-0.000715837496137461
0.00590970630372478
-0.000177995377532381
0.00498573717948725
0.0186038805564117
-0.00800144345098475
0.0410310370161502
0.0284655891606129
-0.00704225340579345
0.00808177456569736
0.00605371410428202
-0.00292732142048069
-0.00978636421813128
0.00856532710534208
-0.000979944471664163
0.0148766393616688
0.00998709697206523
-0.00590110038435243
0.00545477280748363
-0.00893564732521612
-0.0130414101909287
0.00897225136985735
0.0284559912192721
-0.00958970272614834
-0.00761904761904753
0.00111964171465129
-0.00079883367950162
-0.015829900610331
0.0175467427708651
-0.00111767521766448
-0.00863172940166668
-0.00386973556917136
-0.0152152640857115
0.000164332675871126
-0.00164335256017589
-0.0237036872427984
0.00876750954699856
0.00417850562665878
-0.00133159116739046
0.0120000166666667
0.00230566531117149
-0.0129806274567758
-0.000998867987348051
-0.00916512278503989
-0.000168146656040147
0.0139612781503569
0.00497682490008011
0.0023109771439096
0.00312910073898043
0.0114923822032507
-0.0027593247401505
0.00374347336822067
-0.0136208209379218
0.00854834757361989
-0.0008149796516701
0.00603587285539753
0.0179990438786781
0.0106722206223673
0.000630433402199593
0.00803272931067167
-0.00843751562499995
-0.0143397417954577
0.0137490170063792
-0.00441569153130417
0.0011088230459555
0.000316455691195427
-0.0098070703921691
0.0159744414049343
-0.0108490254983971
-0.00381500556350334
-0.0027125898424315
-0.00800000000000001
0.00806451612903225
0.0105599999999999
0.00379990500316651
-0.0130915137826021
0.00703209205689626
0.00269801627354438
0.00870528648306412
0.00721798211203528
0.0107492596744272
0.014950694279471
-0.00455573286425914
0.0077802437324066
0.0189221925195941
-0.0190164765715785
0.0148417842623321
0.0143262046164392
-0.00676767681671797
0.00710999830810266
0.0129431537856495
0.000871163022891253
0.000290105904540594
0.00884700546107342
0.0133697531158641
-0.0042558662010459
-0.0106852824993509
0.00705642260782202
-0.00672102102102112
0.00791826962162778
-0.00571348362481128
0.00933775306223605
-0.00512382564406988
-0.00672391969316388
-0.0092179029238082
0.00319815375493304
0.00579629022471262
0.0126782444789948
0.0036989898463653
-0.00524454974154998
0.0220861071530349
0.0100375570875133
-0.0157349764969625
-0.00392650410675921
0.0306912576473497
0.0015025406570488
-0.0150027141298418
0.00609253660907605
0.00770708738193848
0.0111991257689277
0.00108052402646508
-0.000809565536579959
-0.0315959635861723
-0.0376464579246171
-0.0185453354916837
0.00339537949203939
0.0398705158177062
0.016270543293718
-0.00292355553602797
-0.0115889690761392
-0.00550923851519658
0.0147727268530475
-0.00769880997483741
-0.00112852307982136
0.0209010456404759
-0.016046534568453
0.00716999889652747
0.00781683427996693
0.00152355962009243
0.00456369809331214
0.00991192194262003
0.00190838328914422
-0.00217692517006807
-0.000681688065540587
-0.00300178737888146
0.0106746681264542
0.00717669619977523
0.0185534425337499
-0.0248152712561966
-0.0266647682727978
0.000834334538487802
-0.011393622184332
-0.00379486988630018
0.0179176785236037
-0.0195426744409515
-0.0224766192388074
0.0310918429185296
-0.00364659171192461
-0.00380073192848074
-0.0110216056671587
-0.0210030153165599
0.000437915956125856
0.0220276430914232
0.0111332860728885
-0.0152455401042089
0.00602061335950088
-0.0119692789968653
-0.0826362176311635
0.0292406849671327
0.00992824179122898
0.0287355401360161
-0.00220514564268515
-0.0017681301708502
0.00723244280442814
0.0139215127175123
-0.0114178346172039
0.0081870904038861
-0.0287122393954791
0.00358312913183956
-0.0233561287807775
-0.0528560836905991
-0.0133483756834996
-0.053952683095442
0.0189524118030253
0.00608726760377509
0.0272268739495798
0.00670811529299931
0.0567202674584799
0.000615210732784144
0.00276667699866828
0.0122624620558696
0.00317987578467771
-0.0188679245283019
0.0104615384615385
0.00319730511571259
-0.0300500687517086
0.0308245501486466
0.00683067729951459
0.00361824201362149
-0.00195280156226507
0.0094822092269049
-0.00998953332339336
-0.00557233416950798
-0.0330153117221765
0.019263963015316
-0.0164413025064135
0.00421804392382308
-0.00420032676105053
0.041243554405763
0.00525128266312724
-0.0300000298507462
0.00415454698121387
0.00658902829944763
-0.0114172625538967
0.0023097319892289
0.00337996640835558
0.0140867405936838
-0.0150988970965319
-0.0121110066482749
-0.0270018768776575
-0.00127594894296734
0.011977004343293
-0.027142133929969
-0.00162210862539791
-0.014622209823269
0.0369331727309754
-0.0103354589018201
0.0372749988022172
0.00991324380152547
-0.0111962581838769
0.0257483476694844
-0.00619984906395821
0.0241935023707622
0.00371415848207279
0.0227945536647294
0.000578885689692887
-0.00940122952561806
-0.00642422270183152
-0.0329170448383377
-0.0197537766222086
-0.0134863272830157
0.00518544948437216
0.000156307641764775
0.030790825257893
0.0262320406170755
-0.000295449172576956
-0.00975471417353158
0.00746268656716409
-0.00370370370370365
-0.0154646988847584
0.008457906788369
0.00389399448377992
-0.0431150237671941
-0.0255690524722335
0.015520016
0.00204816445488931
-0.00566031464340611
-0.00379509791919352
-0.0101587142857144
0.0173187617492181
-0.0115069358686465
0.010684133482445
0.0119911326602851
0.00218272532246222
-0.0178904483181465
0.00633610001051643
0.0250276093975699
0.00153559575235285
0.0219258046316191
-0.00690172522425425
-0.0362592676761063
-0.00501646018158852
0.0272569083463539
0.00935584398876577
-0.00106366816786707
-0.0188621545136037
-0.0116279069767442
-0.0037647372549019
-0.0111793264424288
0.00732482495740183
-0.0140689065465984
-0.00737532479357594
-0.0395735906961717
0.00874539200715407
0.0331777425808604
-0.00887531049095847
-0.000325561716885692
0.0179152762894046
-0.0118400319999999
-0.00712432017889642
-0.0140248043052837
-0.000826976527075529
-0.000827660983280909
0.0152418486540449
0.0106070660999849
-0.00742772485063781
-0.00048807547603591
0.00976565771102944
-0.00838170521628445
0.00536407672301675
-0.0231204534557947
0.00595830870434644
0.0227048539438113
-0.0181789092664093
-0.0370309525975905
0.00459419771992509
-0.0267615510372365
0.0321963458440018
-0.0118023940009713
-0.025422316576995
0.0250350144438902
-0.0645601889762628
-0.0125981011502648
0.000554715216171786
0.013491018046738
-0.00237055069292491
0.0062145861124947
0.015803796835673
-0.0182402724692515
0.00327868840514789
-0.00417581684183677
-0.00474016425670598
0.0108078402637846
0.00181223269300457
0.00669325265364074
0.000718724143082605
-0.012030867517164
-0.00690659760087242
-0.00732058944583813
-0.0173304381515325
0.00656666053595978
0.00130473434092337
0.00446757251549568
-0.00759822104518582
-0.0076563960346665
-0.000564508855184664
-0.0248540759771404
0.00753039182215898
0.0555768876964353
-0.00399420827907748
0.00109363833223419
-0.00018204661988519
0.0171188854489164
-0.00895255179776366
0.0372177429888976
0.0121930151541543
0.00447423843616868
-0.00702415636498466
-0.00414075231436772
-0.00121273386672327
0.0201214043323017
-0.00629148093365961
-0.002053371013918
0.00514401577503421
0.00955307078732637
0.000844880027036199
0.0043897011649503
0.00184898296019553
-0.00553687938043212
0.00590516281423992
0.00335459582949671
-0.026746890672016
0.00583991745379731
-0.0044399247875696
0.00840483719390805
0.00272155123793927
-0.00983888024022261
0.00119924620865586
0.0326830772190807
0.0130903235489752
0.00065425254586593
-0.00474012749264463
-0.00804724926994993
0.0211920191658272
0.110408527885862
-0.00350413209239686
0.00278391208791229
-0.00321450896509345
-0.0192025356317423
-0.00552986067673822
-0.00150284037416826
-0.0126430459770306
0.000609771360054134
-0.00167580746002138
0.00717230287154424
-0.000151545454545432
0.00666770743045042
-0.0079782929399369
-0.019878694389114
0.0120762819059472
-0.00994342925148717
0.00556243810935664
0.0125998766871582
0.00303484057557379
0.00786694426223722
-0.0123086154769461
0.0109421575558286
0.00856883682661613
-0.000298047416786296
0.00760402564484863
0.00739863843152899
-0.0033784370335358
-0.0150331028749626
0.013317357075644
-0.00295339629424984
-0.00770137771185042
0.0147760895522389
-0.000588336537383105
0.016188462819211
-0.00260680654858203
-0.00493689538535369
0.010214563114177
-0.0106890794154667
0.00146003800438121
-0.0102055261819813
0
0.00338789222842673
-0.00146808566640833
-0.00132309620654636
0.0136905785367289
-0.0124891226766028
0.0124999705882354
-0.0303557888266024
0.00584182127496047
-0.00565904674135376
-0.0145273931942815
0.0209725978279971
-0.0232211521286099
0.00838151439889456
0.0163216266078774
0.00312266171003706
0.0268306852480091
0.0340695842674859
-0.0013960352392588
-0.00111843983109805
-0.0194541505719028
-0.00485294047539075
0.023379187845967
0.00602664347657034
0.0183895098688982
0.00314642963464906
0.0117278054894914
-0.00350454229668307
-0.0112268632490194
-0.00902867329763801
-0.0106295413962026
0.0280452358879653
0.00746475298588467
0.0246530368589639
0.00999213804870203
0.0222598151523041
0.00853174593826234
-0.0138888767887201
-0.00653011540410031
-0.00683075173763392
-0.0093433949998285
-0.00104786487020514
-0.0107526878900422
-0.00145811236855498
0.0037169652537643
-0.00700964148909355
-0.0392914880316597
-0.00526822425904172
0.00223002090592339
-0.010707898166714
-0.00351419740672188
0
0.0118494006467682
0.0177052411387744
-0.0168493561643835
-0.0136546752259165
0.00113013135852325
0.000987709849539664
-0.00803494479743616
-0.000284283063054502
0.00284299937009247
-0.0116229619437438
-0.00544966275134107
-0.0115356167710343
0.00860679758103
-0.00506216379898994
0.00101758975116151
0.00493749629774176
-0.000144436422446548
-0.0170544871497476
-0.00132339357966782
0.0091284307752777
-0.00335574841908759
0.0141999857766064
0.0037529157585583
-0.0117917743486947
-0.00567518909087328
0.0196106536042544
0.0232525196857332
-0.000981904881724005
-0.0110924036634034
0.00298166974300718
-0.0038221404844585
0.00184733543353688
0.00709219858156018
0.00281685915492957
-0.00252808999416099
-0.0343564503389097
0.0937591107098539
0.0133315554371003
-0.0044731481522654
0.0042288887069879
0.00802737223390904
-0.000391618809180705
-0.00705238343998937
-0.00407731164115899
0.0203381006294494
-0.0100957672768376
0.0066683444036999
-0.0132484352058303
-0.00144793995724701
0.00500918791182192
-0.00577118325737624
-0.0017151054730169
-0.0223337524073941
-0.00716417921745693
-0.00844104867696593
0.000411904423674336
-0.00370580560381817
0.0028930570543082
0.00467027453281843
0.0307629208471825
-0.000265234119448787
-0.00743007798473894
-0.00614891073784007
-0.0255548224762562
-0.0172532788372648
0.0153090455888645
-0.00041498131947737
0.00415161903815053
-0.00110246695431271
0.00165556008600065
-0.00702482113016034
0.00610352371222223
0.000827202548286277
0.000826642833814173
0.0536820494512857
-0.00927507475081357
0.00764770609956256
0.00235540440605608
0.00417754580098051
-0.00299006768044896
0.00847560285628868
-0.0113782912530795
0.00353131053532962
0.00130325812707177
-0.00911108918102055
0.0082753845373198
-0.00299639127158957
0.00182933492524939
0.00886917983224667
-0.0199095027772335
-0.0122675243969798
-0.0223023246114714
-0.0193962302881604
-0.0129544503001192
-0.00578611338151125
-0.166501014897133
0.0263964402861641
-0.0066368176538909
-0.00400865214646151
0.000503085686683002
0.00268186389540737
-0.00267469073888338
-0.00419041233657391
-0.00084159232452452
-0.0222371963908828
-0.00758103019329714
-0.0437499320746504
0.00381261787172771
-0.0255018986163519
0.0167037487619941
0.00146042353889064
0.00437471738288897
-0.0241378956129907
-0.017481830016738
-0.0149536431969093
-0.011337432526183
-0.0217686876235434
-0.0498708901303044
-0.00669176076955247
0.0111578736842104
0.00707890916258402
0.00268763702062502
0.00432987628865988
-0.000205255598547671
0.0119096096117122
0.0275974031574149
-0.00671406016417975
-0.00437369790007347
-0.0019968449681772
-0.0316126050420167
-0.00165293381599452
-0.0016555877483444
0.00684075427691733
-0.00308836730492079
0.0109459525380402
-0.0075587128180038
-0.00082340465939057
-0.0115368971665246
-0.0160483743226343
-0.0457530193974375
0.0155383133304843
0.0076502295081966
0.0249458145312718
-0.026031746031746
0.0254237070838765
-0.00678109783388636
0.0166418394845709
0.0188876592282199
0.00926881584487771
-0.00326530612244891
0.024570045045045
-0.00479620294172245
-0.0142570083184137
0.00427783662660408
0.000405699805389403
-0.0444038726682887
0.0305537655303678
-0.0179122709491456
-0.279245277164669
-0.0744619233722535
0.042740414833438
0.0623869801084991
-0.0136170212765957
0.0319241012366982
-0.00501672226820726
-0.015126078007673
0.00227536973833908
-0.000283825182529784
0.0315072381493047
-0.000275123830489887
0.0101843925029237
-0.0147139233047978
-0.011891592920354
-0.0207108312342569
0.0202914821210929
0.0112043974452549
0.0144044606318261
0.00846534703619195
-0.0181424857839154
-0.0333700790606773
-0.0136946936860112
-0.0251663002603414
-0.00296744798316184
0.0315476804492667
0.013271754183497
-0.00142366177174436
-0.00598799543769613
0.0103270220789726
-0.0133447185308144
-0.0106474532374101
-0.0154160263113431
0.0156574012205259
0.000872571236981479
-0.0296425748328972
0.00628927841537208
-0.0199404178535962
-0.0455511691466748
0.00699968183264388
