0.018821637277304
0.00208836947791169
0.0248476911694824
-0.0361332864070076
0.0485232399955084
0.0052622812991443
0.00384911488140638
0.0216258292159124
-0.0162138114965648
0.0135815506421724
-0.00120448663669048
-0.00844131796450509
-0.0305563853839523
0.0271287439234749
0.00259538931297709
0.00944119109003161
-0.00497815650960709
-0.000909596739078089
0.000758649445868009
-0.0130401977122152
-0.0059916887996122
-0.016846925046998
0.0366294759215615
0.00591446751851765
0.0189958384141162
0.0244119262856592
-0.0131426346950502
0.00512217166333495
-0.0285381333721609
-0.070893269321144
-0.0280690747517639
0.0220747219917012
0.0215978882235177
-0.0136703385789222
0.00547945214310164
-0.0400705247647143
0.0103522960486273
-0.0423070085046111
0.00690245026915526
-0.0251927515061783
-0.00369203580006972
-0.00670543521106182
0.0294901398207472
0.0281277130607815
0.00537092966193597
-0.00434061755123138
0.0154259224585165
-0.0042932958339944
0.00381426208647206
0.0171815796659769
-0.00974498944291047
-0.00557651294773642
0.000989576101112055
-0.0350963591217064
-0.00956285844325722
-0.00241377586206903
0.0311095570150439
-0.0326852329869258
-0.0265118528246726
-0.00978994304022784
-0.0291210312938875
-0.0242547129885101
0.0252371532213063
0.00758837696813597
0.0242468593726461
-0.0143471848761544
-0.0118267469400791
0.0149143433085188
-0.0174165278921722
-0.0360044497784342
0.0158973762861017
0.010369513379157
0.0373203955961934
0.0203274150026984
-0.0417842552576825
0.0252070478457056
-0.0114859832827354
0.0183369274387464
-0.00784449991085756
-0.00287511220574621
0.0156784820443869
0.0251951379489861
-0.00363445835296738
0.0264026402640265
0.00592315112540187
-0.00185055521282895
-0.00471941666207931
0.00338697719537651
-0.00118143459915609
-0.0179114734707672
-0.00206467656683884
0.00827586206896536
-0.0013679548563611
-0.00890412640739291
0.00380091562196072
-0.0139414290513401
0.0101238957911696
-0.0150336791953288
0.00210524561403513
0.0136555149449495
-0.0208981512643126
0.0127006705362616
-0.00435464204842362
0.0195941042687193
-0.0259093861686579
0.00915978509776272
0.0102984812306077
0.00639251889439318
-0.0133905407725321
0
-0.0123543237801579
0.0199084045069911
-0.0126101055900866
-0.00682295311406567
0.0144442487229171
0.0227470394165654
0.00135820029343958
-0.00118684299762628
0.00390424376167053
-0.000169056479016882
-0.0133604090417654
0.011655810764484
0.0369366485936971
-0.0176470912149168
-0.0099800234527615
0.00403222446236562
-0.000167302549106574
0.00719665271966519
0.006314406779661
-0.00743064716924302
0.0119780566964223
-0.0039454544157338
0.00627167849480115
-0.0136132849989621
-0.0239440975048902
0.000340715496750965
0.0023841961446831
0.000679595639150765
-0.00458405756930191
0.0175677806998502
0.0043579953067383
-0.0106808915447562
0.0128205467749756
-0.00166558957918728
-0.0118451620261122
-0.00455851764308612
-0.00746266973308463
0.00427204374572798
0.00204184107537864
-0.0156223130518307
-0.0231154041208315
0.00600388476065894
-0.00877654890685364
-0.0044271293708672
0.00498041613339706
0.0102655221238939
0.00105110367725647
-0.0239761817286697
-0.00233102026178944
-0.00808770683119531
-0.0018119043633249
0.0107097476856053
-0.00448994252873558
-0.00667506765289549
-0.00726482006420603
0.00933036955726307
0.000725049872215111
0.00959976470928736
-0.00269110144631846
0.00665585536967073
0.00125089351770713
-0.00803135834430402
-0.016552752193136
-0.0018294731064763
-0.0291422282048711
0.00075508777128408
-0.0015091115453354
-0.000377857547704585
-0.0181439992439991
0.0111645426147344
-0.0401675431214076
0.00238006752796771
0.00395728128299799
0.0141899284907401
0.00874467564602921
-0.024850722404161
0.00256817468526616
-0.00945812807881763
-0.00815593793515035
-0.00120340952259501
-0.00522084347833029
-0.0173597291610874
-0.0127362161051766
-0.00478566365406441
0.0267614247643142
0.0260638968425191
0.0101211155015104
-0.0815324525920451
0.00727272727272732
-0.0114674240815461
0.0143931689450736
0.0177890720502101
-0.012484435861747
0.0290771392557341
-0.0153562653562653
0.0160116656269493
-0.024559987217356
0.00776330255979851
0.00416408503360577
-0.0132697491188056
-0.00084053372557269
-0.0357518619506175
-0.0191929561261921
-0.0358016447453494
-0.0154520752893893
0.0147575782327847
0.0413204293628808
0.0119707600981875
-0.000657239839770396
-0.0339763049972885
0.006353483095076
0.00450960561486391
-0.019977531312627
0.0325240952817225
-0.0135315211387966
0.00944452418609121
0.00779690371568043
-0.00265258608962915
-0.00398936179054432
0.0117935472139197
-0.0175940836244979
-0.0308931511481152
0.00716093769552018
-0.0174311475885847
-0.0266106209150327
0.00935249378051584
0.00118790686623904
-0.0284765075575821
0.0100146314121796
0.0241837980258186
-0.0210153256677839
0.0226725282844313
0.0504716721475624
0.0226762006583701
0.0158068280089316
0.0237734817376269
0.000844437425468358
-0.00674963087956115
-0.010830282437885
0.00300556019727094
0.0151968960788336
-0.0584018553658023
-0.000447850425436491
0.0161290774222462
-0.0147707668701329
0.0147683825188718
0.0189636392045707
-0.0147154298791482
-0.0340434665944095
0.0736698726693954
-0.0141889450616488
0.0270677127189627
0.0313741888438781
0.0176434593866668
0.000597827819848629
0.00517829128018898
-0.0263523275935739
-0.000407000415282965
-0.00529311900026719
0.00654930400021891
-0.0443269621797479
-0.00617023404255312
0.0241918438062909
-0.0171404682274248
0.0291365163760102
0.00991940504069855
-0.0147329039233253
-0.00207690541736638
0.00728414167084579
-0.0115702887780872
0.0100334448160535
0.0057946605960264
0.00699590563769159
-0.0128728649953589
0
-0.00455394318869906
-0.0155957579538366
-0.0306295099281791
-0.0124209852347131
0.00375114739629301
-0.0105518570871902
-0.00133297051024095
0.0322580860454262
0.0153017019266506
-0.0210146885796075
-0.00823931067301198
0.0118057930998778
0.0183665086077467
0.0322512405633091
0.00123323735937375
-0.0123177584134215
0.00478068998585157
-0.0117914770376499
-0.0115134812643919
0.0103769163410226
-0.0194927692201379
-0.0273620997725972
-0.0224175824175825
-0.0258542715827338
-0.0346180459442398
0.0136265831400151
-0.017217074659572
0.00983930932754062
-0.00308937722959235
-0.0185936348368622
-0.00145729907492353
0.00510822171957637
0.0379961035818006
-0.0125903710093349
0.0387250077319956
-0.0243237997579541
0.0146784955581778
0.0307692314757575
-0.00623742495516666
-0.0163640435695125
-0.0095716041574383
0.034054303590757
-0.00222516693869967
-0.0459411462979484
0.00888267902951556
-0.0104263438368859
-0.022711239117566
0.0455198109477812
0.0309349915429649
0.0320070668145336
0.000646112427310053
-0.0232457602937099
0.0356985227920115
-0.0197872340425532
0.00151940525287619
-0.00281753365447623
0.0173875904102407
-0.0164494762561531
0.0373587524465955
0.0184254823461256
0.00513980273724934
0.00572712222800398
0.0526743970988164
-0.0144899541920385
-0.015683180383579
-0.00736903022045465
0.031701404494382
0.00544541055796999
-0.0106382783242113
0.0283479167801401
0.0416350396058951
0.00766559577175419
-0.00543378021071883
0.00619195046439636
-0.0197285067873304
-0.000738570901033908
-0.00443455292746775
0.00204159238972546
0.00685310217250956
-0.0121412801298513
-0.00353823084658778
-0.0171930112948238
-0.0102681308233505
-0.00461091267264002
-0.0148619954668598
0.00450624991171145
0.00234053052467331
0.026853493419994
0.0073905628197839
-0.00526709932279901
-0.00510590005472966
0.00190074126780582
0.016884822934639
-0.00858207121574883
0.010914603141035
0.010424385509598
-0.0163964630876282
0.0206031657726757
0.0189025135289957
-0.0223343119596543
0.00700075547164247
0.00585437248444931
0.0001819206984357
-0.0140025635932872
0.00848393566056926
-0.0528529444038041
-0.011778354667342
0.012114087534193
-0.00405403482729794
-0.00503969761581713
-0.0251315205481583
0.0221822737373647
-0.010752765952971
-0.011660079512256
-0.012597421019693
0.0119481569066797
0.00400234132474786
0.0171417387738384
0.0342935534840987
-0.00341040173191354
0.00209127384377483
0.00132802127353471
-0.0113679236712376
0.00651590647757772
-0.00209444021325222
0.0131653882846785
0.00621472716439642
0.011416825753322
-0.012583271417778
-0.0234257866674328
-0.0230282283049659
-0.00766057748968751
0.00277117973079966
0.00217133833399141
0.00256060665747482
0.0131630250230639
-0.00465382974597639
0.00331186427773766
0.0287378640776699
-0.0792752170630426
-0.0541205423148942
0.0171218252518817
0.0345194758150438
0.0150360456238114
-0.000811627451534624
-0.00954512552619302
0.0149682181669057
0.0111110909090908
0.0303696509564366
0.00911384525887127
0.0220983470004161
-0.00582812569708824
0.00605143710190181
-0.00300751874046024
-0.00094266589474612
-0.00169843360262556
0.0102078824118004
-0.00355537057551214
-0.0133333145539907
0.00361627324674019
0.0151716100891333
0.00821972740929833
-0.00500277922914993
-0.00335197386681607
-0.00896859118086712
-0.00377075784745917
0.000946233913701633
0.000945358308666266
-0.0188893090081094
-0.00770115532732307
0.00873110188725068
-0.00250049999998081
0.00308521012176621
-0.0117262591311036
0.0118653958373858
-0.0069204152249136
0.00445216802168025
0.012911967872653
-0.000190296800032352
-0.00342530929448737
0.0177582588840608
-0.00600373369613016
-0.00188748584371456
0.00113460663512477
0.00264455992906232
-0.00923138623845565
-0.0131203270583762
-0.00712915194107322
0.0118377646388079
-0.0174529922794975
0.00683197345305486
-0.00969367934495236
-0.0328895836769936
0.0172064365503466
-0.0133332935323383
-0.0116983052965589
0.00673473469387753
-0.0143929246141121
0.0174825589774283
-0.0187992719062207
0.0168932835415476
0.017017827856203
-0.0203187446151645
-0.00081335908906055
0.00223852263407642
0.026395918781726
0.00276953516853684
0.0124285068539851
-0.0163678877630554
-0.00257531695721069
0.0194638339409665
0.000389557748312619
-0.0132424542645552
0.00986777224660629
-0.0228649217457464
0.0104
-0.00395882818685678
-0.0182829491255961
0.00728736812601749
0.0154742972457513
-0.00910348325951871
-0.01437990812862
0.00344482283464331
0.00686593295638116
-0.00180507417157882
0.0176813743218807
0.000394787743542402
0.0284192432768597
-0.00230280172130493
-0.00192350444610478
-0.00770855671051385
0.00582635440565715
-0.134968176579104
0.0013393303870386
-0.00624161822912128
0.101615047033869
0.0262675824421181
-0.0251984315397448
0.0484428445258938
0.00795961980041238
-0.0215716302608486
0.00944881908363815
0.00117006632546945
0.0177249707830152
0.0105262966507178
0.0268939777820829
0.0110660086487271
-0.0138635352061292
-0.0238623931952942
0.014023081296191
-0.00224255287768838
0.00093650498101705
0.00261981666579003
0.0057856847411093
0.014473910084875
0.0243278223642884
0.0203571250000001
-0.00315015756300585
-0.00509130978039529
-0.0158813840085189
-0.0136274341043572
-0.000727086010801181
-0.0145534470701575
-0.00572266958547796
0.00556997761659894
-0.00997047636632198
-0.00205149201886401
0.00560648497875094
-0.0148671805451183
-0.0101867010068554
0.000952906404556808
0.00971056740289411
0.0150858573465182
-0.00278658730126002
-0.008569280923994
-0.0150319989659528
0.0125906910564935
0.000753522955782904
0.00828317033665615
0.0123226285974118
-0.0308004789597847
0.00818270234410456
-0.00377502831257082
0.000189503603438945
-0.00416747482160484
0.0418489632870458
0.0377944129998173
-0.00175928923293467
-0.00193868516254192
-0.0082995054158661
-0.0117521367521367
0.00216214414414417
-0.0107874687304471
0.0116321337695382
-0.00574919151994235
-0.000180664980122924
-0.0128321520754689
0.0137312342316227
0.0121004517265748
0.0158814950770612
0.00737744598629897
0.0142981696355071
-0.0123774630351543
-0.0177545862879968
0.0216197412723729
-0.018213425213758
-0.0220848064340921
-0.00469734434317404
0.0194227627518604
-0.0137108440170939
0.0223867489147274
-0.0173052972398853
-0.00179699903694519
-0.00918088225348124
0.000726762341446863
-0.00816995249927555
-0.0203185242482422
0.0220478512705531
0
-0.011151754823551
0.00813457200961354
-0.00935263175046075
-0.00758976305072212
-0.00634211888934666
-0.0137037544584195
0.000570974484755071
0.0038044512079134
-0.0252037331817321
-0.000972006239735701
0.0103132712650957
0.0086671998716179
0.0063013558583418
-0.00151806448732328
-0.0152033260205877
0.00289465457352378
-0.00327115637346254
0.0100386295374253
-0.00802748470948011
0.0159922537189883
0.000189683292243448
-0.0305271319481557
-0.0185801091613513
0.0117576723794341
0
-0.00216663383888138
-0.0033556652191078
0.00178253112368676
0.0181889672523146
0.0118446796116505
0.00422185752788606
0
-0.0193006298757642
-0.00233825019485578
0.0115234372749329
-0.00502031270476322
-0.0180477589374686
-0.0478260493211877
-0.00747198007471983
0.0119196779590129
-0.00392638983108895
-0.00975105788898223
-0.0234653048397234
0.00128721301679446
-0.00107133066515241
-0.0190904980499893
-0.005685523726219
0.00835709240472626
0
0.00501644514793664
-0.00238717437555658
-0.014357189159078
-0.00728318235967385
0.00111158292574487
-0.00377521660615621
0.0296477478901529
-0.0136392728651066
-0.0136084720454681
0.00333780603777956
-0.0150809492126859
0.0182391578473318
0.024988876050666
0.00970875985798325
0.00021371795328462
-0.0138859428778906
-0.0318457755632582
0.00783177462143136
0.0077708257599729
-0.0134390837946484
-0.0225546900972462
0.00502631939684695
0.000227278916695717
0.0122727499999999
0.0101033001772945
0.00844625434779944
-0.00661227698065414
0.0157532504992233
0.0168195722328435
-0.0064446617925813
-0.022486508108108
0.00287549221135786
0.000661645346272444
-0.00220407763288677
0.00463883366467854
-0.00571677660510095
-0.00132686861285136
0.00575726306465896
-0.0136503528687958
0.0149554021195404
-0.00681770383070823
-0.00332156775907866
-0.0064429462982869
0.021466882346447
-0.0070052320490368
0.00352731473705226
-0.0206502196836555
-0.0257963649261389
0.0105917338245454
-0.00113918890724973
0.000456227189780778
-0.0866393049101845
-0.021967073840063
0.000255206738131619
-0.00102059201379412
-0.00868457171470904
0.00669927836384243
0.00537494241105696
-0.0160386205712478
-0.0054334537938705
-0.0174297351048317
-0.00264765687053226
-0.011680329794549
0.0104753961858717
-0.00106318450460352
-0.00372546547496189
0.00881412950892457
-0.00185329626687858
0.0145888325042749
0.00993466666666665
-0.00155322284356141
0.00103710137412483
-0.00673408425967137
0.00704044365269585
0.00880372886596925
0.00359340358299276
0.00613815888174729
0.0167768174885612
0.00349997499999999
0.00647740424707033
0.000742524715716675
-0.00568882018303241
0.00721395504442879
0.0121017035267126
0.00292820888238166
-0.00413620458083719
0.0166137551917909
0.00552749325817148
0.00621410133843203
0.000950142562952339
-0.000949240649009142
0.0228029226984761
-0.00580585216428586
0.00327026388062923
0.00349236313172607
-0.004176334300526
-0.00768867696592146
-0.000939211082413793
0.00141015279459822
0
0
