0.0061538769230769
0.0103975531988514
0.0190677052340285
-0.0273239695470133
0.0241221679389312
-0.00566496703443742
0.012593763873689
0.0159905537459282
0.00116575339068037
0.00611362481010924
-0.00231484368301971
-0.00377035962877026
-0.0296942084246992
0.0453044677285048
0.013490269804822
-0.0198244117863379
0.00375616862883077
0.00546914188433267
-0.00830234755224724
0.0101040129937646
0.00342952252474871
0.0065508115479691
-0.00113189020939453
-0.00821532601176556
0.00142824915328466
0.00427832275304274
0.015336580952473
0.0226573706293707
-0.00656457859506077
0.0132158314977973
0.0130434786153117
-0.0024141631548863
0.00161336385085686
0.0102013691275167
0.00478341735893117
-0.0111082250434216
-0.0074885800344634
-0.00323360271534345
0.00351438207545929
-0.00592664347862726
-0.0108401620140833
-0.00794523287671223
0.0281690424791228
0.0139672307279077
0.0201323973509935
0.0119450278860052
-0.00590195006666816
-0.000774470791199078
0.00464996137044582
0.00308560049075846
-0.00871571436635299
-0.00672350694199686
-0.0145795886487893
-0.0203433564250122
-0.012405689730006
-0.0354997005871027
0.0101925254813138
-0.00840804372197312
0
-0.00706613886189544
-0.00768573846610487
-0.00774529524540157
0.0101185024573576
-0.0234688043351118
-0.00615471882047836
0.0191684163963433
-0.00781249977394394
0.00729075510963084
-0.0110017657498042
-0.0175643735362997
0.00864114992130061
-0.0203839893875327
0.0183956574185768
0.0245779686111933
0.00173416194995157
-0.0536641950375071
0.0237805799933104
0.0139963362718085
0.0120411163595042
0.0104469242729808
-0.0117748420448019
0.00900903807032849
0.00979262644606482
-0.0114090413174832
0.00403920946335834
0.0143678165048222
0.00198300288903686
-0.00367534644261658
-0.00964812658069647
-0.00229232078554031
0.00516944284893728
0.00457142857142845
0.0136518486916952
-0.0187990465431831
-0.00285965104776531
-0.0108975340091063
0.00666857021347833
-0.0123847922700234
-0.00291636036989318
0.0114069321850521
-0.0161943888840723
0.00970011757789524
-0.0139737708281671
0.0310008571302289
-0.0131729388987937
0.0243760889255973
0.00708215317513172
-0.0135020819550515
-0.0230967208440261
-0.00934030994397617
-0.00707124357899946
0.0166171211686315
-0.0122591367343338
-0.00768315602836889
0.0136985995414769
0.0117508222164859
-0.00580711398975364
-0.00321264584038272
0.00673893915209667
-0.000582101263617352
-0.00815372743156684
0.00146799760810334
-0.00205218405006791
-0.00146883074415893
-0.0164754918225659
0.0152557283876757
0.000294696531959238
0.00265095721204833
0.00910684462083311
0.00873374141098937
-0.00404051924730042
0.000579571172388826
0.00260642926749011
-0.0155978340727277
0.0123238842532931
-0.000869536231883905
-0.0159559902536702
-0.0070754131530314
-0.0267221199524942
0.000305125085574343
0
-0.00579454084188646
0.00981595152245096
0.0124545572572636
0.0198019790097821
-0.00912038781286328
0.0201900534441803
0.00582072160009539
0.00144675921739701
-0.0104016466223158
-0.00875909489051097
0.00618553737303262
-0.0058548302107726
-0.0106007364723422
-0.000595119083042772
-0.00506259648227547
0.0068841364860821
-0.00208082645900209
-0.00804292523086092
-0.00690687708429061
-0.00786208043544001
0.00457171580092308
-0.00182029738532463
-0.00607905738121228
-0.00733951047891401
-0.00616146044859711
0.013329232072488
0.0100948611225105
-0.00333131435493661
0.0109389243391069
0.00450850616170717
-0.0131657099440881
-0.000606458459672332
-0.000606796134914989
-0.0194292659207428
0.00773993832012199
0.00153606763551672
-0.00736187161729285
0.00648946209859513
0.00337734111145216
-0.0140758567931455
0.00806949074892938
0.0190886083743844
0.0172205448471627
-0.000296940914579324
0.00802139037433158
0.00943118184497505
-0.00759118248175195
-0.0044131212466535
-0.00975183215130027
0.00537156104873526
-0.0136538739582629
0.0129401143544989
-0.0145573975044563
0.0138680442489023
0.0112993454861927
0.000882181763139034
0.0132197704694546
-0.0031893590496167
-0.00145430478608766
-0.0702010445557212
-0.0642230263157896
0.0274522923517813
-0.000977549658600529
-0.0198956621004567
0.000998369417583023
0.00132982047872332
0.0049800463154035
0.00858939544103077
-0.0111365865988671
-0.0076184826890201
-0.0420560094144196
-0.0264808353142567
-0.0458124894125809
0.00262565641410362
0.0228208005985784
0.0168251280175566
0.00431658288908587
-0.0189828438395416
-0.0288426078438337
0.0131579323308271
-0.00296846000117035
-0.0148865643882929
0.0219115988633019
-0.0210720525350112
0.0011329305135952
-0.00226325914749159
-0.00491497145879127
0.00949848024316102
0.00639819345126069
0.00149592370979801
-0.0175504847815352
0.00532124687652025
-0.00378075600072747
-0.00265650853889954
-0.0125570771477519
-0.00847788021279849
-0.0209871356393316
0.0242158783558604
0.0457364746409488
0.00815422535211274
0.0308823518057959
0.0110555987498004
-0.00670194003527347
0.00142049005681821
0.0131205314496265
0.00385019250962548
-0.000348675034867463
0.0010464248343216
-0.00522655034053832
0.0248686873859436
0.00751879699248126
0
0.00305291723202172
-0.0111599594183295
0.0188098837209303
0.0107418593238717
0.00398535357072882
-0.0092622891167714
0.00600994971586144
0.00929309688991364
0.00920753041762579
0.00553926342328892
0.0136098504987086
-0.052110004727941
-0.00202360876897134
0.00811084825954711
-0.011397921555481
0.0200067819599865
-0.0019946808510638
0
-0.0109926382411726
0.0205455702072896
-0.00396036316700865
0.0039761100066269
-0.0115510894901349
0.00400664427356778
-0.0029930162953109
-0.00433622414943291
0.00167504187604672
-0.0120401003344481
-0.00101560592364225
0.00745509996611315
-0.014127177934746
-0.00955298565516849
0.0103341022964485
-0.000340947834981176
-0.0201227830832197
-0.0205360598677341
0.00319832989333091
-0.0272759829968119
-0.00764745111607612
0.00330275229357802
0.0204828090709583
-0.0146953405017921
-0.0138231720625681
-0.00147550713849109
0.0107130033247138
0.00146195170095198
0.00109489051094891
-0.000364564345606944
0.00547045951859948
-0.00979328980776206
-0.00512816868601351
-0.0209867452135494
0
0.0048890184279804
-0.0310628754140299
0
-0.000386249532106864
0.0208655726764131
-0.0204390991672975
0.0262751169348963
-0.0173192401099111
0.00996172413793106
-0.0273141871276864
-0.00468014838846131
0.0336990203761756
-0.0144048147992728
0.0349999999999999
-0.012263099219621
-0.0169300601956357
0.032146958750362
0
-0.0359658522790454
0.0188461538461537
-0.0154775386938467
-0.0387269938650306
-0.0191463901076985
-0.0183001626677511
0.00787079568644544
0.0143855322646937
-0.00526746353322527
0.0431772726345121
0.0335805531596818
-0.00264446553246955
0.00833337121212119
0.0274229516370041
-0.0146251919561243
0.0137290903996627
0.0021961566617863
-0.0109568667259631
-0.00221565731166906
0.0288674685418209
-0.00755392113503317
0.00906125407756431
-0.00143681752873559
0.00359715840277541
-0.0161289964157706
0.00910746779207772
-0.00902527043230072
0.0171220030192349
-0.00358166189111753
0.000359453630481621
0.0104204455623429
0.00213367702227329
0.00177430801987222
-0.00921009564293307
-0.000357525933411762
-0.00608004313590993
-0.0014394026110327
0.00504500900900906
-0.00215127293478934
0.0028745957599714
-0.00107491938373339
0.0254663208560373
-0.000349772647779023
-0.00804758572428266
0.0186948500881834
-0.0114265931934416
0.00140108586343568
-0.00209860090940894
0.0266386250740054
0.0174120171590297
0.00167788596234519
0.00536013400335
0.0126624125291568
-0.00296150059103328
-0.00693066029474121
0.00797607178464599
0.019782393669634
0.00420300678952468
-0.00321957511975457
-0.00419893424415163
-0.00421663963671737
-0.0143322796634436
0.00330472571050899
-0.0131752960087188
-0.00534045411683759
0.00134231548128572
-0.0110589812332439
-0.00338868180277874
0.0119007140428427
-0.0117607526881721
-0.0112206732403944
-0.00309491059147182
-0.00206967919972401
-0.00829585205668859
-0.0188219233592917
-0.00817051509769084
0.00787962034383938
0.00177690127138952
0.0134799214799604
0.0115505775288764
-0.0048442906574393
0.00591098748261465
-0.0017283442792948
0.0162742734166992
0.00681427597955708
-0.00575296127759595
0.00204227372506027
-0.00475550255585921
0.00477822541905204
-0.00407612078545783
-0.0133015006821282
-0.00069132388524018
-0.00138356969906617
0.00311735354633358
0.00587016594855561
-0.0113285276803478
0.0135417365813102
-0.0133608080383416
0.00416670153356602
0.00968191562932219
-0.0773972576233817
-0.0211581283905669
0.0106180883345435
0.0131332082551596
0.00185181481481478
0.0081331241454019
-0.0227356068940228
0.00337711069418378
0.00710545998504108
0.0285926847382103
0.00252703961996237
0.00216060496939141
0.00323392022996782
0.00716335959885384
-0.00320056887622444
-0.000356796276960503
-0.00963597430406848
-0.027027027027027
0.0066666666666666
-0.00257538631346577
-0.00959059352303226
-0.00409683426443219
0
0.000747943156320208
-0.00448434230194328
-0.000750675703854231
0.0030052590907117
0.0127340819200719
-0.053624295354131
0.0019538491598281
-0.00897032016264898
0.00275482093663904
0.0039246467817895
0.022673964034402
-0.0053516819571866
-0.006533435818601
-0.0150870793036751
0.000785585262591759
-0.0156985871271587
0.00279106858054234
-0.00119280318091453
-0.00915613020875272
-0.0036159101492933
-0.00927415359976425
-0.00122096052096055
0.00814991816830002
-0.00767991107518184
-0.000407250525753522
0
0.000407416446315478
-0.0052952751647769
-0.00163804258804257
0.0151764157168341
-0.0476767676767677
0.0161222316504031
-0.0100209599156176
-0.000421678634402234
0.00590713055244163
0.00251677852348986
0.00125523012552309
-0.0016715837860426
0.00460447905418504
0.0124999583333334
-0.0152262969228929
-0.00585035520267441
0.0172341312638029
0.00454537171300129
-0.0111064587045027
0.00748743729253598
0.0210570198619744
0.000404367165386166
-0.00323362974939367
-0.00527165450121658
-0.00733799399355906
0.0147843531827514
-0.00283286130444604
-0.00365259755083591
0.000407331992152038
0.00692186510268167
-0.00202183582693083
0.0113451782820098
0.00641033679528591
0.00597129753298975
0.0221606648199446
-0.0100658149438636
-0.00039112240907313
0.0328638901746434
-0.0109848106060605
0.0053618917900462
0.000761904761904741
-0.00304526075371148
-0.0137457421250194
0.072783546264034
-0.0277877310641549
0.0167037113324533
-0.0109528664093781
0.0136581395348838
-0.0109249457729405
-0.000736413843888117
0.0140015112012348
-0.00254356831395341
0.00327868840514789
0.0137980750254876
-0.00358166189111753
-0.000718943206326372
0.0169065113995148
0.00459851432614067
-0.00140841549295767
-0.00176311700412135
0.00565171337519299
-0.0126448195519783
0.00320170746347537
-0.0283688287812472
0.00583937956204394
-0.00217703200932629
0.0221818545454546
0.0188544283580778
-0.0150139670046776
-0.0662885170609188
0.0265755884586181
0.0362425652277159
-0.00107066381156318
0.00142911754197939
0.0032108454081039
0.00213367702227329
0.00958129879347047
-0.000703022822389432
-0.00175874076679561
0.00563784375045251
-0.00315346870520428
-0.00597539522054857
-0.00848656264191783
0.024250997708595
0.0104457176339037
-0.000689179875947632
0.0179310344827586
-0.00169380081300807
0.0067865967691414
0.013818672059319
-0.008976097074468
0.00738014113989061
-0.00333003651914632
0.0113598396257935
-0.015526957383548
0.00838926202648538
-0.00166386028831478
0.00933336666666662
0.000660435909496826
0.023102343996777
0.00935487096774201
0.00255672730723133
0.000318712135202182
0.00764824753499815
-0.00506015164262641
-0.00190715199959168
-0.0108280573248407
-0.018673503498825
-0.00885830052493441
-0.00297907987352142
-0.00697214452283712
-0.00635242393848212
0.0195154784493767
0.0132013865743033
-0.00618895745312842
-0.00524418223533263
0.00658975288303121
-0.0026186580235239
-0.00426645895196787
0.00889917600527368
-0.00588046370857687
-0.0167597765363128
0.0163770053475936
-0.00690559026635973
0.00860920501294027
0.00755095231618363
-0.00553929600719139
-0.00557011795543905
0.01153215815486
-0.0048860584727668
-0.00163662853147717
0.000655737704918113
0.00720838794233281
0.00065061808718303
0.00195058517555258
-0.00616486048020759
-0.00228534124339996
0.013416230805505
0.0116241850702028
0.00606447494414297
0.0120558375634519
0.0169278683385581
-0.0101725650484762
0.007785736288205
0.000927008624010961
-0.0074096019576908
-0.012441741061167
-0.0116535748031495
-0.00828546871527958
-0.0016067158866736
0.00547151593176687
-0.00288092189500644
-0.0160513643659711
-0.00717781402936379
0.00985869208018397
-0.00227790432801822
-0.00880629484670581
0.0223758151489246
-0.0119085613131639
-0.0114006836677302
0.00856675453047773
0.004246945303922
-0.00585559531554969
-0.000654384838167044
-0.00491165668265692
0.00131625539046576
-0.0509366086099243
0.00554023564890005
0.00344345718169903
-0.0253946130883532
-0.00598591549295768
-0.0116896918172158
0.0222222222222224
-0.0203365708274895
-0.00751614146327328
-0.014064190407501
-0.0179224579370885
0.0003724767225326
0.00930752013002523
0.00553297655724916
-0.0190755685986795
0.0048616679132385
0.017119426232995
-0.0109769118185145
0.000739844589720873
0.00258787440250918
0.0258111716146323
0.00395398993529827
-0.00680272108843538
-0.00757025955299206
0.00181616411855567
-0.0065264684554025
0.0277372262773723
0.0205965909090908
-0.0236604384133611
-0.016036992731183
0.00470840258209337
-0.0104541816870943
0.0127503820491663
-0.0223021231043929
0.00257542310522441
-0.0102752660550458
0.00815728617565004
0.0312614920462857
-0.0153352348311258
0.0181093800032821
0.00284596218975586
0.00532100016598092
0.00635144671841914
-0.00561006311360446
-0.0144569811545493
-0.00178894447982314
0.0136201075268818
-0.00636495734211595
0.0195729537366547
-0.037696335078534
0.00616612259702576
-0.0129776856524872
-0.000365157062277577
0.00986474205828491
0.00542699006609948
0.00179917229941795
-0.00574712643678166
0.00903179190751446
0.00895094880057279
0.051454897090135
-0.00877482311086153
-0.0091930878722134
0.00446735395189002
-0.018474136161478
0.00453116052522984
-0.0124913601665511
-0.00913555899984397
-0.00602836858055433
-0.00463792348776582
-0.000716881720430051
0.0118364423183803
0
-0.0127613971202196
0.00502692998204668
-0.0228653090389423
-0.00329067641681902
0.00403525311812158
0.00219214460386752
-0.0102078016769961
-0.0018416206261509
0.00553505535055354
0
0.00366972477064231
0.00365634369287027
0.00510014553369231
-0.00362450163102579
-0.0331029465260094
-0.00564334085778773
-0.0242148694665153
0
0.0104690961431138
-0.00613963952953345
0.0266409266409267
-0.00338473110191806
0.0207546792452831
-0.0203326809734817
0.00754720754716987
0.00636704096003582
-0.0040938219540817
0.00448426756352771
0.00892864616550004
-0.006268436347034
0.0137290903996627
-0.0278184846266472
-0.00677710868889714
0.00833968947459018
0.00112778195488716
0.0176493059575407
-0.00553501845018456
0.00148419289483503
-0.0151908114116339
0.0071482317531979
-0.0246544265969368
0.00114890842018722
0.0145371466923163
