-0.0174896715016326
-0.000209382198952945
0.0515290929397112
0.0183266530213815
-0.0107589790837046
0.000988708720585318
0.0187673057836291
-0.00659298041497003
0.0011712082764006
0.00506917517899841
-0.0234723379917039
-0.00198645212554638
-0.0167197445573349
-0.00850206443311485
0.00612492854226221
-0.00730521524564143
-0.00551913350446165
-0.00904425450999979
-0.0085044598320777
-0.00627612983841275
0.0374736631578947
0.0152191561529862
0.0109934641413845
-0.0104785088778763
0.00819180835548083
-0.000198137142254029
0.041625331186812
0.00304471937287776
0.0180231648268481
-0.00204996272828917
-0.00261436045965202
-0.00468077139112522
-0.0233258465011286
-0.0127118648964508
0.0124854472292411
-0.0102120034600384
0.0048666537836608
0.00484308416976131
0.0104106614692627
0.00381608471665706
0.00114041054665637
-0.000759388675123929
0.0142504272420592
-0.0121768637658887
0.00398253366205203
-0.0115224218270197
-0.0340149614364624
0.013056380080245
-0.0228470615670195
-0.000399700231820455
0.0093962814874049
-0.00455543653969337
0.0103462200694873
-0.0104371605048672
0.0145273631840794
0.0129462338171833
-0.0147172349867785
0.00668238980577063
0.00761421304931242
0.00213136984825879
-0.0197215773449039
0.00394479282160165
0.0096266597396204
-0.0112862037611637
0.00255851205356206
-0.00471138603673704
-0.01518739615015
0.000400580813138429
-0.0146146143220297
-0.00467287678437889
-0.00347013662093743
0.0131093609176567
-0.00808730303451899
0.000611475731523203
0.00611120391118347
-0.0139703991490262
-0.000616078016096977
-0.00246556410378318
-0.0129763339438997
-0.00313017542279526
-0.00586137743353587
0.0572751502516258
0.0167297354457225
-0.0109695790591495
-0.00336704284543299
0.0131160572337041
0.00255003923107111
0.0133046367970135
0.0166055412897175
0.0153845578201497
0.0138421626233101
-0.0147601288789644
0.00786513079156803
0.00557411742846514
0.0059127865098445
0.00110214917527829
0.00238533944954122
0.00366101036681288
0.00984856794278421
0.00776593837395589
0.00304663087897206
-0.00678936918368112
-0.00557656053247002
-0.00524596608621497
-0.0145481536807363
0.00535155942704479
-0.0104625550660793
0.001669449081803
0.00444448148148147
-0.0103245202682698
0.00596125186289131
-0.000185148148148184
-0.00259314678299138
0.00742807827030934
0.0103225990783411
0.000364915154809076
0.00237090999923728
0.00163755461494808
-0.016893733276907
-0.00055430525784006
0.00776479940839336
-0.000917244575940002
-0.0130370733205486
0.00483717209302337
-0.00703567883857359
0.00186460932566446
0.00967801972827109
-0.00571430414746543
-0.0012977382517193
-0.00259883056615617
0.00130279173646008
-0.00260221194427912
0.000186321282146906
0.0203092983159792
-0.0115046936269063
0.000184703488182114
0.00240120063541194
0.00460659664639773
-0.00752015774027892
0.0109037144538215
0.00859226675334068
0.00942543082927072
0.0043095888725011
-0.00876096906847845
-0.00234484131213641
-0.00325438432011604
0.00145107924086574
0.0146712735857866
-0.0037486433416638
-0.00304608487643632
0.00970526617011624
0.0149519401922393
0.00227993686425809
0.00664911612776486
-0.0041717017933548
0.00506198280569081
-0.00329980884682846
0.00522739162271102
0.00762700654579662
-0.00756927563101195
-0.00745364894182088
0.00925607786434068
-0.00242254711156686
0
0.0218559923033479
-0.0047529960957392
0.00170559437650364
-0.00681079516431116
-0.0022287158502069
-0.000515515455059901
-0.00257861449470909
0.00499829369183025
0.00788885254863914
-0.00374342351539902
0.0196413666890072
-0.003182629762435
0.00117634015043988
-0.0097348435805692
-0.0083051186440678
-0.000341753558084301
0.000683826271710597
0.0133265336293615
-0.00387791259689907
0.00863232875313713
0.00100691391173013
-0.000502984056899081
0.0100637707155951
-0.00149452006817474
-0.00182938629919527
0.0038320559813394
0.00531120331950219
-0.00165096582466562
0.0087646600171214
-0.0037704918032786
-0.00444298173440849
-0.0028098842975206
0.00248629197791161
-0.0034722222222221
-0.00431395387423261
0.00999838393595676
-0.00989940587527782
0.0236627569959258
0.0146508546312876
-0.00128352314187319
0.00112449799196779
0.0150834082156612
-0.0145431240766084
-0.00256657042027597
0.00788031521389509
0.00239352169757523
0.0050939032155366
-0.00395945524167651
-0.0030211162827336
-0.00207338114715505
0.00079908902029735
-0.00702649324539273
0.000643309745899101
0.00176793632645555
-0.0181293271898179
-0.000653611100431273
0.0111183780248529
0.00905565976714096
0.00336536848187907
0.00750680390501834
0.0088775678859363
-0.0020427561603199
-0.00251928838039017
-0.0142067407800076
0.00864693340837563
0.0066676930729419
-0.00141933448982801
-0.00189512002526848
0.00253164552956253
0.00536616153146841
-0.00957615369582177
-0.00998575051513706
0.0129683159296881
-0.00505767346293662
0.00142970609325332
0.0160216050757995
0.011553442081806
-0.00493903372528126
-0.00155107799672594
-0.00419457802417689
0
0.000156053046990623
-0.0115426920676541
0.0164116303678654
-0.024064631326525
0.00779505237360723
-0.000315643261740939
0.00442126940087562
-0.00440180782264088
0.0082108950509745
0.0117462807124911
-0.00975227584372362
0.0114115364794194
-0.00479131397795884
0.00264014602640383
-0.00650556092024646
-0.0060804335216782
0.00345099607843147
-0.00734720951465995
-0.00393700787401574
0.000632426877470227
-0.0034760783144876
-0.0141113048993182
0.00643296880025734
0.0302013253371261
0.00418794781777665
0.00710532922784446
0.0165644486149288
0.00377187694284675
0.00961970554065394
0.000744424616478279
-0.00446300201631933
-0.00149429173623128
-0.0193056120921878
0.00106819778831357
0.00990856737526125
-0.00196221886792458
0.000453705363564483
-0.0149659557077565
-0.00199516562337831
0.00599721676145193
0.00672581799834338
-0.0126025203066729
-0.00230665850079437
-0.00292840642393977
-0.00309172969263483
-0.000465172909448697
0.00527465102815161
0.00262342580447084
0.00200087729720066
-0.000153640557715495
-0.00553069629932079
0.0129769343591719
0.013878343754766
0.0156437116887616
0.00518373838197883
0.0120819060520745
0.00727907971235764
0.00245698793302518
0.0136966116825747
-0.00327117062355764
0.00128418946106779
-0.00342023666581837
0.00142998712998699
0
-0.00257034131901113
0.00515391568085644
-0.00413048004743588
0.0124428350241086
0.0107360077590619
-0.000978336786373157
0.00601568245597317
-0.004728187749788
-0.000279404778538384
0.00489166995562518
0.000278108476269745
0.00597886557227101
0.00746373206534168
-0.00740843747302022
