0.0235051546391754
0.00846095890410958
0.0167798634926144
-0.0102161096182276
0.00992457284936199
0.00786155629475016
-0.00468014838846131
0.0141065438871475
-0.0085007344861181
0.000389711613406174
0.00545379820802494
-0.00426183666260505
0
0.0046692216082016
0.0209140588690937
0.00189677534534227
0.00227182885270727
-0.00340007568568479
0.00530708890474174
-0.00377073906485659
0.00151396669189996
0.0056690100404011
0.0150319047338632
-0.00333209922251021
-0.0026002971768202
0.0052141527001861
0.000370507595405689
-0.00518514814814808
0.000372300805201009
-0.014142202674276
-0.0177425443563608
0.00115292083013063
0.0126679467434914
-0.0109931391581933
-0.00306630893062465
-0.0123029219530951
-0.00428186047949164
-0.0121188428459734
0.0055401662049861
-0.0204644234553326
-0.0120529936541982
-0.00406669377795854
0.00694160881992656
0.0194646796431468
0.019093159072918
0.00351280236093676
0.00661221340382001
-0.00193195525239409
-0.00193569492837786
-0.00310318063990755
-0.00505840447243566
-0.0117324990222918
-0.00831028888009488
-0.0183559065584958
-0.0215447154471545
0.000415454923140768
0.01204323089701
-0.0139515792387535
-0.0020807739458687
-0.00500412844036702
-0.00335289172871378
-0.00841047063034184
0.000424088210347895
0.0110216193302248
0.00796649895178181
0.00998336064961047
0.00823719076453089
0.00449346405228757
-0.00854009760065055
-0.0221492625984112
0.0100671140939597
-0.00789040697674415
0.0133947263873893
0.0107393643428073
-0.0126685334151424
0.0140728476821192
0.000816326530612255
0.00489392332789551
0.00324675337852098
0.0020226942565813
0.00484452967299154
0.0104460028302933
0.000795228628230671
0.00317838696861328
-0.0095049504950494
0.00799676129548166
-0.00158663235171086
0.00874052443384965
0.0204805443277096
-0.000771941335391713
0.00386253394602298
0.00461719892266266
-0.00957487515990518
-0.00773399042018597
0.00623538581449723
-0.0154918667699457
0.00865456333595582
-0.0183306949426947
0.000794636471990406
0.00833660149517268
-0.0141731889763779
0.016373801263027
-0.00550106068758105
0.0130383252879622
-0.012090445089331
0.00276352151598891
0.0027558661417324
-0.00785233638996219
-0.0142461416699644
-0.00441593737454837
0.00241943558142887
0.0104585675599931
-0.0123408434577689
0.001209230197873
0.00402580515297912
0.00962305494695048
-0.00635424940428908
-0.000399680255795287
0.0287884846061575
0.108045083560047
-0.0308663977551736
0.00361929075712242
-0.00973678326721961
-0.00655491648051409
-0.00109974336144636
-0.00844036697247708
-0.0148038119911177
0.0108940266380908
-0.00222965440356737
-0.00186223463687152
0.00298507473824916
0.00892864616550004
-0.00110623152263156
-0.000369139904023652
0.00849331610044324
-0.00146462839489669
-0.0128346167950127
-0.00408621842496282
0.0085789633934712
0.0118343190889676
-0.0160819073069478
0.00408621842496282
0.0066591932423532
0.00735027590408954
-0.00510762495439621
0.00146677667766792
0.00146470162814727
0.0106032541133454
0.00289435611050504
-0.00144296542002043
-0.0057803468208093
0
0.00399705668604655
-0.0130292802399306
0.000366740007333943
0.0018328078507035
0.00731800219538958
-0.00980751871385688
0.00110055025678646
-0.00183220953344787
0.00330396475770933
0.0109769118185146
-0.00434306928494643
-0.00436208651399494
-0.00657174175143271
0.000367511957644728
0.00183692144882142
0.00366707004033739
-0.00474976234016211
0.00660792951541866
0.00474102844638935
-0.0105262798739121
-0.00807039618488636
0.00184907537540391
-0.0166113325950535
-0.00262759018872327
0.00338727888596169
0.00450116279069768
-0.0175504847815352
0.00608133812547851
-0.0219115988633019
0.00502128254234391
0.00960799385088396
0.0076132089836316
0.00717797533728648
0.00412603150787705
0.010085954426597
0.00739641244835743
-0.00367110866372977
-0.010685298846179
-0.00819370577281187
-0.0138940673636525
-0.0194211728865195
0.00776702912621352
0.00578030806241592
0.00613026819923368
-0.00533126428027431
-0.000765735039596538
-0.00881222222222233
0.00115960567608786
0.00772200772200793
-0.00268195402298865
-0.00922013026430535
0.0174485840461966
-0.0201982088414634
0.00583438373529299
-0.00270688311264955
0.0112446292654274
0.00498462423312884
-0.00534143477075288
-0.013041810510165
-0.0209871356393316
-0.0238190145367601
-0.0292801545343636
-0.025136195008957
0.0318006016330039
0.0416493127863391
0.0059976009596161
-0.0135135135135135
-0.0378727236099919
0.0288945154478439
-0.00244200244200243
-0.0208078335373317
0.0399999583333333
-0.0164262827093863
0.00529535663117553
0.0109400729335494
-0.00721446864871877
0.0213968106580542
0.0249012262806809
-0.0223679136135749
-0.0216962919132151
0.0116935891811931
0.000797170187325724
0.0011946634331077
-0.00914872749199391
0.000401445202729889
-0.0244783707865168
0.0106952287410624
0.0264549857549858
-0.00118945286238914
0.0111154421947026
0.0530035749118012
0.0175242729306488
0.0175888231004462
0.00936265754411236
0.0014270067275417
0.000712504453152851
-0.0078319330722677
-0.0096878719164738
0.0155797463768115
0.0338922214094819
0.000345065562456837
-0.00724384270438083
0.00243220978345349
0.0253032928942807
-0.00236646382690997
0.00135543883429334
-0.00304568538225669
-0.00237610327142235
-0.00170122496431524
-0.0143149284253579
0.0165975103734439
0.00646258503401365
-0.0016897262588712
0.00338517253266168
0.00944672771412725
-0.00568181818181823
0.0124370084033614
0.0182602583578932
-0.0166286273231171
0.00397881299734748
0.00264200783877122
-0.00131755595133221
0.00659630606860162
-0.00819134993446924
0.0128840436075321
-0.00228310502283102
0.0022883295194509
-0.00978470319634706
0
-0.0138339916391966
0.00768199707140971
-0.00662913490222072
0.00200206880220444
0.0153179815078928
-0.00393568383076415
-0.00592690135242335
0.00927452768219528
0.00590748296381616
-0.0127243066884175
0
0.00198281559814939
0.0217678100263852
-0.0138799548095546
-0.00883790536294293
0.00396297873305884
0.00296052631578947
0.0150869465398491
-0.00387725350962032
0.00227051573143044
0.0122977669902913
-0.007353004880019
0.00322064422610757
-0.0141252327447833
0.000976913089446807
-0.0159401431359791
-0.0423140826446281
-0.0179495346202808
0.00456938472515334
0.00209933519944028
-0.0139664460183815
0.0290367917847028
-0.0196145567658141
0
-0.0171990171990172
0.0210714285714286
-0.012242042672263
-0.00708211756373933
0.00962902961380063
-0.0109501593412279
0.00749996428571431
0.0315491326320148
-0.0158075945017183
-0.0139664460183815
0.0152266288951843
0.0177886292291594
-0.0219327964359149
-0.0129642952710478
0.00390489882854084
0.000707142832137908
-0.0300352660789847
0.0295081592164605
0.021231457891012
0.0166319814056832
-0.00886162235855492
-0.00206327372764781
0.0134390075809787
-0.00646042162529747
-0.00889801536269741
0.00932323927221135
0.00581594252480322
-0.0088435714285714
0.0253946474054443
0.0100401944457895
0.00132534791252481
0.00794176068635877
-0.00558102447738096
-0.00759333088169922
-0.000332668008405479
-0.00366049928986689
0.0133600195938537
-0.00230718523401452
0.000330393128510131
-0.00363279380340831
0.0261849187935035
-0.00129195740607091
0.00549805950840865
-0.00096497266001927
0.000321989707726678
0.00128744769874478
0.0122146894177213
-0.000317561130517507
0.0111181702668359
-0.00125664467483499
0.00440386900270928
-0.0219229564672722
-0.00800512327889846
-0.00258231116849583
-0.00873789644012934
0.00522370242323533
-0.00259831105559238
0.00325626842254212
0.00551772169807596
0.00129115558424786
0.000322404900064521
0.000966741831558426
0.00289764980353024
0
-0.00545746388443014
-0.00710135571336346
-0.00260078023407029
0.00717079530638842
0.000970873786407811
-0.000969932104752713
-0.00485436893203883
0.00455281300813004
-0.00841696369106382
-0.0182826972994677
-0.00598606584635852
0.00769494840063389
-0.00830013252655604
0.0204217937588955
-0.00459317585301844
-0.00823994726433752
-0.0149551678298439
0.0107962216867821
-0.00834445955755869
-0.00336580287330202
-0.00844309326433323
0.00681192074891279
-0.0023680312032488
0.0122075279755851
0.00804020100502512
-0.00232635427052175
0.00333114590273142
0.0036520251111547
-0.00396953357591801
-0.00199275981425573
-0.00366049928986689
0.00601202384729382
0.000663944201064304
0.00564034524354162
-0.00230943590595312
-0.00661372354497347
-0.00699071215077529
0.0204492457257794
0.00492769366203372
0.00163448839490021
-0.0013054504342509
0.00751633986928102
0.00356798572818695
-0.0051712991218068
0.0133203374489819
-0.043924365375942
-0.0167672702883971
0.0211460095497953
0.0203740140155639
0.0304419322566918
0.000317662007623731
-0.0012702127659574
0.00922095360187747
0.00252047889098939
0.0119422061596479
0.000310496884767364
0.00155228194822365
0.00309990719776221
0.00834363385835513
0.0076616608133111
0.00091237831775004
0.000607718018839298
-0.0045551472821137
-0.00579618687602745
-0.0162626265725684
-0.0131004986556301
-0.00537294580824732
-0.00603743266722068
-0.000959111222534781
-0.00352003200000006
0.000321162502285199
-0.0032103049759229
0.00257648961599011
0.00128496631175601
0.00352906641000961
-0.000319725053717246
0.00095935401343139
-0.000958434535413222
0.000639622641509519
-0.00159798652611109
0
-0.00160048015364911
0.0032061557163785
0.00447424082856362
-0.00572701240852691
0.00224000000000002
-0.00287356321839083
-0.000320236951649067
-0.000320307505455086
0.000640852311466045
0.00416269612552034
0.000318877540852025
-0.00414411845253049
-0.00128037772087064
0.00288461529215978
-0.00767024583987708
0.000322061201998736
-0.000643850632448539
-0.0299613392409362
0.0126203582656805
-0.0209904886848146
-0.00502509212730318
0.00168346795678564
-0.00235294117647056
-0.00842318059299196
0.00815494393476057
0.00606673407482305
0.00636519262981561
-0.00499340862205699
-0.0117095353532799
0.0115097491025813
0.000669377532442228
-0.0123745484949833
0.00304774794961915
0.000675151901581739
-0.00472331324977437
0
-0.00779661016949151
-0.00649128800819954
-0.00756530261347999
0.00207896735693125
-0.000691562932226941
-0.00449826989619373
0.00417097671185251
-0.00138452756609642
0.00450606585788549
0.00276048999309864
0.00034415004625421
-0.00309597523219818
-0.00207039337474113
-0.00933609958506232
0.00767891797556719
-0.00831319680245235
0.0206077548238826
-0.00410674209810891
-0.00756017182130586
-0.0135041209662092
-0.00737097227097228
0.00565770842794522
0.0305906459004697
0.00375301957533325
0.00713796736913674
0.026324705579639
0.00986514304505093
-0.00651250428239991
0.00786627335299905
-0.000325203252032558
0.00162657774886155
-0.00389740162723606
0.00652106292794241
0.0100420793637164
0.00513149454778694
0.00319084237396305
-0.00604328861185466
-0.00640003200000006
-0.00933974265184345
0.0204811118335499
-0.00159283216288086
-0.0073388321633695
0.00192860810258422
0.013795316008983
-0.00221515822784824
0.00792895629784462
0.00251730640285386
-0.00376650961184843
-0.00756143667296783
-0.00761904761904753
0.0156749840051182
0.00535433070866143
0.0103383458646615
-0.00372089922480623
-0.00964833458922087
0.00188557510999376
0.000627383959453498
-0.00626956112852661
0.000315394311817263
-0.00346890581737325
0.0028481329113923
0.000315556948073281
-0.00567826480510203
0.00285536167512701
-0.00474539687613429
-0.00286071210618921
0.00318769514862316
-0.00254210367149998
-0.000955654697536001
-0.00286992975542322
-0.00127918132395266
-0.000640441882804987
-0.0217878251133555
-0.0255486725991263
0.00840336134453779
0.0123333666666665
-0.00164639441401393
-0.0102242744063324
-0.0016661446184606
-0.00867817118418457
-0.000336700325363704
-0.000336847412029329
0.000673888140161782
-0.00134683497148702
-0.00337157788267017
-0.0043978012313195
0.00543662928984023
0.00439334234538702
0.0107672278185473
0.00798934727066092
0.00231172383382683
0.00329492586490931
-0.00262725771339056
0.00493905153312313
-0.00622542595019659
-0.0102209033959776
0.00566292471685537
-0.00828088743687028
-0.00434208402331038
0.0127474677204786
0
-0.00231864848232366
-0.00398409681327694
-0.00466663333333328
-0.0020094440050421
-0.00469795317778365
0.0209036075522588
-0.0138705411535488
-0.0107166774709753
0.00744749467002381
-0.000336021505376372
0.00436971428571442
-0.00468537498947053
-0.0117686953597848
0.00476359322094555
0.00304774794961915
0.00337602959567773
-0.00942119816356668
0.0061141302271015
0.00202562450960087
0.00640165094339618
-0.0023435553283041
0.00268456384847537
0.00468544192387688
-0.00166558960692864
-0.00133463467916706
0.0020046775810223
0.000666888962987722
0.000999700099966638
-0.00898804896844052
-0.00705411488075236
0.00270636003742752
0.00674767229243156
0.00536193029490617
0.0089999999999999
-0.0237859596960687
0
-0.00338402718727671
-0.00645164664001197
-0.00615174299384835
-0.00309491059147182
-0.00172469817178333
0.00172767789468975
0.00827871679889625
-0.00102630858706809
0.000684862990244506
-0.00513343617842021
-0.00481596147230823
-0.00795019011406839
0.0059233447413467
-0.0207828534540058
-0.00318358684117437
-0.00496802696948184
-0.0224679378577768
0.00255381247719821
0.0207423216885008
0.0046346169210203
0.00354865152590489
-0.0159123403142737
-0.0122170319798778
-0.00145503819570747
-0.003278688405148
0.000730921025916764
0.0124178236821704
0.00577200598023109
0.00358683657054648
-0.00178699070764832
-0.0089509488005729
-0.00325144508670516
0.0126857919536063
0.0357909793918763
-0.0169315819995998
0.00843585207606834
0.00871383727034369
0.00207322038447755
-0.00689658620689659
-0.0232638896966628
-0.0124421618358395
-0.00827940934919325
0.000725989137059457
0.0014508886470801
-0.0144875764401458
-0.00477761869818527
-0.00221565731166906
-0.000370096225018379
0.01629029988893
-0.00364302354670221
-0.0380256307129799
-0.00608130011711527
-0.00420646271510505
0.0130567583311538
0.00758153933212791
0.00790071482317534
-0.000373273595622559
0.00149361458201591
0.0026099552572707
0.0018595017426366
-0.00927988087305565
-0.02922446499721
-0.0185256657661135
0.000393275658670866
0.00589618687514992
0.00781559202813598
-0.0100814265187504
0.0031335682282192
-0.00663803175954591
0.00314461465626525
0.0094043887147337
0.000776436335403696
-0.00581854127934278
-0.0027311745115558
0.00586854483053778
-0.0159471029150954
-0.00395249027480193
0.00634920609725365
-0.00867515738662628
-0.00159105018261929
-0.0139442231075698
-0.00808084848484847
-0.00244395121971297
0.00449162923642321
-0.00853662601626026
-0.00369003705166204
0.00781897151518396
-0.000816700694160732
-0.00122590932676392
-0.00654664457665122
0.0111201807611128
0.0240325875369689
-0.0155130873314673
0.00686868686868691
-0.0361155698234351
-0.00832639467110741
-0.00419819479429051
0.00801016054005732
0.00836474278544541
0.00622144312644379
-0.0136026380873867
0.0221478896782281
-0.0106295180142894
0.00495863615873393
0.0176809210526316
0.00484852525252522
0.0096501805528677
-0.00716849832064925
-0.0224628559967911
-0.00533446839005058
-0.00247524752475248
0.0161290322580645
0.00936096866096858
-0.0129031860041607
0.00245102124183005
-0.00611255068816019
-0.0393603542173167
-0.00298758002560817
-0.0124144258384236
-0.000866970091027319
-0.00303683310355018
