0.00880065475234026
0.0127814361375242
0.0108173281577455
0.00277445506885554
-0.00177865619678474
0.0102950112965752
0.00254754071227792
0.00430025410476942
-0.00934213683647067
0.010805480911376
0.00991249737779398
0.0134719209675118
0.00379796809722754
0.00586449099764486
0.00188079751291337
-0.0358550591327202
-0.00954053719741943
0.00196583451869148
-0.000196233074431396
0.000784948994994927
-0.00352941176470589
0.0104289256198347
0.00467384633588508
0.00639654971893777
-0.00539289311991109
0.00406659574102619
-0.00675020276760663
0.00291266019417469
0.00387213924986884
0.0173578020195873
-0.0022748625592417
0.0079802012544139
-0.000188463717030518
-0.000754166652447763
0.00226413207547171
-0.00357678847094856
-0.0122803891932742
-0.00554699704565798
0.00942485057030762
-0.00724089176829268
-0.0120920734008473
-0.00660578965211223
0.020731429283563
0.025292182895041
0.00560648497875094
0.0105928264152977
0.000551655010083474
-0.00183787906634802
0.00128889704863022
-0.00128723793145935
0.000736457360772214
-0.0187671764035759
-0.00412527642507876
-0.0180756727908929
-0.00249284745952638
0.0211456939638599
0.00847140452694672
-0.0100802874743328
-0.0071656987962605
0.00113954411625672
0.00398404484887194
0.0100151742258192
-0.000748381651106134
0.0185358921550272
-0.00588235272491355
0.0129437310301874
-0.0040160278206649
0.00714809371062874
0.00291173789059607
-0.0186898744567251
-0.0083210241005538
-0.0214432403236391
0.0112423780487805
0.00358013943847757
-0.00075097637067123
0.00338220587406601
-0.00449441930732519
-0.00300978179082012
0.00433962264150933
-0.00131504790531656
-0.00432656132430398
-0.00850179482335167
-0.00266768292682917
0.0103171761559036
0.0107791223377625
0.00037418147101631
0.000374060213688576
-0.00130873055491754
0.00224640592461256
-0.00224137089575316
0.00692630127017213
-0.00539135517026657
-0.000373831775700939
-0.00504863500373964
0.00131554221604091
-0.0215840469516525
0.0070976211951348
-0.0135237904761906
-0.00173778718405504
0.0177949319575448
-0.00893190818950795
0.00498557986632475
-0.00686893722572024
0.0155619983777522
-0.0060537267110532
0.0173201367087907
0.00542565003880902
-0.0100483993283066
0.010150394546045
0.00372156666462353
0.0194661293931429
0.0247316957726242
0.00443655738905258
-0.00212010608198254
0.00123935906515582
0.00335991164208505
-0.0116320052297495
-0.00445791710207144
0.0053734370276397
0.00641370022423482
-0.00106217025802191
0.00354423179160013
-0.00317852722623124
-0.00389727185301558
-0.00248977414191698
0.006418274202175
-0.00602302912270991
0.00178217783314616
0.00142326990612451
0.00159886300232981
-0.00585317478089442
0.000892042834826912
-0.00944738001594936
-0.0041389238797912
0.00650525840260197
0.00269294429635636
-0.00393906907570518
-0.00593208689678071
0.00596748654552415
0.0115045656749135
-0.00355429180735745
0.00588553593722141
-0.00319150697902448
0.0110280858941998
0.00527795566502465
-0.00507527135238495
0.000175954271801393
0.0019345761179288
-0.00263298222515396
-0.00527983104540652
-0.00955414012738864
0.00875314397999305
-0.00389589155488068
-0.00177774222222216
0.00249330356212618
-0.00763901212224172
-0.00286430356490674
-0.0114901254669636
-0.0116237375295362
-0.0011024807461405
0.00165562910861605
0.0117538840816551
0.000363060446541885
-0.00344770452825793
-0.00946824506439348
0.0126837862983902
0.00290433835541837
0.0108596923076922
0.00501348272205848
0.00783892735009939
-0.00017675446349652
-0.000176838752177555
-0.00106095492592317
0.00778895352136821
-0.0152819076058317
-0.00606493032349387
0.0245872034352619
-0.000700665615694596
-0.00806308515447995
0.0229722389114684
-0.0162376579070247
-0.000351202803315132
0.00597224661865448
0.00436528723590013
-0.00469401947148829
-0.00768557205240172
0.00387252237506552
-0.00157811680831343
-0.00193180544312965
0.00668655616095171
0.00734140897293134
-0.00954362294736033
-0.00280315337059733
0.000702758281895921
0.0103581462492652
-0.00104251956633405
0.01339356363216
-0.000858204629529902
0.0123690261530498
0.00101819107415579
0.00695033032885806
0.00252520193517847
-0.00738871548931519
0.00490612409226654
-0.00437715473477585
-0.000676378097334784
-0.00355328269215838
0.00628288344851224
0.000506294313408429
-0.00590322135430554
-0.00695622678921326
-0.0121305144734412
-0.0278450536146662
-0.0300658073308274
0.00531916727806303
0.0197043966483417
0.0191447489558909
0.00298458572655513
-0.00647650960132129
-0.0216701734203727
0.0232307045422422
0.013903572685674
-0.017705276554326
0.0100724509630676
-0.0239677921623513
0.00179240003956993
0.010377563255995
-0.00672925435223559
0.0115885541094669
0.0066971622595291
0.0063025386257447
-0.0158315935977731
0.0038890047728477
0.00598696943146737
0.00490108515839149
-0.0080125239505312
0.00842842829800827
-0.0351732543966569
0.00270711062985018
0.0102591790810083
-0.00249419200972401
0.0112519553044488
0.0105969977145355
-0.0265641379488967
0.000359066420842602
0.0136396085132875
0.00230171742209628
0.00989219201744951
-0.0101451464105351
-0.00883548330093653
0.00552686753431986
0.0095744145540988
-0.00456619256350888
-0.00141146788990831
0.00671381649165426
0.0394875394875396
-0.015194968765828
-0.000342893867893213
-0.00154347450619996
-0.00171765713298433
0.00103236409209151
-0.00120314541079414
-0.00223715363556787
-0.0115556916177992
-0.000348979229646162
0.00576013255786134
-0.0180492366895043
-0.00265114872212269
0.00407584618110923
0.00829511118955173
-0.0162786624141666
-0.00693950165588075
0.0232933161925584
-0.0161092975641867
0.0174408082833388
-0.00454780495182117
-0.00281145668599536
0.0186784317180617
0.00276768720346499
0.00465759867763316
0.00291892160305895
-0.0111282657079266
0.00865650999503154
-0.00806723336997039
-0.00899811370482573
0.0218264361795006
0.00102532467532468
0.00734032067803625
-0.00728683298718302
0.0034140831883207
-0.0115685779443446
0.00567989692529758
0.00205372240287516
0.0109308285385283
-0.0331136853034919
-0.00506728988292848
0.00825432048216213
0.0174185681936945
0.00873134737202541
-0.0033943823283904
-0.00238417911471089
0.00512118452983312
-0.00543478251639296
-0.0153688692730727
-0.00346862643080115
-0.00452485214975384
-0.00821680055565044
-0.0285563017803632
0.0032661948236945
0.0112135827235742
0.00822749060990891
-0.0189817282061687
0.000904141065174446
-0.0110207050052649
0.0124222867218748
-0.0155178100150779
-0.00806455263811301
0.0223577794227232
-0.00957894416848204
0.00602193441645871
-0.00344643563492775
0.00491445221904718
0.0235464412886512
0.00283135738210416
-0.0153520210111883
-0.00232976706684174
-0.00987963031721317
0.00453555886312706
0.00632114875060785
0.00394827702892542
0.00268146232894995
-0.00196113389195951
0.0162557877813505
0.0135349097123378
0.00832464446756864
0.00791191964072779
0.00204783283439713
-0.00596052442165329
0.0077094570448768
0.00238012580754843
0.0200135688604743
-0.0189557535576281
-0.002542406779661
0.00883604108193858
0.00269496383181678
0.00436757944511301
0.0068573338876512
-0.00963458455756505
0.00553508898918298
0.00817344440077661
0.0014890801040548
0.00875602195202418
-0.00278417944998066
0.00574811965426369
0.00244933042294826
0.00635282629667411
0.000161897056683236
-0.00793011801375432
-0.0083197064978745
0.00361896687581909
0.00573681382517011
0.00847457613307401
0.0171298962971898
0.00587864642323876
0.000631764324249495
0.0254143812285519
0.00615766635094928
-0.016523898155999
-0.00217797140911591
-0.0159027130636532
0.00285171107179516
-0.00663503959928968
0.00922388662175755
-0.0121336276730796
-0.00925184254668765
0.00547415866246737
0.00128099277372296
-0.00239881660640995
-0.0118628084023275
-0.0246593125350311
0.00731872932998545
0.00875163459789241
-0.00622034702897367
0.00691816845524906
0.00212656629925467
0.00130594192967481
0.0143462830127159
-0.00916102524652807
0.00145985396723902
0.00550696451224608
0.000483231298864961
0.00998227322520884
0.0159413358839471
0.00439356660913237
0.0110920009032338
-0.00309029661479754
0.000775000036035145
-0.0244695369366579
-0.00952536880376653
0.00849493522190947
-0.00746975548219186
0.00400320249794706
-0.00478467296994145
-0.000641041646120555
0.00817828723254843
0
-0.0014315253925804
0.00621215365103778
0.000949849642230438
0.00727501186145818
-0.00172706864071392
0.00692033636614231
0.00624806339806616
0.014281248502988
0.00107144175521534
-0.00856147325721002
0.00292988443885545
-0.00230630377757834
0.0137155187812532
0.000456050478200742
0.0010636529726078
0.00971463310783083
-0.00180389364719913
0.00557221368758398
-0.00943534563885029
0.000756017549985222
-0.00649644941844851
0.0319342903912929
0.0509873113618138
0.00869324172742592
0.00236306637856343
0.0062404242651446
-0.00744213085562639
0.00610944207620556
-0.00897048038877291
-0.00543099861943996
0.00728092991545592
0.00208498743161001
-0.000970994643972434
0.00361013622369355
0.00498063094881895
-0.0129405563455474
-0.00683400307534188
0.000140457802843219
0.006599283816354
-0.00571910989763957
-0.010241245934922
0.0111976324083218
0.0077096023386376
-0.00361666439861819
-0.00921396101691874
-0.0167676762467566
0.0101748210113903
0.000851255521386207
0.00113386246064362
0.00424752955886443
0.00183276469758908
0.000140754296108936
0.00140703531729303
-0.00182657023539612
-0.00760136532092681
0.000851035460992744
0.0100623443895225
0.00252560695351223
0.00153955219900137
-0.00642817234287785
-0.00140644167106729
0.00549294366197195
-0.00728387739576808
0.00776061770450331
-0.0127414733335613
0.0043965110084665
-0.0100254024286924
0.0118385535324699
-0.000563856764481119
-0.0430183908880567
-0.00560054548564615
-0.0358677629188118
0.0189084695353512
-0.0102595203720508
-0.00182919212893884
0.000916279738105708
-0.0053402348895295
0.000306749492046121
-0.00782091715719857
0.00865540998402214
-0.00306472561861104
-0.00630181390414419
-0.0116009277153619
0.000312926437780137
0.0025031915676843
-0.00655433812252371
0.00345587496072897
0
-0.0129931431904643
-0.0109436639324927
0.000962107104520493
-0.00464589889925981
0.00498950579447111
-0.00784750172721815
0.00290556896036209
0.00144857554404365
-0.00707171316181765
-0.000161848497278072
0.0022664723976038
-0.00549184299790006
-0.00925775540035734
-0.00475411475409826
0.00296491521931985
0.00344882580799521
-0.00425528655500118
-0.00197237015121632
0.0154808791916849
0.00518975024326962
-0.00564696676347198
-0.00405646594099518
-0.00423593997660576
-0.00768974161796043
0.0194558938349252
0.0304059022996637
-0.015225192516484
-0.0266178187243283
-0.000491223186507295
0.00262123193608743
0.00163395422166746
-0.000652544871982741
0.00163243557402648
-0.00162977507122264
0.00603987940058359
0.0170371407263161
-0.01914486279515
0.0133376545217958
-0.0035312520631019
0.00934275098766912
-0.0274497446536865
-0.00574333780346792
0.00577651427628312
0.00311785367768058
-0.00163589069792436
0.0321154027874062
-0.00809655475165727
0.0115237035851472
0.0106012340094741
-0.00203533743596895
-0.0136492465124177
-0.000795275978929144
0.0108245781598217
-0.00692911811023622
-0.0255312396839321
0.0152969566265753
0.00112197469341191
-0.00480305803399084
0.000643516731016813
-0.00498395490379488
0.00759415103561389
-0.00946120895668356
0.0051805083373806
-0.000322113061684726
0.00289995166747214
-0.0125301044176707
-0.0148039691751429
-0.00181638041914822
0.0087675598218766
0.00475565759265351
-0.0031009955932757
0.0147347408403817
0.00161345595353346
-0.00692654616860355
0.0124897968373139
-0.00480613600788649
0.00885381533892171
0.00542524351125717
-0.00491980653609925
0.000318979261260344
-0.00191331310724951
-0.00191690101970932
-0.0177657010243277
0.00570314495198221
0.0163642090673328
-0.0205643392316276
0.0061849122100408
0.00647041410546745
0.0135004819430973
-0.00475742142788738
0.00207139904625242
0.00318017177898189
0.00158502139800287
-0.0261116953016569
-0.0375365772256
0.0302211717035288
-0.00704686987872827
0.00313581449083999
0.00970714066645506
-0.0233012876535976
0.00717384062685755
0.0029816134335201
0.00594551620058659
-0.00295517977343618
-0.00493989790877647
-0.00297865298692701
-0.00298755186721988
0.00932247378058926
-0.000989625581566456
-0.000825491167244508
-0.000991424322537959
0.0115779194769752
-0.00572267822105943
-0.00246671596009351
-0.00659416419386738
-0.00829737830392896
-0.0137215366037998
0.00729555492527245
-0.00353712318573562
-0.00625420892494932
0.0037420819230809
0.00728691771858725
-0.00622474774940696
-0.00101577789063823
-0.0077952722520005
-0.00290346717170742
-0.00222680708758471
-0.00961375107296136
-0.000693309077713811
-0.00225502160433577
-0.00173856050069543
0.00278655530430361
-0.00712059718233427
0.00752142758514696
0.00972225728202281
-0.00550206327372749
0.000691580221300114
-0.00259158599530784
0.00710200935388894
0.00172003786928165
-0.00618133563937717
-0.00812026592743154
0.00174182198223316
-0.0158233356224426
-0.0120141347001461
0.0023247676081819
0.0178412135208066
0.00438212102335012
0.00174525308455942
-0.0179443025106515
-0.000532180247155845
-0.00141998580049696
-0.000177710635538952
0.00195557333333318
-0.00479064931173423
-0.00106972722410426
-0.00214169198896474
0.005723484170989
0.00853635070247205
-0.000352671492729217
0.00388077269149356
-0.00140569319978912
0.00862217108491392
-0.0130844382414514
0.00300516174650878
0.0142755899092144
0
-0.00191138144068426
0.00156685239496612
0.00295501482626492
-0.00866551111498248
-0.0019230943719738
0.00262746540550007
0.016247309006034
0.00997081003853562
0.00136173617021274
-0.0294068322486204
0.000350280222426669
-0.00665260865988471
-0.00934090555724676
-0.00373597231339573
-0.00107144642857138
0.00411153028443922
-0.0115719783361928
0.0162103386167147
-0.0257000540836602
0.00782246665776842
-0.00397115509129409
-0.00670530989488949
-0.0180624152880421
-0.00353026755852848
-0.00428862568919208
0.00243440065788758
-0.00168130023690072
-0.00299401203207361
0.00863369010198367
0.00762932610236988
-0.00886433946946119
0.00335382907970305
0.00594243290408292
0.00332287256130237
0.002391941210375
0.0117474118942731
0.000181458638995879
0.00653003797333507
-0.00288340231092432
0.00596417834938801
-0.00826444484369382
0.0157608511637526
0.00267524522917784
-0.000889416561910106
0.00373870406760557
-0.0106421069414313
-0.000179257801707577
0.00932402725479631
0.00532952557595445
0.0143135182894505
-0.00156796161784112
0.00383873662818468
0.000695306808540019
-0.00746918533958651
0.00262516630425558
0.00366554366092608
0.00313043478260866
-0.0346740638002774
-0.011853448275862
-0.0134496728462379
-0.00644802885865925
-0.00333765992953827
-0.00911631627906972
0.00863693235587437
0
0.0182427397944389
-0.000731279694126563
0.0126234540797658
0.00776876270167159
-0.00394403018902878
-0.00485961114363553
-0.00434078487356149
0.0136239784491186
0.011290340704128
-0.0186071061492115
-0.0579632167215021
-0.00920067123636847
-0.0088991876358907
0.020300605114191
-0.00573941075186535
0.00885124093032053
-0.00324245660881173
-0.00956754724713149
0.000966054905952696
-0.00945765278020361
0.0134450116913485
0.00153820425065199
-0.0132462660779421
-0.0235409134808983
0.0151424988073818
-0.00157020605357794
0.00786320046910172
0.00507117222547282
