0.0100200063453573
0.00330687830687837
0.016479894528675
0.015239915693904
-0.0121366659896732
-0.0287746201099256
0.00133152458949648
0.0362367021276597
-0.0144369906961822
0.00195319016774698
0.0201429168244667
-0.00700636942675159
-0.0115458627325208
-0.0029201817001947
0.0208265863976569
0.00701303771077355
-0.0148780943336499
0.00739071313011852
0.00223285486443392
0.00732017823042641
0.00442341232227483
0.0163573445625245
-0.00123803772089004
-0.00371856213201127
-0.000622115046835736
0
0.00186735132687987
0.0012426530364289
-0.00496431895749294
0.0424072341752417
-0.0146575231827699
0.00971460260214352
0.0114251660508218
-0.0163495545882745
0.0253853127833181
-0.0368405540819334
0.00397799877600979
-0.0256020108015236
0.0068814515758977
-0.0192606094830882
-0.0180551156160912
-0.0087096774193548
0.0136674259681093
0.0192616372391654
0.0333858582677165
0.0128009444437382
0.00993081552813724
-0.00387368879994965
0.00897397547113354
0.0257930032611919
0.0141619083330584
-0.00512966657167302
-0.00200515611572594
-0.0146382893226178
0.0151469842617544
0.0284075195642768
0.0100446707589286
-0.0168508558880979
0.00702444506883948
-0.0164620535714287
-0.0269503829787234
-0.0253644030718485
0.00747831289261147
0.00742280285035624
-0.00117892720306501
-0.00206547660269929
-0.00206978119455947
-0.00148145185185189
-0.00830869411546908
-0.0173548185131548
0.009744214372716
-0.0162847104945717
0.0150215210000466
0.0262760185359101
0.0544438493231314
0.011721964179628
-0.00689655172413794
0
0.0422222222222224
0.00399781449893388
0.00929126675292102
-0.0105208048395582
-0.0101009306246925
-0.00134272280651315
0.00860443690789037
0.00373244488042879
0.00106233726096483
0.00159196077452806
0.00291393377483429
-0.00792393006011805
-0.00665601686219341
0.00804073953254503
0.00505179460112215
-0.00608462979059865
0.00106470588235275
-0.0204733044277238
0.0222584147665579
-0.00292089750398294
0.00612516660786055
0.0172048972261751
-0.00988813427010149
0.0139291199455749
-0.00751687363831666
0.00548443443498492
0.00389615584415592
0.00569203075332303
-0.00720347330083537
-0.0191760041461519
-0.0124173586482091
-0.000802648453647747
-0.00107087020459817
0.00991688528767387
-0.00477707006369421
-0.0202666133333335
-0.0065324438469001
0.00438356164383547
-0.0253682487725041
0.0106353484466835
0.00498476862407182
0.00771559637047137
-0.00464856439704675
0.00219774713199183
0.0126096217105265
0.00379001093096942
-0.0118663154333163
0.0128275658522805
0.00134731874569338
0
-0.0333692680301398
-0.00918702723758491
0.00533855015453755
-0.001676858627078
-0.0058791431724764
-0.0126724028539794
0.01026802594786
-0.000564539839894906
-0.0110170615244597
-0.00685512749815065
0.0031636755823985
0.0126146498676993
-0.00283122876557185
-0.0136285913223002
0.00172702926154122
-0.0043102587445476
0.00750354935044428
0.00401028358636513
0.00199714698993292
-0.00284735201729358
0.015990919474586
0.00337265298636025
-0.00504204467669334
0.00816444256756754
0.0161965368277985
-0.01154157767358
0.00583817053549707
0.00110561083471539
-0.0077305906203593
-0.0111296052067226
-0.0118177261728269
-0.0037015092170134
0.0077163756663976
0.00935910433120268
-0.00112393930879473
0.00450070336148256
-0.0070008402968591
0.00423017496418976
0.00561639972995231
0.0108908123180449
-0.00248618777662479
0.0022153973354917
0.00303951376179912
-0.0314049319946264
-0.0130830204778156
-0.00922190175153026
-0.0334497081602761
0.0030093891062295
-0.00870089956790288
0.00575057488648389
-0.0174540475473968
0.00643182196435998
-0.0508216661344593
-0.00577111235103833
0.0125765881973556
0.0089171974522293
0.00284090909090917
-0.010701920050362
-0.0260896913776646
0.00130672978416424
-0.00489396411092979
-0.00360659016393439
-0.00296150059103328
0.0396039947064024
-0.0139682857142857
-0.000321957511975501
0.00869568466008652
0.0201149744572158
-0.00125198744125232
-0.0125352554058289
0.00539511266264681
-0.00505050505050508
0.00253807106598991
0.00822787974683536
-0.00376650961184843
0.0063012287334594
-0.0347526914604668
0.00129746999675651
0.00615477790233965
0.0138442052106955
0.00381076532232472
0.00316349246556502
-0.0025228635295762
-0.0249762575079437
-0.040207522697795
-0.0608108445945946
-0.0187049647016174
0.0300586132676461
0.0170818505338077
0.0146955913226032
0.0151724482758619
-0.0271739800552316
0.0199022353317819
-0.00342341675533775
-0.00790113335963127
0.0346260399801261
-0.00870140591370172
0.0128291352859846
0.00499999999999989
0.0189054394693202
0.00878909533818661
0.00677641174572452
0.0035255768100777
-0.0255509110683778
0.00360540806293019
-0.0192684513628854
-0.0103230765793181
-0.00942119816356668
-0.00101905567190708
-0.0289017681060864
0.0206582990426574
0.0298456260720412
0.0216522318454364
0.0345614607107922
0.000945477466120392
0.0144836586901764
0.0257603343960169
0.0114977613161198
-0.0143583308405624
0.00212440054250695
0.00333134463961215
0.00603685463215053
-0.000300089990993735
-0.00510198079231694
0.00271493196289985
0.00722015600360071
0.0579449820788531
0
0.0149633831148155
-0.00778867850379195
-0.0196242511704092
0.00714898463972014
-0.0133447185308144
0.00460431654676241
0.0189057576625611
0.00590382344672458
-0.0100615150939495
0.000564681003087486
0.00874720679309271
-0.00223781818181823
-0.0014017101991427
-0.00196518815174584
-0.0129394940348662
-0.0222285266457681
0.0250654903799041
0.00113736145222432
0.0355012790542824
-0.00877674187539057
0.00553406213431273
-0.00715459548706665
0.00388023814411098
0.00331305899190881
0.000825509080902398
-0.00467412715628612
0.00165737564482393
-0.0146166031228133
-0.00727677022110251
0.021990385621923
-0.00331031724137931
-0.0179906167176691
-0.000845518602029194
0.00507757390472285
-0.030311590504867
-0.00463096974329857
0.00436179134521031
0.0173711054611725
-0.0293112700430073
-0.0128995305511717
0.00475212383439994
0.0135973683950712
0.0142898216888359
-0.0051754170550723
-0.0026011562197199
-0.000289713143420189
-0.00492747826086959
-0.00932140930256853
-0.0205820947122668
-0.0264185221729654
-0.0357693493678692
-0.0409338023664855
-0.0153384128042681
0.0243819497330868
0.0016528595041323
0.00627066027295897
-0.00623158412594293
-0.0240923770327517
-0.00574907000338187
0.000680272108843694
0.00441872875594829
-0.00913698846487276
-0.00170768436790691
0.0143687991789256
-0.0148398313659359
-0.0065045876927281
0.0213645416953825
0.0158570180788469
-0.0152773492103172
-0.0246205733558178
-0.0096819156293223
-0.00349155040124127
0.00490536072510994
-0.0282426429567644
-0.00574101163469631
-0.0292312893984586
0.0301114869888477
0.0313966449439425
0.0241427571728481
-0.00819948752989408
-0.00861178061964241
0.0295343283692033
-0.00843739481732686
-0.0183798168270871
0.0228848821081831
0.00440674576271194
-0.00641235256201
0.0193613784184314
0.00466511162945671
0.030514096185738
0.00965564853556478
0.00701303771077355
-0.0288065843621399
-0.00456320078226857
0.00916827081963745
0.0142764438676184
-0.00255918106206021
-0.00416937139191786
0.0206119813401604
0.00851997448658959
0
0.00375478735152646
-0.00561103456290313
-0.018495329153605
-0.0111785375655873
0.00193801685846307
0.0054803675048356
-0.00641234349431408
0.0141981284285253
-0.0305440979955456
-0.0187068926388873
-0.0100334448160534
0.0114865202702701
-0.0173681022923144
-0.00169949014276016
0.0054477355993281
0.00609542817150599
0.0360148783579561
-0.00194938265271649
-0.00520833350287542
0.0245418856198261
0.0210795279808218
0.0068814515758977
0.0146008392233872
-0.0146968769136557
-0.00714726538222499
0.00751167425628552
-0.000931935412610718
0.0087064365671643
-0.0197287305711693
-0.00157229564692751
-0.015748031496063
-0.02112
-0.00163448839490032
0.0137523898574856
-0.00581388907667602
0.0185184854282494
-0.00861244019138763
0.00321750321750325
-0.0211674150096216
0.0049148099606815
-0.00130423866970986
0.00391776049356052
-0.0139837398373983
0.00824538258575203
0.000654236179260748
0.0150375612945406
0.0193237043260452
-0.0113743759873617
0.0031958452158567
-0.00350423712979409
-0.0338875308859484
0.00132365987172922
-0.0218109715796431
0.0131756756756756
0.00800266755585199
-0.0218326166060205
-0.00710175853905981
-0.0102180514230908
0.000688265680945044
-0.00859697386519942
0.00104061741241779
0.00554397070187207
0.00723638869745002
0.0143687991789256
-0.00472175379426631
-0.00643849542527963
0.0170532060027284
-0.0492957746478873
-0.0296296296296297
0.00836059614685558
0.0155010814708003
0.00461480298189554
0.020848057273783
-0.0249220846286633
0.00816471423500165
0.0119718309859156
0.0320111343075853
0.0158462238705328
0.0155991044008996
0.000980359477124271
0.00424423781404637
0.0003250975292588
0.00324995125121874
0.0123096529864057
0.00767999999999991
0.0171482692918385
0.00405872632090931
-0.00310942164179095
0.00280726753564364
-0.00404360783554536
-0.0321673953778889
0.0177476928041305
-0.00760944807833075
-0.043769937500637
0.0103575008352823
0.00330687830687837
0.0151614700065918
0.00259740268173392
0.00615288232360367
0.00579336981010625
0.016
-0.00566929133858263
0.00918596769084568
-0.00470816055529943
0.00441504271255266
-0.00941918367346939
0.00887483387875854
0.0012567075086396
0.000941292722268727
-0.00376172413793108
-0.00755191920856135
-0.000317057694449674
0.00888036762193578
-0.00440110042128572
0.00789390590464167
-0.00375942982456146
0.0113207865195215
-0.00124381218905467
-0.00716064779454073
-0.00564440281105061
-0.038788995231441
0.0229658792650917
-0.00769720974983967
-0.00743380712883623
0.0133507656577911
-0.00482011552634576
0.0242169849601868
-0.00220677812757819
0.0145339968404423
0.00871996235689942
-0.00833590640123216
-0.00996264040979578
-0.00628927692733572
0.00949367088607578
-0.0131661442006269
0.00921219822109265
0.00849861504564053
0.00405733445513956
0.0158533426082277
-0.0045899938800491
-0.00584073181188827
-0.00587501546072988
-0.00808718456689372
-0.00658510525509892
-0.00536616161616155
0.0114249761980323
-0.00972707845224097
-0.00506967696671989
0.0143312101910829
-0.00313971742543173
0.00913388976377938
0.0293382949644727
-0.0418435415403273
-0.000632911392405178
-0.0079164027865738
-0.000319182891796888
0.00893997445721584
-0.0037974683544304
-0.000952954256670857
-0.012082702318515
0.00289668490505313
0.027599486521181
-0.00905683947532798
-0.0242672864796722
0.0571705767819952
0.0394133822181486
-0.0217519400352736
0.00450724172197248
-0.00598265031408918
0.00571766476075841
-0.0125672658627927
0.000302969696969857
0.0242351726286079
0.00147885236678924
0.0115179854838163
-0.00583944525547442
0.0152716891416063
-0.00115710153312132
0.0550246468295583
-0.027998902003843
-0.0132731149392826
0.00372069272240094
0.0350726832050186
0.00330575766682517
0.0340472835830468
-0.0148699415825809
0.0070081674937017
-0.0377408983474062
0.00806678698006147
0.00358711348856988
0.000824938158508148
0.00576920297971406
-0.00518992064490786
-0.0200439055488141
0
-0.00420280202305423
-0.0109735224824556
-0.000284580353651087
-0.00853725123896554
0.00889787600459235
0.05519197410003
-0.0188730385548666
-0.0109919486395151
0.00055559874656308
0.0372118876540897
0.0160643382096031
-0.0115942816444193
-0.00453207168926006
-0.000803401178361085
0.00428839441735751
-0.00453701615860658
-0.00777482594570567
-0.00972699323031578
0.009549740270137
0.0345945675675674
-0.0198536839042236
-0.0135928038379531
-0.0183733055051774
0.0077071011446681
-0.012838076677463
-0.0113447429813157
0.0167926672264205
0.0137627297680853
-0.0469726827601041
0.00113962969456582
-0.00170737056651604
0.00256545025282495
0.00995172078201434
0.0484234797297296
-0.00429645519353072
-0.00134851664786872
0.00513102903405449
0.0158516922124745
0.000793414419639982
-0.0155919661733616
-0.00939591946308727
0.0100270455269895
-0.0115374295680172
0.016015200868621
0.0088164039540477
0.0124470875236804
-0.00837038974627258
-0.0102875230809811
-0.00666311300639655
-0.0118056882210894
0
0.00108598962335105
0.00244100901657207
0.00351734316875918
-0.000269560528444401
-0.020226536125861
-0.0170658674888043
-0.0324838989774265
-0.00463096974329857
-0.00378019784182027
0.00875665550243165
0.00434021978182253
0.0244886783200424
-0.00056242968047171
-0.00365787834389764
-0.00141200225924876
-0.0336539300437236
0.00292660245400089
-0.00787861103005549
0.00470588235294112
-0.0131733313817328
0.00771290441153671
-0.00147197522896758
0.000589652157408693
-0.0162050682441092
0.0152741244466643
-0.00619477839558835
0.0029682992866813
0.00917422287143466
-0.0102638715697285
0.00474074074074071
0.00235924506045415
0.0114739328347202
0.00465386839284831
0.00289513599029734
-0.012702021151906
-0.0292397652269074
0.00843370456524983
-0.00985657108721616
0.0187028043014901
0.00592244595795077
0.00853685579814956
-0.000875598416555823
-0.0035056675430909
-0.0143653469843051
0.00594886989734889
-0.0118273802483737
-0.0299222040647639
0.00154235049613516
0.00769941460734791
0.00611237756380256
0.00911309289872997
-0.000602046941539869
-0.0180723789737236
0.0144172401482969
0.0139098578772301
0.011929645449736
0.0147362216327733
0.000580917804240411
0.00029021769839721
-0.000870545585332283
-0.00261399941911111
-0.0066976994758301
0.00674286113330824
0.00990099009900969
-0.00490201845444049
0.00289779790772493
-0.000289020505951365
-0.00895945138493948
0.00174969373725009
0.00145572060877552
-0.00784886582274036
0.00175792552716314
0.000292541687409775
0.00935669563284525
-0.00898033024333722
0.0108156390182881
0.00809713660513944
0.00200800338473894
0.0183223590037218
-0.0157436603879673
-0.00399882913446614
0.00200745632370114
0.00715512327289991
0.0059676898541543
0.00282480210029368
0.0101408732394366
0.0136641658208543
0.000825392067421937
0.00137435400290387
0.00109802360691758
-0.00164521520029592
-0.00933809393023888
-0.00693096756307177
-0.00697934115019538
0.00140565082935051
0.00898371726512392
-0.0047300780392342
0.00587084148727968
-0.0339077821011672
0.00172617961600574
-0.00143595634692695
0.0143802128271497
0.000850552877799782
0.00254957514304754
-0.00310822274959677
-0.0113378121127496
0.0014334575277104
0.0154595190380762
0.00197349867568342
0.00590880681179518
-0.0209790209790209
-0.00485708571428567
0.00229681296027473
0.0111715554282441
0.00538252139893824
0.000845252136080665
0.00225219594594583
-0.00252809002966792
0.000281667151882159
0.00844594594594583
0.0201005304299273
0.0224411597580416
-0.00347968406103627
0.011818372280419
-0.0201751537125116
0.00243836358710392
0.00945940540540535
0.0144578588732456
0.00844550035485625
0.0151793251813483
0.00232018555503521
-0.00745887326494654
0.00285050531225695
0.00465116267051258
0.00565835890796396
0.00818414364113274
0.0223237200570128
-0.000992580669791021
0.00794843556624114
0
-0.00492856062451652
0.0438336046598908
0.0308422049422441
0.00759489050414519
0.00159888080399462
0.0246294652054488
0.00890278210549744
-0.00264731953905484
0.00575098442271593
-0.0127557067790696
0.0220539546013354
