0.00567859151577776
0.0100508071129033
0.036672617695156
0.000107873165359429
0.000754879734016667
0.00420257529517531
0.00032191221543254
0.0122291352474884
-0.00317934502777295
0.0138209975296832
0.0180369230491093
0.000618016056489257
0.00710318104903407
0.00981293039327569
-0.00202454699843568
0.0054772392931226
0.00464036128236733
0.000702962173027899
0.00933164722730684
-0.00049701761594656
-0.0085538192902942
0.00240768459069018
0.00200165136112185
0.00079898119859223
0.00459088836100463
0.00755010897873598
0.00719783094454396
-0.00616744970793048
0.00315207850134192
0.00923019478516096
-0.00992408065697692
0.00717370268919604
0.00936675791524544
0.00193334950024227
-0.00385916056229307
-0.0045520677966101
9.73146536029645e-05
-0.00836658227097398
0.0131462474247033
-0.00784349785543237
-0.00790549490440651
0.00649282820476471
0.015541042235188
0.0151106734338657
0.0038873233726433
0.00547791855339774
0.0128687113739312
-0.00194750065941751
0.0022300501143826
0.00417204705940977
-0.00517032601182388
-0.0109512761020882
-0.000469203340527247
-0.00638378726202937
-0.0410052547621034
0.0152709655172414
0.00213482769136841
-0.0183983156308216
-0.0379797364709558
-0.00451184386316184
-0.0185414396674609
-0.00209904494226554
0.0212452246267307
0.00381053560886779
0.00297528467246044
0.00838788853543582
-0.00182592814311355
0.00254065035486484
-0.0114546880597123
-0.0215340347067484
0
-0.0259903170402498
0.00537981481859662
0.0479451616450093
-0.0247140323675252
0.00471201047120418
0.00667013048473564
-0.00527998779500938
0.00457946493381645
-0.00103604437534321
0.00383740933079046
0.00227297239102198
-0.00412329648235654
-0.0109719282582348
0.0016744740447574
0.00595549060657707
0.00145408185972262
-0.000414862070418298
0.0041502595190992
-0.00258317836932398
-0.00466173215230237
0.00895087408511941
-0.0147513923096474
-0.0153910686757184
0.00202043808995689
-0.0140082665602801
0.010547787728004
-0.0162956440120955
-0.000324805106920678
0.0258853996342381
-0.00263935808024329
0.0161956068995914
-0.0140624791666667
0.00623344941926152
0.00304494966495072
0.00418717684692949
-0.00354429271343693
-0.0106705308367206
-0.0181876070635507
-0.00560038784276551
0.00649840774399646
0.0100075433121702
-0.00713828034159081
-0.0154523228790145
0.0106812316076295
0.0058232932441511
0.000536110234891307
-0.00503645520788676
0.000646268188395638
0.00387464195997667
-0.00471743341001729
-0.00172362379136848
-0.00140279489376927
-0.00464663924090525
-0.00477692970603694
0.00981784683795883
-0.00129634870908502
0.00616549506215791
0.00118254142708696
-0.0122409431624915
-0.00576148506927898
-0.00131208179873255
-0.00437917689420519
-0.0119859685070164
0.0180300838737915
0.0148682735884085
-0.0109878700638184
-0.00185163929531929
0.0103666194933065
0.0160925160856471
0.00138177080395896
-0.00212288506658398
-0.0140410591630451
0.0145646668558708
-0.00212680771877072
-0.000852451016728484
-0.000639985054607828
0.000426905029676794
-0.00181350547927261
-0.000320604894731069
-0.010262978295243
0.00313243674373664
-0.00495314940390379
-0.020993430538105
-0.00265279095111315
0.00121902910720295
0.00453845492753846
0.00275482093663904
0.0058241648351649
-0.00753854482179117
-0.00671502671576518
0.013299312424937
-0.00634367275511327
-0.000110093563238212
-0.00385290637837543
0.00353630243201009
0.0041846053118515
0.0157911499990975
-0.00453414675161878
0.000759136761296464
-0.000108387517429476
-0.00563560222073056
-0.00163489918256132
0.00513102631290452
-0.0303030411643314
0.0028001792428336
0.0126215236526475
-0.00694909521512921
-0.00599801184047555
-0.000558676959630633
-0.0177773251838703
0.00478086521982624
0.00804357113550136
0.0168577202677775
-0.00298412899035827
0.00310385769985433
0.00419941439273752
-0.00253113230336299
-0.0201897729500197
-0.0105843375877567
-0.000341493103169666
0.00148002055919938
-0.0123906330295482
-0.00805705598723716
0.0105592480854027
0.0151568269678184
0.00226215350018522
0.00383699352401545
-0.00494654316851739
-0.000677945979483785
0.00655739988323578
-0.00359429409855438
-0.00822901598725079
0.013071083891643
-0.0127902955051149
-0.00397771346693288
0.0047923209127374
0.00465595059404844
-0.00180855655240697
-0.00464269062716993
-0.00568828200936788
-0.0196796563002366
-0.0262605042016807
-0.0268488313556274
-0.0204459041644068
0.0192380110554256
0.0304712689482181
0.00215491442780924
-0.00262813287096075
-0.0274284471775889
0.00554193370228817
0.00269443961556792
-0.0116038227090329
0.033613458566818
-0.00777141329234121
0.00216893606865742
0.00312615133163763
-0.00467456550401535
0.0223988557032893
0.0136630856616469
-0.0116198004094771
-0.0212790740954402
0.00540536936936942
-0.012425245367691
0.000362908281494878
0.00858628592124111
0.00671459216511772
-0.0154835042339626
-0.00145176620122101
0.00424034402422646
-0.0170104477863489
0.00736375770629261
0.0213206622485218
-0.0114517353822799
0.0195486296772549
0.0173985209468226
-0.00453698237013711
-0.00420709360757276
-0.00985795106041487
-0.0123266678086997
0.00468017509467966
-0.00525563777764404
0.0165706654247197
0.0120481449540211
0.00466855742296901
0.0262545765275424
0.00962198368222711
0.00807267612798124
-0.0145701917664246
0.0169300229555309
0.00122087683065208
0.00609691836932624
0.0120096515643533
-0.00293953190940743
-0.00283906960386393
0.00689878449408665
-0.026427407061253
-0.00681404178331246
0.00978511934382542
-0.00445535759028026
-0.0237188976410461
-0.0163878061795141
0.0229523587800919
0.0028473803127318
0.00408859724854294
0.00678653967711607
0.0138186268100522
0.00221635643210027
-0.00862448012772055
0.0102609631826471
0.00331193412868336
-0.00275088037249827
-0.000220633351670552
-0.0215207700968902
-0.00609069451429312
0.010667214797984
0.000449135424413605
-0.00482603826770001
-0.0157888917511874
0.00343764191947882
-0.0264930912412926
0.0105572082111438
-0.000580429469984267
0.0120789898276188
-0.0145742026001171
-0.026668230115236
0.00478584578162611
0.0101214452207152
0.0165036068253306
-0.00150765389628937
0.00754938461206467
0.00853023631123917
-0.00708646718679773
-0.0112812704749187
-0.0216556062598161
0.00357018926062325
-0.019803130088862
-0.0215340783191832
-0.028684459520937
0.00649187898400916
0.00720878968003058
-0.0281265322466918
0.0142118600978847
-0.000382152866242103
-0.00203903399975747
0.0093219642273521
0.00227732790641033
0.00643779340522865
-0.00539320185401215
0.03467843500586
-0.000365703825751185
0.0162155699664315
0.0338332341651646
-0.0262271562313371
-0.0147778088533996
0.0141526312846891
0.0261212202347911
-0.0141811114051043
0.00542387702921543
0.0131347723631325
-0.00196779722152796
0.00255162372359541
0.0164275678753454
0.0199180512187793
0.0045753375228732
0.00855369946302043
0.0140984578246672
0.00347560551754111
-0.00692714586997667
-0.00773840871934606
0.00911689357296908
-0.00663982780102879
-0.0121630503580309
0.0319467214210378
0.0054821241049352
0.00416932858489072
-0.00298092196316413
0.0090763265546967
-0.00666663492063491
0.000745701478245486
-0.000212944428082951
0.0154387247751004
-0.00387965805138957
-0.0012631894736842
0.0072723758623221
0.0297164800669667
-0.00365817483352604
-0.0054054664332851
-0.00584495506085803
0.00691084085335247
0.00102435973086368
0.00122794718350439
0.00787004324897977
0.00517190949019453
0.00242128725520718
0.00362318836933184
-0.014139620796835
-0.00600139367310326
0.00327466226693973
-0.0115258770754195
0.00288925795524686
-0.00411565996263696
0.00826526492132174
0.0178297578780513
-0.00916142133974773
0.00995736659128954
0.00432595564736493
-0.0295502848933128
-0.00402558848138701
-0.00310908908921315
0.00613366241535163
0.00123995661541598
0.0136222804205928
0.00010183261961072
-0.00906043950746904
-0.014074327679241
0.0082317494192794
-0.00382392509665308
-0.00331983611702302
-0.00114500884771518
0.0108378596377434
0.000103113402061927
0.00968967096815443
-0.0186829408478696
0.0102996043393797
-0.0107095148727266
0.00905591756011259
-0.0269238698798461
-0.00159018336499117
-0.00743254406455729
0.00706029074474901
-0.00446141921034016
0.0169653967459944
0.0102822686031323
0.000311548444162923
0.00768270348837219
-0.00144240678842777
-0.00629385072830912
0.00643756632618775
-0.00794383575776336
0.00842342935010687
0.00515623383359554
0.00225711498658976
-0.00470876231530848
-0.00750800141392571
-0.0143004870466321
0.00483598597026957
0.00397569566905842
0.00656520432018759
0.0033130553188967
0.00722316552582125
-0.000614670621712166
0.00410039966887532
0.0149056359848587
-0.0257519957448146
-0.015900877974205
0.0220334282243926
0.0181705772232594
0.0208711433756805
0.00879011358024684
-0.00920307430196865
0.0203557812358433
-0.00309897340501686
0.0197202152764675
0.00257213487118091
-0.000570106434247486
-0.00779614945807194
-0.00507856453546796
-0.00837910992239022
-0.00951822076066644
-0.021965139577413
0.00270707845813267
-0.0122987998740366
0.0113383580819837
0.00570569558146761
0.00537474862770226
0.00712801688688214
0.00894520763948092
-0.00389712591482005
-0.00254298713894741
-0.0138262694501
0.00159096151933991
0.000694927011964941
0.0089285116390323
-0.00235986240982877
-0.00699782187066644
0.00456574689826295
0.00780556276855604
-0.00490196078431371
0.0100492315270937
-0.00458441293165468
0.00431156283258516
0.00848866247416646
0.00425698525293172
-0.00799616547217252
0.0102942409411069
0.00394119969183127
-0.00258525464218207
-0.00815971984563169
0.0171312040263261
-0.0132267490047293
-0.00848598867365447
0.00184790896712705
0.00388313748406688
-0.0169229274954869
-0.0133779357317357
-0.00578267181108671
-0.0273766844426726
0.0161872361312967
-0.0148133119889065
-0.00370751809902203
0.00155055822928585
0.00268348645560423
0.0151312503318322
0.00131816057640965
0.0119493670886077
0.0154107975582907
-0.0280870993585582
-0.00111540252133224
0.0192874019026008
0.0032864653605631
-0.0115147510723597
0.00873664372892868
-0.00617217539588377
-0.0144245514489721
0.00528514082005427
0.00313413191248069
-0.00957472274163751
0.00152641706094703
-0.0114813759699528
0.00822278745788063
-0.00397593043025513
0.00317302978013401
-0.00183654725361604
-0.0151283243355141
-0.0439023880415649
-0.0283326195723203
0.0120656236830383
0.00474667202767076
-0.00582288527212327
0.00629903870701809
-0.0209751377328165
0.00773969696601906
0.00834817490419293
-0.0175515627575478
-0.00629211235955052
-0.00599274070572731
-0.00273013296643687
0.0109501428299337
0.000902651502966867
0.0165708602927614
0.0368152583721446
0.01197864171123
0.016169931848343
-0.000728029106021322
-0.00759787661120148
-0.00786575789964883
-0.000528488383266135
0.0149127018007602
0.0126094103023073
0.00144077393106445
0.00606313854820972
-0.0086823185151722
-0.00515198335439515
-0.00331434479603288
-0.000103938477482912
-0.00488464971019897
0.0167101618798955
0.00143810994223137
0.0237973130330764
-0.00961827491470335
-0.00222560449621856
-0.00425831909941154
0.0163934529721357
-0.0190342817070726
0.00234889710679931
-0.00173203256786492
0.00591952421148623
0.00162340709463082
-0.00901538686167558
-0.01287950500093
0.00341723102412761
0.00701754371480812
-0.0124000714818595
0.000830071573205249
-0.00943489920481799
0.000941971939062425
0.0155809478902316
-0.00463349450267203
-0.00527561819128208
-0.00114393714043515
0.0128057882517714
0.00205596219218696
0.00625762188374157
0.00489350616346229
-0.0102465456021101
0.0177327084406051
-0.00181287136858832
0.00635654317065337
-0.0349909571885093
0.00696101818181827
0.00918283139048337
-0.00685000525201918
-0.00483838794356994
0.00424127452655987
-0.00278125251789751
-0.00485489112395188
0.00290644604137213
0.00538186694115517
0.000720609437107278
-0.00246886125366585
0.0213468080710859
0.00636103588084569
0.00110365207391694
0.00110242534678728
-0.00230248275405431
0.00461568313804195
-0.00888933253427893
0.014511689574372
-0.0298003383292011
-0.0172007784826617
-0.0103135537100438
0.013157894736842
-0.000727272727272688
-0.00488668122270752
0.00898548750376649
-0.00724859687273471
-0.0122040884884503
-0.00549099278218546
-0.00700788914843919
-0.00395631963076304
-0.00214712824160757
0.00279722440442898
0.00997747033555929
-0.000849808804438301
-0.00106314057119161
0.00329925503724193
0.0066829852556376
-0.0060063223180965
-0.0109191029170125
0.00182205781922629
-0.000214015189750616
-0.00652756575262381
-0.000861632953969571
0.00366532980454215
-0.00461868968031554
-0.00356104464359663
0.000758154678715872
-0.0224002587425491
-0.00343144801556106
0.00222152618262261
0.000997417677133461
-0.00509299158547383
-0.000778989530614282
0.00913241998961545
-0.0131332412191453
-0.00536788202567395
0.0130424552947501
0.000443962274005782
0.0196361772757507
0.0107713845818134
0.00226048434315418
0.00526256035589556
-0.00331193383145156
-0.00171512486102343
0.00214758946035398
-0.0140362688516817
-0.00738970899988189
0.00799216150611604
-0.000108634734441226
0.00206389315802502
0.00520328455284558
-0.00204898084603744
0.00313379075930631
-0.000430905947842009
-0.0101304342048666
-0.00446375622131201
0.00459316481642236
-0.00348356190416321
-0.00447895996854974
0.00570618914867294
0.00512821592737112
0.00369079449552334
-0.0195760006443435
-0.00529513501830914
0.0131973275634318
0.0210157396999153
-0.0079330832754404
0.000864512633839132
0.0160872160628196
0.00180637549881668
-0.005303351774537
-0.0177009598816482
-0.0030395895666655
-0.0103440444400715
0.00792168564112306
0.014845540717765
0.00957298042838572
0.004261676920289
0.00615312951086078
0.00811899022011775
-0.0221734439684819
-0.0237458663759945
-0.0151199522883736
-0.00244744690674648
0.0119326421753683
0.00462867543814571
-0.0034006799736428
0.0119978428618128
-0.00891884905549611
0.017998232506643
0.00970247930783796
-0.0480461222273704
-0.0271422823175288
0.00138347939551475
-0.0202625256704752
-0.00975324347246165
-0.00320395169825394
-0.00357146428571431
-0.00418158915824096
0.00863829654800941
-0.0126085167122635
-0.000602373193533956
-0.0153085464718965
0.0124861913946335
-0.0108814050402781
0.0184574261938009
-0.00612100336053767
0.0239101925832677
-0.0101427171819469
0.0119146908137733
0.000353220299069701
-0.00623821805835933
-0.00379011015042063
-0.00273456185073628
0.00321894384426358
-0.00831853812671335
0.000359568616880912
-0.0142549348015715
0.00631907879062954
0.0115927910057432
-0.0392741329571733
0.0219930036533424
-0.00924014589665656
0.00134985891151951
0.0131127454194302
-0.000362876505694443
-0.000847035344228475
-0.00108994792297445
0.00994180371210707
-0.00420175254975685
-0.013502049915686
0.0130758887186635
-0.000844390811956863
0.0121935769119021
0.00560594015295512
0.0118609894878661
-0.0101980543945153
0.0107768353676732
0.00550676052739907
0.00722444651596388
0.00578435895917728
-0.0063262363394011
0.0030096423545507
0.00265429884237056
-0.0117402858565937
0.0100163054971314
-0.00426663971094743
0.018876723077631
0.05955896591638
0.0100837051053024
0.00318601303372912
0.00772817073605947
0.00483244028086061
0.00752745410292821
-0.0043582648845617
-0.00479415335468947
0.00314172171204774
-0.00250545983395489
-0.0038723494336258
0.00357214750998103
-0.000209348834045775
0.00376964397905755
0
