-0.0205535751957482
0.015948488195384
0.0090883500664185
0.00354806232390992
0.0100625237965732
-0.0067312872033195
0.0157224726408911
-0.00507077648596821
0.00751078346327216
0.00825340766098481
0.000528122538371312
-0.00580630788615233
-0.00929116056762203
-0.00187566988210075
0.0174497181208053
0.024538257280303
-0.00695341195192312
0.00674271248073888
0.00953114374034003
0.00127591225506274
0.00688063165746033
-0.00607436122877048
0.00203712757830399
0.00482853900017988
0.015174455863064
-0.0418535137482191
0.0455018212558975
-0.0161650837146254
-0.00556119803940336
0.00660899847483476
-0.00429287900469089
0.0106517372558965
0.0188205781089374
-0.000985147831780719
0.00443789436790198
-0.0164458018436031
0.00374347392063901
-0.0248632514951951
0.0170830694267448
0.000250764608943577
0.0145362899981809
-0.0140810276679842
0.0125281884239539
0.014847760455333
0.000243891745617786
0.00170648464163814
0.00681428571428566
0.0021754895377204
-0.000964809478167239
0.0111058189814495
0.0016714421759445
0.00381406427141684
-0.000237544520599653
0.00118774352435835
-0.01328593056769
0.0483288771339263
-0.0114678904343068
-0.0250579593994412
0.00547358400761544
-0.0156213017751479
-0.00721324837701387
-0.0237345598514274
0.00471344567815812
-0.0019753580246914
0.0192974527114029
0.0220873781046753
0.00213725950754551
0.00402838853013288
0.00542834565561345
-0.00704223037756946
0
-0.0262411353721308
-0.00024275310130506
0.024769329771734
-0.000237014212393083
-0.016354563080222
0.00698797590361444
-0.0165111984563006
-0.00778586412583282
0.0112801130770013
0.00800189097953985
-0.00890062545104642
-0.00703885905245494
-0.00635536543632353
0.0103320536121991
-0.00170440710981257
-0.0170731951219513
-0.00868481411128574
0.00851063808484009
0.00198555467893891
0.0304681454166
-0.00456725983496453
0.0137647911132577
0.00119101953311107
-0.0142754940346298
-0.0171373159546222
0.00147342825458163
0.00220696425225531
-0.000489380976006371
0.0139534890552504
-0.00700137648485644
0.00340381708232895
0.000242282529682392
0.0254361198022317
0.0103944715145536
0.00911854103343446
0.00671920759962941
-0.005753739798533
-0.0162037264767656
-0.00235289411764705
0.010377310831259
0.00676939775910346
0.00463716659779356
-0.0182321939426636
-0.000470169241415741
0.00964252116650988
-0.0139761938038667
0.00188986525443569
0.00754539023815148
-0.0372104142288788
-0.00170148278321547
0.00194794253713182
-0.00218714448665158
-0.00267900626695061
-0.00781440762357977
-0.000738444480963718
0.000246379322481616
0.00221620285111546
0.0127764124624961
-0.00873362424227031
-0.0220264801266156
-0.00100102605107677
-0.00626252536385397
-0.000756213801674455
0.0131180881210413
-0.00249001494023893
-0.0174737888798356
0.00813005568775282
0.00907260584677405
-0.0107392604710475
0.0065639483321398
-0.0378730383213705
0.00547442634321116
-0.0106300233341977
0.0191299528301889
0.00925690432648252
-0.0160509808917197
0.00129464011638114
-0.00284450493118726
-0.0142635629081025
-0.00394625119422543
0.0021129951898311
0.0147601743479224
-0.00441553246753246
-0.0117401767941469
-0.00712777172313173
0.0178143574098815
0.00809824995032016
-0.00958795024617776
-0.00706436402238719
-0.0113307243391113
0.00506393923240944
0.0193582609217251
-0.00416233101358832
-0.00208981196681834
0.0143978792042441
-0.00593548387096765
0.0119418483904463
-0.00410466906105689
0.0103039927872233
-0.00203982656706203
-0.00536532972318171
-0.00436686360133565
0.00309605279133396
-0.021347787516775
0.00315371887394789
0.00733568285751551
0.00442127426732708
-0.00207141382888187
0.0111572389424692
-0.0151398507790648
-0.0156331939647423
-0.00529372697971742
0.00345920684091516
0.00238663490815783
-0.000264497361494698
0.00793858142528259
-0.0118141506957207
-0.000796971328293816
-0.0180803239010815
-0.0211209856485242
0.00719219877221566
-0.0118099423235375
0.00667040022234588
-0.00579798437885193
0.00527639573876115
-0.00414370154299171
0.0119279060174176
-0.016995586622807
-0.0195203842855443
0.000853213879408621
-0.00738843442422377
-0.00114517606641851
0.0106047294527007
0.0053886276454127
-0.00987314499652625
-0.024216468616323
-0.000583941605839522
0.00730353491089697
0.00493045243619505
-0.0158731303969334
-0.0129031679122094
-0.0436720439691027
-0.00559182993450846
-0.0093720405730735
0.0356354788910591
0.00395861753958582
-0.00424625404166667
-0.000609229326272942
-0.0164584268071188
0.011465726681128
0.0113357540237671
-0.0181762507225843
0.0107990743597657
-0.0067154155503919
-0.00153653959629563
-0.00461686644402159
-0.00494743351886218
-0.0127408328154133
0.00723953415171552
0.0071874999999999
-0.0204778156996586
0.0174215711118151
-0.0130759032713544
-0.0135646998875489
-0.00831467860569224
0.00451467268623018
-0.0327448154093097
0.00298705618941431
-0.0569159184949014
-0.0189474035087719
0
0.0400572618046231
-0.0220082187070151
-0.00175815746279329
0.0197253265137487
-0.0528497736494032
-0.0153172866520789
-0.00481477777777783
-0.00855980615705965
-0.0056305933044517
0.00528497546243867
0.010514495325366
0.00891861761426971
-0.00626151012891341
0.0122312453669384
-0.0131819118704471
0.000742040788792586
-0.0166851693246263
0.0245098039215688
-0.0172984541774016
0.0194755797949222
0.00110216756437054
0.0374311926605504
-0.00884329678104001
0.012491113490364
0.00422978483504455
-0.028079992979993
-0.0144456477267733
-0.0241847554347836
-0.00413064228804527
-0.0486425339366515
0.00594526357510894
-0.0130023645785015
0.0135728548332477
-0.0118156365425615
0.0753288162614587
0.00407709414381019
0.0265780361757106
0.008629989522833
-0.0245988600570003
-0.0230263514975749
-0.00187055742611297
-0.0168665667166417
-0.00457487609607321
0.00344695505756576
0.00343511437270561
0.00760741697955813
0.00075500188750488
-0.00264047529234257
-0.0143722384881906
-0.0126630473009611
0.00116595413913734
0.0209626940993788
-0.0418250206017118
-0.0099206345269589
-0.00721446864871877
0.0327008477997577
0.00547298670836605
-0.0139968123637952
-0.0102524049585013
0.0211154980079682
-0.0152165046904607
-0.0213945721077654
0.0327934804537053
0.0301842806742452
-0.037671231443256
0.0573348731777432
-0.143231114435303
-0.0100392841553907
0.00749559082892426
-0.0161925601750548
0.0329181049822065
0.00172269602595598
-0.0240756233877902
-0.0110132153738671
0.0244988407795617
0.028695652173913
-0.0253592983939137
0.0359930631393348
-0.00544156573635679
0.0105218855218856
0.0295709704289879
0.000809101974478033
-0.0181891269199675
0.00658707259830904
-0.02249492750532
-0.00543933054393297
0.00925536390408066
-0.0300125052105044
-0.030941168886979
-0.00532146365061925
0.0579580918412841
0.033291192583228
0.0379282626427406
0.0286836530969095
0.00229182582123744
0.031249961890244
0.00739102022878857
0.000733712399119568
0.0117301681917095
-0.0134057971014493
0.0154241645244215
0.0184448462929476
0.00745742187499987
0.00599224511835583
0.0262789058767026
0.00512120160050511
0.0081521396687454
0.000673888140161782
-0.00370373724903239
0.019601216627239
0.000331455087835497
-0.0155732604373757
-0.0144731745026313
0.0211748285117885
0.0163879264214046
-0.0184270818830893
-0.0251424740194435
-0.0123796767537826
0.00139279252760427
0.00938807371349082
0.016534584342591
0.00508302270416805
-0.00876601483479433
0.00204078231292515
0.00203669389126593
-0.0281164972899729
0.0059254093438339
-0.040887074120337
-0.138367052023121
0.0054507337526204
-0.0166805671392828
0.0148430873621714
-0.00919352277475971
0.00843530191629283
-0.00125474696779582
0.00335008389238189
0.00417362287869882
-0.00955939358102231
0.00545526647083516
-0.0229548840966145
0.0196497650576677
0.00418927506538447
-0.0183561960098539
-0.0148746700010765
-0.00862812769628984
-0.0152306788511749
0.00486084864608238
-0.0382585312225154
-0.00914499272313696
0.00646049838486396
-0.11508482875217
-0.0373056496013291
-0.0387512917115177
-0.01343784919161
-0.00397287151118775
-0.0125355562698324
-0.0138488170802077
0.0111176711527208
0.0422453100552485
0.0222098833981121
-0.0173818576860402
0.0105030956329464
-0.0120351196917329
0.00387596920686439
-0.0077219529907312
-0.00667031684269037
0.0257414087441852
0.0414620840152755
-0.00209539025667893
0.0194226256914765
0.00566431513903187
-0.0112648227718983
-0.0201967384876612
-0.000528541226215706
0.00528820729772606
0.0168332456601787
0.000517330574236974
0.0408479317476733
0.0293094897818922
-0.00820463360060986
0.00291980549488113
0.015526394200563
-0.0253225035833732
-0.0161764705882352
0.033383158943697
0.012536162005786
0.0104761428571429
0.00848261114432658
-0.00607476635514015
0.024447625763987
-0.00734290925457037
0.0494684257729276
0.00881052824623207
0.0205240611353712
-0.00385109097770253
-0.00300695863372169
0.0021542870380995
0.0266551590713671
0.00293140715793161
0.01127340245205
0.000412923221012385
0.00453982666116381
0.0324568200493016
0.0250696786736839
-0.00698757763975166
-0.0136825645035183
0.0221958382877527
-0.00891826254679084
-0.0528169034748398
0.0330442392831161
0.00759700119952011
0.0174602374023716
-0.000779953228547403
-0.0628415666338186
0.000833027905039474
0.0395338726785739
0.000400320256204845
0.016006362545018
-0.00984639660678999
0.0127287196789467
0.0164964656911417
0.03902627662389
-0.00111558204223061
0.00483987323753254
-0.0133383104853648
-0.00901239237748386
0.0034104207431005
0
-0.0430513595166163
-0.0185477111286504
-0.0128669878219948
-0.0256618747723777
-0.020484949832776
0.0153649594536918
-0.00294249672372859
-0.0155986094265855
0.0209850107066381
-0.0331376258389262
0
0.0225596972910931
-0.00848532032244387
-0.00813012374282729
-0.0254529767040552
-0.00486941124391316
0.00444839857651247
0.00177152347209919
-0.0172414227567893
0.00269910031488974
-0.01031861775152
-0.0163190397243446
0.0248847453970162
-0.0188848920863308
-0.00183313473877189
0.0344352601269393
0.0110963155305674
0.152326551697693
0.00647619047619052
0.00529897804693413
0.0109187127604937
-0.0115455865921789
-0.00339110763409545
-0.0109641205684643
-0.00955657492354745
0.0231570822076419
-0.00113164843455305
-0.00264350453172202
0.00530098447557736
0.00225996242033766
0.01465610617602
-0.0140740370370371
0.021036776069242
0.0150846210448861
-0.027183762232693
0.00260804769001499
-0.0475659977703455
0.00507222025252507
0.0469720108695653
-0.0181682987826585
0.03512084592145
0.0426851514045967
0.0171448565430372
0.0354317165462676
-0.00863787375415292
0.0197721179624666
0.0092014130791982
-0.16606962442428
-0.0242093313467657
0.0352141256502601
0.0119829527644781
-0.0233002291825821
-0.00351974970668756
-0.0094191522762952
-0.0106973454833597
0.00320384474184388
-0.0299401209556934
0.0267490545987266
0.0128256107083924
0.0486743173723783
-0.000754716981132053
-0.0203927114803626
-0.00308403997362983
-0.0143078494080492
-0.00392314633189483
0.00708944494247521
-0.0649198279233477
0.000836470096194031
0.00877555369828675
-0.0161557173221092
-0.0534736842105263
0.00444839857651247
0.00620013286093912
-0.000880193700712795
0.0013215417920025
-0.0127584249890014
0.0463457644230945
0.0306644378194207
-0.0392562380472629
0.00387096774193552
0.0214224507283634
0.00293624161073835
-0.00878289418653277
0.0126581851199077
-0.0141666666666667
0.0207100591715976
-0.00745345755693572
-0.00417179825497715
0.0138248842134527
-0.0181818587528157
0.0176767676767675
0.00661703887510345
-0.0193097370583403
-0.0540427710916309
0.0132860496014173
0.00655603175507125
-0.0217108110416495
0.0115401681517902
0.00789811286098674
0.000435394011118584
-0.0104438642297651
0.0250659190853124
0.0283140295287014
0.0162704220388161
-0.029967240149128
0.0241219646264055
0.0078511567003654
-0.0135301358560941
0.0170407322128319
0.022885248176757
-0.00639232894956732
-0.036188257491425
0.0304548197936929
0.0202429141602058
-0.0150794041635157
-0.0197421434327156
0.0328811755034937
-0.0175088745526811
-0.0121507487990786
-0.00861004545346644
0.00206782464846977
-0.00412715641766404
0.00580194802328826
-0.0300782447466007
0.00679694108764051
0.00717299547793271
0.00251357341794844
0.00710405348934406
-0.0265560580912864
-0.0272804359454576
0.0109553023663453
0.00996961421759868
-0.00128751078487166
0.000429780833691495
0.0214776623076605
0.0395289302132495
-0.0109222496327771
-0.00654396701251669
-0.0238782205072778
-0.0219315909713873
-0.0125054328371956
0.0502182969432314
-0.000831517706092244
0.0112358713593064
0.00823049416586397
-0.00816330612244898
-0.0251027993869465
0.00844229597119894
0.00125579745733773
0.0125417642140468
0.0495458732265017
0.00747446892210846
0.0101522838675405
0.00193270189668726
0.0127314814814814
0.00380952380952393
-0.00569256166982923
-0.0114504194102893
0.0135135135135136
-0.00533329523809523
-0.0157027952622445
0.0245135788127011
-0.000379794910748132
0.00341945288753798
0.0121166224914806
-0.0362888140665918
-0.0267857142857143
0.00159557239728758
-0.0207089199239777
-0.0422936559577064
-0.0152865399272416
-0.0392410504855089
-0.0017953769391662
0.00359712230215825
-0.00582432795698928
-0.007661153327573
0.0181653042688465
0.00535240856378216
-0.0017746671794735
0.0128889333333333
-0.0100922329928813
-0.00531906051946196
-0.0155971918183069
0.00181072883657762
0.00723009522051932
0.0242260644133663
0.0131405606657908
0.0125378734344088
-0.00725875320239122
-0.00688172043010749
-0.00866180164573405
0.00611629559267346
-0.0390795467182132
-0.010393086777817
0.0054794520547945
-0.00227070844686639
0.00910336864375827
0.015787099684258
-0.0017761989342806
-0.0111209964412812
-0.0107962213225372
0.0418371987266941
0.00742034046268003
-0.0160312391681109
-0.00308234271608732
-0.0631625469594764
-0.000471381446081165
0.0174527821956234
0.0560964765878533
0.0219490771751942
0.00343642596922566
-0.0124144258384236
0.00953623753792798
0.00944607086964067
0.011484517226712
-0.0256518492156496
0.034527362969357
-0.000417188169261173
0.0125209103723252
-0.0193734130255565
0.0016813366254167
0.00209815358791454
-0.0192629405051482
0.00213488471391976
0.0170431196013259
0.00712191004935447
0.0224625198642878
-0.032953620829943
-0.0302903239377367
0.00433843836609271
-0.0021598272138228
-0.0445887445887446
0.0226551880380608
0.00487372618520165
-0.00132275132275139
-0.00353200883002203
0.0172795303500222
0.010017509147104
0.00517455777600029
0.0197340634806547
-0.0159865797223391
0.00855070579524186
-0.00466299279355653
0.00596256388415672
0.0266722681341123
-0.00907212371134025
0.0744901758431056
0.00348567002323774
-0.0081049401775376
0.00933852103741151
0.0643793344495245
0.0220933711664841
-0.0148830621857925
0.00683456859117149
-0.00321543408360125
0.0014337275985663
0.00214742297253312
-0.00499996428571425
0.0179468765991788
0.0267983065303841
0.00652465636934574
0.0133061075846506
-0.00606063952657787
0.00033878726287262
-0.00101594984707243
-0.0183051186440678
0.00103594616836822
0.0203518454639531
-0.006423292765382
-0.0224565846361546
-0.00104416985729205
-0.00975613206424619
-0.0425756861365236
0.00147008458177456
