0.0115114614614615
0.00989614101415848
0.0298873101420871
-0.0114176498572788
0.00914331043583694
-0.00762994790796123
-0.00961066840993119
0.0630761250326966
0.0511182565038795
0.0221450272624826
0.0293117659595681
0.0115559224102353
-0.0216238270093839
0.018765638031693
0.0294719607040523
0
0.00715705765407559
-0.00236873272799043
-0.00593585278986941
0.0123407240310223
0.00747152968934328
-0.0109290003540593
0.0153906866614049
0.00971628449281003
0.00846809083910705
0.0106869843249242
0.00226589879154071
0.00452143916648695
0.00787700675168779
0.0200967242241636
-0.0182415176942722
0.0122630992196209
0.0084434287812043
-0.00436836564864818
0.00840950639853744
-0.0271936185641769
0.0104361162877378
-0.00663965301956282
0.00631266245822504
-0.0225092250922511
0.00415251038127606
-0.00338345864661649
0.027159562429272
0.0194638266617702
0.0115273775216138
0.000712250712250784
0.0060498220640568
-0.001768694729395
0.00602409659901126
0.00951042654140277
-0.005582693649686
0.00245614035087716
-0.00805040252012601
-0.0222300988002823
0.00252623610704572
0.0125989196328684
0.0159971921790683
-0.0111966410076976
-0.00778481953290877
-0.0709701115916508
-0.0238003464030843
-0.0342116004718835
0.0109935265062509
0.00322190898107144
0.0264953833801687
0.0144701212358231
-0.019275249835187
0.0200471690233031
-0.0258188814713342
-0.0518196973172587
0.0279516073404924
-0.016233726308187
0.00742574257425765
0.009008968058968
0.0125812505106027
0.001202364681268
0.0168134507606084
0.0114173622047244
-0.000389295430545111
0.0124610591900312
0.00807688461538469
-0.0114459752554741
0.0274025858741798
0.0289255436166211
-0.00182544731016598
0.0128017922457937
-0.0191405193520938
-0.00110460235640641
0
0.0081091414710337
-0.0226691042047532
0.0175832772166105
-0.0047794483536967
-0.018470631695604
-0.0135491531802785
-0.0125906147497372
0.00347758900608919
-0.0231035049327496
-0.0118250290963724
0.015955285201436
-0.00903019273773831
0.00277333597464358
-0.0098775191575472
0.0395051891263043
-0.033397275754214
0.0190627482128674
0.0183164068589245
0.0091849218976241
-0.0151688276386488
0.00693111308937655
0.00535376673040155
0.0190186375420831
0.0108248969456926
-0.0121861152141801
0.00261682242990657
0.0182699105145414
-0.01135111722267
0.0159259259259259
0.00692675902296758
0.0032584357980292
-0.0101046196356773
-0.00984323733138892
0.00368188512518408
-0.00733679383712404
0.00628237273770771
0.00991553433712822
0.00836363636363635
-0.00288496213487199
0.00325497287522603
0
-0.00504686373467911
-0.0141304710144928
0.0415288879650455
0.00105860973888494
0.0010574197723856
-0.00211267605633803
-0.0134086450247001
0.000715343373224098
0.028949285203717
0.0222299054452968
0.0115528372409106
-0.00604635539133358
0.0266981750591417
0.0157999346872921
-0.000324076463898981
0.0126418152350081
-0.00096033930857875
0.00160208271714457
0.0201535188739603
-0.00470363765141546
0.00787649653434142
0.00781500468896534
-0.00651374029071095
-0.00561970045643756
0.0175824175824175
-0.00586235729713025
-0.00403479192939815
-0.0218136802742288
-0.00222997777094547
-0.00893994252873564
0.014819554934937
-0.00349209523809524
0.000637177465344863
0.00254695956701689
-0.0152429342648459
0.000644985488551963
0.000644473069788098
-0.00128821260187473
0.00644950016123835
-0.000961198364665128
0.00737652341244388
-0.00254695956701689
-0.00319182891796987
0.00544348382965087
-0.0560509872611464
0.0172065120515017
0.00995028192371472
-0.00525451542678113
-0.00825354875359696
-0.000998701697779492
-0.0266578140619794
-0.0102704214402746
0.00276720857834656
0.0144877543980684
0.0299218293097585
-0.0171674144216767
0.0208263016459522
0.0036196447390473
-0.0150819344262295
0.00399464034638353
-0.000663163129973499
-0.00464495702206225
-0.0243333333333333
-0.00854116843184149
0.0192970365265335
0.00642325895875606
-0.000671817265703756
0.0127730756302522
0.00232333230412651
0.0188741384478761
0.00779980500487487
-0.00870686875201554
0.00487960312296676
0.0307543227825937
-0.0194723932160804
0.00512492008728116
0.0159337162502777
0.0134881434594776
0.00835657665253553
0.0024554326301145
-0.0134721065523574
-0.0335196141055366
-0.0597301881737377
-0.0406421092676875
-0.00925596297614817
0.0233560905497665
0.0161517205056179
0.0200414298534406
0.0084688346883468
-0.036949949613705
0.02197415416812
0.0136519458584281
-0.0161616829575191
0.0297741625521615
-0.0066467597208375
0.0010037136501746
-0.0113636363636365
-0.00912782285327918
0.011258956371851
0.0425101566298973
0.00647249190938526
-0.0205788102893891
0.00722262006640251
-0.0365058996088656
0.000338328834178947
-0.0128508285424417
0.0184994512333179
-0.0457450050454088
-0.00176246028331117
0.0356638418079096
0.00306853051483125
-0.00645819170632222
0.0342114266164899
0.00529272246113122
0.0276407050885392
0.0188920909382004
0.00188557510999376
-0.00313670022386148
-0.00409065437096745
0.0110584518167458
0.01156246875
0.00957679980156945
-0.0116279375764994
0.00866882379779632
-0.00276243076964833
0.00246223438213411
0.012281271108382
0.00485289642545039
-0.0199215206784931
0.0286418531369925
-0.0482036198680468
0.0330292219871275
0.0197929963459194
-0.00656918443898546
-0.0108205590622185
-0.00607721057429333
0.00825438728995365
-0.0130382352941175
-0.00337941638646444
0.0101726575269008
-0.015868172108636
-0.0111628217054264
0.0131703359413715
0.00557106141841346
0.0295475204956899
0.0107623315168213
0.0130138712506989
-0.00496344525547443
0.0114436319575335
0.00435155194802572
0.00548821506320674
0.00201091634556394
0.00344033820411882
-0.00428577142857145
-0.00946909666967544
0.0104287659327924
-0.015481679602016
-0.00203843913803148
-0.0227603735045231
-0.00238883234465026
-0.0374139479197845
-0.0118158893034825
0.0298929820675586
0.0183318667888788
-0.0249025487607232
-0.0193845846153846
0.000313711944972983
0.0128607908676532
0.0219882000003655
-0.00606063636363641
-0.00213411591872315
0.0161930339138407
0.00150339756484641
-0.0192135389008244
-0.0202020214387524
-0.0409246198640812
-0.0114006836677302
-0.054036276771005
-0.0198537102004079
0.0159915073202384
0.0185379853095486
-0.0491071411707712
0.0260021297940727
-0.0302710665258712
0.000725989137059457
0.0130576713819368
-0.000358037952022827
0.0204154727793695
-0.0238680589680589
0.0352391958014813
-0.00833629703590499
-0.0276707190077309
0.0234149855907781
0.0193593453009504
-0.0172651939663395
-0.019325334480862
-0.0107487997133644
-0.015211879202757
-0.0312615288245116
0.0421412680334092
0.0411657179903198
0.00104972008397497
0.0377490374781881
0.0222296725419444
0.0141680724876441
-0.0178687778470182
-0.020509394641085
0.00979395441425335
-0.0110367892976588
-0.00507270882651334
0.0180149898028552
0.0100166607673904
-0.00429748760330584
0.0368525552173786
0.00576368876080702
0.0210124164278893
0.0143435921421888
-0.00184438985073421
-0.00739146882071262
0.00744650946323322
-0.0175546961024117
0.0354231661442006
-0.0187707847039293
0.00987349583461894
0.0103880232202873
-0.0154218022376776
-0.00460691017792059
0.0117248071582845
-0.00091500454666027
-0.0167887372886897
-0.000931356750430323
-0.00559353635798632
0.01937496875
0.00459843668296878
0.00640830027464134
-0.0148574287446938
-0.0338566615046684
-0.00445998739917131
-0.000960031999999944
-0.00256246004364069
-0.00578034700643371
0.00484502599628645
0.00385724834917234
0.0281780659622157
-0.00529430067597936
0.00187849086166292
-0.000312500000000049
0.00500162550797123
0.00466553625719834
-0.000309535613298384
0.00278724054545565
-0.00494132165097827
0.0173804463879437
-0.0744356032469676
-0.0148319380355966
-0.030779525954484
-0.00690365919584612
-0.0118178658324644
-0.024621878297573
0.00576988820771729
0.0107566156599719
-0.000354771182874303
0.00816181689141238
-0.0161914466737064
0.00143109118314522
-0.0121471954269382
-0.00325500904159126
-0.00253987672495937
-0.00291014914514365
-0.0127690988690259
0.00406507775554621
-0.00883327199116679
0.035647939101374
-0.0107565080945323
-0.00797386734324035
0.0153452679815393
0.00647707785257001
-0.0210940300712917
0.00401756771430106
-0.0134594034194252
0.00147488932614714
0.00662739322533135
0.0212143379663496
-0.00644699140401161
-0.0115356885364094
-0.0149525893508388
-0.0151795631247686
0.00864661654135324
0.0093179276928812
0.00997045790251128
0.00767820840950639
-0.0119738393314166
-0.00110168931325749
0.00772055118674442
-0.0671287851149216
-0.040672624168948
0.0297594362103777
0.00673000791765621
0.00904443570585922
0.00935307872174596
-0.0374517374517374
0.0128359406337746
0.014653504950495
0.0355191242966775
0.0049000752016557
0.0168792573143286
-0.0195500177222422
0.00225729872084268
-0.00450446713605357
0
0.000377111613876213
0.00376924222505703
0.0168982732594167
-0.00110786558345632
-0.00147870615448076
0.0333209922251017
0.042278753135077
-0.0120316259883122
-0.0024356297842727
0.00383679804673864
-0.0420431187615317
0.0126949582879943
0.00823782234957005
0.00284191829484914
-0.00354236627701021
-0.00604337028238078
0.00321888423529626
0.0527629965334402
-0.00778875693231429
0.00477822541905204
-0.020040794156223
-0.00762568457538992
0.0171149848800203
0.0020604051490245
0.00342703906785458
0.00478138644872317
0.000339904826648363
-0.00917431192660545
-0.00514403292181065
-0.00275766976904523
0.00449357068786727
0.00997938781759755
-0.00511069846678025
0.0181506500633339
0.0480995627312479
-0.00513478818998714
0.0103225806451612
-0.0338441890166028
0.0346992399206874
-0.00798466968970524
-0.00804893779938631
0.0512820529465126
0.000926180948631616
-0.00616893930715223
-0.00962138393478029
0.00438730805390164
0.0115444309374237
-0.00370138826041877
-0.0173374308773199
0.00504095778197855
0.0288401253918495
-0.0332114564290067
0.0179640403403718
0.00650151722914916
-0.0086126735535329
0.0133416071982624
0.00612372933251693
-0.000912933630160206
-0.0100518422143258
-0.0107691692307692
-0.00715402754873851
-0.00814536340852134
-0.0129500947567909
-0.00512000000000001
0.00064332582824056
0.0356798445618822
-0.0148976097176411
-0.00441083805923115
0.00379743670886068
-0.0189154482634127
0.00289196648804735
-0.00416529971692736
-0.0897683075933076
0.0261576519562512
-0.0375473635016409
-0.00143167496665442
0.00035842293906807
-0.00429949838767463
0.0104353720606198
0.0128205484330484
-0.00738400114683535
0.0379029047113
-0.00170645057018604
0.0307692307692307
0.0278606965174129
-0.0164569215876088
0.00295275590551181
-0.0140661105659143
-0.00729923713667002
0.0183823195187165
0.0147686581807895
0.0077619663648123
-0.0131578947368421
0.012682894308943
-0.0144508032900066
-0.00553929600719139
-0.0245740498034076
0.0124285858246558
-0.00530852705071416
0.0493662108072048
0.0136681504662477
0.00909379144226374
0.0083903356121815
0.0234205847944351
-0.0231857881115866
0.0169544703130231
-0.0197029997148831
-0.00958568336425503
0.00312213559544605
-0.00217864916966548
-0.017467279554982
0.00444441269841267
0.00790139089448139
-0.0216368147267737
-0.00224365377424185
-0.00835200797789948
0.0103660508465808
0.0259698292411084
-0.0159375
0.011114639568117
0
0.00722361809045236
-0.0277517929529155
-0.0189223861449647
0.00490356325596597
0.00227713077423553
-0.00876332388066614
-0.00491165668265692
0.00427775598149904
-0.00229354521625158
0.0200327743831601
0.0177077275501523
0.00316349246556502
-0.0126143176478813
0.000958192301443228
0.0335034779834078
-0.00864458192789708
-0.00124574894905782
-0.000623666978484594
0.00561625602546822
0.000310331988830237
-0.00341194147568591
0.0345471822425401
0.0144404022599038
0.0590153600529253
0.00140014005601063
0.0114653250260248
-0.000276416935383939
-0.00248893805309724
0.00609927917937325
-0.00936897191047192
-0.012517412725524
-0.00394363380281704
-0.00282813906029
-0.00595572920906018
0.020256748081505
0.0109061527352434
-0.0149377861721834
-0.00786293153993445
-0.00169832993499397
0.00226815990927132
-0.0011314569239862
0.0042480315987532
0.00958826874191376
0.0170391345541656
0.0129085690744302
-0.0018980476708772
-0.0046183644493788
-0.0038209335103967
-0.0158904657534247
0.00194888652276637
-0.000833648189294212
-0.000556173541606642
0.00139129107933456
0.014448345960081
-0.00876469508434385
-0.011052722051747
0.00586753266645634
-0.0200000277777779
-0.0192744053082313
0.00867063633934317
0.00888243502106389
-0.000852002296279686
0.00113703808982391
0.011924985464935
-0.035072952723708
-0.00726955531461337
0.0234329239435536
-0.00686886110099771
0.00374642640500222
0.0261269005956415
-0.0109122545656264
0.0158416416317759
-0.00139234196602622
0.00139428328515656
-0.0128097744360901
0.0220027920450552
-0.017112862268838
-0.00954790762291735
-0.00255174369152267
0.00341100056850485
0.00113317283663394
-0.002546689303905
0.00737582978723417
-0.00197124764693035
-0.00366811522765564
-0.0277541481802847
-0.00407815298117375
-0.0184263825219767
-0.0387366794178581
-0.0061995354122466
-0.0102932311199865
0.00283643239836118
0.00817102451288498
0.00716954444080153
-0.00897558003789589
0.0181136164896938
-0.0156441113892092
0.0040511374259895
0.0723152677742001
-0.00810416810721171
0.00350157572220611
0.00610639738605401
0.0170520530087892
-0.000568371712656224
0.007961416432267
0.00846259496579416
-0.00223781818181823
-0.0221473799914427
-0.00659400783847452
-0.0329005464415268
0.00358111033011688
-0.0133809392393417
0.0135624171187463
-0.00594710062601544
0.00658097517200118
0.0133728372438136
0.00733137872911316
0.0139739163885833
-0.00344539170569091
0.007202535499929
0
0.00314648178336618
0.000855374964356947
0.0105413966120456
0.0050747390731678
0.00701262232748268
0.00445679640909202
-0.000277371040561025
0.00610266313738328
0.00110286738351251
-0.0167997792123442
0.00168058818821892
0.00447427318088756
-0.0144765041467987
-0.00677971713108949
0.0190558020477818
-0.0011164107665973
-0.00586753266645612
-0.0862845370272884
-0.0307597065985671
-0.000952078705172998
-0.00158831003811943
-0.0101813235762011
0.0028929603698824
0.00833326896367725
0.000635759715059026
-0.00889450444726814
-0.024679518439759
-0.00525796910943144
-0.00132144037000326
0.00231554746940121
-0.000329967007589693
-0.0125454271196623
-0.00534938147776665
-0.000336134453781556
0.00672498318762615
-0.00567805592257664
0.00638223043332209
0.0036715955831641
0.00831393415364157
-0.00395775065963055
-0.00728480108328478
0.0106737491661106
0.007920858347223
-0.00425674511274576
0.000986550476816728
-0.00492772651354378
0.000660217871897739
0.0409105919139092
0.0342314432402993
-0.0101134535668571
-0.0015479567042711
0.00558139534883728
-0.00154175146469315
-0.00926494721232407
0.0059226305534521
0.00588779051750854
0.00338881710994499
0.0104390543444888
0.00334244910361603
0.00817689279224698
-0.00690898146863972
0.0057470960149093
0.00962406015037587
-0.00774498063747397
0.00150105069045181
-0.0059952336332364
-0.0117611580217127
-0.00152575526396093
0.0091686733139158
-0.000908479709267329
-0.00848751085253019
0.00917147689304421
