0.00948978317303761
-0.00638204414960009
0.0177068051185385
-0.0126226311300639
0.016584659739538
0.0101962526511119
0.00269155943599775
0.0176579441125573
-0.00181347315225922
0.00689540850658243
0.0120561059129989
0.00324150320208871
0.00739090046710245
0.0149541398575912
0.00635961437257682
0.000156980803752704
-0.0237039129053327
-0.00988867612833255
0.0018675896379976
-0.00972569178221516
0.00777513213109504
-0.0074308765593718
-0.00454099161723942
0.00415071709899539
0.00216910456198893
0.0136399398382803
0.0106361505400547
-0.00641818202707167
-0.00834537376935141
-0.00598806836076926
-0.0131064233626871
0.00705267240217466
0.0180202688128785
0.00804602302642254
0.00901941548016172
-0.0107186923172196
-0.00263868548374147
-0.0272990171125908
0.0144653207780421
-0.000771867878260113
-0.00731797777241949
0.000245722244712532
-0.000859812485932365
0.0336447498787846
0.0221226741009821
0.00159033010038656
-0.00162657036005531
-0.00318067121089238
0.000427990486777663
0.00688470585218726
-0.00529241705704342
-0.0100974449531028
0.00129468398640475
-0.0244495140488616
-0.0141778418214771
0.000896316979787981
0.0222656451521606
-0.0115871745304896
-0.0124078558177152
-0.0069752887695359
-0.00632602689511974
-0.0164530636573724
0.0141644041204136
0.00547062886275596
0.0065125138843718
0.00397232479649179
0.00338554815817349
-0.0454490295245938
-0.0133299477307607
-0.0027624310226908
0.0211219059377308
-0.000339106479646412
0.0198015564756031
0.0168808452222537
-0.0221204679443788
0.003595918989866
0.00116656526678494
-0.00694963786579728
0.00104764696292059
-0.00535833461657875
-0.0138468346671675
0.00238998337578389
-0.00438540052764069
0.00774032685152792
-0.000424319976855103
0.0109955252261236
-0.00827244901432955
0.00567386633081157
0.0087575303936156
0.00329733717262548
-0.0144354810209777
0.00966608822479276
0.00873744158115519
-0.0219237977266633
0.00864403813559322
-0.0116366538458099
0.00238023543366794
-0.0235762962848128
0.00825115719370895
-0.00198126805342003
-0.00427260787230477
0.014259682670511
0.00200846549310851
0.0167605257038643
-0.00566253922800986
-0.00383870753259696
-0.0109252045968715
0.00274007783884667
0.00264717553251259
-0.00212919982856363
0.00115223828658517
0.0123188360020758
-0.00707401138839503
-0.0166659303393912
-0.00629639023856332
0.0205277147862835
-0.00973843528994511
0.00622690455111696
0.00230467331573281
-0.000596120913022302
0.00106514418876058
0.0135767232931687
0.0154524799190212
0.000165376502788028
-0.0105014803510455
-0.00158778672470827
0.0169909941451056
0.00181063334452558
0.00340933255382225
0.0115441583901432
0.00946983384532984
-0.00100224502082868
0.00377223400800819
-0.00679651367695777
0.00205292844813632
-0.000321366591778172
-0.0115325724843987
0.000447176705411279
-0.00117841524961193
0.0136284367082578
-0.00140474391708545
0.00976651669761264
-0.0211352169014644
0.00451347957383952
-0.00400740782080578
0.0014631212989662
-0.00101456919744214
-0.000649999989437711
0.00243904878048773
-0.0026358839585755
-0.00418783904274656
0.00253141844301341
-0.00358389274695481
-0.0176980378043319
0.00278782505065678
0.00398343153526959
0.00392625629242938
-0.0150673250987226
0.00773252246603984
-0.00667773106567249
0.00843454823928869
0.00322967171607114
0.00433366226561405
-0.0213281913590564
-0.0051647954272046
0.00400977970631256
0.00887039578068682
0.0141678850598865
-0.00488948547765877
0.00796892102920088
0.00528432339186313
-0.00725316397452147
-0.0168288220492382
0.00333988645823013
-0.0150626012976941
-0.000253529627921467
0.000211295166988368
-0.00506969588174522
-0.00692146496815293
0.0132979906208148
-0.0109291798620843
0.00558896712995005
0.00339415787094821
0.00634249471458781
-0.0198739327731092
-0.0106743471398063
0.00684635586639382
0.0043036667055274
0.00745631210380382
-0.0219481236423278
-0.0227885750822947
0.00658654214401255
-0.00181266695856697
0.000442888772770766
0.000354194898707139
0.00447005980708193
-0.00859187495530866
0.0164437673090922
-0.0168772720119762
0.00569267941224783
0.00406844726333411
-0.00431621223101242
-0.00048657493959392
0.0218622182995418
-0.0123429669729658
0.0103486120103229
-0.0197474194740258
-0.00478173202522925
0.0074740101765014
0.00119221492384747
-0.00498385753952024
-0.0069149510572265
-0.0187019600558549
-0.0304298467929085
0.000750623930369398
0.0203918566344319
0.0278862822427186
-0.00227947165729259
0.000940760667307527
-0.0210347160666423
0.0196122972567363
-0.0104918486772715
-0.0103765824425521
0.0314560906077681
-0.0106539217711383
-0.00116657246750496
-0.00305470552511256
-0.017077430358861
0.0178325846604592
0.00180153133270955
-0.0169041726310714
-0.0202130975461937
0
-0.00742121820303387
-0.00837016348405584
0.0118076154256539
0.0018747200139364
-0.00935584956998925
0.000755484709723087
0.0145331104691728
-0.025812697684124
0.02716502821467
0.0217058476887524
0.0177872298948658
0.018370357455332
0.0158005884094203
-0.00967855591359701
-0.0179319417704878
-0.0107068418980292
-0.00552360355067916
0.000812860701912888
-0.0630781513541003
-0.0274018163467898
-0.00103984448762662
-0.000396540272614709
0.0384291172552103
-0.00749685806032707
-0.00755355763617349
-0.0185184798260544
0.0238564942853134
0.00477594690255989
0.00825811891808192
0.00538097619047617
-0.000378922929500258
-0.00189532809435689
-0.00413004996335287
0.0114882401157794
-0.0162118948469588
0.0104910275449102
0.00113772161621584
-0.0537455790142014
-0.0141120300844515
0.00644639374768774
-0.0253177528006746
0.0258201652131886
0.000302638083228279
0.00443751706356221
-0.00567299557535017
0.00201963548439488
0.00110846514280327
0.00488222787485193
0.00445779627721921
0.00548522009771868
-0.010315418618902
-0.00380835341559782
0.0103621628214965
-0.0120980184601314
-0.016983294455894
-0.00994567322819317
0.0069905034949902
-0.0187175347420294
0.0172928940177866
0.00231801879364291
0.0113577499089552
-0.00985815879367402
-0.0047216472756999
0.0125818702009648
0.0284157566943972
0.0180738254727482
-0.000729615737462663
-0.00525676327948554
0.00572490105506929
-0.00408677643576649
-0.0103077725008466
-0.0023199615443994
-0.0120720466077588
-0.00315499810739672
-0.00964580744065602
-0.0118703999424137
-0.0291082612236657
-0.00777284813274237
-0.0109245300588711
0.018103453078552
0.0024343299267553
-0.0149931159855676
-0.0203666146385828
0.0150454098645663
0.00916292248780737
-0.00907972566532556
0.00253328843062195
-0.00473120967741947
0.0381374145996494
0.0234676301606485
0.00513495851202439
-0.0241274864561581
0.024464837875156
0.0547938392550622
-0.000815416362536681
0.00964912399451889
-0.00252003605153928
-0.0272176518924809
0.00142097705389066
0.0328815440838075
0.0136434935552321
0.0111697901052963
-0.0023571593531283
0.00657863312730234
0.0150043491507461
-0.0119258378085787
-0.00885724209795069
0.00708431260321207
0.0020689517241379
-0.00481763255082768
0.0312586407909261
-0.0137249288987593
0.00498620187214449
0.00112759908036075
0.0104973235110775
0.00222925683536856
-0.0260242501097459
-0.00456746136322772
-0.0030742314116341
0.000736360275484627
0.00225362192786349
0.0124816493436275
0.0270123596220648
-0.004457237304751
0.00824505090199112
0.00448451973380326
0.00280124303934337
0.000174558071779574
-0.00414574307167559
0.0105609291484785
0.0125319760091411
-0.000299815845824392
0.00406979406455288
-0.0133117583985034
0.0103346841290037
-0.00346671526128939
-0.0123260395520708
0.00291341478056517
0.00767431931874052
-0.0119186134517686
0.0180282181589804
0.00295150142420852
0.00247367252751451
-0.0130184980257159
-0.00745726092811627
-0.00738294552642549
-0.00293139222026073
0.00544124799438883
0.000261846980712965
0.0223831971518549
0.0188203690178279
-0.0116030203426971
-0.00610274180912362
-0.000298511848908278
-0.00695239932120795
-0.0160210071637014
0.0138373523739552
0.000947218654680393
-0.00817272037461658
0.00680888189080675
-0.00460905460975369
-0.0143673488457041
-0.00597120227369174
0.0108216080606434
-0.0130216776135895
-0.00376318687216504
-0.0145320591141754
0.00378803156708019
0.00215648056348394
0.0143003895633536
0.000353579960080896
0.00521343121345641
-0.00720815300266953
0.0109350139247606
-0.000788298643618179
0.00683699878894695
-0.00844470915326179
0.0035559639356062
0.000831089217031789
0.00795492834339129
-0.0149169723129224
-0.0206893385630967
-0.0225648580816971
0.0115429295683089
-0.000727423144699202
0.00727930381329434
0.000587195137864427
0.00586829325991189
0.00026925009855705
0.00502488225144648
0.00874963637225212
-0.0380581756956314
-0.00533646789659259
0.0053650985728888
0.00795883074846659
0.0371975982510926
0.0109130737073708
-0.0171940846592797
-0.0100983214195161
0.00868009843400452
0.0223119187161824
0.00472945283668391
-0.00483674213885599
0.000564159863182034
0.00446718553467362
-0.00125219340451999
-0.0106350439724616
-0.0483723255834216
-0.0033519882604095
-0.00820087065375441
0.0119384584579652
0.00211167374424659
0.00535958764966216
-0.000729042690440385
0.00414939131046821
-0.00622102894277976
-0.00301578241674805
-0.00769974327237954
0.00387977931457617
0.00464685977510393
0.0121358947969596
-0.00149315418970086
-0.00502984427772746
0.00104748368478225
0.0435850858473374
-0.00178744437641809
0.00882213386547526
4.32702705037702e-05
-0.000519458874458811
0.00190576052698876
0.000259372290266402
-0.00267961788660176
0.000173374938754023
0.0010398180107476
-0.000476108047666068
0.00749149548538708
0.00889706853095396
-0.00102241300255468
-0.0163333230343869
-0.00884422511325367
0.00695482475187692
0.0008687589327947
-0.0119786899530629
0.00803866482860527
-0.0306344741264507
0.00809171959665167
-0.00967669119286507
0.00860051775395787
0.017634702048424
-0.0425989554918053
0.0107226826874891
-0.0180442076152266
0.00844915293317605
0.00952294670380871
-0.0178230975056689
-0.000230886080176407
0.00702008577461521
0.0056412173889584
0.00478863036824673
0.0205155630736704
0.00649353774227968
-0.0176314845210144
0.0125950385731191
0.0132379502765849
-0.0161339474090746
-0.00450073518112848
-0.0305729059240708
0.00687995083271153
-0.0199027654764998
0.0022927475093919
0.00172725357317227
-0.0406375287479026
-0.00417760126213162
0.0022439365853657
-0.00827417474000181
0.00505495693597768
-0.00834997342863331
0.0221095378953167
-0.00558849044120335
0.00920495113211683
-0.000912116565811805
-0.0159042719561856
-0.00615201900446283
0.00250550229665181
0.00583162800971904
0.0226552691839219
0.00786092923852122
0.0411722612927592
0.0317352454312005
-0.00294828602860286
-0.0141672123385365
0.00232799396355809
0.00361783913358282
-0.0202046865180866
-0.0115371046232358
0.0208160973443641
0.0130992756182564
-0.00195504756025111
0.0051197979948312
-0.00965587970667703
0.0123440674868118
0.0186436973189212
0.0321376969034832
-0.00605094135727269
-0.00524220020586541
0.0042923713859877
0.00334310019333173
0.00797131569874354
0.00263605166249525
-0.0113095361678811
0.00308131774798337
-0.0109409443315137
-0.00233997624395788
0.00059704037278685
0.00980261667726601
0.00835694533616937
-0.00259516550005989
-0.000419618964024315
-0.00474412859696771
0.004091795360599
-0.0172667353580084
-0.00162450839282235
-0.00552364921925819
0.00947253821313243
0.00801878875690498
-0.0172217110208462
-0.00327217349677456
-0.00496757667386605
0.00160622960869383
0.0226681517741498
0.00101718585739152
0.00351412842614729
0.0154416882045112
0.0163287689641907
-0.00179879399125638
0.00941967898939011
-0.00259666084068377
0.0132611722469904
0.0161387653641458
0.0127612302447109
0.000195127567997666
-0.0067475755637364
-0.008207009216885
0.00439476568569752
-0.00634652335393271
-0.0018645653467213
0.00735290523005783
-0.000236725195147724
0.00406487629371677
-0.00558131440595322
0.00814228458498034
-0.00282287307161355
-0.00231971380545282
-0.00228572216748768
0.00643838137566366
0.000627959176279891
0.0125509762791935
-0.00282774631503335
-0.0290952538696609
0.00120030006241256
0.000919101644039744
-0.0100211362238147
0.0167365457446531
-0.0154694140832597
0.00668783672368223
0.00976509004212378
-0.00681701880081653
-0.00175586418860885
-0.0245052574336659
0.00467174814077942
0.00485398099438772
-0.00738789103175419
0.0119003926385326
-0.00953766561964375
-0.00452913738755401
-0.00799277366892337
-0.00809852891333729
-0.000249929186452835
0.00262502083333338
-0.00457135842223833
-0.00901767632036776
0.00766738441393988
-0.00602032688640552
-0.0163617202944268
-0.00470369449797448
-0.00670217405701523
-0.00173007787712032
0.00402943235663655
-0.00828549619445895
-0.00234974111091546
0.000436127702078348
0.000566791659039945
-0.0252287276688453
-0.00987889200682912
0.00663657336343104
-0.113916642983735
-0.0112365284271109
0.00312260548382048
-0.00413356282437771
-0.0166538565202313
0.00760816594918712
0.00418906183187273
-0.00515012623113897
-0.00243309522630941
-0.0174364351443139
0.00681318805985387
0.00729160658627692
-0.0233309598306226
0.00901142723195036
-0.00132114360981117
-0.00640275174944971
0.000479293806693537
-0.000904923874667785
-0.0163567956059801
-0.0175495075709431
-0.0125702885497219
-0.0241764481012916
-0.00841106005810921
0.00894404485382494
0.0197311803352183
-0.00942236663899565
0.00390670943003935
-0.00530146641815432
-0.0158189775987689
-0.00927526778113541
0.00180262835493039
0.00667514515135315
-0.00409382476305586
0.00717928434935566
-0.0234536780629123
-0.00217806680662624
0.00643036418000009
0.0335873141762961
0.0181477738541624
-0.00807662790662633
-0.00595236965462298
-0.00146881140054655
0.0201403716943984
-0.00454750980572005
-0.0269637660167131
-0.00561096403043704
-0.00518190946725794
0.0208357797247123
0.00816420205907131
-0.0154088679121467
0.0107379768021707
0.0113019887030181
0.00877286510164255
0.0255912869084987
-0.0052390009799298
-0.0166141715511956
-0.0102694349124732
-0.00663833556393889
-0.00864832896872969
-0.0437319494914855
0.00704935734908307
0.0111176411764706
0.00186170226227067
0.013181516216999
-0.0704378397624448
0.0232443735958521
-0.00614608915990222
0.0117618708407681
0.0130632366651715
-0.0170354018340874
0.00776271545516316
-0.0133755597218871
0.00913883094205237
0.0178721117346734
0.00176763491770182
-0.00323493110845952
0.00519268894085867
-0.0173760310874308
-0.0167274210928215
0.00917437290660117
-0.0155328230391515
0.00183465626627566
0.0193504936182793
-0.0114378282700213
0
-0.00290765685840011
-0.0195018644167001
-0.0184645580176254
0.0379394851855444
-0.0175161478836655
-0.0198711844688516
0.00922118980330722
-0.0221540343893751
0.00582402559999995
0.0157800645003801
0.0183538462688164
0.00750437317751973
-0.0148360223692054
0.0159890988101814
-0.00829571784438543
0.0147004488288787
-0.00230347940653752
0.0103286775704157
0.0133501839764945
0.00462879368075475
-0.0020083644282507
0.012252187255144
-0.00228042913623128
0.0266658141397815
0.00234046704180435
0.00580901545211043
0.0123435365361897
0.0123050063545782
-0.000718293808544712
-0.0043127225239814
-0.00183252996632022
0.0137413129346313
0.000768302048247849
-0.00800618003944853
0.00746271998217973
-0.0119615528120713
-0.0137168928971053
-0.0207770375863615
-0.00810766469765589
0.029275379710145
0.0197127566367881
