0.0279460632380717
0.00608365042143166
0.0517763058116516
-0.0220984549047789
0.0260885173617491
-0.00125333934658334
-0.0607744722261467
0.0166062037909183
0.0217799482455856
-0.00918779894111721
0.0226261321448862
-0.022850889061496
-0.0501113762043175
0.0232512504884721
0.0152759025257954
0.0129772997170321
-0.00427033040716052
0.00167816517474995
-0.00912138851226019
0.0105204020289311
0.0239821709614767
-0.106209182781075
-0.0140158236847451
-0.002266192783968
0.0161056989469337
0.0288559648212956
-0.0148133514751462
-0.0324780065661987
-0.0190633658957051
-0.108576235741445
-0.0234597624772568
-0.0211113569791642
0.0101636093207733
-0.000245349693251629
-0.00908205650063532
-0.0440921239557127
0.023581238662866
-0.0349367341772152
0.00288565065282387
-0.00784724038713047
-0.00290007909306611
0.00766792702273911
0.0348989232511436
-0.00532451839058123
0.0321183278103492
-0.020004987898
0.00504034778225804
-0.00451354050868757
0.000755642298346348
0.00679587213692434
-0.0117500250000001
-0.00505937275637158
0.00406814116104037
-0.0197519108760742
-0.0098165076160297
0.0268718744131555
0.0215954770936111
-0.0101964687937447
-0.0316582420014635
-0.00648676682701699
0.00130579782434603
-0.026343192488263
0.0482185615741462
0.0178891127551977
0.0215916885969527
0.00319491283349493
0.00416467417932376
0.011466137522999
0.000964809478167128
-0.0489156385542168
0.00253354439996079
0.0106141521354561
0.0380094004496425
0.043604001137268
-0.0214681671283471
0.022646827616108
0.000230749722295309
0.00345934032612227
-0.0209147332068368
-0.0105632868809055
0.0147093231454651
0.0332008183306054
0.0153880972027178
-0.0106975709983858
-0.00337907193915477
-0.0198915226088824
-0.00322878221335821
-0.00231378985854269
0.0129870364792912
-0.0224358745421245
0.00562056192926086
0.00116448535548397
0.00279132343376021
-0.000927882140387748
-0.0030183654515904
-0.0130414069175921
-0.00802265200512864
-0.0173644144299615
0
-0.00774628400517352
-0.0197609651251053
0.00846192135390744
-0.00592302566633773
0.0325223692284602
-0.000961793700408831
0.0305656084371988
-0.00980845399346097
0.00306596683651095
0.0218669179841742
-0.00644268307507334
0.00185266327003242
0.0129450306493311
0.00136926061159293
-0.00136738830065208
0.00319486535828406
0.0436761156432237
-0.0296425669214784
-0.00673852201257863
0.0411578461972444
0.0047783882541621
-0.01772587625274
0.0167253964948371
0.0445886786885568
-0.00890998793659303
-0.0196529993872883
0.020473427606599
-0.0167188930708001
0.00127528164240753
0.0225004665145305
-0.00352912615856871
0.0089583333333334
0.00330373735288059
0.0127598065445564
-0.00528343843290879
0.00326864140411343
0.00183262061020928
-0.0235772352931457
-0.00770197735841005
-0.0276903724644587
0.0379720188984689
-0.0191228846575995
0.00635734279206068
-0.00421143380874145
-0.0179742436461356
0.00559866506457074
0.000428265515454829
-0.0353168014701027
-0.00221874861326821
0.0264620630095158
-0.00541594454072791
-0.0100195817904595
0.00374032995070772
-0.00591847886713015
0.00110262408390849
-0.00352422891963755
0.0150308569836051
-0.00653307955283444
-0.0199473919322093
0.0228137110895483
-0.00677896348130325
-0.00308232069935366
0.0212014801502094
-0.0134083687972159
-0.00306880760782136
0.00153911609498691
-0.00285402860272288
0.00638487478577177
-0.0247210025097573
-0.016375145070653
0.00592937313246855
0.00861484904523135
-0.00539451537898328
-0.0169491525423728
-0.00873565517241381
-0.00997217091772196
0.00890140568988995
-0.0350591827257952
0.00842153492729691
-0.0283941541398233
0.0284872291628873
-0.022445128403889
0.00903766509618142
0.000484168470487267
0.013065496585265
0.0164796278117896
-0.0350094211698914
-0.0209398831263695
-0.00547120132979872
0.0182545377217036
0.0279960700393891
-0.00764452920103853
0.019017837770394
-0.0144106064535503
-0.0177373198049542
0.0229379697413372
0.0326813708340348
-0.0231000225664121
-0.0118231257549509
-0.039961760230635
-0.0129611418983335
0.0255051275507641
0.00590980039621281
-0.0266829878424962
0.0467807116086876
0.00792892859031546
0.0181167576134267
-0.0222430583526823
0.00550775888447097
-0.0166706588868465
-0.00678137547150925
-0.0416971246865216
-0.0407124183387384
-0.0533157015035622
-0.0596805284303875
-0.00268176392485797
0.0286823714167201
0.104850450188789
0.0144584381057196
0.019694169473957
-0.0355780704232819
0.00579702224513778
-0.00235776800407483
-0.032300523513628
0.0298508292999093
-0.021080342000518
0.0115746965504875
-0.0101117876470576
-0.00860215030639377
0.00352486432958621
0.0443124584875687
0.00129363512063985
-0.0341085262504257
0.00187265912593215
0.000266969285261265
-0.00427122275150094
-0.00804286884833427
-0.00810808108108108
-0.0482289087676047
-0.00715717148582884
0.0193194348327566
-0.0124469031087358
0.0541391864795189
0.024728261541529
0.0352692133457759
0.0210040978226409
0.0137982685951261
-0.0188071764414748
-0.019672205817291
-0.0102906614430321
0.00649857014560506
0.0139462031522157
-0.0369331908779008
-0.0119016130150328
0.00856528349664676
0.0191083333333333
0.0341145034315364
-0.012591287146595
-0.0168324411331916
-0.0277561356097572
0.0210779082177164
-0.00209043637313833
0.00497517687811411
0.0237102651456418
0.0193432929665744
-0.0209737832952255
-0.0204029334456246
0.0244727414735746
-0.0063532404753871
-0.00485928413602488
-0.0208173220251863
-0.0160103945412281
-0.00266745784649447
0.0294197119395481
-0.00987271967405978
0.0202046701599405
-0.0216049377159224
-0.00105155097130505
0.00921047368421046
0.0362452170140921
-0.0108203567780394
-0.00457898741849438
0.0184001273089669
0.0138018576563042
-0.0358911120845984
-0.0241335808951583
-0.00289387018647047
-0.0350923992035673
-0.00820344544708773
0.055969092914254
-0.00391637085943519
-0.03119273755215
-0.011093073893211
0.015047852668888
-0.0334231015322427
-0.0468488832445932
-0.0216501170275014
-0.00119608257165316
0.0185628132597118
0.0420341269841269
-0.00846259496579416
-0.0241821607862214
0.00583093311460448
-0.0107246086956522
-0.00263697618995096
0.0129259396907773
-0.00232012761020872
-0.0284884867157856
-0.0152602642286215
-0.013673685809784
-0.0280345048685924
-0.00253565776658182
-0.032094058852687
0.0453053527677398
-0.0310929648241206
-0.034359773095624
-0.0439745201754105
0.0284410463483147
0.0307272096030313
-0.0301424302702077
-0.0116120214613381
0.0041464407689551
0.0478321420451528
0.0440065666992917
-0.0053475934146715
-0.0347881393172631
0.0471821428571428
0.0147059141021875
-0.0333024976873265
-0.0165869218500798
-0.0402205643853389
0
-0.0266982426495438
0.010763958707082
0.0285125376670374
0.0487641600279172
0.001910796178344
-0.00286071210618921
0.0481351594473969
-0.024026793673151
0.0115300405110625
0.00123231673543778
0.00953849230769221
-0.0161536721684343
0.0229244430893571
0.0193821926105389
0.0151514557338088
0.0207785496504858
0.0275229063210176
-0.0379464285714287
0.00609045823665899
-0.00518884419685328
0.0466531756970834
-0.0171649783268266
-0.0143661408450705
0.0137181758377725
0.0256554827838882
-0.00219906536011361
0.00220391190644387
-0.0112699282223768
-0.0261329433935797
0.00542397960102736
-0.00369111289917345
-0.00199487033342838
0.0285551113649343
-0.00832867851193775
-0.0176372055532698
-0.0310629809062412
0.0117647647058823
0.0593022349242887
-0.00521402319467679
0.0297931586206897
-0.00294671829913096
0.0118215741047398
0.017259718534254
0.00182719911701379
-0.00286610206185234
0.0188137444473477
0.0269299550176991
0.00749248233035771
-0.000247843331680819
0.0126456229781493
-0.01958861410382
0.00449550438322932
0.0203878662260599
0
0.00657894720811547
0.0179132893267178
-0.0382877535859156
-0.0143421863091541
0.00200697436008612
-0.0125187784806905
-0.0190162276626833
0.00387699674016551
0.0180226828012358
0.0128982798963511
-0.0247190518032223
0.0286738087897129
0.0246390741662519
-0.0216176595393569
-0.00347567039413266
0.0191828853807394
0.0134441212417504
-0.000964809478167239
0.024867287535842
0.00447580672612946
-0.00140705913243577
-0.00939412825767361
-0.000711190137505868
-0.00047451955043798
0.0170898880348946
0.0476079602150741
0.026509312241241
0.00455726976747961
-0.0170663422539135
-0.0246153626373626
-0.00225331225206604
-0.00654916455621424
-0.000227369846448333
-0.017962733060482
0.0213012739361258
-0.00725459063127198
0.018954053004018
0.000896481418567463
0.026421854008061
-0.0418848603839442
-0.0464480212408024
0.0331900421874394
0.0305061243355673
0.0156986095537115
0.00596158079130982
-0.0445566715417763
0.00275678848510896
-0.00229101936810905
0.0339839273015827
-0.0122140575663793
0.0348470998201438
-0.017814469211698
0.0132714446642654
-0.00764029671162847
0.00329964811481842
-0.0135934879720787
-0.0157813507098755
-0.0167117889952979
0.00666056484472755
-0.0294319174340901
0.0164551242018072
-0.00740064720626044
-0.00349482774905996
0.0208089782557865
-0.0316079019697664
-0.00520335868503674
0.0209224436299942
0.00116448535548397
0.016748010386229
0.0125829103770969
-0.00474466808606733
-0.00658345077374456
0.00731270600149481
-0.00544469122301761
0.0139142563868613
0.00382447685434251
0.0107574856736325
0.0301552341532256
0.00839429634942523
-0.0377800656469611
-0.00199645066564114
-0.0142254716948
0.00496058646947395
-0.000224343728965737
0.00403951965799987
-0.0149754575335065
-0.0240526889040162
0.00465010484306472
0.00254573021397198
0.00946445060018464
-0.00365881545849522
0.0126233417489099
-0.0491839993015413
0.0107270796012615
-0.0304245504516722
0.00364867419974058
0.0123606889171444
-0.0174766339478096
0.00584790434093807
-0.000484520360574447
0.0353854355494636
-0.0016385533324309
-0.0189918396721294
-0.0109942399617592
-0.0103914932239851
0.0449328438355836
0.0324842011571815
0.0158442960615663
0.000445655070284046
-0.00690427586172482
0.0253420273603948
0.0142169288229017
-0.00237224503714129
0.0216169486215716
-0.0131188960270375
0.00686106361194394
0.00127770445650999
-0.00106335601871543
-0.0138386413915556
0.0161917098445596
0.0424899086466963
-0.00652129610760144
-0.00656410256410256
-0.00392314680982864
-0.00974299296256231
-0.00314006698764924
-0.00146997063145671
-0.020399516727645
-0.0124517384091138
0.00499999999999989
-0.00648929266709919
0.0141520139342477
-0.0042937095623139
0.0228546351260319
-0.00674536270542503
0.0148557091437969
0.0207026557925554
-0.0163901451262006
0.00270779015654199
0.0336518287007026
-0.0200964638302438
-0.00328137831342823
0.0146091158275357
0.0160210298920902
-0.00518958104549216
-0.00742373595505619
0.000808510191863565
-0.0143405176465571
-0.0206966807519813
0.110901839068805
0.00282542851761147
0.0174679933332835
-0.00498423500034095
0.00222630789512768
-0.00888557941503154
0.0166230665554152
-0.00422559250413379
0.00535057185700039
0.00752431611215587
-0.0253188333217182
0.00523272305112021
0.00371818174905769
-0.00500094443411936
-0.00725984722152184
0.0305643528758917
0.00200147383554361
-0.0041765026330125
0.00127644055433973
-0.0111091058095064
-0.00478817688376021
0.000925222040614182
0.0293954520244037
0.00377153376436778
0.00572553239802343
0.00800571087005353
-0.0104129897635016
-0.0255038523274478
0.0137262081575076
-0.00379128008289009
-0.0115983870967743
0.00861747325600537
0.00218147617456732
0.00380916009778431
0.0200578424286231
-0.0292294414662633
0.0332116794381694
0.0139526848101852
0.0113220867444697
0.00258349978326744
-0.0297199627163712
0.00159348441926355
-0.00601025278416123
0.00106706384492261
0.00515190966154022
-0.00848363349297865
-0.0217468278697621
0.0102040450035705
0.0223665408074774
-0.00970358151023287
0.00338498123311992
0.00390626775568181
-0.0136186944885267
-0.0261789313250852
-0.0110477258138882
0.00242042454701963
-0.01448735141159
0.00245001880041418
-0.00601616856582377
0.00624176293250933
0.00488718035926361
0.0231949499288242
-0.0151737108743381
0
-0.00129942456468213
-0.0154274724057151
-0.0317160650988095
-0.00779883002926818
0.000393024177500756
-0.000589255549008016
-0.0212264539853292
0.0349397998983896
-0.0120295496307808
-0.00274939130987406
-0.00275699099560822
-0.00967608628902228
-0.00638085717324599
-0.00240824794668881
-0.00603498302222871
-0.0329892936652499
0.0050230432194025
0.0249896084964598
-0.0040634091007028
0.00387594859241136
0.00142247513559179
0.00547889621507514
0.00605447035427797
0.00601813464465928
-0.00937192385356234
0.00583737922705319
0.000800420236133359
-0.0135972011036674
-0.0192580774677447
0.00950804031608032
-0.00634727682227698
-0.0226663717837702
0.00548174151380976
-0.0132102749677139
-0.00658735642610797
0.00577540106951879
-0.000637983836665357
-0.0125558624151579
-0.0112069176203915
-0.00239758059290363
-0.0102687568276164
-0.00110373070869163
-0.0143646850828729
0.021973184841847
-0.00482670009536212
-0.00727517620645557
0.0173218302758569
-0.00436585888745133
-0.0103048013526681
0.0303500006723527
0.00580522493249713
-0.00940570776839889
0.00517915407854974
0.025762064157919
-0.0138133112978925
0.0101867362093959
0.0023109454752499
-0.0482079029177931
0.00770750935917208
-0.0133303327504517
0.00088586928523271
0.00663870339983852
-0.00417680790605368
0.000441523188554616
0.0150044130626654
-0.0347825652173913
-0.00608110332968004
0.0163153633284532
0.00156075815209622
0.0204809002885531
-0.0220331151832461
-0.0167298676453327
0.0043102992599684
-0.0067765755590693
-0.0129633610879382
-0.026958570186241
-0.00781430262846305
-0.00954658665648755
0.00481930120481922
-0.00407678647297882
0.0115578861439416
0.00975958151676171
0.00683642182161348
0.0236479050257061
-0.0196706308401047
-0.0195987162949435
-0.00571158971918151
0.0129248686674215
0.00921547731569006
0.00163896046918643
0.0231416788953176
0.0102810372401188
-0.00248756213280066
-0.00249378820009538
0.0359091363636364
-0.00438791117209691
-0.0220361387828087
-0.0421361639897213
0.00423432153537151
0.0147575782327847
-0.00530932594644495
-0.00371315850545384
-0.0114139529466574
0.000235673898107303
0.00942277951889792
-0.019136500309755
-0.000951629810888144
-0.0128602280133255
-0.0101327379943852
0.00633687561142771
-0.018890844783462
-0.0120957300466912
-0.00274862568715661
-0.00902032072162362
-0.00581539837712763
-0.0160224059003052
0.00775401932680331
-0.00641190015840476
-0.00206510056452758
0.00957058975685454
-0.00614906497947898
0.00567148735056766
-0.00563950298074889
-0.0018045887650272
-0.00129139976003623
0.00775802988146013
-0.00179622782149791
0.0239074537836785
0.0296258082035747
0.00731536246356312
-0.0246913574269825
0.00843881835594895
0.0155057096848215
0.013087761177303
0.00909093323184051
0.00308205310573739
0.00732682563633125
0.00445804796945204
0.0186872221750238
-0.0029809905301309
0.017709291628335
0.00994348022598879
-0.00111881855266982
0.0210574153462681
0.0054848615408134
0.004363888092346
-0.0108624812266452
-0.0131781026395366
0.00556421099488102
-0.00199203187250985
-0.007540474606343
0.00402234636871501
0.00222566214110831
0.0106595383224415
-0.0164798952529068
-0.000893588064950324
