-0.00652883569096829
-0.0010952902519169
0.0274122807017545
-0.00533617929562424
0.0118025751072961
0.00636267232237553
0.00737618545837737
0.0167364016736402
0.0092592592592593
-0.00509683995922539
0.0153688524590165
-0.00504540867810299
0.00405679513184598
0.014141414141414
0.00398406374501992
0.000992063492063489
0.00396432111000999
-0.000987166831194597
0.00494071146245068
-0.0068829891838742
0
-0.000990099009900991
0.00495540138751238
-0.00197238658777132
0.00296442687747045
-0.0019704433497536
0.00493583415597221
-0.00687622789783893
0.0138476755687438
-0.0136585365853659
-0.012858555885262
0.00601202404809609
0.010956175298805
0.00295566502463052
0.0245579567779961
-0.00191754554170653
0.00480307396733926
-0.0219885277246654
0.00195503421309873
-0.0185365853658536
-0.00497017892644147
0.00499500499500516
0.0129224652087474
0.0274779195289501
-0.0133715377268386
0.010648596321394
0.0162835249042146
-0.00471253534401495
0.000946969696969724
0.0122989593188267
-0.00373831775700928
-0.0131332082551595
-0.00190114068441061
-0.0295238095238096
-0.0264965652600588
0.0131048387096775
0.0228855721393033
-0.0282101167315174
0.00200200200200196
-0.0029970029970029
-0.0130260521042085
-0.014213197969543
0.0216271884654995
-0.0151209677419355
-0.00102354145342887
0.0399590163934427
-0.0108374384236455
0.0129482071713147
-0.0137659783677483
-0.0259222333000997
0.0317297850562948
-0.00595238095238104
0.0249500998003993
0.00973709834469316
-0.0144648023143682
0.00880626223091974
0.00969932104752669
-0.00384245917387138
0.0221793635486982
-0.00943396226415094
0.02
-0.00186741363211962
0.00093545369504211
-0.00654205607476621
0.000940733772342384
0.00751879699248126
-0.00466417910447769
0.02717900656045
0.00182481751824803
-0.000910746812386121
-0.00273473108477673
0.00182815356489963
-0.0036496350364964
-0.00915750915750912
0.00462107208872453
0.0128794848206073
0.00726612170753871
-0.0297565374211001
0.00929368029739774
0.0313075506445673
-0.00714285714285712
0.00179856115107935
0.00718132854578091
-0.00445632798573981
-0.00626678603401976
0.0153153153153154
-0.0106477373558118
-0.0116591928251122
-0.0181488203266787
0.00554528650646957
-0.00459558823529416
0.0166204986149585
0.00363306085376935
-0.00452488687782815
0.00363636363636366
0.00181159420289867
0.00361663652802879
-0.00360360360360357
0.00271247739602165
-0.00360685302073938
0.020814479638009
-0.0115248226950354
0.010762331838565
0
-0.0141969831410825
0.00360036003600372
0.00179372197309413
-0.0125335720680394
-0.00815956482320945
-0.013711151736746
-0.00741427247451332
0.00746965452847781
0.0092678405931419
-0.00275482093663926
0.00276243093922668
0.014692378328742
-0.00633484162895925
-0.00910746812386154
0.00275735294117641
0.00824931255728689
0.00818181818181807
0.000901713255184733
0.00900900900900892
0.00267857142857153
-0.0133570792520036
0.0162454873646209
0.016873889875666
-0.00873362445414849
-0.000881057268722452
-0.00705467372134039
-0.011545293072824
0.0125786163522013
0.000887311446317707
-0.0132978723404255
-0.00808625336927238
0.0117753623188406
0.00895255147717089
-0.00976042590949422
0.0161290322580645
-0.00617283950617287
0.010647737355812
0.00438981562774354
0.00349650349650354
0.00348432055749126
-0.00954861111111105
0.0070113935144609
-0.0113141862489121
0.0132042253521127
-0.0130321459600348
0.0184859154929577
0.00950734658599828
-0.00856164383561642
-0.0129533678756477
0.00262467191601057
-0.0226876090750437
0.00982142857142865
0.0141467727674625
-0.0104620749782041
-0.000881057268722452
-0.0105820105820105
-0.0151515151515151
0.00633484162895903
0.00809352517985618
0.0133809099018731
0.00704225352112675
0.00786713286713292
0.00433651344319164
-0.00345423143350609
0.00693240901213166
-0.00344234079173833
0.00172711571675288
0.0112068965517242
0.00255754475703318
-0.0136054421768708
0.00775862068965516
0.0034217279726263
0.00341005967604424
-0.00849617672047576
0.00257069408740351
-0.00256410256410255
0.00856898029134534
-0.00339847068819021
-0.0110826939471441
0.0198275862068966
-0.0160608622147084
-0.0111683848797252
0.00955690703735868
0.0154905335628228
-0.000847457627118797
0.00424088210347762
-0.0168918918918919
-0.0274914089347079
-0.0282685512367491
-0.0509090909090909
-0.022030651340996
0.0362389813907933
0.0264650283553876
0.00460405156537758
0
-0.0421631530705775
0.0133971291866029
0.011331444759207
-0.0149393090569562
0.0274881516587677
-0.0119926199261992
0.0102707749766573
-0.000924214417744929
0.00462534690101757
0.00736648250460403
0.00914076782449724
-0.0317028985507246
-0.0308699719363892
0.0154440154440154
-0.018060836501901
0.00290416263310744
-0.00386100386100374
0.0164728682170543
-0.01906577693041
0.0145772594752187
0.0153256704980842
0.0084905660377359
-0.010289990645463
0.0189035916824196
-0.000927643784786603
0.0120705663881151
0.00183486238532105
-0.011904761904762
0.00648748841519931
-0.011049723756906
-0.0195530726256984
0.0180436847103516
-0.00186567164179119
0
0.0112149532710282
-0.0184842883548985
0.0235404896421845
0.0239190432382705
-0.0143755615453729
-0.00638103919781219
0.0412844036697246
-0.00440528634361226
-0.0292035398230088
0.0127620783956244
0.00180018001800186
0.00628930817610041
0.0116071428571429
0.0282436010591351
-0.00686695278969962
0.00345721694036283
-0.00516795865633068
-0.01991341991342
-0.00883392226148405
0.017825311942959
0.00437828371278459
0.0209241499564081
0.00170794192997437
-0.00511508951406658
-0.00171379605826905
0.000858369098712508
0
0.00857632933104635
-0.00595238095238093
0.00940975192472204
-0.0110169491525425
-0.0205655526992288
0.0279965004374454
-0.0161702127659574
-0.0285467128027682
-0.0151380231522708
0.00271247739602165
-0.0243462578899909
0.00184842883548986
0.0359778597785978
0.00890471950133565
-0.0185348631950575
-0.026978417266187
0.00277264325323467
0.0129032258064516
0.0145586897179255
0.00538116591928262
-0.00535236396074934
0.0134529147982063
-0.0115044247787611
-0.00984780662488804
-0.0325497287522605
0.0018691588785047
-0.0158582089552238
-0.0303317535545023
-0.0175953079178885
0.00497512437810932
0.00792079207920793
-0.0422396856581532
0.0102564102564102
-0.0274111675126903
-0.010438413361169
-0.0232067510548524
-0.0280777537796976
0.0166666666666666
-0.0382513661202185
-0.0852272727272727
0.026086956521739
0.026634382566586
0.0117924528301887
0.00699300699300709
-0.0266203703703705
0.0130796670630202
0.017605633802817
-0.0103806228373702
-0.0198135198135198
0.00475624256837093
-0.0094674556213018
-0.043010752688172
0.0536828963795255
0.0355450236966826
0.00343249427917613
-0.0285062713797035
0.017605633802817
0.0196078431372548
-0.0260180995475113
-0.00813008130081305
0.0117096018735365
0.0358796296296295
-0.0223463687150838
0.0491428571428572
0.0119825708061001
0.0333692142088267
0.0072916666666667
-0.00930713547052742
-0.024008350730689
-0.00106951871657757
0.0214132762312633
0.029350104821803
-0.00814663951120165
-0.00821355236139631
-0.0186335403726707
0.0073839662447257
0.0125654450261778
0.00206825232678387
0.00103199174406599
-0.00721649484536069
-0.00415368639667713
-0.00625651720542242
0
0.00629590766002108
-0.00521376433785203
0.00209643605870036
-0.00523012552301261
-0.010515247108307
0.0138150903294367
-0.0251572327044024
0.00322580645161286
0.00535905680600224
0.0202558635394456
0.0344827586206897
0.00909090909090904
-0.00600600600600609
0.00302114803625386
0.0150602409638554
0.0168150346191889
-0.00583657587548625
0.00293542074363984
-0.00878048780487806
0.00984251968503935
0.000974658869395739
-0.01460564751704
-0.00592885375494057
0.0129224652087474
-0.0176643768400392
-0.014985014985015
0.0010141987829615
0.00101317122593736
-0.0091093117408908
0.0204290091930543
-0.00200200200200196
-0.00802407221664991
-0.0222446916076846
0.0113753877973113
-0.00102249488752559
0.0532241555783008
-0.00680272108843527
0.000978473581213279
-0.0029325513196482
0.0176470588235296
0.0231213872832368
-0.0150659133709979
0.0114722753346079
-0.0122873345935729
0.00574162679425849
0.00475737392959097
-0.018939393939394
0.0164092664092663
-0.0113960113960113
-0.00576368876080702
-0.0173913043478261
-0.0216322517207473
-0.00904522613065328
-0.0385395537525354
-0.00210970464135019
-0.0158562367864694
-0.0010741138560687
-0.00215053763440876
-0.00215517241379304
-0.0043196544276457
0.0227765726681126
-0.0869565217391305
-0.0603948896631823
0.034610630407911
0.016726403823178
0.0505287896592244
-0.0123042505592841
-0.0362400906002265
0.00117508813160994
0.00704225352112675
0.0163170163170163
0.0149082568807339
0.0282485875706215
-0.00219780219780219
0.0165198237885462
0.00325027085590457
0.00431965442764581
-0.00322580645161308
-0.00323624595469252
-0.0086580086580087
0.0131004366812226
0.00215517241379315
0.0118279569892472
0.00106269925611047
0.00424628450106157
0.00422832980972498
-0.0126315789473683
-0.0117270788912581
0.0118662351672061
-0.0031982942430705
0.0427807486631016
-0.00102564102564096
-0.00410677618069821
-0.0164948453608248
0.00314465408805042
-0.00940438871473348
0.0210970464135021
-0.00413223140495855
0.00207468879668049
-0.0155279503105591
0
0.01472134595163
-0.00103626943005175
-0.0134854771784233
0.00946372239747628
0.00937499999999991
0.00722394220846234
0.0133196721311477
0.0121334681496461
-0.00499500499500494
0.00602409638554202
-0.0159680638722555
0.00405679513184598
-0.00101010101010102
-0.00303336703741164
0.0141987829614605
-0.0119999999999999
-0.0080971659919028
-0.00102040816326543
-0.0061287027579161
-0.00102774922918802
-0.00102880658436211
0.00205973223480949
0.0154162384378211
0.00202429149797556
-0.0292929292929294
0.0135275754422477
0.0184804928131417
-0.0211693548387096
0.0154479917610708
-0.00608519269776864
0.00816326530612255
0.0263157894736843
0.00197238658777121
0.000984251968503935
-0.000983284169124854
-0.0137795275590552
-0.00499001996007975
-0.0250752256770311
0.0102880658436213
-0.0162932790224033
0.0144927536231885
0.023469387755102
0.0109670987038886
-0.00788954635108485
0.00397614314115291
0.00891089108910892
0.0500490677134446
0.00467289719626174
-0.0176744186046511
0.00378787878787867
-0.00377358490566027
-0.0217803030303031
-0.00774443368828659
-0.00878048780487806
0.0285433070866141
-0.0191387559808611
0.0643902439024391
0.063244729605866
0.00862068965517238
0.0222222222222224
0
-0.00250836120401343
0.0251466890192791
0.0220768601798855
-0.00480000000000003
0.00643086816720251
0.00718849840255587
-0.00396510705789044
-0.0238853503184714
0.00163132137030986
0.0146579804560263
0.0457463884430176
-0.00690713737528781
0.00695517774343113
0.014581734458941
-0.000756429652042367
0.0189250567751704
0.00371471025260028
-0.0155440414507771
-0.00375939849624063
-0.0113207547169811
0.0183206106870228
-0.0239880059970016
0.0053763440860215
0.0206264323911383
-0.0022455089820359
0
0.00675168792198044
0.00149031296572266
-0.0141369047619048
-0.0128301886792452
0.0107033639143732
0.00756429652042367
0.012012012012012
-0.0163204747774481
0.00226244343891402
0.00225733634311531
0.000750750750750706
0.00825206301575387
-0.0089285714285714
0.0112612612612613
-0.0386043058648851
0.0154440154440156
-0.0106463878326997
0.00845503458877772
-0.00457317073170727
0.0145482388973965
0.0581132075471698
-0.00071326676176886
-0.0164168451106352
-0.0116110304789551
-0.00660792951541844
-0.00221729490022171
-0.0192592592592592
0.0279456193353473
-0.00587803085966199
-0.00369549150036952
-0.00593471810089019
0.0111940298507462
0.00516605166051654
0.0139500734214391
0.0224475018102823
0.00708215297450443
-0.00351617440225038
-0.0028228652081862
0.00424628450106157
0
-0.000704721634954164
0
0.00211565585331464
-0.00492610837438423
0.0367751060820367
-0.0252387448840383
0.00769769069279236
-0.00624999999999998
-0.00489168413696717
-0.0042134831460674
0.00211565585331464
-0.00140745953553845
0.00140944326990855
-0.00914848698099935
-0.0106534090909091
-0.000717875089734421
-0.0136494252873562
-0.0152949745083759
-0.0606508875739645
0.00629921259842514
0.0187793427230047
0.00691244239631339
-0.00686498855835238
0.0153609831029187
0
0.0279878971255672
-0.0147167034584252
-0.00298730395817781
-0.00299625468164788
-0.0180315552216379
0.00994644223412378
-0.0060606060606061
-0.00914634146341453
0
-0.0107692307692309
-0.0209953343701399
0.0254169976171565
-0.00852052672347015
-0.0164062500000001
0.0103256552819699
-0.00943396226415105
0.0309523809523811
0.00384911470361815
0.00613496932515334
-0.00990853658536572
-0.0100076982294073
0.0178849144634525
-0.0106951871657754
0.0146718146718148
-0.00684931506849318
-0.00459770114942537
0.00461893764434174
-0.00919540229885063
-0.00232018561484915
-0.00852713178294584
-0.00234558248631733
0.0148902821316614
0.00694980694980685
-0.0575153374233129
0.0170870626525632
0.00560000000000005
0.00556881463802705
0.0197784810126582
-0.00543056633048877
0.00390015600624016
-0.000777000777000714
-0.0093312597200621
-0.0156985871271587
0.0143540669856461
-0.0110062893081762
-0.000794912559618388
-0.00954653937947503
0.0192771084337349
0.0181245074862098
0.0286377708978327
0.00601956358164024
-0.00149588631264019
0.00449438202247188
-0.00894854586129756
-0.00526711813393521
0.00756429652042367
-0.0067567567567568
-0.0128495842781557
-0.00918836140888213
-0.0177743431221019
0.00629425649095183
0.00938232994526977
0.0178156467854378
0.0182648401826484
0.0104633781763825
0.0170118343195267
0.00363636363636366
-0.010144927536232
0.0021961932650072
0
0.00146092037983947
0.00145878920495979
0.0101966496722505
-0.00576784426820476
0.0014503263234229
-0.00724112961622014
-0.000729394602480005
-0.0102189781021897
-0.0435103244837758
0.0169622205088664
0.0159211523881728
-0.0164179104477612
-0.00455235204855842
0.00381097560975618
0.006074411541382
0.00528301886792448
0
-0.0120120120120121
0.0106382978723405
-0.00150375939849634
0.00527108433734935
-0.0134831460674157
-0.0273348519362187
-0.00702576112412179
0.0188679245283019
0.00308641975308643
0
-0.0276923076923077
0.00158227848101267
-0.00473933649289104
0.00793650793650791
-0.0023622047244094
0.00236779794790842
0.00472440944881902
-0.00313479623824442
-0.0102201257861636
0.00635424940428919
-0.0063141278610892
0.00873709293089742
-0.0251968503937007
0.0105008077544426
-0.0263788968824941
0.0114942528735633
0.0178571428571428
0.0199362041467304
0.00860046911649737
-0.00775193798449614
-0.00312500000000004
0.0258620689655173
0.0122230710466005
0.0083018867924527
0.00299401197604787
-0.000746268656716453
-0.000746825989544453
0.00523168908819116
0.0223048327137547
0.00872727272727269
0.00648882480173052
0.00573065902578773
-0.00997150997150986
-0.0100719424460433
0.0145348837209303
-0.00429799426934097
-0.00359712230215836
0.00938628158844779
-0.00929899856938488
-0.00433212996389898
-0.0065264684554025
