0.0100560819957454
0.00478652115642353
0.0256288109756098
0.0054806874129123
0.00646718427447102
0.00541578830858125
0.00182602026841949
0.00410093851814697
-0.00154289344708669
-0.0305427131881568
-0.00975152367557441
0.0082378941388126
0.00206604049338699
0.0052484350608597
0.0214431466924054
-0.00209926988314235
0.00384158053599193
-0.00783599088838272
0.0130406465240149
-0.00906536158336912
0.00393376649652422
0.00410067447059137
0.00217801970494524
0.0179299465724894
-0.00773956026191402
-0.00708266092881482
0.0111061309255078
0.00660828695808946
0.00754080908445709
0.0189310557365503
-0.0225544417559627
-0.00495089735655552
0.0191025492988877
-0.0246729912702003
0.0116205949183663
-0.0244764513563664
-0.00724637681159435
-0.000364999999999949
0.01204819321096
-0.00333686880724648
0.00144779652709093
-0.0236739495798319
0.0262840897257162
0.0296690413923708
-0.021895253109126
-0.00546203438395432
-0.000630233186278861
-0.000630630630630624
0.0037861714594789
0.0100583744948362
0
-0.00755753534275816
-0.00904859311777118
-0.0245909049814664
-0.0162202243025303
0.0347654041831542
0.0190294090867704
-0.00348463187991421
-0.00618671209540034
0.00640570214383618
-0.00582701906492089
-0.0364292155094681
0.00280744899868979
-0.000559947720793375
0.0201681045751634
0.0345963377413021
0.012473425336164
-0.00873744023547196
-0.00863813163995175
0.017337956788477
0.0144205558468797
-0.040406685620746
-8.97109028448195e-05
0.0261290822975997
-8.75393769688149e-05
-0.00113762146276797
0.0120903802347994
0.000519425225741887
0.0103824191036512
0.00436718616201404
0.00477449057890689
0.0107764446330081
-0.00973811250039913
0.00830793489318427
-0.00823948181471401
0.0329772804340454
0.00812471070988918
-0.00415170967605694
0.0224801765715688
0.0306204349216501
-0.0106276003218492
0.00987928493021784
-0.00659944078883723
0.0103947170111673
-0.00556933787128699
-0.00435591177211936
0.00937496874999999
-0.00773993832012188
0.00530427473648287
0.00713842311798807
0.00493066240583473
0.0315853409510785
0.0104043701071452
0.0117680781542762
-0.00145388198470142
-0.0046592894583577
0.00146284376828554
-0.00292138475021897
-0.0134779662033998
-0.00623697690745317
0.0119546327541729
-0.00590670390116055
-0.004456387403446
0.0199940925093458
-0.00117030427150366
-0.00380787943198246
-0.00646859785172604
0.00917422287143466
0.011730264617611
0
-0.0101448695652173
-0.00761355738720004
-0.00118031871290414
-0.00206791740430834
-0.0059205744795906
0.00595583645289821
0.00325636480924718
0.00678666293262498
0.0134819171594935
-0.0682475669029746
-0.0124146799374713
-0.0157133878064111
-0.0137292784163474
0.00615089045486861
0.0112612612612613
0.00890865415208397
-0.0179754026482309
-0.00578034700643371
0.0103359822459943
0.0121483052382256
0.00505369551484525
-0.0254556882463859
-0.0177362463721381
0.0210111956996453
0.00675237942122187
0.0166081448932656
0.00722591894439217
0.0046786648571846
0.00745116446604044
-0.0030817564535669
-0.0108191042237468
-0.00156246874999999
-0.000626009370077951
-0.00219226432821795
0.00502193957872143
-0.00655843222985641
0.00691606434819425
0.000624414630796766
0.00936034350578296
-0.00154556423774743
-0.000309535613298384
0.00898113939358525
-0.00245555540481557
0.00553846153846149
-0.00856787025703787
0.0203703382487446
-0.00272232296665675
0.0175916888810528
0.00655740705089158
0.0103641989931891
0.00615483605377598
-0.00640841791969615
0.00410433878322092
0.00291964963503655
-0.0282386333763396
-0.00179751342727641
0.0207082232893159
-0.00147012651985456
-0.00441690236798897
-0.00354930483438909
-0.0267140999321491
0.0109789871613606
0.016289501279668
0.00860792545585998
0.00794585050029428
-0.00642338686131394
-0.000881545720879839
-0.00147055882352942
0.0153166416696131
-0.0026109659816953
-0.00145430478608766
-0.00961264144406404
-0.00764700000000007
-0.028452962154537
0.0115924652712771
0.0174910132689987
0.0118552749344829
-0.0910954332482553
-0.0634870105224939
0.00240880944283584
-0.00755231745802676
-0.00415077827741261
-0.00555755451345763
0.0241006295529385
-0.0173943042291951
0.0263797648864896
0.0108217450118362
0.0143861162390806
0.00593667546174137
-0.00393445901639344
0.0171165575087739
-0.0242718446601942
-0.0361526036484244
-0.036132107230974
0.00821135308818266
0.0336402620396601
0.0280917770437898
0.00833055648117287
-0.00495700594844684
-0.0242445026820158
0.0200816889067967
-0.00266933609173636
-0.0107058886151183
0.0196144741291848
-0.0126036484245439
-0.000335908632851822
0.00705641801075263
-0.00734064088557362
0.00537815126050423
0.0117017719826145
0.0208195307336416
-0.0284881524275866
0.00399863378873699
-0.00696976458578702
-0.0153743649732621
0.00271561448457613
-0.00643199030358865
-0.0296422487223169
-0.0158005266853933
0.0324652146819402
-0.00725642683979166
0.0104420814479638
0.0203238022623562
-0.0199189729939577
-0.00275576979828551
0.0169257334395256
0
0.00781246576723982
-0.0158408830468487
-0.0140410954095516
-0.00312608533775316
0.00348425074967773
-0.044097154308929
0.00871772580030061
0.00864241987756587
0.00714027133166728
-0.0407656873720555
-0.00332594247324247
0.00296625891606439
0.020332754910638
0.146739130434782
0.00916274881516599
0.0241076385689531
0.0103943751267004
-0.00998481119469918
0.00366745098815868
-0.00121805724725954
-0.026524360564767
0.00187911055433765
-0.015942482025633
-0.00285898983481581
-0.0474673159435272
0.0264214381270904
-0.0153144993380743
0.0261416620166004
-0.0083843921315705
0.0201626341463415
0.00765062136912276
-0.00411265409324091
0.0015883418043201
-0.00888046276941123
-0.0185599999999999
0.0159765242908378
-0.00994865211810003
-0.0220421393841167
0.0324825986078885
-0.00963081861958259
0.00324152350081031
-0.01066235829847
-0.00620512716508403
-0.0305619454485705
-0.00406783050847448
-0.0081688226061547
0.0123541871089288
-0.00508474576271178
-0.0122657580919933
-0.0141428078647809
0.0178446466060183
0.00240632519766248
-0.00685874485596705
-0.00276243103461427
0.0173130199900631
-0.0102109942209325
0.0120357634112793
-0.00509680598029227
0.0249316589845745
-0.0023325224925026
0.0167000662424828
-0.0473062073815306
0.0513793103448275
0.0042637258117415
-0.0280862498992079
0.00403222446236562
-0.0277777787074224
-0.0179001038864064
-0.00911324889192955
0.0215776087725505
0.0128116694186866
-0.00581196581196586
0.0398899587345254
-0.00628310185185177
-0.0143094181134582
0.0320728888564183
0.0199542034674518
-0.0365618665811417
0.0136484682540456
-0.0348112303838677
-0.15073154646926
-0.0456730386888237
0.00881616288832898
0.0420307930906869
0.00479229214088295
0.0564387917329092
0.033483784800602
0.014925373677662
-0.0286943697523089
-0.0203101550960119
0.0154542022067772
-0.0174462502803915
0.0434454870965426
0.0162925048409666
0.00498749554684719
0.00992559411292415
0.0308880659880659
-0.0122574391468355
0.0213719062392279
-0.00843739481732686
-0.0003402995350682
-0.0262172616201136
-0.012937062937063
0.0180658873538788
0.023312456506611
-0.00272016320979263
-0.00272758267984996
-0.00888888888888895
0.00896860986547088
0.00923076923076915
-0.00711385501355011
-0.0129648247343851
-0.0300726235741444
0.00356382763948071
0.0049715553977272
0.00176681985041771
0.00458553791887129
-0.00491573033707871
0.00317572335920957
-0.0182905381639114
-0.0379792189179505
0.00931098696461818
0.0284133210332103
-0.0243989944600289
-0.00588451614988905
-0.00184983344987666
0.0196441808747221
-0.00690657942566342
0.0179355417276721
0.00755127679076861
0.00927912205567449
-0.00353610312814345
0
0.0131298438608942
-0.0301225229464982
0.0119176232604687
-0.00820838686652392
0.0626124482687136
-0.0169319330534394
0.00964512539975471
-0.0191060736644857
-0.0132173565217392
-0.0126894954991364
-0.0124955373081043
0.00433843094721609
0.00683938060333422
-0.0400428687895198
0.00409679702048416
-0.00222548227839325
0.00706319702602243
-0.00147659653008492
-0.013308614170374
0.0112401269673987
0.0196369025565024
-0.0199855014534883
-0.00667400840467225
0.010078312427088
0.00739102022878857
-0.00843723404255325
0.00147980016722915
0.0214259327669006
0.00397830018083201
-0.0140489553314123
-0.00328827171032986
-0.00549860683656123
-0.00589753062652154
-0.00519091602487654
0.00111818859485657
-0.026805732434634
-0.00803362693319154
0.00694180485923646
-0.00268096504477344
0.00729642829122779
0.0205871139916127
-0.00522977213298459
-0.010889936571158
0.00493542141230074
-0.0321117503631188
-0.00780643997632935
0.0157356412273799
0.018590201394268
-0.0444866937067183
0.0187027862595617
-0.0234375
0.0212000399999999
-0.000783431226657472
0.0297922383379066
-0.000380662352493233
0.0270372810357959
-0.00926955911270144
-0.000748428171722604
-0.00561805222404299
-0.00112990588059914
0.00829562594268474
0.0104712041884818
-0.0055514063656551
0
-0.000744361714016928
-0.0111732216014898
-0.0180790590613581
-0.0161104718066744
0.0393762183235868
-0.00412606901725432
-0.0338982686967333
-0.0249512670565301
0.0111955617752899
0.00514033194383834
0.00472073170731702
0.00156613149701901
0.031665324472244
0.0329670721094004
-0.00550253118121791
0.00442637386844802
-0.00257069408740362
0.00589101620029453
-0.00768663982430451
0.0291405005850054
-0.00716842293906805
0.00361003597075671
-0.00143881300139603
-0.0136887968299712
-0.00803502585957006
0.00110460235640653
-0.0158146739310527
-0.00822118834080721
-0.000753617153217201
-0.00452488687782804
-0.0117424242424242
0.00383292449214245
-0.00878205388384667
-0.0100153316646892
0.0303501544610836
-0.0188821752265861
0.00500388760585069
0
0.000382995006396047
-0.000765735039596538
-0.0149425670498085
0.0167250103743684
0.000382593740726689
-0.0130019502868067
-0.0135606359380332
0.00864104511551633
-0.00350467289719625
-0.0168034388432982
0.00357710651828302
0.00990099009900991
0
0.000392156862745185
0.00274402195217549
-0.0109460906958561
0.0130434787764222
0.0109247370630017
-0.026630683133925
-0.0206184782164346
-0.0129555460341884
-0.00902374934469852
0.00993377483443703
0.0176229508196721
-0.00281917035843726
-0.00282710016155097
-0.00445528536025575
-0.0292920667209112
0.00125725057597448
-0.00376726679645323
0.0827731547383679
-0.00271629802095452
-0.0287938510196946
-0.0312499611878991
-0.021091811414392
0.00380228136882121
0.0227272306397306
-0.00164604945045466
0.00618301731244841
0.00081933633756659
0.0135079819893573
0.0173667609046848
0.0226279863982539
-0.0104813664596275
-0.00549234994115333
-0.0291912820512821
-0.00528244594545124
-0.0102124183006536
0.0103177878662815
-0.00326797385620925
-0.0249999590163934
-0.0134511133479985
-0.0102257780241065
0.00086095566078348
-0.0163440430107528
0.00349803220384648
-0.00392156845657654
-0.0126859574503081
0.0141780682321666
0.000436915702792362
0.00786026200873358
-0.00346620450606583
-0.0234783043478261
-0.0169189232822318
-0.0240036684782609
0.00510445499324619
0.0110803324099722
0.00821917808219186
-0.0163043931159419
-0.00138112345216967
0.000461041933562001
-0.00783410102147009
0.00557357150145976
-0.00369515011547339
0.0254984237366713
0.0216997729792148
0.000442522123893729
-0.00663432080343562
-0.010685663877367
0.00945099052434695
-0.0222915737851093
-0.000455996352029087
0.00638681569343058
0.0362648248533466
-0.0371828942614656
0.00318037255792802
0.0131341032608696
0.00715243597888082
0.0044384374417028
0.0530270019013257
-0.00797318506084765
-0.0321489015291413
0.0196678767337357
0.0162879982854693
-0.0202445811996871
-0.0223848902281533
-0.164244789266613
0.017913593256059
-0.00103524844720504
0.0305699497704637
0.017596833463893
0.0301383399209487
-0.0191846043165468
0.0195598523442615
0.0134292086330936
-0.0132512547681616
0.00815347721822524
-0.00190294957183634
0.0138226882745471
-0.0164551010813351
0.0219884799235182
-0.0341440146933591
-0.0309927360774817
0.00449775112443773
0.0124378109452736
0.00933665847665832
-0.00535545251434022
-0.0220264317180616
0.0120119619619621
-0.0113748274666088
-0.00100055027513746
0.0090135708068888
0.00545905707196037
0.00345508390918048
0.00885391047712747
-0.0112139931740616
-0.00443786960365533
-0.00346706273070518
0.0044730614078996
0.00544289982399304
0.00492125984251968
0.00195881488736527
0.0185728748080585
0.011996161228407
-0.0180180654338549
0.00241434101469551
-0.00289012524084786
-0.0222222694578614
0.00494071146245068
0.0186823500491642
0.00482630332173284
-0.00144087415946204
0.00288595464714025
0.012470071942446
0.00710558943128436
0.00329256820319834
-0.00328176277543346
0.0197554092191909
0.0212176660516605
-0.0203251138358227
0.00414937740205734
0.00826437060310514
0.000910792391201953
0.0177434485896268
-0.0250336153315325
0
0.0114626323458338
-0.0607434297707811
0.00772200809469159
0.0277777791081311
0.00792171518740536
0.0397596412279075
0.0115606936416186
-0.0206592967032968
-0.0377019731731609
-0.00419780764002753
-0.0309133021077285
-0.0130498302054213
-0.00293824681684629
0.0176816297798807
0.0014479247803052
-0.0101204337349398
-0.00632916230140401
-0.0053895639392455
0.0197045329903711
-0.00386473411281485
0.00145484958996844
0.0213075060532688
0.0104314366998579
-0.000938432704759906
-0.00657590387149354
0.00803782505910178
-0.000469090056285149
0.0356640561081207
0.033982782057091
0.00131463628396156
0.00437641137855582
-0.0139434416582378
-0.000883694250273792
-0.00928796951402178
-0.0142857142857143
-0.00181154891304336
0.00952808486714685
0.0157303370786517
0.00663716814159288
0.00395604395604399
0.000437828371278481
0.00612691466083137
0.00739451935624191
0.00431778929188265
-0.00343938091143603
-0.0280413718723037
0.0177540604636459
-0.000872219799389451
-0.00960274989087739
0.00749228702105387
0.00831137321472553
-0.015618135167815
0.0101365795444435
-0.00392670157068076
0.0140166447656593
0.00475161987041051
0.0124677128116939
-0.0131634400494031
0.014199655765921
-0.00763686890114557
-0.0115433095999705
0.00648784574014516
-0.0150408250966909
0.00523564572425816
0.0264756498925498
0.00803382663847785
0.0188758808724832
0
0.0135858372340123
-0.0125914698378768
-0.0148086390295615
-0.000835114787677949
0.0117007521938988
-0.00660883959557368
0.0108108112603249
-0.0176881948863922
-0.0146565332770744
-0.0097748402135639
0.00643785435355593
0.00170571421297594
0.0153256704980844
0.0176100628930818
0.00988875154511759
-0.004896001631987
-0.0106601070381347
0.00538752612463855
0.0201978565539982
-0.00282828282828285
0.0222852512155591
-0.00396357510899714
0
0.0119379630695569
0.00668501769563523
0.00273437499999996
-0.0171406310868719
0.0015854141894569
-0.0213692125049465
-0.000808774767488862
-0.00283286130444604
-0.00568177782799417
0.00163269387755105
-0.0134475137144453
0.0152829828700116
0.024816965012205
-0.0277888436765048
0.00612490812576572
0.0137987424431307
-0.0448358286629303
-0.00586764434754206
0.00210796804839664
-0.000841396718552767
-0.00968421052631585
0.0114796343537416
-0.00546452267908693
0.000845308537616107
0.00211148648648662
