0.00730394660041056
0.0139931050248938
0.0204490907094355
-0.0164740111371532
0.0277500124999999
0.00158108730745465
-0.0247723138985384
0.0204208571889144
0.0114704336108762
0.00301604539770839
0.0200865891278155
-0.0182760999475556
-0.0218592356027086
0.0212425829753786
0.0064927379221531
0.013737928727009
-0.0123733559701467
0
-0.0161078514761448
-0.0164928573428675
0.0237977934352107
-0.0215584851446283
0.00812412624628567
0.00573871780857838
0.0148111321545052
0.0193803454662207
-0.00633729616638057
-0.0278729190474295
-0.0179807561166506
-0.097736011437931
0.0142602632661455
0.0156819789687446
0.0223612547196028
-0.00676991294805118
-0.00747149026777449
-0.0582409263306798
0.0122002808077488
-0.0498752840121919
-0.0104987019393787
-0.0195992039552135
-0.016233308525978
0.011917586489729
0.0422768514747012
0.0220194701147252
0.0559886156206115
-0.00993285906040264
0.0216919598239707
-0.013136915961559
-0.000806844125043282
0.00686316799524067
-0.00922217321571761
-0.00418180240854471
0.00433485505283127
-0.0484218512061215
-0.0154500914762542
-0.00230342646564097
0.0300143421350212
-0.00364239298020708
-0.0378234376621158
-0.0108139412538361
0.0228984481341867
-0.0190641253340301
0.0309187141024356
-0.00642669264895868
0.0264482391835563
0.00924234649251665
-0.0172054669071736
0.0115770150620638
-0.000558283306119178
-0.0780617779910378
-0.00484701627599293
0.027245069737218
0.0383761161172356
0.0371004270233899
-0.00921846450192632
0.0161088177722868
-0.00273331974124158
0.0111004246799997
-0.0134182436082712
0.000137408982862963
0.0262362077100462
0.0283764292380728
0.00663795375145249
-0.00310315506093384
-0.00804143989731365
-0.00235355639303514
-0.00563564853332976
0.00817180671523099
0.00209182905195004
-0.0159165292650612
-0.00464003712050931
-0.0129195654523291
0.00512747260656488
0.00469859054097443
-0.0179048112188568
-0.0287074965986394
-0.0135873513599573
-0.0167566037136213
0.00519930690928105
-0.011925302066819
0.00334452537492469
0.00478263768115927
-0.011539059237298
0.0180942363650114
-0.0339686842755633
0.0139464981024777
-0.00760895566923947
0.00383370687112938
0.0149823144834809
-0.00289429820243992
-0.0222060806326247
0.0176635735046649
-0.0100641047276576
0.0193015609561711
0.000289057531078107
0.0481214182711598
-0.00248174551884395
-0.00691085022559368
0.00737646506267131
0.010223902054044
-0.00547048664645156
0.02626507114597
0.0463620412580212
-0.000896388828090067
-0.00717762139878075
0.00284018852104562
-0.0352728887744593
0.00453692275054918
0.00690759839143995
-0.00778369362333675
0.000132987636391357
0.0203403214525351
0.0158957785016287
-0.0137232138806821
-0.0145644079437085
-0.0143837030137728
-0.0105770515309399
0.00771311210519321
-0.0135625350669728
0.0119792677917134
-0.0356469483802501
-0.00265032772631257
-0.0174825174825175
-0.0119572384341637
0.00360178627853136
-0.0110537604907401
-0.0172739442193925
0.0273265300144696
0.00560746201549422
-0.0131542032269316
-0.0247754140006702
-0.00133705248364435
0.00104135672357408
0.00341798181872521
-0.0112558506185954
0.00793887034335317
-0.00787634109263879
-0.00883768697310694
-0.00136007258153481
-0.0164952174184255
0.00892448096397835
0.00106754613390292
0.0485984620444615
-0.0169983723086335
-0.00487735708676584
0.0307440953291522
0.0015850143635443
-0.00287734130693895
-0.00966670061078334
0.00437067314059836
0.0187119373741822
-0.0150933355363803
-0.0164811194587573
0.00587977371571036
-0.0213356568756395
-0.00134394502995439
-0.021830129567739
0.00443291056046791
-0.0197838231590902
0.00993632914539178
-0.0104534968276636
0.00434983667780786
-0.00479514292977135
-0.00559521327915535
0.00922163175992496
-0.0235403592999844
-0.00586834267832426
-0.0201021378430122
-0.0296320426451333
-0.00704694654519955
-0.00304156809733014
0.00474574576271181
-0.0133265353125259
-0.0138485548350639
0.0341539875173371
0.00653812216133698
0.00483012983294251
-0.021879727436442
-0.0221995770953932
-0.0025996879965392
-0.0283232150881532
0.015915647922591
-0.015666308472693
0.0450643971768383
-0.00941136224180972
0.0264294183180067
-0.0106024406126706
0.00493282862846023
-0.00507791113480338
0.00731541353037457
-0.0418848005722818
-0.0174510488277807
-0.0134553278272218
-0.0729223832361381
-0.0204001765398195
0.0256307974695795
0.0886371907724093
0.030487823905589
0.0346328234360045
-0.0400336578631849
0.00770979498861046
-0.00191264134629254
-0.0182927519758623
0.00319433906634736
-0.0284804710504239
-0.014930808992382
-0.0295748254925998
-0.00990476190476197
0.0155829357445172
0.0359916265203331
-0.00164565737146938
-0.039743554569361
-0.00247951554453563
-0.0219884707837184
-0.0211144077765627
-0.000399460754943126
0.0043956244634491
-0.039984125721106
0.00041444261974477
0.0368683106227903
0.0137834395968151
0.0579310147783252
0.0407897567664324
0.0518968852559611
0.0204151245392161
0.0431810603534513
-0.0105481860316446
-0.0287513971894685
0.00249456174131768
-0.00116124753087654
0.0200963132386034
-0.00634970714261507
-0.0198262988665623
0.00885987963891677
-0.0210438449393154
0.0346986955078301
-0.00425326346714772
-0.0354854614011082
-0.0303184982169733
0.00245916037238714
-0.0162957946381637
0.00124688281522767
0.0250845049828234
0.0439084179782787
0.00448871140519658
0.0292949529723585
0.00916544475262016
-0.0124282668077843
0.0130687479832203
-0.0259595632113463
-0.0235447841726618
0.000669742118724947
0.034805924859636
-0.0282988357050453
0.0179730071559328
-0.0174922353275212
-0.0193011487288236
-0.00322360032615543
0.0444255489361702
-0.00782268566129907
-0.0294021184395183
-0.00152310035539016
0.00932201694915258
-0.0471871880300117
-0.0207966330350147
-0.0118790314636603
-0.0346084140397663
-0.0198113018867925
0.000384985555630823
0.0098133344272977
-0.0390625
-0.00614715447154468
0.0321229256209681
-0.0156582640634061
-0.0337784184516268
-0.0142276623124459
-0.0218556907216495
0.0219224498718897
0.0575495049504953
-0.0136532085039985
-0.0312437808977656
0.00755254102663638
-0.0241086502409106
0.00643558257984567
-0.00618811881188108
-0.00228310502283102
-0.0624089868941128
-0.0321721988018637
-0.000916941790851444
-0.0433685845172747
-0.050131951310433
-0.0255050012881313
0.0355013993262503
-0.0310309817575321
-0.0565599675475217
-0.0361346848106947
0.0684464660166562
0.0188730201720633
-0.103052460054659
0.0125072713057803
0.0586037616028796
0.0947083362121215
0.0535448686167574
-0.0174118117647059
-0.0574711952811876
0.0922256328194708
0.0111653635187086
-0.125373841146219
0.0255129405576011
-0.00743782983135
0.0152454776422357
-0.0091626620218207
0.0303108399691754
0.0181999247519342
0.0643976738491674
-0.0322061414261298
0.00570480152127395
0.0536516413696138
-0.0596680996111216
-0.00524802028855054
-0.00287767379190229
0.0358344860108473
0.012305502670072
0.0162844732240583
0.0589031130917825
0.0230179464202023
0.00812497916666666
0.0183922301796284
-0.0511363849662414
0.00684354178116076
0.0252760821887816
0.0619431945307645
-0.0206788342051828
-0.000597669310803406
0.0330875835394691
0.0262395706641108
0.013348430407002
-0.00111320960618888
-0.00260027860326906
-0.0391062003890839
0.00968992285619863
-0.0241842235771295
-0.00865456333595604
0.0113095035194641
0.0329605840109752
-0.0117759349752732
-0.0284451283575846
0.0140454800008998
0.0534530258857988
-0.0203703333333333
0.0298676359218284
0.00477243024963281
0.0478626032932918
-0.0135983086890112
0.0201484439678883
-0.00952881133872474
0.0467028527795297
0.0222259024064171
0.000163511530603566
-0.01634521085322
0.0531738285144567
-0.02382458151113
0.0223048492371885
-0.0313043478260869
-0.0341113105924596
0.00743492734031759
-0.0107346362082295
-0.0378094269243811
-0.0251982378854626
0.0101229392624729
0.0048318001998604
-0.0299198742682146
0.0594822460164817
0.0105701093496813
-0.00308643689986277
-0.00653596502469844
0.0114265931934416
-0.0130092096203085
0.00520289628858839
-0.0120773121476417
0.00698571452971408
0.0161290322580647
-0.00665640894350572
0.0419243635408186
-0.00329815308868986
-0.00347450369746038
-0.00498090652498751
-0.0168530285332888
0.00526140547391063
-0.0146884855647476
0.0334132962060778
0.0208920407744646
0.00471010232255953
-0.0239249915304721
-0.0443855573967281
-0.00363949733727043
0.00574009372968898
-0.0115876513317191
-0.018372772760358
0.0153297866427733
0.0238764224697405
0.0065157921810699
-0.0115843439253093
0.0301620130989313
-0.0659193240756233
-0.0573168705958492
0.0476913918356188
0.047696790854131
0.0403323178120132
0.000832013338835758
-0.053034129574925
-0.00140445929431987
-0.00703236626173764
0.00584279390934839
-0.0130258930993505
0.0724095059746745
-0.0350906530003217
-0.000172388831437442
-0.0186174459099275
0.011768803794133
-0.0258680043704168
0.00445553369353879
-0.025727483574743
-0.0143871972318339
-0.0242054328197604
0.0164741333748508
-0.038748174366617
0.0110465120560663
0.0283688720862132
-0.0451072117387806
0.0101503025570955
0.0316908019323672
0.00899044781776448
0.0142936702115031
0.0234260436205351
-0.00894134509804523
-0.0126307655225826
0.0332602333103027
-0.00459854961799522
0.00657432492136345
0.000352974391774952
0.000529433581416328
0.0162257139995465
-0.00676846592794977
-0.0179975362572077
0.00391453729689428
-0.00124069483306255
0.00816331883454557
-0.00246440763132538
-0.00441150536126722
-0.0060261611494562
-0.0317404232617539
-0.0182320077022469
-0.00431436870541424
-0.0348530883627323
-0.00819830177630287
0.0342451872811418
-0.0500475937211721
-0.000801221987228429
-0.0423015428568254
-0.0180029307096505
-0.00554248561074389
-0.0036442013443001
-0.0111876290877796
-0.00630985653415705
0.0291220069683384
0.0165957234042553
-0.018208434872508
0.0153485610743977
-0.0172160399492748
0.0647297358528149
0.0463483547351524
0.0281878608556909
0.00522198816154407
-0.0306122808678189
0.0235406698564593
0.00336574420344049
-0.0109951546775996
0.0165818918409648
-0.0255792580986236
-0.0116035952063914
-0.00846803326535861
0.00349380822981371
-0.0170212956088724
0.00314836678473029
0.0272655747351904
0.00534662985195022
0.00208919270316454
-0.0102349700619776
-0.0252776517564602
-0.0125737519617386
0.00318344620706101
-0.0023799881943668
-0.046322028753917
-0.00250162596411041
-0.0158829264736855
0
-0.014228116372903
0.021973309865287
0.0063238407741113
0.0263929188775485
0.0130612040816327
-0.0414987316982017
0.010298402257318
0.0524235489910547
0.00454635303419648
-0.00629673356946081
0.00930695049504959
0.0360996657622195
-0.00359784124980422
0.01102246315132
-0.00883460509709399
-0.0328086478285605
-0.0382353137254902
0.14087665934509
0.00268052184918721
0.0322580104748171
0.0186464440140346
0.0137288305084746
0.0190603574810173
0.0118129120293204
0.0176747208585932
0.00223078400990384
0.0356120338438146
-0.0302425703138252
-0.00775681518938787
-0.0028717294192725
0.0139199839999999
0.000315606758964915
0.00268184260422522
0.00235994332347489
0.00109872863127802
0.00987778315894938
-0.0144388129520998
-0.00913670447384995
-0.0096979488172354
0.0085085726680274
-0.0141674625915313
0.00274500242208942
-0.00322054760774704
-0.0208400801020976
0.0138590989298946
0.00634660689427813
-0.0483506144890039
0.0006797111530914
0.00696213290816994
-0.00792575055524025
-0.0188679408849927
0.0045044871014468
-0.0143152466367712
0.00647415550396668
-0.0184283901251738
-0.005136397540496
-0.023144010081681
-0.0169491528512694
0.00444940683072681
-0.0123662236987818
0.00840966205978932
0.00648632332257826
-0.0211747556403102
-0.0310384123401052
0.000582469446028577
0.0151338569046595
0.00363146024464833
-0.0119976580459973
0.00231301074955637
-0.01826925
0.00489715974333316
0.00877194948873194
0.0206763285024154
-0.0238545815978796
0.0186190648056814
-0.000571172886519533
0.00381019227242563
-0.0237236671801797
0.00427684689496188
0.00193569492837797
-0.0141035360936452
0
-0.0297864203367904
-0.0331246024287862
0.0106538961908063
-0.0198429718924561
0.00780267852394245
-0.0129734879059742
0.0419759186761042
-0.0113937330053414
-0.00679156204980447
0.000828864518394701
-0.013043499234855
-0.0174113286096634
-0.00640476088812991
-0.00945429717545554
-0.00672444714639686
0.0362524560766007
0.0486827597748629
-0.0156752015946625
-0.015720722743977
-0.0257207638606257
0.0142643812164278
-0.00902602873690239
0.0218174755733418
-0.00393870215842851
0.0399584191458568
0.02281368775638
-0.0105654664338589
-0.0223452837650782
-0.000606775902240675
-0.0246913782635093
-0.0309192369977015
0.00406847957026812
0.0089571765612535
0.00739799181149881
0.0205622954259339
0.0178864929664164
0.00504948515651327
-0.0186896309762714
-0.017612143452298
-0.0200125699392835
-0.00297806862276406
-0.0219756565388447
0.0344676701570681
0.0212990730197837
-0.0123889737765848
0.0292702893886561
0.00873451147674187
-0.00583973016512274
0.00688677348362932
-0.0187085097306079
-0.0170151295001051
-0.00354540138591453
0.0240686694028605
0.00633562231759655
0.00670182751008008
-0.000403490014121433
-0.0353178614594927
0.0071129708601041
-0.0305359582579137
-0.0167130712111879
0.0165614080749925
-0.0192926465469391
0.00786887431693972
0.018000389980473
-0.0455901160117196
-0.0292410051169868
0.0459875812376371
-0.00241813574771876
0.0262229831154037
-0.0274854842173073
-0.0397438498621362
0.00298912379907468
-0.0151306743496257
-0.0318901078186711
-0.0307766049531139
0.0173653431564045
0.00950997364106176
0.00458932344979113
-0.00528975715316193
0.0174039404738686
0.0216203373722974
0.0202325348837209
0.035331639738583
-0.0453544053436551
-0.0122232238878407
-0.0242820675095931
0.0160324954287512
0.0141309942093968
0.00162563860600007
0.00417342907086882
0.0150080347492951
-0.00841671993668602
-0.00527641660931422
0.0364390674252983
-0.0198041837962658
-0.0133938709056497
0.0154165212935231
0.0280987530455754
-0.0418778497217952
0.0117322058492704
0.0186448158253751
-0.00580352691525732
-0.0309834074767982
0.0194624652455979
-0.0179545681818181
0.0263827592312602
-0.0335963262050204
-0.00559967322445931
-0.00610037555373955
-0.0146364255279409
-0.00982271155617087
-0.0191144679838149
0.00394671919223688
-0.0346437337925374
-0.0234156776936706
0.00208501438845499
-0.00936283460694831
0.0133892885271725
0.00492235776799776
-0.0110853309851681
0.00364960887253374
-0.00519483116883113
-0.00443859019421911
0.00786779418127992
0.0122300806661462
0.0141387910468487
0.0154626105079185
0.0244633044317697
0.0070663009974099
-0.0256472767651934
0.0161409982617333
0.0122189644290793
0.0171415508035515
0.00284830280445525
-0.0018935384615385
0.0073512453095208
0.00588512241054606
0.0170839925111164
0.00391168899934846
0.0199403845991202
0.035955011235955
0.00477227786430712
0.0133851252158894
-0.00852147440395135
0.00752036941297018
-0.0127958629301742
-0.0129618057256036
-0.00941127181902535
0.00552364142835349
-0.0202152942305117
-0.00583085893698143
-0.000451184279215755
0.000451387938357417
-0.00293257374542866
0.0178733253874812
