0.0146190610064663
0.00997509005264607
0.0148148418432141
-0.00189251138726609
0.00514634372407063
0.0118565882011159
0.00372836228304552
0.0294507834823767
0.00180412375783834
0.00591713418876094
0.0122763177634946
0.00151584125741078
0.000756786093763395
0.00655412183282689
-0.000500876533934491
0.00726637434227029
-0.00273634321551375
0.0017460713394859
-0.00498010458167308
-0.0017517517955894
0.000250764608943577
0.00451127796935946
0.0114770203853782
0.00641336935339498
0.00220588240700703
0.0110051604550052
0.00604741170778911
-0.00336616975234438
-0.00772014456646219
0.0041331873539221
-0.00702181615064923
0.00804686701033241
0.00459600870827259
-0.00529732736087951
0.00702001919583584
0.0156250488281273
-0.0165680710059172
-0.0113116007535885
0.00219074964991472
-0.0189458109762356
-0.00148544197785205
-0.0106620376562342
0.0265663395204843
0.0239257818341254
0.00047687173287736
-0.00357478559520474
0.0105237739649899
-0.0028402130177515
-0.00213624490538233
0.00475739760329685
0.000710179890616613
-0.013721339011119
0.00239870478289039
-0.0210576927241519
-0.0163773649474456
0.00944326493820768
0.0108321519161041
-0.00925477327679558
-0.00909535398230088
0.00248074913220653
-0.0153427121999505
-0.0052776827022446
0.00960073220814905
-0.00625625641281924
-0.000251775377783425
0.0234256921051463
-0.0120601030750651
-0.00224215252222615
-0.00299622978767111
-0.0162785123966943
0.00738291770323118
-0.0169319686631286
0.0169665543976065
0.00176946406042822
0.00302798377421176
0.00654083018867935
0.00674833825285348
0.00223435953908546
0.00544961618651518
-0.000985489036708587
0.0130703579055576
0.00462507280306368
0.00629995153864771
-0.00818685307456901
0.00582668137476761
0.000965508085928102
-0.0074753072709115
0.00388726919339177
-0.00750246853823811
-0.000487588416854035
-0.000731958978679614
0.00732419451475086
-0.000242317025803129
-0.0133333090909091
0.00712533152026196
0.0004878262752952
0.00902226330271949
-0.016674770017526
0.0152372085337236
0.0229967798838835
-0.00496921462230082
0.0152199765807366
-0.00398217390447808
0.00823139698965192
-0.00699787746671043
0.0124500352360817
-0.00255211148733703
-0.00418704330369646
-0.0140154633493234
-0.002132196212561
-0.0040360399818623
0.0100118710366657
-0.0129808594047878
-0.000717336202773922
0.0081359174889708
0.00474723463690396
-0.00732345819402502
0.00904336030461672
0.00117922164248951
0.00259128380232543
0.00704887201482918
-0.00536630878753352
0.00140741258720589
-0.000702717280457232
-0.017815236755743
0.00453455825610716
-0.0159183178902353
-0.000241380987029527
0.00144894952909946
0.00892208804142536
-0.0105162045889102
-0.00072471010991737
0
-0.014503239412696
0.00809413784645563
0.00583946500435362
-0.0041122883405903
-0.00728683542807074
0.00782970413089568
0.0126244237102313
-0.00263728129075247
-0.00889418311991275
0.00339556148435616
0.0060430264936675
-0.00696773202709589
0.00750053193803391
0.0115273777984479
0.00617288713610842
-0.00802265200512864
-0.00428163643478507
-0.0157668414771418
0.00679609206805587
-0.00337512054001909
-0.00556359458151923
-0.00243257109139927
0.000487710338342273
0.0151109679529848
-0.0105642972117984
0.00800781383178362
-0.0129995422965925
0.000243853658536741
0.0248720080405758
0.0071378302911691
-0.00307113144005988
-0.010663530552997
0.00670656287425131
-0.00380680475390915
0.0121806069305137
-0.00849459630734783
0.0159447643979056
-0.00327945662402107
-0.00658047018990526
-0.0104092264017034
0.00573746087796034
-0.0192536724506773
0.00751337893908754
0.0630261967765215
-0.00362072875358077
0.0011356575320387
0.00113427853292736
-0.0249263987100296
0.00278882181707707
0.0146001615480804
0.0301507316160514
0.0133038365101479
0.021444178961834
0.0128534490145673
-0.00930623962153621
-0.0115286293766013
0.00907131769052527
-0.00663529523468986
-0.00193923723335476
0.00323836355785834
-0.0174306215315125
0.0260621550591327
0.0175026688368269
0.00692263507122437
-0.0093750208333333
0.0143007573985436
-0.0095376321791415
-0.00628007117437723
0.00463446377428967
0.00503252264693899
0.0093887127060297
-0.0111616574790893
-0.0075250836120403
0.0282224094355519
0.0114707292093403
-0.0044552651993669
0.00752642392188774
-0.00666258846482104
-0.0154471948079838
-0.0350949016328428
-0.0483526295099431
0.00472120053956848
0.0344596337986045
0.0168721176725071
-0.0168048720189267
-0.00584162687491074
-0.0261153639583164
0.018547530726257
0.00482661233757731
-0.0235807428729419
0.0263864260647042
-0.0130719602147295
0.0112583225443339
0.0030561012212158
-0.00848748621354767
0.0144863912535911
0.00627427506979061
-0.015050462913372
-0.0325256705408061
0.00789706678700353
-0.0123124921563685
0.00747964658838729
0.0146231042829448
0.00620849251478894
-0.0200528862923559
0.0130424552947501
0.0162042178957651
0.00458722159430369
-0.00173955200088927
0.0165540840775431
-0.00278545115857953
0.00773530279898371
0.00447759042739482
-0.00488219051406935
-0.000426621151309314
-0.00725567632830382
-0.0137575021496131
0.0233217082972601
0.00404681567525422
0.00742475620332517
0.0124236676174494
0.00686351884927117
0.00764302829993802
0.00943015599487818
-0.00873275756568814
-0.0710920083775454
0.0238199823555358
0.0150797292149818
-0.0182512949543993
0.0108084743107857
-0.00556026542173937
0.00193548387096776
0.006653831294269
0.014925287210009
-0.0151259880305037
0.00981226514905575
-0.0126742289818337
-0.0216089421647864
-0.0129018368685763
0.0163934872927223
-0.0074106362813724
0.00790516012505149
0.00261433539806832
-0.000869187309865405
-0.00282735972161807
-0.00327147233463343
-0.00393875264904253
0.000659028998242439
0.00197585075687945
0.012269982740359
-0.0051948483724058
-0.015013033398891
0.0318091230395405
-0.00706482567040956
-0.0116429708572019
-0.0152705279232112
-0.00310144003326196
-0.0251111333333334
-0.0148164580537145
0.0180471768151971
0.0131818636363636
-0.0284881324141708
-0.0277072263286257
0.0066492043065971
0.0205236853154915
0.00231167370835283
0.00691879596589495
-0.00389367842418686
0.0142561271898769
-0.00612108351573137
-0.00866790602189782
-0.0177174417330291
0.0159287893166735
-0.0260548080713583
-0.0246212346296764
-0.0133494899672454
0.00664196769289216
0.0109970924241003
-0.0309402714754717
0.00399102020453967
-0.0290682732919254
0.000767630462250146
-0.0317054965045896
0.00422498030697072
0.0178806210328852
-0.0278997165564381
0.0257772249328401
-0.00129531094794355
0.00907919608506358
0.0329048312131193
-0.00721754604280733
-0.0167961398043655
-0.007139265498744
0.0220852599405563
0.018593015542538
-0.0234336698709009
0.0103561505430663
-0.00649995000000003
-0.0279315788660504
0.0559150904500365
0.00931593504986683
0.0179743025491523
-0.0033404915294678
0.000239382331816973
0.0172331502449294
-0.0183529176470587
0.00431450133474343
0.0198090205341754
0.00234032295810915
-0.0165772348084411
0.0349003094705678
0.000688208304656879
-0.00550201754933555
0.00875972778331668
0.0025137341185435
-0.0139047415980109
-0.0011557790640675
0.00995140036915987
0.0245187906626672
-0.0013419145905148
-0.000224031344948195
0.0100806677885454
0.0230650033266799
-0.00476915229201935
-0.0113265301677193
0.00903282681279638
0.00131008736484906
-0.00610551665709724
0.0136024346817711
-0.000649415570359024
0.00303233714673334
-0.0049665082062943
0.0156249342176678
-0.0102563891080425
-0.012089853195164
0.00764866729233682
-0.0214704397859371
-0.00199468089527222
-0.00421938716898473
0.0127118644067794
0.0171768112750497
-0.00368042874389318
-0.00217301173402873
0.00370213430758426
-0.000216923410718217
0.0104166445131664
-0.0373711546956367
0.00602409638554224
-0.00643160345974725
0.00558035726741868
-0.00133178693300307
-0.027339496450789
0.0141682593312733
0.0130689046176453
-0.00867435517514137
-0.010769575947947
0.00204127920163288
-0.00701677229515618
0.00683836350212808
0.0129047775822855
-0.0107287433737708
0.00542254882162441
-0.00134833707865167
-0.00315031510239239
-0.0126410160867048
0.0150891625473635
-0.00788295009536266
0.0215664250071834
-0.00711111111111107
0.0176813115487915
-0.000439850441173339
-0.00924096789348816
0.00377530543582738
-0.00066378317115523
-0.000885477125768253
-0.00354531346010822
-0.0144541024137402
0.00270755866425998
0.00247524758045103
-0.000673378241826561
-0.000898472596585931
-0.0159622302158272
0.00685400959561333
-0.00363058770138425
-0.0132087907082669
0.0113085155177237
0.00410771337288907
0.00227268181818174
0.00272115658599348
-0.00361827219316446
0.0204266450198221
-0.0569394363198273
-0.0334906116278014
0.0275744509516838
0.0249346705073694
0.0282669369786841
-0.00270398822208218
-0.02688653533152
-0.00789412584165317
-0.000234004212496974
0.0201311090793279
0.0045891920794312
0.00137051168045943
-0.00935218978102204
0.00851943357126417
-0.00114152970642756
-0.000228525714285777
0.000457155900450257
-0.000685511914328862
-0.00594555225245808
0.0299056583872634
-0.00871116819298645
-0.00405588093609999
-0.00882352921213736
0.00273907777358873
-0.092875073981334
0.00401505666323998
0.00274933780301612
0.0107178467277629
-0.00764480906645648
0.0101888662928
-0.000492029496087176
-0.00566081699087329
-0.00321787112782812
-0.000496647628507652
-0.00397515527950298
0.00299324020952851
-0.00547120132979872
0.000250012490622176
0.00550002500000013
0.000745872681604309
0.0032298385093168
-0.00643888047452001
-0.00199396814541308
0.000999025949075305
-0.00523959554692643
0.01178833739123
0.014625681705503
0.0034204739799657
-0.0092525200876552
0.00737289278380171
-0.00609904825083929
0.0186548346266651
-0.0125301204819278
0.00170812591508063
0.0233860907036807
-0.00357050719212137
-0.0014333970035022
0.00837327771227936
-0.00830374812319112
0.00574167477850884
-0.00166508083574957
0.0126280435399559
0.0148235529411764
-0.00834688132745454
-0.00911851765256033
0.00778664445996591
0.00491685799383879
-0.0132805225200616
0.011098040665787
-0.00747314339093885
0.0301176235294116
0.00799456391033737
-0.00997058667639728
-0.00183103689244768
0.0016051134692705
-0.0112179716117216
0.00486230620195194
-0.0124424187814555
0.0104992998016964
-0.00392523657526578
0.00254986097704824
0.000462427745664851
-0.00878208920730295
-0.00722772224825663
0.00798487515336421
-0.00489280078717613
0.0168579025253548
-0.0073681556527746
0.0264439567050812
-0.00316381920903963
0.000680072530490516
-0.000906230197241342
-0.00793646294496431
-0.0121142628571428
0.0286903741626474
0.00607289712264714
0.0221328191370447
0.0126858702387167
0.011231123352724
0.0237078171721485
-0.00083457124973918
-0.0273542916549236
0.00837267031461275
0.00596123044579011
0.00126986243386251
0.00528429496334182
0.00925145060446919
-0.0027083541666667
-0.00960933799058583
-0.0103354144695211
0.00426259608962476
0.0137945885779838
-0.00732681599330132
0.00421765095814641
0.0130198028773583
-0.0149254139748998
0.00989061447811435
0.0114606996682352
0.000824083213348148
-0.00658715493671647
-0.00849564892232291
0.00250789979134391
-0.00667081495370414
0.00377754443745881
0.00376324466806421
0.00416581979445207
-0.00103710850522953
0.00186877076411962
0
-0.010777202072539
-0.000209490886234898
-0.00146686920647809
0.00209859382587219
0.0167539057591624
-0.00411948515179161
0.00206831445990963
-0.00784315773285538
0.00748907842729363
0.00165182737972347
-0.00577196478136333
0.00207343976777952
0.004345106379263
0.0177173667548958
-0.0234817804258389
0.00145105715377047
-0.0126267850832791
0.00419289299385972
0.00939448812549104
0.00455019667219014
0.00741198270537358
0.000613100347435225
-0.00510620925462024
-0.00554300976273892
-0.00970268393275564
-0.0133416507537701
0.00464815108184435
-0.00420611996227382
-0.00633577640277827
0.0104144954392029
0.00673117360683273
0.0039698703725477
0.00936526554350192
0.00206181443298958
0
-0.00493821007976181
0.0117865795743057
-0.00490498671571626
0.00205385093558941
-0.00348436147808229
0.00637599766301933
-0.000817514817085585
0.0163632648059575
-0.0134835784560994
0.00265201958384331
-0.00732453683318268
-0.00266450086770853
-0.00328812166050141
0.016288680412371
0.00872387890598758
-0.00321802085241318
0.00383371662966669
0.00241204020100505
-0.021255224007524
-0.00061466911258623
-0.0106601273198057
-0.0113965814917771
0.00188639702130367
-0.00481169466133247
-0.00504515450914444
0.00253536858080006
0.00505791348666151
-0.00859719036689444
0.011209856413068
0.00543817181681305
0.00124820054087782
-0.00457097434924225
-0.00313091212690453
0.00670025153686149
-0.00519966700500551
0.0052268448577526
0.00270376444659881
-0.00808958739036691
-0.00188205771643668
0.013199266708569
-0.0138544662147546
-0.00901658647549974
0.00782909470288162
-0.00734835172478798
0.00169208971429979
0.00823477600855638
0.00753928795811509
0.00270216165657522
0.00248754135623797
0.00723734476349591
0.00123180047694116
0.00553621078531874
0.00652528534817942
0.00283628438338157
-0.00262628282828281
-0.00222809402933144
0.00994725984357525
-0.00422108542713573
-0.00928540554530866
0.00244496730053112
0.00162597557670763
-0.00771097824088829
-0.00429453970165483
-0.0055453071584578
0.00784801767236742
0.00717219276992198
0.00162762963875362
0.00995330083282564
-0.00985520897314551
-0.00365632744261624
0.0069317024858655
0.00911117653596238
-0.00401286115569821
-0.00382751820764549
0.00262893826837329
0.00262196439604834
0.0203178841343368
0.015575650323824
-0.00757132625010004
0.0107589790837046
0.00348364635121534
0.000385747362998901
0.0104106614692627
0.000763232207594111
-0.00419448991049598
-0.00919012062033309
-0.00289858937198073
-0.0029069187173224
0.011078697549491
0.00346022683583236
0.0101532373533861
0.000379290726341797
-0.00341232227488153
0.00513600913068291
-0.0024602763058289
-0.00284572192839549
0.0032343796949319
0.00265501611985597
-0.00226969930527143
0.0022748625592417
0.00775487058359881
0.00150153906722106
0.0041229571940975
-0.000186674125170816
0.00597347395930559
-0.00204119506478384
0.000185979921643264
-0.00167317342120887
0.00446923641584296
-0.0133481277965911
-0.00563703484334777
0.0359032893387488
0.00328347318496891
0.0129090727272727
-0.00143597202362189
0.00377492353451525
0.00805875716332372
-0.00568484623050536
0.00142930138593345
0.00338988409259389
-0.00906831404451236
0.00556255158801355
0.00731620258179522
0.00637732495345755
-0.00528081314415041
-0.0161033451107183
-0.000719370529473795
-0.00503963273866759
0.00506515928120765
-0.00737939151584965
-0.00942884825280699
0.00732194751378445
-0.00981277502839861
-0.00293631848279241
0.000368047105906655
-0.00515175731929185
-0.000369909376733868
-0.021646586894479
-0.00208020041451962
-0.0214137009664582
0.0296281764064326
0.0144818700200064
-0.0018538932490525
-0.00612930906389297
-0.00336378259629166
0.00712538881959923
0.00223427671260978
0.0107746234153956
0.013232879985297
-0.0141484307246793
0.00183998166844468
0.00422404032646395
0.00402344550109723
0.00255007276684616
0.00145345200847657
0.00562411113251282
0.00306689518311387
-0.00323741018839607
0.0046914833883609
-0.00341232040229889
0.00234271031383271
-0.000719111843205833
0.00629719300837728
-0.00107278741283745
-0.000178951139770067
0.00232726454838406
