0.0434584160411193
0.0355106752915781
0.0376799743023468
-0.0203998562785795
0.00124943878971795
0.00831948816298245
-0.00247524757451567
0.00744420919299649
0.00821018045972632
0.0183224156792607
0.00919636080056718
0.00039619651347067
-0.0257426128577771
0.017886219190725
0.000399341560326061
-0.00319357392804209
0.00680815015429515
0.00278438793439006
0.00436332863137423
0.00197472361471895
0.0173433579646325
-0.0151104411983508
0.0074744488974019
-0.00351427127408965
-0.00274292766486184
0.00275047201063128
0.0109718252353355
0.0135658912166257
-0.00497133785494286
0.00768639508070712
-0.030129634833758
0.00314583306903593
0.0168561924814905
0.00231301119568883
0.016153827107628
-0.00302802752950171
-0.00417615801196514
-0.00914984718979894
0.0103886676457758
-0.0148515219886246
-0.0212601661264067
-0.0229067746839201
0.0226354283896664
0.0225296250067417
0.0119829921082204
-0.00687544036255672
0.00384615377406372
0.00421455930828052
0.00267069912398399
-0.00646876059716694
-0.000766046021255629
0
-0.00574839552054385
-0.0323824481304602
-0.00916329977655672
0.016083639684036
0.0277008246678643
-0.0100115988802431
-0.0101127877596296
0.00785853924691216
0.0109162077952654
-0.012726597645996
0.0101562411064835
-0.00309354044828913
0.003878972430714
0.033230282457994
-0.0067315188450251
0.0131777178275834
-0.0163507485272196
-0.000755608471755154
-0.00264648207049345
-0.0155420632626557
0.00577588995289569
0.017228180548823
-0.0090327537535978
0.020508943597527
-0.0189803303901891
0.0049317474089432
0.0366175585354513
0.0254916197600663
0.00994320782592251
0.00457098837929371
0.0028001717335866
-0.00383942113002778
-0.00665825617191329
9.28246574272151e-07
-0.0151675177533869
-0.004656191060051
0.00467797259422342
0.00322344035656141
0.00928239106822137
0.0212239112195827
0.0138552179762592
-0.0105910396860636
0.00241715861206271
-0.0272132366007946
0.00141644658056217
-0.0130834909498544
0.00465691671074042
0.0096300227477184
-0.00565170821383143
0.0294849282122827
-0.00310560405807492
0.0141917491674963
0.00546074603949975
-0.00509164523050387
0.00545886631444747
0.000339377447848399
-0.0247625779604471
0.0149565594077279
0.0195338927039519
-0.00403357711577701
-0.000337544811898516
-0.0114786876726639
0.0027322046485494
0.00885557804066961
-0.014517188984265
0.0452209420111218
0.0193379369499129
-0.0048231468174823
-0.0151857698925059
-0.00688980546603735
-0.00198301210028118
-0.0115855836373201
-0.00870641943102901
0.00878377597459457
0.00837153219144282
-0.00298905632257662
0.00966111935772518
-0.000989739320786165
-0.0211360762069235
-0.00674764866637667
0.010869555501327
-0.0268817294101121
0.0300414774873181
-0.0147502706040017
-0.0119088018581313
0.000688671047458955
0.0144528938656447
0.0210311884768846
-0.0136212503291697
-0.00875714938636196
-0.0108732983537204
0.013397479737258
0
0.00033896622882712
0.00271008433995568
0.00101471242433626
-0.0114786876726639
0.00239069155029292
-0.00613290675524991
0.00891330943143509
-0.000679611160148474
-0.0153009211876981
0.00725046617664082
0.000686571515855716
0.00342494283692663
-0.000681978349828749
0.00409979059670462
-0.0214358765075487
0.0146036540999721
-0.0174777752179182
0.0045343695372555
-0.00694443833403058
-0.00629373479610196
-0.0137226844112501
-0.00356760291091363
0.0153956005201805
-0.00952042581282786
-0.000712048556218869
0.00106879049294872
-0.00427044151366063
0.000357397817839056
0.00321544858329159
-0.0267094118517055
0.00804973701441636
0.00834848534430987
0
0.000719906662990821
0.00179857710447684
-0.0229802658352571
0.00257261717114954
0.0223606834403234
0.0100394142399771
0.00745478453466486
-0.00845666909466858
0.00390900545884665
0.000707946728332631
0.00176865783176683
-0.0105932284325506
-0.00107061072257064
-0.0335834444782369
-0.00813306168059258
-0.0122996897114733
-0.000377339767694496
0.0460550920186236
-0.0422230046374517
0.0116804717814751
-0.0119180345652932
-0.0139465179857093
-0.0145259625367316
-0.00349109409101678
0.008563616836331
0.0115785498946854
-0.0110644323508593
-0.00308730056949613
0
-0.0085130451710238
0.0156127879461365
-0.00691778668209297
-0.00503097415238285
-0.0291715410624636
-0.0184294713472015
-0.0326530724283888
-0.00675102845956199
0.0335599095754207
0.0226058360701775
0.00643086237292478
-0.00838657396153675
-0.0294007761072427
0.0120331543351462
0.0135310946456322
-0.00485442357606147
0.0304878179237391
0.00197238484357976
0.00236130088909148
0.00510608708355131
-0.0046893697684095
-0.0180596026296198
0.0183927051152439
-0.00196309203296896
-0.0574351526539837
0.0029215944152583
-0.0145651339125511
-0.0135135630162074
-0.00727737017401642
-0.00431219972999575
-0.0454742331701909
-0.00635210360738436
0.0474886100194978
0.0235387979526744
0.00425894360515255
0.0161153099929687
-0.00709513825837083
0.0176544763092246
0.0280875464263808
0.0128565493238475
0.000396648665762056
-0.00872321654134522
-0.0231999809590639
0.0106470106470107
-0.0186385737439222
-0.00206440957886045
0.0310302228932327
-0.0148475704154352
0.0272922359703607
-0.0261697789250041
0.0179153338452802
0.0123999891228166
-0.00869218972944963
0.00239136943255747
-0.00636269543903645
0.0120048214217461
0.0110715310377876
-0.00625645623367066
0.0102313010025725
-0.00116864144568141
-0.00780031186422303
0.0102201255903864
-0.00389106947210904
-0.0187499619273879
-0.027866279757116
-0.0237509838387031
-0.0289430131618599
0.0112311017483042
0.00384453178996114
0.000851043092364501
0.00510208236161835
-0.00803724549122886
-0.00469081077486411
-0.00171381690206696
-0.00343343456399703
0.0159345175340158
-0.0127172734689246
-0.0193215972520395
0.00919437446018234
-0.0164858582809186
-0.00661669537295662
-0.0346358575786219
0.0160992884161011
-0.0131272083425861
-0.0238531902132978
0.00281865322279851
0.0520150409868263
-0.0146993746250331
-0.0298363480783533
-0.00419386782543474
0.0182498207577977
0.0128668298651526
-0.00771238596348001
-0.00411524486075721
0.00045826378416125
-0.00871961831482837
-0.00925840192043892
-0.0144859687729588
0.000474134845438234
-0.0521327030637082
-0.0374999923854842
-0.00519480072344425
0.00469976028502139
0.0166310900453046
-0.0521472405630308
-0.00755116190353833
-0.035326138055866
-0.0247878263734453
0.024841081061785
0.0349493188821692
-0.00490198277334508
-0.0465243680233867
0.0614236239641881
-0.0308283436140251
-0.041294589590692
0.0366714821886063
0.00842222686414562
-0.0378619618399698
0.00752319797478695
0.0390579485666664
-0.0270876269830168
-0.00681729576466428
0.00915328203257015
0.024942405252147
-0.0127211853728174
0.0386554065267908
0.0242727652836594
0.037388092039949
-0.00456844975075099
0.0137684476134274
0.00100598627776671
-0.00100497528641907
0.000502993138883356
0.015585707720791
0.0247515369922768
0.00386567618092282
0.00818091247219388
0.0210024150816397
0.00935015531988648
0.0138944745129526
-0.0150745079698285
-0.0287569984883533
-0.0081184031676107
-0.012518043432064
0.0365665437271789
0.00235279722402848
-0.00891601638587092
0.00520830545190076
0.000471008182696853
0.0362523224416522
0.0181735643244865
-0.00580093329270304
-0.0152603313474095
0.00592528984303287
0.00951514807050624
0.00807894362296868
0.0120214262471463
-0.00923888301364084
-0.0226466023885785
0.00817813826496439
-0.0157728568065302
0.018772877017261
-0.00674158902986277
0.00904978802400636
0
0.00717485976725341
0.0151371424367046
-0.00394649216738674
-0.0096882338904607
-0.0115597838060101
0.00359869336200691
-0.0174808916675017
0.00912410150662701
-0.0212478080660525
0.00415706283356987
-0.00459981198604742
0.0295748804326796
-0.00179535239934403
-0.00854317989189346
0.0090703090675972
-0.00224718904247845
-0.00720720087877269
0
-0.000453697995760005
0.00499316445322773
0.0316169990218202
-0.0245192842954902
-0.0157091565375015
-0.0196078213509363
0.0120938845822567
-0.00045953603679405
-0.0308045707831269
-0.0218216122040683
-0.00387977211059698
0.00389488337047172
0.0106683215999781
0.00575909276283038
-0.0219466374765288
0.0121951352868144
0.00144580536192018
0.00769970439908008
0.0319962210824112
0.00508928414980403
0.0133526248782265
-0.00817804969994385
-0.00503891041897342
-0.0055249241066998
-0.0194444052124532
0
-0.00188859544074971
0.0255440161599592
0.00276750270863202
0.0335786947468601
0.0307075604874607
-0.0125215360602113
0
0.0244862040615452
-0.0674349353908449
-0.0329519164174319
0.0184562307641409
0.0357815984174836
0.0107671944716035
0.0155348283193819
-0.0218531486032678
0.00848975893785453
0.0119627497558337
0.0214535923038888
0.00557217782148411
0.0127877336668387
-0.00589218928498858
0.00381026479480351
0.00337412139470561
0.0084069067322956
-0.00416839977570282
0.00460441247134691
-0.00124995829783536
0.0154359271657651
-0.0164338392611948
-0.00292395363298681
-0.0293255066705579
-0.0120855064027499
0.0131070540775995
0.00560590167823172
-0.0192967441491894
-0.00174903588448161
0.0109505152516898
0.0160311601704917
0.0157783001723086
-0.00587742898566113
-0.0050676247181497
0.0042444992581574
0.010565482498359
0.0087838735739858
0.010364832821308
-0.00369308184411365
-0.00535423629495091
0.000828217169063006
-0.000827531793024194
-0.000828116272787449
0.00165770621534289
0.001241146470365
-0.00743796981310907
-0.000832679283861659
-0.00916663835758913
0.00378471009990777
-0.00418935517922814
-0.00126213491714233
-0.00463350528958273
0.000846339703491239
-0.0101480033666709
-0.0290482443446467
0.0140791896395436
-0.00520604809766101
0.00872221146117047
-0.00129705782441891
-0.00303025821623526
-0.000434215844591246
0.0125976872873375
0
0.0111540852189387
0.00127274120070875
-0.027542369643929
0.00479300291520413
-0.00867301955486943
-0.00174971583132866
0.0048203072594315
-0.00218054755206765
-0.00218531273039224
-0.00394219915204341
-0.00923479895138957
-0.0044385223769664
0.0178332427548868
-0.0122645958663657
0.0088691935450409
-0.00131863731842163
0.00748236601568442
-0.00611622377210874
0.0123077243404088
0.00303857984502498
-0.00432811836679481
-0.00391306126715163
0.0013095132750891
-0.00915430743814882
-0.0180378192171081
-0.00313624150836878
0
0.0157303232973489
-0.00707961834806681
-0.00623887534195822
-0.000896838349252693
0.0139138115796675
0.0141655258803091
0.0170231620612549
0.0133047093425489
-0.00635325528555886
0.0106564481844929
0.0257276011273475
0.00698918334041809
0.00245087509264774
0.000813809669417465
-0.00610411343918293
0.0085995007053099
0.00893216859264157
0.00724349359397691
0.0111865269324616
-0.0197550396722592
0
0.0104796951744253
0.00558431980196139
0.0019833382191885
0.032858303302117
0.00843232332016997
0.0277461355559636
-0.0295858082010767
0.0106707593388133
-0.0199849354335032
0.0150057766955412
0.011372259885126
0.0236131535720137
0.00805568591343819
0.00617419106705941
0.00144492295189824
-0.000360472376043863
-0.0100973933926977
-0.00291435170596221
0.00219216138541167
-0.0138534681132894
0.00739370881495649
-0.00183486077743467
0.00698530590170288
0.0319489619394093
-0.0117241379310344
0.00261690509420798
-0.00887422987864572
-0.0165027917223103
-0.000357015351660217
-0.01071425
0.0148014254584323
-0.00231236210757091
0.0153325191656266
0.00965757665219358
0.00347827826086955
0.000866533780476075
0.00606057142857153
0.0117039763065052
-0.000510360675575972
-0.00340427234042551
-0.00871046983280055
-0.00792555120734739
-0.00399451184458111
-0.000871822175128933
0.00872600364268772
-0.00138404846685203
0.00155925153223735
0.0077840683656103
0.00652250279857536
0.000852660314677012
0.0027261714555491
-0.00645704354994192
0.0169317253817047
-0.00369991597208075
-0.012491593096165
-0.0082051282051282
-0.00293005860048268
-0.0110630773055514
0.00996329330472445
0.0041537037755921
-0.0141330403309204
0.00874125858843944
0.00814552845501693
-0.00722018247275857
-0.00761903030303035
-0.0116908390910688
-0.0061793433294377
-0.00799433277679273
0.0114613180515759
0.0182365084985836
-0.00382536963398972
0.0150113629776338
0.00103176264723093
-0.00498197912698817
-0.00725134693547469
-0.0140869739130435
0.0178162289260226
0.010745216451556
-0.000171450617283964
-0.00788892114750606
0.0141745899455346
-0.00102261806792636
0.00272989246323352
-0.00527481708354605
-0.0143687994247144
-0.00954527958252827
-0.00560714911512183
0.00616736563876641
-0.00875656773227906
0.0102473855211089
0.00524658971668401
-0.00104387613082801
-0.00539876368508407
0.00385223246625399
-0.00819816821216934
0.00105517057588522
0.011770942086119
-0.00416742490015631
0.0120314389548888
0.00861474830091757
0.0351895620910563
-0.00594052824886238
-0.0210823532177172
0.0059352042405425
0.0365812879298719
-0.00796880767705943
-0.00819672131147542
0.00942148760330586
-0.00638611429507119
0.0271918589321027
-0.00336921214923114
0.00144880878056686
-0.00176822057174453
0.00837360735502757
-0.00303415846429511
-0.0181002883229217
0.0185970639249113
0.0225816627575539
0.0219264219867321
0.00367813026819919
-0.000152618725076215
-0.00534523494142158
0.00322430538419938
0.00306098886201345
0.0141898075344855
0.00255751462979537
0.0115546970521412
-0.00623061823286641
-0.0183608902331958
0.00593065675393389
-0.0170824635802732
-0.00415252249242648
0.0169883861003861
0.00911160240278219
-0.00300973677997296
0.00905657358490575
-0.00658181021935111
0.00647480762085184
-0.0143626429899846
-0.00425013680556185
-0.00609757640541397
0.00306756149083887
-0.00259937300919355
-0.0272880870479186
-0.00141843969395683
-0.017518954900269
-0.00642573493975906
-0.00873075210123697
0.00326206160068399
-0.006990668411337
0.0111328745536059
0.00712440113744828
0.00418003208713769
-0.00848541480123954
0.00242212175036327
0.00596003524613287
0.00272214567298401
-0.00207596617815342
-0.00592099516975531
-0.00177078238523465
0.00741820698010676
-0.00736358240173551
0.0172553464684839
-0.00887764715035988
0.000639811260396694
-0.00159849741690377
0.0011207172769887
0.00383817373801665
-0.0125856300780629
0.00242015166182652
0.0136809751540161
0.0125436646554462
-0.0265014583660028
-0.0114369036263884
-0.00602898820317721
0.00491801639344258
0.00734096259936323
0.00744937651821864
0.00369715485769406
-0.0259448915109688
0.00394608681354813
0.0117916473666615
0.0249271774834441
-0.00315857548957676
-0.0033269804075885
0.00906056270863131
-0.00488345935727785
-0.00443246808397868
0.0227381304299272
0.000155503731343209
0.00404156679491496
-0.0153274200543378
0.00110062896542851
0.00345533229010009
0.0195648774387991
0.0124347253981381
0.00181960584471286
0.00923263205690961
-0.00239956508698269
0.00165363807818575
-0.00105056285684679
0.004957947865323
0.00224251759967875
0.00447486568504063
0.0126226024723852
0.00762570735809609
0.0114976133240812
-0.00561149640287772
0.00361742144961053
0.0012975201658374
-0.000287933777736393
-0.00820969321618914
0.000726154505864773
0.00667535877664438
0.00158569980168521
0.00259068785590011
0.00373232823816672
0.00429066087787922
0.00227849612249376
0.0110827938796303
