0.0271548518866556
-0.00426402858154484
0.0731415026868534
-0.0113328488002283
0.0172747661813815
0.00539596906509976
0.000315722188341638
0.0170427334234295
-0.00667183894515921
0.0143705879898746
0.0117030332090224
-0.00639266391442894
-0.0179227637549444
0.00389954759164635
0.0209757299413342
0.00502209716971702
0.00666265889366047
0.0037605293128522
0.00569455991182855
0.00804650561694986
0.011086474173349
0.00350872796758117
0.00247667544400731
0.00566776647777267
0.00231219663203164
-0.0100922288048986
0.00917560389306127
-0.00274214168361764
-0.0117220987473834
0.0203543561230874
-0.0134902698048222
0.000581917386730302
0.00523407975042289
0.00795491767363199
0.00660065987657732
-0.015110562648309
-0.00188156039262188
-0.0201565983201364
-0.00266391889891948
-0.0143938420298834
-0.00105389945961765
-0.0550112601359837
0.00446569370868111
0.0230231819625279
0.00558747477882959
0.00802588350014055
0.00444036148952276
-0.000609756116151217
0.00335572005356077
0.0088173002252554
-0.00045206448987245
-0.00633194613803856
-0.00182070994867478
-0.0196078580390963
-0.011937984496124
0.0164757414090697
0.0208397348076526
-0.0201118109834483
-0.00216047829503963
-0.00726882107832838
-0.0109051250691659
-0.0133879819376914
0.00894000652841642
0.00253164552956253
0.010258854004753
0.0251523347866791
-0.00944838420687055
-0.00230772307692306
-0.0363916125332803
-0.00320052798206028
0.0370845555131714
-0.0448915958170772
-0.000324165310791491
0.0293450389105059
-0.0114979363207454
0.00605482810882174
0.0169464684343754
-0.0065410061756892
0.00031352876134938
-0.0164551478380324
0.00509885293495382
0.0129993654724361
0.00657273844842754
-0.0164801305970148
0.00173887137966711
0.00173585295464496
-0.0171707781978575
-0.00176310308964756
0.017341072853903
0.00757574167336283
-0.00422932330827075
0.0235960358659744
-0.0141385892116181
-0.020420919082746
0.00254614894971361
-0.0149206190476191
0.013213019445488
-0.0106552479221493
-0.000803713242303772
-0.0210746782496782
-0.0336893848377776
0.00748304434494962
0.00860901388895985
0.0192468953974896
0.00459766815771201
0.0124223439032363
-0.0032288828419258
-0.0132815674349994
-0.0106696983148292
-0.00481168076986904
-0.00866957319106354
0.0216952744987433
-0.0001645761316873
-0.00757331223005231
0.0127737228396438
0.00917284208309321
-0.00340852128861346
0.0151465793111862
0.00417131384016334
-0.00127819140437768
-0.0011198048670551
-0.0043241672697657
-0.00755986834678679
0.000162042136757856
-0.017987376729661
0.0193069643335633
-0.0979439695645135
0.0091528892829702
0.0128045705139606
0.00491657585747896
0.00471780534684618
-0.00991304347826083
-0.00140526962936938
-0.0112576784963123
0.00676038083544528
0.00194382399717252
0.00811285699977327
-0.011021710986704
0.00583764383225982
0.00650719299143176
-0.00611565612441023
-0.012306627772387
-0.006763990744037
-0.0213261294144468
0.0197765607072595
0.00843959433362529
-0.00320512820512819
0.009824919614148
0.00831418730433731
-0.000877175438596445
-0.0352941521458445
0.000546086649910738
-0.0172821717794766
-0.00981114402073313
-0.00186956433465812
0.0117999814909155
0.00944092928544982
-0.00660188898958158
0.00239987086578819
-0.00736642739164695
0.00222630789512768
0.0124027952610144
0.000548582931954478
-0.0036549889682933
0
0.00348494130594279
0.0356424974527965
0.0414754324038122
-0.0120318424684577
0.00771871368299681
-0.00936168510638302
-0.00601379714752925
-0.00743301667875595
-0.00888188815332247
-0.017220172201722
0.00750935097443239
-0.00443655738905258
-0.00124775405517841
0.00749602012307737
0.00372008850805861
-0.0345922873279209
0
0.0179158863269491
0.0152657866379309
0.0191049357704747
-0.0303766701896082
-0.00322235941241744
-0.0129310524425287
-0.000363901025544067
0.0496905542353576
0.0162996884445876
-0.0061423134935622
-0.0116738197424893
0.00399511898558269
0.00657441187845009
0.00807841182536961
-0.00102305196852337
-0.00494966717869949
-0.00514578053423298
-0.000862051724137891
0.00276100081516817
0.0058509721932376
0.00513257476248796
0.0282553191489361
-0.011421933454726
-0.0177495141033237
0.00409140811455844
0.00560268232248951
0.0109741853790311
-0.00150300598692377
0.000836243504996892
-0.0217245822192514
-0.0384352572867226
-0.0355302889406592
-0.019893202801746
0.0315730131849843
0.0307889056438131
0.00106039232731026
-0.0104166668505769
-0.0249776454054887
0.0208599992365965
0
-0.0181036383204223
0.0178897228530437
-0.00591818529118315
-0.0113657044921522
-0.000364963510309568
-0.00547643310471768
0.00936127019089583
0.0176395156341331
-0.00464614018309761
-0.0229803047938905
0.00735027590408954
-0.0222546880700475
-0.00951488841473458
0.00659255980410611
0.00823357051335272
-0.020972549722113
0.0089099715639811
0.0315670982418808
-0.014754134253037
0.0158994453688297
0.0163784710395183
-0.018442220893186
-0.00492522801897122
0.00971591218544288
0.000181517785711183
-0.00780540933018714
0.00622027076472742
-0.0110909272727272
0.0106637619169656
0.00800434768047387
0.0115502436383326
-0.139161447621078
-0.0252849948186529
0.0229641085044463
0.00187071291060681
-0.00456433600488937
-0.00604420591913291
0.000838771248453885
0.0467211187932119
-0.0102081267055271
-0.00707791694483484
0.0160896340566044
-0.0204449793634993
0.0130959487025977
-0.0070692388232374
-0.00264444670463793
0.0120334491542617
-0.00624744067407179
-0.0198742441720899
-0.0163459749080913
0.0124106013375977
0.00457089124099541
0.0293692256202369
0.000803717098653678
0.00963661895931289
-0.0113342610591715
-0.00362027345896487
0.00383526435536408
-0.0201085863663785
0.00389899445926534
0
-0.0259606715437724
-0.0136411746635394
0.0140425531914894
-0.00419641208560628
-0.0058996840686828
-0.0220432598558711
0.003901192108825
-0.0148963514680484
-0.00219158443586276
0.00922473114923639
0.0191512727061747
-0.0301089886778139
-0.0066049980891677
0.00221635643210027
0.0057496460471107
0.0235268029903255
-0.00859284658631243
-0.00823406248173075
0.00546209307406609
-0.00999563233376799
-0.00373138709983778
0.00286408906948865
-0.00505270210896325
-0.0417310434592394
-0.00622122091146449
0.0143751213917198
-0.0194285257142857
-0.0128206054629089
-0.0129869899875792
0.00406703359012051
-0.0364546572205229
0.00544018312166616
-0.0184456468273487
0.0190427962916564
0.00147533815959355
-0.0157132334888287
-0.0384135944125717
-0.0274966803501085
0.0381433962046736
0.0277492820015048
0.00325002500000005
-0.0156990028482681
0.00886070886075951
0.0351317959915582
-0.0067878545454545
-0.0407615806501934
-0.0150127230283135
0.00723335074227194
-0.0223134894940502
0.0157398220288516
0.0253099167017066
0.0420654397464624
0.00580135377813273
0.00937272267789657
0.0228571190476192
-0.0172252797305699
-0.00189488389637893
0.0280019228287118
0.00138506463527244
-0.00484100957028566
0.0208478582741654
0.0192874517812571
0.0353962615937784
0.00537518836272577
0.00363562889801661
-0.00149156190070321
0.0145113099762844
0.00189314257692175
0.0272937008756309
-0.0110361945636623
-0.0214920649202742
0.0255544466971256
0.00350080305805589
0.0178534373076134
0.00302423399291274
-0.00180904522613068
-0.0259766612968183
-0.0105436843196959
0.00940242353943965
0.0188366793865313
0.00528238510194257
0.0373888843977366
0.0064289496813188
-0.00851720867208661
-0.0269426195442675
-0.0702247191011236
-0.0397065170479068
0.00269660674157302
0.0136710222696328
-0.00685390227724958
0.0425201265592221
0.0143070248000416
-0.0225263157894737
0.0111996769330174
-0.0249201698632553
0.0253385763507772
0.0232211338564365
0.0112429941961898
0.000205929586164277
0.0164676609111709
0.00141757793808073
-0.0295247516779626
-0.00333402778353697
0.0102445741064363
-0.00434600579470201
-0.0276450212503633
-0.0119708852494843
-0.00497617903556524
-0.00195694707732341
0.0108932457127127
-0.0157328441494464
-0.00109478874949809
-0.00131516881444915
-0.0120720585585588
-0.00333252625338942
-0.0102541014209964
-0.0132883102122383
0.0022825610070174
0.00683213391027127
0.00746441998336156
0.0154916700608068
0.00420070749502544
0.00242186272223077
0.0188886452644115
-0.00344899770314733
-0.00173043478260859
-0.0078006713845864
-0.0155055467240544
0.00709849125561268
0.0218061003609649
-0.0267298345921499
-0.0150609295654073
-0.0137171123517629
-0.0020520063371634
0.00868179118117429
0.00996597916348918
0.0121103610675037
0.0261466867682985
-0.00323906276745711
-0.000433297227036222
0.0156047250889622
-0.070635978006061
-0.0266360511282675
0.0120312104749047
0.0333333317793318
0.0218812758005289
0.197571770365823
-0.108387115207373
-0.0181930332477369
0.00694878892614081
0.0190296946884148
-0.00164165811615014
0.0199382725616333
-0.0143087266083984
-0.00756489470455934
-0.00906475053430666
0.0133056970189478
-0.00984825564840952
0.022585993476419
0.0166160087787643
-0.000996591628327326
-0.00259371513554907
0.00500099999996007
0.00676751565415956
0.00850130452742959
0.0374436399703446
-0.0238094869164583
-0.00387148664343773
0.00330357565689021
0.0290528756720341
0.00677585155701377
0.00878663268698343
-0.011860619196824
-0.000937734433608339
0.00957385019710899
-0.00111561921003367
0.0266195266824361
-0.0155938525623264
0.00349970522196164
-0.0172540198237886
0.00205455730193216
0.00521897464234944
0.00203969961060624
-0.0122131751996081
-0.00262268635026819
-0.012584560008093
-0.00456530340498384
0.00802595039075293
-0.000947848341232183
0.00360527507390374
0.00378145214183112
-0.0126201167828217
0.00553225889096765
-0.00626063377462793
-0.0345551921619857
0.017797132687364
-0.00369150954553132
-0.00799531996870739
0.0112050326558881
0.00505447132687542
0.00599607338498886
-0.0301864845293784
0.0392545408258236
-0.00896598660686709
0.010972069086197
-0.0158035224676314
0.00870574596064522
0.0134254126088496
-0.0068130204390614
0.00209603658536595
-0.0302338847689676
-0.00941176470588234
0.0154394101346
-0.0222222031622262
-0.00318979266347685
0.0104
-0.00989707046714172
0.00339862055177931
0.00458256633956089
-0.0117016268029205
-0.00260889012205945
0.0903420102546879
0.0103340286092273
0.0157077808219177
0.0136665705148973
0.012950133279229
-0.00875656773227906
-0.000883374589518482
-0.0183908226063806
0.0100883087763757
0.0169431068307473
-0.0121009821115399
-0.00621342069187225
-0.0010718470882457
-0.00071525395977301
0.0114530957148695
0.00849256900212314
0.0312280526315789
0.0112283091396446
-0.00740240591188435
0.000338983050847563
-0.0123686716367334
-0.0104649337714027
0.00728151872399452
0.000688485393751659
0.00877198157502534
0.0187552934780804
0.00334729707112968
0.00350290236025175
-0.00581780252659569
0.00183910714196434
0.0161882682305832
0.0193792251499298
-0.0380216046399227
0.00452187245891578
0.00616868956318783
0.0225352285844318
-0.00226865989740177
-0.012343657625467
-0.000986696250835473
0.00510289711934164
-0.0173599898892894
-0.00283330000000004
-0.0110313217104689
0.001014061213928
0.00945468512578085
-0.00133804981873131
-0.0313180209565905
0.00587828492392806
0.00446887246476457
-0.00906911377599451
0.00431704368848207
0.00309491059147193
0.0102845217689407
0.0110281813883302
0.00100691391173013
-0.00922051938908575
-0.0160743829466796
0.00601888199419154
-0.00837610256410248
0.00534394088412138
0.00703017832647457
0.00374597309722469
-0.00729433405777202
-0.00495557074504449
0.0066975613944702
0.0109177586304634
0.00742495806361654
0.00536011716314722
0.00266577807397539
-0.0181123296776337
-0.0198003384667457
-0.015193318894797
-0.00788921795425623
-0.00600812864463696
0.00355557333333323
0.00372008850805861
-0.000882439110483579
0.0040628686793347
-0.00140749472202673
0.0102184993029775
-0.00313916986396945
0.0101469909027292
-0.00744719406140648
-0.015529628066138
0.0090393835178797
0.00351310381169867
0.00735161898561842
0.00225892271518546
-0.0194174583911234
0.00813293832862572
-0.0112241143458436
0.0358283250119134
0.00410953753049537
0.00306959418604347
-0.0210812308738524
0.00347337605163678
0.0129802702142656
0.00375877334288011
0.0221276425531916
0.00766026657219432
-0.00677573977113677
0.0472545939186222
-0.00746739764009208
-0.00352170636270688
-0.00642573493975906
-0.0206951987290283
-0.000660409443619003
0
-0.00545180911038834
-0.000332242519398007
0.00847455965437027
-0.00148296262123848
0.00676567679094653
-0.00835925285557304
0.0161983471074381
-0.00797003903708526
-0.0159042788685266
0.0136621126291236
0.00115055884286641
0.0152684288294205
0.00339584411384219
-0.0161160357150046
-0.0221129897152005
-0.00502510879354923
-0.0419192241778039
-0.0087858021437357
0.00106365892572247
-0.0116876215390894
0.00913812920376045
0.0158025390625001
0.0117112744574597
0.00259153416393332
-0.0210235743757293
-0.0073930996762348
-0.00496538402137592
-0.00980217412578543
0.00107987759035488
0.0102481123741121
-0.0115678592555235
0.0122434279394414
0.00942723213398722
-0.0213215682819384
-0.00594169956892854
-0.0211917772358592
0.00129533676359483
-0.0206985581094334
-0.00434051691487003
-0.00265350654486385
0.00627141783107987
-0.00207745038569496
-0.0158970476911431
-0.00269228846153857
0.00887001525510978
0.0131880351681957
0
0.00565936637084952
-0.00131305568724338
0.00356870760448147
-0.0254538648699233
0.00115231419243322
0.0138115669708121
0.00813625385567662
-0.000938419687282699
0.00864172459139589
-0.00651888631996433
0.0290588488938883
0.0109310076686282
-0.00072086859899545
0.00108200178391349
0.00810666575776131
0.00482489286677779
-0.0122710119153476
-0.0079222720935852
-0.0107078043814084
0.00366907003005212
-0.0115152076679804
-0.00110950439683777
0.0149944835246205
-0.0164144075719713
-0.0202113851288707
-0.00643451930355798
-0.00019043809523811
-0.00952562356541731
-0.0315446035181918
0.0212512421549649
0.00388955674405111
0.0073615073103741
-0.058653826923077
-0.00367724200863651
0
-0.0104572893172032
0.00455868232733847
-0.00701322194719456
0.0103863732942744
0.033305901178164
-0.0278550946221686
-0.00388872280211372
0.00390390400262586
-0.0216946782297446
0.00397495824215377
0.00729314410114013
-0.00579228382292107
-0.00520183093629145
-0.000209203091210974
-0.0100418202937619
0.00464921808960272
0.00757259134260435
-0.00459294344079575
-0.00272653104026843
-0.00946374362699776
-0.00467084945523777
0.00725255957225768
0.0158831000448305
-0.0233479878393166
0.00747071536694621
0.0110169489191325
-0.0138306786707738
0.000212473433649052
0.00254937327384752
-0.00381438872249173
0.00765796671593133
-0.0303989662317704
0.0156760722839102
0.00643084645526915
0.00915867925114644
0.00401010966631254
-0.00105108261509346
0.00925923821548813
0.019808194741622
-0.0184011858515639
0.0114560096419916
-0.00864913491249719
0.00436225601084872
-0.00806616372559099
0.00583826117260755
0.0147180549453543
0.0130745451874454
-0.00584797338173026
-0.00304253555867207
-0.019125187421152
0.00705247888513738
0.00823897030358323
-0.0034729723498883
-0.0395654169652606
-0.0136605982352442
-0.00930534536475547
0.0117955660068931
-0.00107944732297061
0.00410631078452561
0.00344382271725818
