0.042481696923236
-0.00066616671883446
0.0324443763353202
-0.0189410251520215
0.026546731900664
0.011968401924356
-0.0105596408589601
0.0156883131463714
-0.00126088045756345
0.00568124162407146
0.00554451296606273
-0.00478571588819698
-0.00386781289081806
0.014901804153203
0
0.000620442751315453
0.00516692178546196
-0.00298144361721531
0.000309404340096853
0.000515421129509752
-0.00278179470576723
-0.00268622783240402
0.0031078316098474
-0.00268510781031628
0.00165679796021956
0.0155070815672489
0.000407197339629128
0.00620737764233459
0.00202269443143099
-0.000100938687174978
-0.0168567677708026
0.00472275127247568
0.0215614868416798
-0.00710214040980606
0.00433203683536321
-0.00942925068890543
0.00577214177695873
-0.0183245570902456
0.00399998956520875
-0.0205332922671115
-0.000730047825231228
0.00594926405062934
0.0132807740747898
0.0304116524685929
0.0052668288725386
0.000494196922845136
0.00760798383814376
-0.000196156316098928
-0.00323652401381269
0.000393574675549235
-0.0093439163832697
-0.00794282141965519
0.0031007110976593
-0.0190562239344405
-0.00233924307952915
0.00723827337255889
0.0182185630472944
-0.0166003470307283
-0.00485191366637194
0.00711013873277788
-0.00463940292055121
-0.0160097452935474
0.0114303776713582
0.00773768359465143
0.00272783880828031
0.00141059196049409
0.0312908886291807
-0.00595121022751532
-0.00971641702567416
-0.0107036462323922
0.00350631754032271
-0.0240591217143212
0.0205605621925631
0.0150346061961479
-0.00513477730699674
0.0157815952687963
-0.00576506769322049
-0.00157245468130451
0.00836693017975931
-9.76379170909425e-05
0.0104461965390266
0.00850243024197339
-0.00364059859916244
0.00596155873172832
0.00076465427280481
0.00630373612612156
-0.00930140184091233
-0.000766489460644726
0.000862897032469112
-0.00718454161245796
-0.00829799788593577
0.0175131462941513
-0.00516353949721748
-0.00951554929299669
0.000776313788774852
-0.0122175818817324
0.0124668816936677
-0.0191002661015139
-0.0051398528132065
0.0179831413998703
-0.012590320499314
0.0159138067783529
-0.00554583585468726
0.0159475873387471
-0.00789674904605719
0.0231022722916847
-0.0104364416147341
-0.00230102019792844
-0.0204689477030446
0.00235452168439965
0.00773221487605236
0.0189394469401885
-0.0057192455994749
-0.0102578455136697
0.00261527967191411
0.00946764228318209
-0.00344532145833554
-0.00268890301309088
0.00519975834132502
0.00296963839745512
-0.0135625261744681
-0.000290443805981089
0.00523175659848674
0.0012507468768328
-0.0213625760540817
0.00865291591372341
-0.0121838684071061
0.00848534520067101
0.00802425297852727
-0.00495095505228182
0.000390244579915322
0.00380339059351353
-0.0115612753217919
-0.00805974470507076
0.0156559724904577
0.000780479351733421
-0.0101384168285146
-0.00541662368470097
0.000198069625002129
0.0109889704123052
0.00558166872636923
-0.00370043491170413
0.0208190667562118
0.0191497368411022
0.00385196112886321
-0.000748695648999376
-0.00898956341862067
0.00396760234022464
0.00122375246853812
-0.00413689146813956
-0.0101963642456084
0.00515073410378974
0.0029417493222561
-0.0140978480459683
-0.001341816440252
0.00480317149655085
0.00401857002907335
-0.0120040097829602
0.000192788405129374
-0.004626950510076
0.00290527329963797
0.0116841075960199
0.00124080575743846
-0.00810298841860824
-0.00586256677787478
0.00638052172701475
0.000960635796577902
0.0127638798250533
-0.00180039145281818
0.000284773506380898
-0.0057891246059254
-0.00630012555109127
-0.00710854265121741
0.00174148911704997
-0.016322174299831
0.00117818553386928
0.00853191632381245
-0.00320883465702926
-0.00126823978560331
0.00449310254040358
-0.0181835690933522
0.00207980938059382
0.0121565640010586
0.0132799663875609
0.00298738107918606
-0.00230595146647872
-0.00260016832113186
0.0190209564958457
0.00786432117986768
-0.00911912856252184
-0.00626187069178175
-0.00400989811439867
-0.0148580970725911
-0.0109954847409702
0.0251869791205495
0.0128598589296265
-0.0015159869809287
-0.0031315580657153
-0.00333175268594421
-0.000764070023396624
0.0106098543039277
0.000567436651683906
-0.00311935499682847
0.0174473847831151
-0.0179869649083152
0.00161510170710888
-0.000191206688905821
0.00530703131511379
0.00188707867890803
-0.000660340243457957
-0.0110158930923334
-0.0228484395501669
-0.0366329054781305
-0.0364077994166605
-0.0141687590554748
0.0415203111284981
0.0210569513008314
0.00130142373703701
-0.0074985131881411
-0.0333417733656278
0.0213631107463601
0.00571195892459198
-0.0200872722704992
0.0333367597194876
-0.00951806103957831
0.00698133862019357
0.000703123844169262
-0.00401517740935931
0.0110846907645115
0.00638130995377284
-0.00426083524236331
-0.0247687288511816
-0.00305997060014784
-0.0173930727826715
-0.0150978914941411
-0.0102548016782794
-0.00106817118959568
-0.0206372369127519
0.0101538876007943
0.0234544517691504
0.000212946490486976
0.0193221092238434
0.0190595096847248
-0.00172805475460103
0.0130332963986175
0.015881054174957
0.000890481870412074
0.00336098231019877
-0.0165517239739911
-0.0156281606919784
0.00244253023504792
-0.0149238883348357
0.00154595511101041
0.0113191909025805
0.00498576516397953
0.0385726330197482
0.00536163909284393
-0.00339377112022865
-0.00321071772963266
0.0110297702596736
-0.00617878067312005
0.0033045999139738
0.00871420451458782
-0.00508734881935113
-0.0027031351061737
0.00222675195065314
0.00386100389847077
-0.0124038656069849
-0.00301820668973685
0.00839847701799457
-0.0124927561310978
-0.00872807707591505
0.0185991796867435
-0.006507391144562
0.0173037539146768
0.00941766280723444
0.00561685977505366
-0.00984565931944903
-0.0135768427512966
0.00445869944085442
0.00414935803008443
-0.0010571210761815
0.00192404064628704
-0.0100815935580691
-0.00678959272545687
0.0209961532743508
-0.00353900531144069
-0.0145900938633812
-0.00750052592198514
-0.00127587589235201
-0.0346911346855004
0.00763508350026298
-0.0051507573020676
0.0569716137050198
-0.0170061591037834
-0.00469334323719084
0.00756159610942531
0.0152047348732076
0.0076804372583128
-0.00295351135937694
-0.00305775957768029
0.00968259102743607
-0.00835390149234083
-0.00852177831956469
-0.00965530323425545
0.00818955335187965
-0.0113141767724967
-0.0294405240333649
-0.00806210201741653
-0.000101615646909914
0.00762221360942061
-0.020873247323249
0.0168897416796225
-0.0149905400483166
0.000719690577498655
-0.0111990127872028
0.00353281992488874
0.0128391303843201
-0.0136986026838015
0.021040582997184
-0.0157326850453227
0.0104166560821726
0.0533818617730635
-0.00310080002347324
-0.0215785269877116
0.014901675011991
0.00381753780797389
-0.00409561918277401
-0.00587484624617718
0.0117206942343806
-0.00116648422061105
-0.0103313839143622
0.0191039590873192
0.01420568815102
0.0112434494897364
0.00320360478193016
0.0075138100679828
-0.0195767100411233
-0.0145478807826822
-0.00328064081152757
0.00861570755473018
-0.0111334677523588
-0.0163059680721137
0.0445979665968168
0.00585618237762442
0.0139919300764599
0.00157435909792381
-0.00628752825404977
0.00102350581626021
0.0125487951384118
-0.00523271835093619
0.00618311368412261
-0.00476931950047921
0.00156666936088801
0.00506076539062827
0.0163874399413595
0.00972795745673927
0.00517396979863172
0.00266240247828642
-0.00681541290978938
-0.0079315082569168
0.00251523047365754
0.00268815877266992
0.00241466077721175
-0.00107156140909082
0.0105310134210881
-0.00600551272078509
-0.00684138031322612
0.0114510937708123
-0.0122943516202704
0.00402968340514231
-0.0016054345781128
0.00973735874042014
0.0151287450389457
-0.00191738181431766
0.000960567729492601
0.00724068246216092
0.00294645450169551
-0.00535577786294228
-0.00225734032307978
-0.00652629068338839
-0.00805816441354124
0.0136865675142279
0.00557489638445507
-0.00710324353479574
-0.00305357366924419
0.00350049627336824
-0.00139528440879333
-0.0137979365424591
0.00610996353321935
0.00140817870375187
-0.00544905131366857
0.0157299224585516
-0.00721942205858761
0.000701060274594045
-0.00867146889989057
0.0144876041837572
-0.0105363818982193
-0.00827249529793905
-0.00328331380110969
0.00801279862404414
-0.0037095718285115
0.0139184371681904
0.00306024839693708
-0.00461995222824751
0.00122603773865637
-0.00437333929959849
0.000966390368275949
0.00517813760759811
0.00227014276713078
0.00653368168191859
-0.00164448111724624
0.00624190980597339
0.00982166778104387
-0.00452180631577259
-0.0132842278285922
0.00330065747343466
8.65205206466158e-05
0.00233727049014587
0.00112272415801096
0.00983437725650704
0.00205026002500852
-0.00622340396537802
0.00643391380671043
-0.0369928025671872
-0.0134537674389336
0.0233285815419169
0.00350518981533221
0.0162501850519483
0.00154746666689709
-0.0109012893913859
0.01379851417408
-0.00607774553556084
0.0235121585749405
-0.00227190712171754
0.00379518210810081
0.000252101156201334
0.000335985414346762
0.00117553287680594
-0.00285161951053592
0.00386915492427287
0.00444073669873668
-0.0101768442335055
-0.0257037438984516
-0.00103795694330033
0.00398306195211906
-0.00853820374420433
0.00695896327878209
0.00492398056034316
-0.0038683210770446
-0.0037107244272887
0.00485056703485576
-0.000517154378246842
0.00362222253859446
-0.00283575283502702
0.0018958405893208
-0.00197827608572876
0.00293025573721484
-0.00232018968383685
0.00637380956176559
-0.0052208153940565
-0.00387164931044504
0.000691018953041356
0.00215775432156318
0.0040478753886064
0.0036884435220037
-0.00213655612186303
8.56631399870356e-05
-0.000171302995395251
0.00359747120106246
-0.00128021912332377
-0.00264913304247893
-0.00496960011588132
0.00223893482283444
-0.00584246228051888
-0.0127041530833226
-0.00367651216250831
-0.0159022682840381
0.0132131020535236
-0.0166534698465579
0.021774241001963
0.0109620023006127
-0.00884804635987524
0.00245057330514808
0.00288105949949991
0.00922784790252029
0.00776327568270618
-0.00727548987487325
-0.000344887650386205
0.00232880348380049
0.00817484405555113
-0.00827929062522326
0.00344264310680975
0.000673723722830477
-0.0100819127079212
0.00330784305295539
0.00303660414651041
-0.0749935033734667
-0.00130913593960846
-0.00955059898266108
0.0155984213991154
0.00772597970771649
0.00683537766792197
-0.00880733027522929
-0.00157347277329256
0.00370811151270667
-0.0012006835097631
0.00758276315500983
0.00275333152306656
-0.00173898953434037
0.00330063262125257
-0.00548293886502804
0.00918864266859054
-0.001365765248734
-0.00483222100656455
-0.00632160318238018
-0.00101420801230134
-0.000922916491424397
0.0277136258660509
-0.0056628943820225
0.015729505991787
0.0073869792863388
0.000530064483963866
-0.00185429580573948
0.000707731770101416
-0.00751419711330803
0.00739290123967851
-0.00893016815084291
0.00107059509574792
0.0027626593241481
0.0116424194358979
0.00298687511223994
-0.00280283792244618
-0.00447959603828896
0.005293859371585
-0.00236970331104613
-0.010732832070605
0.00382392184501357
0.00168323002347348
0.0304236490669498
-0.0073813405307469
0.00501514042343021
0.0101522926055504
0.00579160188087546
-0.0133795753536988
-0.00145915369566296
0.000343828445722227
0.00781924749491103
0.00358085085189819
-0.00433269904284006
-0.00238907002702393
0.000598699976029682
0.000341918118504481
-0.0109373580358657
0.0021598272138228
-0.00129312068965515
0.00284852831849003
0.00275434670339125
0.0022317768240343
0.0151592751771279
-0.00826791536545946
0.00255206288680387
0.00135769200437319
-0.00322010841081077
0.00374056797774114
-0.00711439823833315
0.00708005611839835
-0.0012704896030914
-0.00076332793610967
-0.00347985061958911
0.00468439639947538
-0.000678212959293045
0.000763522245423864
0.00381450365504366
0.00582674389168614
-0.00663253289704868
-0.00270453008789717
-8.47627118644168e-05
0.0101703874933534
0.00125844447926093
0.00318422165859622
8.35449374911867e-05
0.00776748498035196
0.00986237328485418
0.0145260978994846
0
0.00533890943199555
-0.000965521411051884
0.00322160105600511
0.00120424696859733
0.00264615510100352
-0.00175944496353619
0.00168241467713526
-0.00111973127345222
-0.00312274003621382
0.0220883534136547
-0.00722984675834981
-0.000949916869311784
-0.00103000555447275
0.00142766495197244
0.00261360680162204
-0.00315975995449114
0.00673586644368229
-0.00244016056013729
-0.00804863864794514
0.0100230849576253
-0.00480428443881009
0.00633114113381494
-0.00519034271184826
-0.00664028458498023
-0.00127330888832378
0.000159338645418394
-0.00597514354625106
-0.00216395773416589
0.00626505220883544
0.000159674330776349
0.000877901016490767
-0.00430588456085212
-0.00432450538180895
-0.00120648272811885
-0.00491222419069104
0.002104086752448
0.0035532180642297
0.00152894507593815
0.000642792870342301
-0.0111610646285446
-0.00527813227319318
0.00759183673469388
-0.00283559912501019
-0.00276246339352504
0.00839171432934194
0.0267431936675251
0.0213250783549721
-0.00377525253429978
0.00618718469789981
-0.00169101452616383
0.00970121613407682
-0.00183014337219867
0.00221549284410205
-0.000914665738018572
0.00099176007520918
0.00160066314635654
-0.00213072819022198
0.00594828773170542
-0.00128874986615868
0.00121442989166431
-0.0031083322111447
0.00372645053895915
0.00022729959773593
-0.0156805778229142
0.00369398178091451
0.00751415438604752
0.0033485694070885
7.59253663811243e-05
0.00219941590294637
0.0121840548825796
-0.00373831775700939
-0.0024015534709193
0.000451455677124679
0.00345884639977267
0.00434621216214803
-0.00402890400678135
-0.00561839817145859
-0.000150700612072452
0.00625378235191554
0.00179700482672396
-0.00396141735353861
0.0084796941497709
-0.00111610983790533
0.00171331936407482
0.00118988621112615
0.00898752844880302
-0.00684623106143223
-0.00489217982678281
-0.00134072998137802
-0.000596718101163463
0.00201500104429431
-0.00990616750730555
0.00782372718548174
-0.0123161453137557
0.00733060723009182
0.00315112928245087
0.000673068546021449
-0.00321381158713441
0.0056234537610953
0.00424997779041081
-0.00348950176717644
0.00409777228358088
0.00415521246107553
0.00369467222796604
-0.00419647347130281
-0.000517470076795479
0.00710105766549218
-0.0088137866535638
0.0103742795933519
0.00997433766156175
-0.00334040357720689
0.00903464480874305
-0.0109033789117128
-0.00138708574644719
-0.00489800449072342
0.00653834875618386
0.0124808850624365
0.00605534165185029
0.00343934513383992
-0.00771198267626316
-0.00208699615278518
0.0023797649438202
-0.0126618345323741
-0.00473629391080232
0.0122996416223629
-0.00614743599775991
0.00480282353082284
-0.016150028734791
-0.00662501995031206
0.0045943683866847
0.00981033363817696
-0.00357918204145435
0.000952928642975692
0.0020507837582795
0.000365355923421129
0.00555278751928068
0.00297891437263265
0.00166626348640864
-0.00462861778755708
-0.00813783302558191
0.000293077440959522
0.00388135472981288
0.00357459142727468
0.0103946567364788
-0.00230220863309361
-0.00562445225967101
-0.00500353176230017
0.0126812179231213
-0.00921193974548995
0.000581114267176774
0.00682397096188736
0.0156463982169386
0.00631832311288982
-0.00663140740740731
-0.00404795829909754
-0.00477750981255309
0.00723647595718768
0.0082515506010592
0.00649075044127434
7.00546734879737e-05
-0.000841066809295077
0.00364787084571305
0.00384418797155717
-0.000139179784820254
-0.00201955423316624
-0.00411692839462607
0.0032931684186297
0.0012570221208601
