0.0193353201697022
-0.0231178842796246
0.0285193823158258
0.00294981657541138
-0.0341176375332474
-0.0420219376282297
0.0349650479683261
-0.0202703409651883
-0.0771159187474083
-0.0156250438321297
-0.00897171470334335
-0.0487464074679855
-0.0278184860130423
0.0843373587633756
-0.0138889585873844
0.0147887955372137
-0.0208189804319756
-0.029057299193216
-0.0226278383384593
-0.000746816968935637
-0.0119580019417351
0.031769917009802
0.0102639314683368
0.0312046410596636
-0.0253342070519359
-0.0115523301561621
0.031409782291081
0.0162889970614053
0.0355399947388122
0.0504710285840591
-0.0422805176265084
-0.0220735394886847
0.0410395224430309
0.0151118514858346
-0.018123089429989
-0.0210942358383792
-0.00875421811682986
-0.0366848042071363
0.0183357042563528
0.0083102674608555
0.0096153857516359
-0.0265306404311739
-0.0104821732357046
-0.0098870070226923
0.00285303238390555
0.0604551938618936
0.00737762493167105
0.0139814175237951
-0.00196977242101704
0.00526309355257459
-0.00523553842405067
-0.00460532005304748
-0.00660941862338826
-0.0153026566640055
-0.073648679675861
-0.0123996827950181
-0.0206794701192343
0
-0.0384615883674768
0.0196078748891759
-0.0353845815843207
-0.0175439198269783
-0.0211039190019764
0.0290216349374131
0.0757452743602327
-0.000749054595666543
0.0194902765299225
-0.0154412419589253
-0.0149364678744062
0.0432145540097788
0.0021803311547528
-0.0246556203325679
-0.00594788310700656
0.0359012186614427
-0.0469314577231152
-0.0522727453433183
0.0167866426439642
0.011006290584251
-0.0357697948028203
-0.00887099817842951
0.00325463895948985
0.0559610888936426
0.0391704271369135
0.0103475055288642
0.00950988539982056
-0.0514493948002769
0.0336134332281808
0.0110864677339548
-0.0175437735947775
-0.0126487837107272
0.000753570318146046
0.0466866966468569
-0.0215827195647658
0.13529411913543
0.0343264536674781
-0.0463368562199218
0.017071473953725
0.0264687022410675
0.0270441302377442
0.00489889909633368
0.0219377856586263
0.0250448299049066
-0.00174517938734553
0.00990663872332265
0.0219273259640929
-0.0112930147805678
-0.00285547634376393
0.00630003756451103
-0.00341487031483556
0.00799543202394126
0.0135977629832609
-0.00894362699014561
0.037789084912945
-0.0195651665714438
-0.0238359153134924
0.019874925953026
-0.0122492953474636
0.00845546152731558
-0.00894362699014561
-0.0276367297146253
0.0150812224738299
-0.0137143151533695
0.00811124090053528
0.00229882261480574
-0.0114678494050711
0.0092807292607493
0.00344833280480583
0.00171819206304846
-0.0160091495470086
0.00871585653852702
-0.00288014922066981
-0.016175721458607
-0.021726303895471
-0.0156062588622635
-0.028658502552929
0
-0.0131827293220195
0.00381685697320933
0.00506964658143394
0.00189152808912696
0.00818125512972934
-0.00749065319634312
-0.00817610974861249
0.0120482650683775
-0.00877203857454645
-0.00948166306767106
0.00701991783926981
0.00570335240411324
0.0126023498453343
0.0112009671951714
0.0676923376646204
0.0023055467792259
0.0500287369655921
0.0115005963059278
-0.00974550752475911
0.0114816376392037
-0.0081081023268349
0.0299727617520615
0.0137565369791424
0.00991655207509878
0.0103358803210676
-0.0219948818043197
-0.0271965922888622
-0.0155914849813864
0.0267613840797805
-0.00744680938688402
0.0150052686300566
0.023231339288545
0.0196078709898166
-0.0278340170864561
0.0229047268120666
-0.0758270122923085
-0.0528634582442736
0.0116279662982841
0.0218390126058501
0.0275591088364746
0.0120416403097454
-0.0156841485135791
0.0109889715123952
0.00380439508855734
0.0308607583027127
0.0157562924593144
0.0180972557911789
-0.00964953848608618
0.0251281638619818
-0.0110055413304271
0.00101170857954114
0
0.013643261988606
-0.015453622407521
0.0151898623902764
0.00798003844780171
0.0118752498149399
-0.00488991630603663
-0.00196557803449637
0.0349580611023967
0.00285447163175934
-0.0147058667490487
0.0356282903998957
0.0116225198300017
0.00689337748375785
-0.0118667401378346
0.00230944074103001
-0.00691243782901196
0.0106728041458164
0.00505060200151841
0.00548196704406001
0.00249883367958148
-0.0192612731390185
0.0101663939403311
0.000914823213542748
0.00274227577513542
-0.000455782973902363
-0.01094393627552
0.00691570403908925
-0.00274737676096137
0.00275494563457546
-0.0119048528770054
-0.00463394386805505
0.0316574533813476
0.0022562125428458
-0.0157585542918337
0.0105214508058795
-0.0321412392872141
-0.0215154149612992
0.0176864559252798
-0.00610615942476977
0.00945176187164098
0.0360486534263775
0.00587438517095795
0.0188679274450443
-0.00264547053447128
0.022104367689914
0.00519024807278257
-0.0111876198060123
-0.00826803376844409
0.00570426241434108
0.00523561349199109
-0.00607638960195023
-0.00655021374729692
-0.00439562650250958
-0.0114789651437139
0.0183116762660023
-0.00526316941277916
-0.0149911514199603
0.00716203104612179
-0.0231111359890936
0.000909907067208282
-0.0109090368750613
-0.0105698823742992
-0.0120761859218304
0.00940296259409901
0.012109853447317
0.00690289477228512
-0.0114259786849061
0.00231165584908344
-0.00369007145629696
0.00925930646247686
0.0178899275897979
-0.000901295923039447
0.0135317900678142
-0.0173564937020486
-0.00271735827143849
-0.00999095183846466
0.0110091983513589
0.0485480496032571
0.00562527663113244
-0.000430287374515448
-0.00688763568923023
0.0104030690504275
0.0017160547554993
0.00256956190634794
0.00512602585745436
0.00297496263838881
-0.0122882046984771
-0.00815090948171004
-0.0108131656554176
0.0297332888160173
-0.0140127870636314
0.0051678958548651
0.0171379745428286
0.00252742183477062
-0.0180672243392627
0.0205391977462099
0.0150942998771659
-0.0103263280857405
0.030050149647548
-0.00162079548438809
-0.0052759797504941
-0.0248877794457645
0.00125521485403812
-0.000417880421633487
-0.00794311918462276
-0.0101138018411194
0.0102171359292922
0.00463542604707468
0.00209729000685321
-0.00544154152715193
0.0025252942181746
-0.00335862571548118
-0.0185340402548078
0.00171664343668354
-0.00857049847213931
0.00259288532847157
0.0107758969123513
0.00469078199559125
-0.0195246317592594
-0.0233766013218817
0.0172872046314791
-0.00827885517907323
-0.00043936269428213
0.00835171181353167
-0.0108980295238782
0.00749387661878798
-0.00393861599607959
0.00483094269688755
-0.0135489588055222
0.0141781158488048
0.00393180659251846
-0.0156657818785042
-0.00309457405946145
-0.0177384013273718
0.0239278250295272
-0.00396828798593218
0.00442676713092083
0.035698548488891
0.00170210971403262
0.00637213856399166
-0.00253268755320468
0.0190435332248282
-0.00373750227127501
0.00541893914101821
0.000829107309012755
0.00994211462821748
-0.00205091022417658
0.00287707613707755
0.0106556962630493
0.00486619889200379
-0.00484263367338811
-0.0689374571517042
-0.0283101800870216
0.0228597728891557
0.0157756196805519
-0.00992239072031786
0.00435732771158759
0.000867669826550399
-0.0108365449335026
-0.00876430017543373
-0.00663123012741729
-0.00445040782706985
-0.00223511279128275
-0.00403229256672633
0.0206927719142689
-0.00220366652923931
0.00927567308933108
0.00437632148041955
-0.0305010690713023
0.0112359915482998
0.013333269099095
-0.00131577567186925
-0.00219584869741074
0.012764025877162
0.0286832548301303
-0.00211242896329755
0.00338699751924665
-0.0104441622016199
0.018782058557284
0
0.00670395213158104
0.014428358570884
0.00109409869283561
-0.00655741769488472
-0.00715068878547276
-0.00332412037531959
0.00667041400976109
0.00110429789323585
0.00165479739094443
0.00936114932802012
-0.0103654452341984
0.0165379976088837
0.004338421784436
0.0048596413336639
0.00107462838740835
0
0.00536765076249579
-0.00160164969987908
-0.00160421909691422
0.00428490640458978
0.0042666243187206
0.00318642452268159
-0.00582322303091598
0.0117145945212829
-0.0073683992003315
0.00106052032816617
0.00582617043992717
0.0063191547852175
-0.0162219065787296
-0.00106383642479657
-0.0133120485883013
0.0140313188759418
0.00372540909973673
0.00265112995614869
-0.00370176807038614
-0.000530788867336263
0.00106214150756045
-0.00212196073794813
-0.0685806225958883
-0.00684921075599931
-0.0137931141771694
-0.00757580423906712
0.000587202704977363
0.00058685810031367
-0.00351908339928286
-0.00824011665488178
0.00178042646239729
-0.00829381380044003
-0.0131422553895444
-0.00181591393849123
0.0139477769753338
-0.0047846417801769
-0.00420675683882654
0.00663854463261782
0.0101918322531904
-0.00237390194986298
-0.018441365106992
0.024242417613958
-0.0147929145273271
-0.00360362592213814
0.00482221201105593
0.016196783515894
-0.0271546787007824
0.00788832004117301
0.00782665906562796
0.00238942397872544
0.000595951264737327
0.0178678127788499
0.00585133583842312
0.00232694874646433
-0.00464301844152792
0.0303206610983873
0.0130164197590934
0.00614528945394932
-0.00943925854375793
0.00224216639863095
-0.0151006205799664
-0.00340717597462226
-0.00227921634090589
0
0.00228442303521725
-0.0113960082572383
-0.00345823458120165
0.0127241221697636
0.00685319549057595
0
0.000567218499541111
-0.0294784950004118
0.010514084396225
0.016184922172342
0.00967013990343046
-0.00845068376909408
-0.0170454861712277
-0.00693645908129181
0.00756698542282019
0.0207972066454614
0.00226373786219014
0.0135516767808159
0
-0.00891370407318237
0.00730744918847326
0.00334823523877326
0.00444941596038717
0.0213505080094649
-0.018867924528302
-0.0192307692307692
-0.0377632534495279
-0.00981132075471702
0.0175304878048781
-0.0172284644194757
0.00838414634146356
0.0181405895691611
0.00371195248700817
0.00147928994082847
-0.00369276218611514
0.0103780578206079
0.0117388114453409
0.0340826686004352
0.0308555399719495
0.0129251700680273
-0.00268636668905309
-0.0188552188552188
0.00960878517501729
0.017675050985724
-0.0187040748162993
0.00748808713410498
0.00202702702702706
-0.00202292650033709
0
0.0108108108108109
-0.00133689839572204
-0.00937081659973216
0.00608108108108096
