0.00470586818090002
-0.00995315593137969
0.0272028382490388
-0.0071963691467225
0.0130472814556415
-0.000286184378240351
0.0105926727425811
0.00679887731691875
-0.00450207975601291
-0.00169587615423739
0.0158550241044821
-0.000557434981619642
0.00111549177737769
0.00779943520844761
-0.000829188758941446
0.00636247065751094
0.0142935699242406
-0.00379412339339058
-0.00680086167929228
-0.00410840981277805
0.0154015845921052
0.0132718801219831
0.00240571881937712
-0.00853324949682821
-0.00672415438139662
0.0089358394515906
0.00644123449114664
0.00346671151308975
0.0406590551471386
-0.00255361147397193
-0.0128008582500584
0.0101141242484233
0.00256743589678354
0.000512183487887619
0.0122856037227606
-0.0275600754860058
-0.00676024307881506
-0.0219895634425582
0.0297109686359989
-0.0119574262461678
-0.0105235441946796
-0.00771068869322455
0.0356377058629547
0.0302717176882132
0.00200895166610171
-0.00250619622966819
0.0140703925170067
0.00445981358401504
0.00394665315556253
0.000245736722155776
0.000245622260549139
-0.0144891281382895
0.00274105918337142
-0.0166500531675748
-0.0075815129503416
0.0117137200464645
0.0239114593124929
-0.000245803384898213
-0.0184411941499031
-0.00275542359735426
-0.00879179291797905
-0.0321844671056863
0.00392767822779083
0.00730307032547106
-0.00129468707338742
0.0386311426639143
0.000499215255824748
-0.030938154731704
-0.0381050326813319
-0.00535328838879967
0.0156081264938757
-0.0426603381627968
0.00941051852745733
0.0356457131098884
0.00344192957937284
0.00131928267555903
0
-0.00816863640733878
0.0066418612117598
0.00765370776049523
0.00497641616484845
0.00495177407629055
-0.000777952451760822
-0.00986247930445838
0.00602880469957023
0.000260591043665936
-0.00520966005169965
0.0078554717737227
-0.0992465773604778
-0.0190366609170355
0.0244045826980166
0.00229623599574769
-0.0100228832692209
-0.0109922917264489
-0.00555710377538998
-0.0241176634785809
-0.00693185347608061
-0.00849771479857553
-0.00183661753944475
0.00337322638046023
-0.00886311723381961
-0.00154173954610137
0.00154412017724259
0.0185014177539735
-0.00575239999999999
0.0133983392735035
0.0051082033565546
-0.00418537982623091
-0.0333233138255919
-0.00590060773832035
-0.0162449950246908
0.00254058648444633
-0.0129870564673825
0.00417199853124628
0.00351552930795918
0.0136942659079069
-0.012880904315664
0.00318266780770737
0.000951778156886851
0.0177495853539853
0.0183743218957799
-0.00550452871273366
0.0159900945214553
-0.00696122593820092
-0.0085339747253893
0.0270519045167332
-0.00598619746028528
0.00903337173738006
-0.0038794234426468
-0.00359497289587285
-0.00571248870366015
0.00514050783564368
0.00240683118204421
-0.010504240138533
0.0251743967975961
-0.00443787695406328
-0.014561665882061
-0.019903463946599
0.0098461919967805
0.0179767593069886
0.00868007199834953
-0.0231453720527259
0.0115431082954527
0.0120120090333578
-0.00296734198804272
-0.0104167048958322
0.00451128546536284
-0.00988018944320324
0.0229815012032759
0.0274903721894233
-0.0397008067264133
0.011983220997027
-0.00384841556708448
-0.00742941068458836
0.010778460405106
0.00355450801117718
0.0023612354935616
-0.0194345956382891
-0.0114113854375461
-0.00698666746577237
-0.00336497122547119
0.0101289298739358
-0.0118504534875505
-0.00338256166395345
-0.0215982837309232
-0.00189215060957748
0.0176935048374773
-0.00403599740244664
-0.00872817065005815
-0.00314463601459603
-0.00220825167872962
-0.00284540455885718
-0.0104628514769807
-0.0217878757925278
-0.0183426665288584
0.00133464566755581
0.016994363070558
0.00557007883116789
-0.00391007487876627
0.00752382456808354
-0.0113636777973709
-0.00197044648460287
0.00855548366107306
0.00293631119395465
-0.00748207239580179
-0.000327737852444554
-0.00491804047997813
0.00032946562503966
0.00296443160766446
0.00689656269610994
0.00358769425323979
0.0149496266547202
-0.0134485584091618
-0.0181758978420686
0.00066110952259768
0.000991081863623844
0.0105610245419077
-0.0032658206729117
-0.01638275031679
-0.0086608582372556
0.0181451908274266
-0.00528051227095383
-0.0242203192286249
0.0282216884645448
-0.0304232806159193
-0.00750339762892971
-0.022336754807454
0.00913880285351332
-0.00348308697547284
-0.00768960559032461
-0.0228954476617809
-0.0140590640880457
0.00438749499115443
-0.0316708860313032
-0.0342104716361282
0.0548850841461404
0.0254612966790506
0.00863621398622616
0.00107028355051009
-0.00890946774458456
0.00683205921915064
0.00464283835283164
-0.0405261159709582
0.0222304913935576
-0.0119608741564621
0.00256784215715222
-0.00658617965806385
-0.00405151787959168
0.00258873432724105
0.0501659622459751
-0.0316121973941839
-0.0373594817305085
-0.0037678760049944
-0.0298789916039172
-0.00623779832271987
-0.00902310329099232
-0.00989705693904575
-0.0175930195282438
0.00325594876088453
0.0389452982070984
-0.0101523292190354
0.0284024137395773
0.0425777438191328
0.0301691805084934
0.000357117213954261
0.0417708640094765
0.00411241217091685
0
-0.00238913231133486
0.0065001563924747
-0.0220937996633529
0.00312826363075902
0.00415801082031964
-0.0144927767485821
-0.0115545634561902
0.0191285384492741
0.00903723155710168
-0.0330692905585555
-0.0220876215591103
0.0193078901390509
-0.0218013728422586
-0.0149798758754196
0.129586802374991
0.0332610267534346
-0.0104968509447165
-0.00636492220650631
-0.00284697508896803
-0.00999286224125628
0.0180245133381398
-0.0141643059490084
-0.0438218390804598
-0.0150262960180316
0.0183066361556063
-0.00524344569288393
0.0271084337349399
0.0109970674486803
0.0195794053662075
0.0120910384068278
0.028812368236121
-0.136612021857924
-0.00237341772151911
-0.00555114988104677
0.0159489633173844
-0.0620094191522763
0.0167364016736402
0.0139917695473251
-0.0137987012987013
0.00329218106995888
-0.00656275635767023
0.0206440957886045
-0.012135922330097
-0.00409500409500418
0.00411184210526327
0.00409500409500407
-0.0293637846655791
-0.0327731092436975
-0.00695047784535185
0.0201224846894139
0.00771869639794165
-0.00170212765957445
-0.00852514919011083
0.0197764402407565
-0.00168634064080941
0
-0.0202702702702703
0.00948275862068981
-0.0358667805294621
-0.0460584588131089
-0.0176415970287837
0.00661625708884683
0.015962441314554
-0.0221811460258781
0.00378071833648375
-0.0480225988700564
-0.0346191889218596
-0.0215163934426229
0.0408376963350785
-0.0140845070422534
-0.0316326530612245
0.0158061116965227
-0.0020746887966806
-0.0145530145530144
0.0242616033755274
0.0267765190525231
-0.00902708124373119
-0.0232793522267207
0.021761658031088
0.00507099391480748
-0.0544904137235117
-0.0192102454642475
0.00979325353645266
-0.0280172413793103
0.0443458980044347
0.0414012738853504
0.0275229357798166
0.0436507936507935
-0.0190114068441064
0.0348837209302324
-0.0346441947565542
0.0494665373423859
-0.044362292051756
0.0290135396518376
0.00469924812030076
0.0224508886810104
-0.00274473924977126
0.0192660550458714
0.00630063006300641
0.0116279069767442
-0.0229885057471264
0.0280542986425338
0.00528169014084501
0.0245183887915936
-0.0196581196581196
-0.00610287707061907
0.0192982456140349
0.00860585197934616
0.0392491467576792
0.00246305418719217
0.00409500409500407
-0.0195758564437194
0.00415973377703827
0
0.0173985086992543
0.00162866449511401
0.00162601626016268
-0.00487012987012991
-0.0130505709624796
-0.0123966942148761
0.0276150627615064
-0.023615635179153
0.005838198498749
0.00580431177446106
0.00741962077493818
0.0343698854337151
-0.007120253164557
-0.00239043824701202
0.0119808306709266
0.00868192580899763
0.00156494522691708
-0.0164062500000001
0.0015885623510723
-0.00317208564631233
0.0127287191726333
0.00235663786331486
-0.0148902821316614
-0.0238663484486874
-0.0122249388753056
-0.0338283828382837
-0.0102476515798464
-0.0120793787748059
0.0122270742358079
-0.0138050043140638
0.015748031496063
0.00689061154177439
-0.011120615911035
-0.0051903114186852
0.0121739130434784
-0.00945017182130592
0.00346921075455331
-0.0112359550561798
0.0192307692307694
0.000857632933104702
0.0205655526992288
0.0243492863140218
0.0688524590163935
0.00996932515337434
0.0159453302961277
0.00448430493273544
0.00744047619047628
-0.00738552437223039
0.0171130952380953
0.0014630577907826
0.0131482834185537
-0.00216294160057673
-0.0245664739884393
-0.0348148148148149
0.00153491941673067
-0.00383141762452111
-0.00153846153846149
0.0107858243451462
-0.00381097560975596
0.0198928844682478
-0.054013503375844
0.0269627279936557
-0.0532818532818532
-0.0579119086460032
0.0207792207792206
0.0330788804071247
0.0303776683087029
0.0143426294820717
-0.0290652003142184
0.0194174757281553
0.0198412698412698
0.0178988326848248
0.00611620795107037
0.0425531914893618
0.0065597667638484
-0.000724112961622003
0.00362318840579712
0.00649819494584847
0.00789096126255395
0.00782918149466183
-0.0112994350282486
0.00785714285714278
0.0035435861091424
0.00141242937853114
-0.0133991537376587
-0.00357398141529675
0.00502152080344342
0.0121341898643825
-0.0084626234132581
0.0177809388335703
-0.0111809923130678
0.00918727915194339
-0.00140056022408963
-0.000701262272089775
-0.00421052631578955
0.00775193798449614
-0.00139860139860148
0.0168067226890756
-0.00757575757575757
0.00624566273421223
0.000689655172413817
-0.00620261888352858
-0.00346740638002774
0.0139178844815588
-0.0116678105696637
-0.00208333333333344
0.00139178844815602
0.00277970813064621
-0.00346500346500345
-0.000695410292072429
0.00904662491301322
-0.000689655172413817
0.00966183574879231
0.00410116199589883
-0.00408441116405711
-0.0382775119617225
0.0298507462686568
-0.0213940648723258
0.00634696755994346
0.0161177295024528
0.00206896551724123
0.00206469373709584
-0.00137362637362648
0.030949105914718
0.00867244829886582
-0.00198412698412698
-0.00463883366467865
0.0213049267643142
0.00977835723598441
-0.00645577792123952
0.00909681611435986
0.00772698003863503
-0.0185303514376998
0.017578125
-0.00191938579654516
-0.00128205128205128
0.000641848523748489
-0.00962155227710071
-0.00582901554404147
-0.0130293159609121
-0.0442244224422442
-0.0310773480662984
0.0128296507483965
-0.00633356790992268
-0.00141643059490082
-0.0212765957446808
0.0123188405797101
-0.00501073729420187
0.000719424460431606
0.0057512580877066
0.00714796283059327
0.0283889283179559
-0.00966183574879231
0.0209059233449478
-0.00750853242320826
0.0116918844566714
0.0231135282121007
0.0152823920265779
0.0189790575916231
-0.00513808606294153
0.0213040671400904
0.0176991150442478
-0.0142857142857145
-0.00441083805923115
0.0056962025316456
-0.00125865324103214
0.00819155639571534
-0.00312500000000004
-0.0677115987460815
0.0208473436449228
-0.00658761528326746
0.00464190981432355
0.0165016501650166
-0.022077922077922
0.00398406374501992
0.0284391534391535
0.00321543408360125
0.0352564102564101
0.000619195046439813
-0.0235148514851485
0.0031685678073512
-0.000631711939355628
-0.0132743362831859
-0.00640614990390775
-0.0296582849774338
0.00465116279069755
-0.00264550264550256
0.00397877984084882
0
-0.00264200792602387
0.00728476821192059
-0.0177514792899409
0
-0.00669344042838016
0.000673854447439393
0.0154882154882154
-0.000663129973474841
-0.00464499004644991
-0.0213333333333333
0.000681198910081671
0.0170183798502384
-0.0100401606425703
-0.00135226504394859
-0.012863913337847
0
0.01920438957476
-0.00874831763122474
-0.00407331975560088
0.0340831629175187
0.00131839156229407
-0.0263331138907176
0.000676132521974404
0.00270270270270268
0.0141509433962266
-0.00398671096345515
0.0146764509673116
0.00394477317554243
-0.000654878847413221
0.0111402359108781
0.00518470511989633
0.00838168923275306
0.00511508951406658
0.0203562977099236
0.00124675802701013
-0.00498125809347816
-0.00375469336670842
0.00188442211055273
0.0112852037617557
0.00433986387723895
0.0864196860234763
0.00284090909090895
0
-0.0158639660056658
0.0143926301443507
-0.0170261624843266
0.00173210161662829
-0.00288190201729122
-0.00173404634300844
0.00289519397799665
0.00230952655889149
0.00172799529216605
0.00575048911733678
-0.00114356775300151
0.00572415602313425
0.00455321570859413
-0.00509920679886666
0
-0.023348463744218
0.00466472303207
-0.00116082414393504
0.00116217322267143
-0.00174109112013932
0.00348831375067959
0
0.0225955967555038
0.0130311048158642
-0.0162191843523035
0.00739050596930091
-0.00169288948605484
-0.00734889726687959
-0.0108199322790395
-0.00057570520577388
0.0103686629971969
0.0273659619517694
0.00998895671476152
0
0.00109879114841815
0.00878155920864754
0.00761702979418
-0.0124189524838013
0.0136686706578091
0.0037756200768273
0.00107458349948519
0.00751481521818653
0.00266382525306352
0.00584484590860779
-0.00158478605388279
-0.00476195767195753
-0.00106315795125778
0.00638632217209567
0.0211527763088313
-0.00362501313438712
0.00623705821205833
-0.00516534064228602
0.00207679127725857
0.00310891207818198
0.00568171458255606
-0.0261941461835721
-0.00949356590155948
0.0117145361174369
0.00578952631578944
-0.00784939781007865
0.00263718368339583
-0.0336664387164651
0.00544354896877808
0.0254467799375624
-0.00950374817826027
0.0101279850746268
0.00158306060247693
-0.00948371970495265
-0.0287233525916676
-0.0010952902519169
0.00219303728070175
-0.0262583136620178
-0.00224713495770412
-0.00112612612612628
-0.0191657271702368
-0.00747126436781609
0.0046323103647945
0.0195965994236309
0.00791401877252573
-0.00673028603477277
0
0.00508187493404155
0.0202247764171224
-0.0214757709251102
0.0146314575126618
-0.0255130878805829
-0.00512236767216845
0.00457660183066366
0.00512534197752501
-0.0260622662889518
0.00930767834161284
0.0299712391930833
0.00391717941146164
0.00557413569820886
0.00221723934494222
0.0188053097345136
0.00271438653637346
-0.00433134836661342
0.0168570971646056
0.0128342239126082
0.0110875918116371
0.00469973890339426
0.00883575883575882
-0.00772797527047908
-0.00259610591900317
-0.0020821968809055
-0.00365153886280645
0.0020941884816752
-0.00208981202141123
0.0136126178010472
0.000516528898939494
-0.00258136279910348
0
0
-0.0217391304347827
0
0.0105820105820107
-0.00314130890052366
-0.00367657543715461
-0.0173958891616178
-0.00697419565312196
0.00324149108589955
0.0242326332794831
-0.00841214511041
0.0291621935757056
-0.00515203503348782
-0.00673221163812598
0.00156407716371221
-0.0020821968809055
-0.00469483568075135
0.014675104821803
-0.00619839844016545
0.00675680873180884
-0.00464636011118424
-0.00829875475628861
0.0104601981976884
0.00828157349896474
-0.0102668891170432
0.00933599536639029
0.000513874641000722
0.0061633798748526
-0.00510464522715681
0.00564391995895352
0.00867346938775504
0.00859893778452192
-0.00451359054595823
0.00151128463476069
-0.000502917530328051
0.00503261172457936
-0.000500751151765289
0.00801613266613876
-0.00149110330561109
0.00846192135390744
0.00444225074037519
0.0113022113022112
-0.000485908649173861
0
-0.00777831793874573
-0.00048995590396872
0.0642156372549021
