0.0176931275159282
0.0106987629555333
0.00926232219649359
-0.0081940347427073
0.0178453073364178
0.00422081182535106
0.00129321047526676
0.015498934953146
0.0034975515581066
0.0031685995934283
0.0205306696146557
-0.00278551523412196
-0.00682808793208922
0.0078125
0.00496124031007739
0.00863927800061726
0.00642407483707785
0.00091179325764168
0.000303644093531785
-0.0209471469625728
0.00899227906976741
-0.0039951135834323
0.00277692070348667
0.00184618461538455
0.0113636053021007
0.00941396902520486
0.00391086017383513
0.0023974229067254
-0.000896950645831063
0.00658291481645223
-0.0047562129832408
0.0244922043010753
0.00495632667511159
-0.0095735999543487
0.00732278873236059
-0.00988659522787438
-0.0502202364235017
-0.0111317254174398
-0.00687929956222633
0.00629719773299753
0.0053192116808265
-0.0164955176938836
0.0386075949367088
0.0207190737355272
0.0295522985074625
-0.0214555510898491
0.00148145185185178
-0.00236680480375151
-0.00237253848242769
0.00237818080791263
-0.00177938903382613
0.0005941770647655
-0.0178146674584323
-0.0181379070049634
-0.00615766625615766
0.00867416383748965
0.0175061419684845
0.00573495304150451
-0.0114045918367347
-0.0109288710057338
-0.00030699813953361
-0.0156585508136322
0.0252650647141277
-0.00790988767599299
0.013492731876948
0.0287443579045192
0.00676470588235278
0.010225007303535
0.000867524530507424
-0.00548982937041798
0.00813489297704195
-0.0121038036857695
0.00787631294855062
0.0107090885878174
-0.00171812724617004
0.0223751571320956
-0.00729511804980698
-0.0107405593346366
0.000857114285714111
0
0.00485304038975287
-0.00397727261428205
0.00256705640139598
-0.00398304387009696
-0.000285575566156937
-0.00742851428571434
0.00460564164619237
-0.0111748990730716
0.00840339080865782
-0.00919537382745339
-0.00957070765661239
0.00117121515834762
-0.0140391931570398
-0.00860281841005106
-0.0421903077313169
0.00343645757178734
-0.00871727922532006
-0.00816582914572872
0.0063331538948701
0.00912520424401508
-0.00810729653882125
0.0110028610815107
0.000932804726368364
0.0121156574127261
-0.00890119650698618
0.0188913279996492
0.00303945270276884
-0.000302969696969746
-0.0206123358222288
-0.0102135868086169
0.00156344590368973
-0.00999063409274525
0.0113529174188873
0.0077954474586841
-0.00525983910891092
-0.00435471201525894
-0.00999678288014905
0.00536446811724622
0.00188320772494643
-0.00407265037593985
0.00723494786930035
-0.00843222985633985
0.00629924409448823
0.00187784031681248
-0.0243673242341347
0.0179315081652258
0.0116388483284413
0.00497512437810954
0.00990095915841582
-0.0116421878566847
-0.0111592691357267
-0.0200626959247648
-0.0211132437619962
-0.011764705882353
0.0433200727513228
-0.0221869737618692
-0.021069659643436
0.000331059591686778
0.0215161212021224
0.00518467254748312
0.0196647001934236
-0.00853613684907173
0.00573979573533823
0.0155357636164943
-0.0212300662263523
0.00893138755980871
0.00790388896313265
0.00156841284718978
0.00595048543689325
-0.000933966405166964
-0.0121532876285448
0.0135646683418085
-0.00248994701245109
-0.00998436848625173
0.00409710053577061
0.00313866907913773
0.00156442432930004
-0.018744081146147
0.00222858962113981
-0.00730622617534948
0.0227199680000001
-0.0519399265312868
0.00363039615941907
0.00690565603419913
-0.0156760935442164
0.0102854018011083
-0.00656817712419777
0.0039669752066116
0.00921959139876227
0.0199021207177814
0.00127955854126682
-0.0255590742990119
0.00163931147540985
0.000982029492046843
-0.0349901896664485
0.00474415452389021
0.00370994940978098
-0.00504028897849462
0.00911847318073389
0.00937085038055052
-0.00265251989389925
0.0129653922872341
0.02330164172306
0.011225176395125
-0.00475743721035715
0.00860423864258242
0.0132701421800949
-0.0084191144371687
-0.000943364809539826
0.0135348127163992
0.0208073906581556
0
-0.00334654710515803
-0.0354089765206946
0.0129746202531646
0.033739521008405
0.00755515261408291
-0.00149967006598706
-0.00781021304264906
-0.00393572521755137
0.0890577453460337
-0.0184204287792114
0.00597108364919441
0.013284256266697
-0.00529980503764615
-0.00448681996634881
0.00225357746478871
-0.000562141621015089
0.00562421244026412
-0.0148209739832761
-0.00397388589270486
-0.0199487318324308
-0.0383832229829376
-0.031448472936196
0.00936631312414349
0.0411381972695206
0.021093256090315
0.00290957238608014
-0.0130548589192092
-0.0314520576131688
0.0749619704108657
-0.000564539839894906
-0.00282494334322358
0.0152974791868976
-0.0089285714285714
0.00563065878378377
0.0120381015666824
-0.00829886537765612
-0.000557768510893619
-0.0011164107665973
-0.00139701029904971
-0.00671522066506869
0.00788729577464786
-0.00111785917042651
0.0100726351386327
-0.00914121934300371
0.00782776069331836
-0.0246879063713705
0.00255972696245754
0.0269503829787234
0.00469607721834042
0.00549906531479416
-0.0172272627837025
-0.0219809967162213
-0.00967285862458844
0.0163746045281643
0.000565319373507123
-0.00367237267387721
-0.00822228522823942
-0.00971986849628337
0.0063510971810361
0.0218014336832637
0.000842307715954727
-0.00476863928366689
0.00535507328072171
-0.0044855623485035
0.0194312317336656
0.0198894193400714
-0.00839645224249475
0.0147500951993966
0.000269125153748107
0.00269101184068909
0.00375748812439536
-0.0133689832423004
-0.00243905135831701
0.0141266228164461
-0.00321465292179723
-0.0126309328844649
0.0106151055734838
-0.00942639349780794
-0.0078846386048026
-0.0221979160209418
0.0221412836322872
-0.00137107207647191
0.00878649142155363
-0.00734896530490103
0.0150808605681145
0.00216094003241474
-0.0132074670192706
0.00901387574395329
-0.00568486750635822
-0.00108905526817304
0.0144454078616902
-0.00779153659883036
-0.00676956404007578
0.0111777535441659
-0.00539231598813694
-0.0699376001609543
-0.0480909633316537
0.0156153704837723
-0.0277358473159992
0.0176744186046511
-0.00548449116392435
0.0275735915310535
0.00417409051359319
-0.0136579275534441
0.000300993368422597
0.0030093891062295
0.00450038976895351
-0.00448022700119466
0.00330023982596828
0.00179428833116879
-0.00238811940298511
-0.00329135268051184
-0.0108075649712529
0.00910467347178523
-0.0072181052631578
-0.00878512625174954
-0.0131418088893093
0.00309687200071651
-0.00216113004511065
-0.0238242883663367
0.0247227583113394
-0.0142283010066007
0.00156884212209474
0.00657897869674184
0.00404596937298574
0.013329232072488
-0.00672982584061865
0.0110871878322392
-0.00304605525153501
0.00794384356859146
0.0321308558877931
0.0123348608615232
-0.012184565936044
0.000587400898308443
0.016143205165835
0.0103986427036002
-0.013722126929674
-0.00927536231884063
-0.00468110005851363
-0.0252792475014699
0.0168878468033777
0.025800681322637
0.00260190806591498
-0.0138408016147635
-0.00701760213398817
0.00206124858837575
-0.0111665298609029
-0.00475482884072354
0.00656903514069684
0.000593325440323866
-0.025200088941595
-0.00212895370654032
-0.00670530305683303
0.00951218165081302
-0.156231054332459
0.0126081051873199
-0.00818221244460282
-0.0168579274339286
0.0240788033564392
0.00356252226576426
-0.00887468938587155
-0.0247134670487107
-0.00514138817480725
-0.00295311923218888
0.0133284339133652
0.0076725974544174
-0.0221175126903552
0.000741601807252357
-0.0140792515746572
-0.00714021017887212
0.0113549962149886
-0.0116017594162335
0.000378644452858845
-0.00719152157456482
0.00381242851696517
-0.0345613368780857
0
-0.0259638080251771
-0.0165589660743134
-0.0147843942505135
0.00917044601917461
0.0330442392831161
-0.0395841663334667
-0.0062447543713573
0.0117301628935835
-0.0062111801242235
-0.00958333333333339
-0.000420698359276273
0.00294612794612781
0.00881246328157803
-0.00915145552614582
-0.135600335852225
0.0203982515784362
-0.036649214659686
-0.000988191699604624
0.00346201797537171
-0.00394292735618895
-0.00890638341941541
-0.0164752862468653
0.00761416205004251
0.00806045340050376
-0.0274863068465768
0.00308329923346862
0.014856506147541
0.00858157539533444
0.0230230730730729
-0.000978522457019348
-0.0127326150832517
0.0203373015873016
-0.0252795819154108
0.0164588536887209
0.00736025551326058
0.00876755924171668
0.0125543221899722
0.0185980934000045
0.0102995781694952
0.00648744207599639
-0.00276238502589254
-0.00323176361957522
-0.00324224177860122
-0.0236988847583642
0.0252261304140884
0.124883884638631
-0.0198101527032605
0.00168425263157901
-0.00462383334914529
-0.00929058277027028
-0.0102301794642019
-0.019810465969443
-0.00746924428822504
0.000442673749446731
0.0110619469026549
-0.0271334792122538
-0.0224921277552856
0.0271514035895075
0.0201612903225805
0.0101010101010102
0.0165216956521739
-0.0124037216596973
0.0129925941966218
0.00470290742637491
0.00382978723404248
-0.00127176769817716
0.00212232606631257
0.00169415494730374
0.00634245243128961
0.0197479420062161
-0.0148331273176762
-0.00250941028858209
0.00754721174004191
-0.00957145195291498
0.00462189095049959
0
0.00710999581764948
0.00166117109634545
-0.0029022386856451
-0.0108107281002382
0.00546443861015389
-0.0225752926421404
0.00855436306904878
0.0114503816793894
-0.00209647798742141
-0.00252096649247768
0.00126368997472626
0.00462763988220449
0.00670025153686149
0.0216305315461509
-0.0101791535089232
0.00329082695560778
0.00328003293481083
-0.0212504299652811
0.00417528166282755
0.00748444937565274
0.0115559224102353
0.00203994288045695
-0.00366449526321233
-0.00858189655013875
0.0119537922506183
-0.0142565382589221
-0.104958714671127
-0.00415512465373957
0.00370885489105222
-0.0120092840646651
0.0205704076938011
0.0155748969308294
-0.0103743346865134
0.0141293977151598
-0.00539330337078647
0.00316321749494874
0.0085584680829518
0.000893300620513626
-0.00223110218652389
0.00402504454270813
0.0173718923219648
0.00963218038528901
0.00130099745450973
-0.0134256821134691
-0.00131698852866591
0.00747252747252758
-0.011780104712042
0.0220750551876379
-0.0142548596112311
-0.0100788781770377
0.0128374944665781
-0.00480764881152318
-0.00527009222661401
0.00794701986754975
-0.000438020148926799
0.00832602979842245
-0.00260751847023044
0.0052287143691192
0.0021673602080623
-0.00129762105114095
0.00519701169337372
0.00344687649491071
0.00429360222011144
0.00427537427427849
-0.0208599404001703
-0.00913039130434778
-0.00438788923265077
0.00176284699150098
0.0105586889573253
-0.0269916859813534
0
-0.00805369127516775
-0.0108254397834913
0.00456000911992693
0.00499310009109855
-0.0379403811174517
0.0347418795653465
0.0358438731468296
0.0324134910205871
0.0140008485362748
-0.0698744769874476
0.0359874493927124
0.00521055122837377
0.00431965442764581
0.00602146236559142
0.0123985041641088
0.0126689189189189
-0.0900750625521268
0.0256644821264895
-0.00983016129714753
-0.0171479693140795
-0.00275491263751537
0.0193370174648717
0.024842006542096
0.0286469357141059
-0.0235646529562982
0.00702062277224114
0.0213507615969166
-0.00810584436408512
-0.0154839139784947
0.00873748399901642
0.015591208315288
-0.0106609803556085
0
0.000430948257286623
0.00387763911579664
-0.000858283298638796
0.00987968170619946
-0.00935767758400685
-0.00300566753947318
-0.00990521145155965
-0.00347977381470199
0.0213880401571365
0.0123932051282052
0.0130856474003527
-0.0170833333333333
0.0025434506146671
0.00295978858350954
0.00126479769244514
0.00168425263157901
0.00126099196044582
-0.00671704450041977
-0.0164835164835165
-0.00558663515255697
-0.0099394559178676
0.00872985595809683
-0.000865469456275636
-0.00822867042009534
-0.0310043231441048
-0.0130689944538533
-0.0200913698630136
-0.0167753502691216
0.00189568720379141
0.013718117962068
0.00933266448903414
-0.00601012510449039
-0.0158139534883721
-0.00236290170132325
-0.00284234946270256
-0.0095011405938783
0.00575534772182262
-0.00810681965220894
-0.0115384620931952
-0.00243185809493474
0.00438810336421258
-0.0155339320388351
-0.011341320939777
0
0.0104738658590458
0.0148074531095754
0.00340466942629725
0.000969510468711077
0.0159806295399516
-0.000476692087702513
-0.00619928498804423
0.148752447216891
-0.0246449864392235
0.0162740899357601
0.0143278550358197
-0.00124632322393026
0.0158069460978809
-0.00655200655200661
0.00783186314921669
-0.023721880420373
-0.0234604933615209
0.00171604468966291
-0.0252676659528908
-0.0149384885764499
0.00847462087421946
0.0163643955610617
-0.00652741514360322
0.0157687691633814
0.00258727888800014
-0.00301075268817208
0.00431410698878332
-0.0141752571230559
0.0274509356230528
-0.00763358778625955
0.00641021367521377
0.00254785573451621
0.000847013941253083
-0.00550143908173684
0.0072340425531916
0.00591461765948464
0.017219656330099
-0.0239471521035158
-0.0236886219834443
0.0229636481802427
0.0266835651552915
-0.0144389851485148
0.0159062794435445
0.0214256695508859
-0.00564747859429293
0.00567955375253559
0.00080669621594609
0.0141072557076685
0.0043720190779013
0
0.0241392560348239
0.023956762904048
-0.00301886792452821
0.00605601816805446
0.00790071482317534
-0.0600970862225798
-0.00397140587768074
0.00837324561403507
0.0142348353406549
0.00623777777777779
-0.00232464170184588
0.00582524271844664
0.00617756756756771
0.00191872609051136
0.00689391011513174
0.00950931877104155
0.0244913329129113
-0.0110335413374939
-0.0044625884887538
-0.0153156144938363
0
0.000758649440111947
-0.00720235053837581
0.00954562773785317
0.0208017768229283
0.0792885883660617
0.0302094414764655
-0.0029990003332222
0.0233957553475934
-0.0166557799916466
0.0259049476617419
0.00841699606400104
0.0032102728731942
0.00224000000000002
0.000638569604086925
-0.01914486279515
0.00455429407937546
0.000971535005554802
0.00485276609511498
-0.000643850632448539
0.00773195851379005
0.00287723775967907
-0.00127513543910951
-0.000319182891796888
0.00606641123882512
-0.00825134877816569
-0.0230399680000001
-0.00720609213212919
0.00131972950576476
-0.00230639209225714
0.0102377473501405
-0.0258254658385093
-0.000671073848022674
0.014774949134488
-0.00132359369039037
0.00762094102054345
-0.0059191055573824
0.00893152497519023
0.00393445901639344
-0.00489882413785669
0.00229740736125383
-0.0147348063282644
0.00465270854104349
0.00264634469070457
0.0194655565643536
-0.00873789644012934
0.002285406538864
0.0185667420662299
0.00703549728173969
-0.0238170847888218
-0.0175666558230319
-0.0139072843077058
-0.00167901270386117
0.0171543895055499
-0.00562169312169303
0.0123046558031259
-0.0239816680689333
-0.00336580287330202
-0.0128335355341596
-0.0827916866233321
-0.00261092885531267
0.00112191473448031
-0.0141950317519611
-0.0147782877900071
-0.0119230384615385
0.0151809647652408
0.000383435582822056
0.0176312380222308
-0.021845575210756
0.0180978828686129
-0.0211801050990882
0.00386402642442141
0.00692840646651272
0.00191127675840974
0
0.0206028622893117
-0.020186953271028
0.00572308301118207
0.0125189676586126
0.02060693066291
-0.027900146842878
-0.00339882930513602
0.00757866644860417
-0.0334711921775104
-0.0396887533195038
0.00729339546191254
0.0201126299230641
0.0138011824210891
-0.00388945950561881
0.00546657534296857
-0.0213591844660194
