0.00621736863217004
0.0261112627510967
0.0200077311577314
0.000761797781824169
-0.000951474785918172
0.000761904761904741
-0.000190369242481947
0.00894730664181642
0.00132075471698112
0.00602977199924637
0.00973965162015356
0.00352435540716023
0.0038817746351858
0.0040507455698493
0.000183421976285514
-0.00220025669233592
0.000735060666485099
0.00532500918105039
-0.00182644748858451
0.00951502252461034
-0.0121442455009696
0.0111926605504586
0
0.00326619488296132
-0.00831973232049188
-0.00911909505310615
-0.00368120730052623
-0.0519120985807463
0.0272798519095869
0.00682852781378873
-0.00452151452443417
-0.00151404239212716
-0.000378999256216872
-0.00455066346034638
0.00514285714285712
0.00284248626113315
-0.0120937268364977
-0.0164498858626582
0.00875145891682072
-0.017543821767643
-0.00412087912087911
-0.0120197044334975
0.014559194256083
0.0228032248005985
0.00480492042302205
0.0128156470090148
0.00566572237960328
-0.00319245070422536
-0.00150719662746057
0.00339622641509441
-0.00282064685972172
-0.0175372437313688
-0.00921305217708446
-0.0178225113453123
-0.00749506903353059
0.0162957074721781
0.010754751662104
-0.00793190202870586
-0.0148205544001776
0.00356294536817092
-0.00216962524654829
0.00691832377940305
0.0107970950450369
0.00912794681965634
0.0198229792147806
0.0139648607675085
-0.00707243625535081
-0.00168697288423514
-0.00600826158498913
-0.0102001514998169
0.00267171745527794
-0.0251236771983251
0.0101522838675405
0.0102434862681298
0.0323321216759134
0.000926575240919325
-0.00796141484767321
-0.00914524042011045
0.0182708984742888
-0.00240477238606096
0.00445017615427412
0.028798265785426
-0.000358873138345484
0.00771854245198345
0.026897078731742
0.00468336497195621
-0.0020717887455729
-0.000519031141868354
0.0131555824822571
-0.00119593375007454
0.000855251453985684
0
-0.00239275345728096
-0.00719544311103115
-0.000172597066436575
-0.0203658964572281
0.0149753705065316
-0.0236070126714112
-0.01795552
0.013033996631644
-0.0126876340243031
0.00723985520361992
-0.00664876885359322
0.0144718529114274
-0.00160485015674583
0.0144668328463358
0.00316901408450709
-0.00930150930150919
0.00372010628875108
0
0.0105894458171552
0.00174645482872693
-0.0088912482566248
0.00439753753377436
0.00560420334865852
0.00696624893647679
0.00294019370460052
0.00413860996245519
-0.00343469002232522
-0.00120623819425258
-0.010006866804693
0.0128964094494106
-0.00860289086727084
-0.00277677899259909
-0.0193178210929342
0.000709884674707562
-0.0230537329313708
0.00163369032492278
-0.00543671620152231
-0.000546720096693876
-0.00182311765991316
0.0049315068493152
-0.00799705561613961
-0.00421407093389259
0.0171113161770493
0.00832134617660429
-0.00197344808132582
-0.00970702823271508
0.00508255581775274
0.0108362655169321
-0.00303737705780327
-0.000716881720430051
0.00376621247368036
0.0134000352545993
-0.000881593762990351
-0.0167636497887295
0.00125624546818925
0.0421222441297724
-0.0106639146886824
-0.0104311891515995
-0.00544620539164464
0.0321497968556792
-0.00393633407496141
-0.0168384536082474
-0.00262149588879779
-0.00543196074995611
0.00246659628141632
-0.0107205971627207
-0.000532989873867407
-0.00195513693406113
0.00124666068578239
0.0106723226370571
-0.00527983104540652
-0.00106157112526539
-0.00230247963159758
0.00585829909965208
0.00670667137310277
0.00420753856942491
-0.000698254214324567
0.00978333299149781
0.00553629757785479
-0.00103227808094564
-0.00155012051153558
-0.00431257532128426
-0.0251213089008555
0.00177711036076067
0.010821394742643
-0.00228153738153736
-0.0110817242245109
0.0200995368160961
-0.00767215371132191
0.0054472324723247
0.001572876561591
0.0157040301621347
0.00240505067857755
-0.00839756669743164
0.00846868302799852
-0.0125107116541803
0.00416525526432676
-0.00691323885240236
0.00522098851374864
-0.00173126737296647
-0.00173426985778702
-0.00243231402250466
0.0182863816888326
0.00564388556032536
0.00918367346938775
-0.00219076508257499
0.00371558858300958
0.0146390711761737
0.00829187396351583
-0.00855266447368419
-0.00082942935731356
0.010459903702474
-0.00657246138678935
0.00711214025802187
-0.00640499260962391
0.0117355371900827
0.00212383597451393
-0.0136941636778611
0.0119008595041323
0.038712805007749
-0.0347538606699167
-0.033398500052183
-0.00927025082520649
0.0284110591497468
0.0153846484698097
0.00195500156549366
-0.00650409756097559
-0.0237315228717356
0.0165967806673335
0.00890501319261205
-0.00833609022556392
0.0234053411374764
-0.0165887904654535
-0.000818932171014253
0.0116375024303392
-0.00534675938604146
0.00961068577944291
0.0135527589545015
-0.0103470550780006
-0.0175325082043593
0.00229207589089464
-0.0145377322921355
0.00613290216698492
0.00823723228995066
0.0161764379084968
-0.0118989873580636
0.00537018714401949
0.0247653617599664
-0.00157956084095523
0.0153456731529822
0.0180741040822685
-0.023875085636675
0.00360620895598029
0.0174972030152414
0.00445263333187884
0.0149801900024515
-0.00768075278070024
-0.018060464410381
0.00293669260814178
0.015564832793959
0.00652503773823843
-0.00587969226957041
0.0101607215601842
0.0282239603663115
-0.00233604912647256
-0.0103907504641957
-0.0115351371920989
0.0118193005277858
0.0029573267176497
-0.00412793736907147
-0.000444233874508648
0.00370260685441992
-0.0081155973507806
0.00565301976634869
-0.0143491128505655
-0.000600360216129747
0.00705814729287546
0.00447363568367543
-0.0138064133016625
-0.00391392443173266
0.024784646358913
-0.00265447581933265
0.0121247674737472
0.00569758981432233
-0.00973268505128899
0.0159894973152264
0.0297429676655221
0.0312675827257431
0.0198504136043283
-0.0011998933155607
0.00787512033836402
-0.000397271873996297
0.00370956525121557
0.0241551471975938
-0.0016754221768488
0.00335659695326629
-0.00913535745920324
0.00025965458356958
0.00532265364981566
0.00697316614222188
0.00038468836190364
0.0234584534429316
-0.00438374270459629
-0.00880611419816613
0.011042061175276
0.0106703233406817
-0.00943984574736445
0.000877742946708393
0.00238038085692827
0.00612420932072966
-0.0104347329192547
-0.00728096875315254
-0.0108750629520723
0.020327230367496
0.00338308491124129
-0.0181069426047217
-0.00585018455678954
-0.00166301654504331
0.0188365197334699
-0.0134574264002659
0.00509936244009768
-0.0345001793252248
0.0102469781858388
-0.017425279130682
-0.0142931978373001
0.020139633719676
-0.00605432976813203
0.0173464786730124
-0.00286349074935588
0.022451403211069
0.0265543463154769
0.0200222847893405
-0.00841250955437756
-0.0173368248533916
-0.0186436190851756
0.00650263929618777
0.0311629077485962
0.0179360929254031
0.00579285541877872
0.000479985624189494
-0.00455742395196512
0.0708433493975904
0.000675112526442812
-0.0355296146721472
-0.0032641409014722
0.00654968421052615
0.0125494076818362
0.00321319715400503
0.00366048967422761
-0.0205151133010054
-0.0107052126901277
0.0119972247469877
0.00767080427708033
0.0170704044784502
-0.00181451576321157
-0.012951579775123
0.00575506458920505
0.00526433978632035
-0.00933515525205619
0.00160891756418824
0.00619541045454741
0.00524524539316973
0.00771315754477508
-0.008329559132353
-0.00794547123599254
-0.0016018306269604
-0.00206280077784105
0.00344506193281902
-0.00961316112641697
0.0122486480240351
0.0136986989428927
-0.010135157201119
-0.0161546981534768
0.0154948651482485
-0.00819861079480744
-0.03008029919817
0.0179923760420277
-0.0188372325581395
-0.00876982718108144
-0.0155428503108561
-0.0119018222930203
-0.0211406096361848
-0.0143144148669011
0.00535029299363066
-0.00152045112824262
0.00177662427529834
-0.0222954390094897
-0.0194350868100545
-0.00475687103594102
0.00663834306956979
0.00870487997889735
0.00862965436037388
0.00414830178895498
-0.00464758585076164
0.00415045406356573
-0.00464996137044604
0.00519078653492833
-0.0139427059127291
0.00942655170009288
0.0308690799187827
0.00654247576535116
0.000249950000000165
0.00499877555604988
-0.00770945057720596
0.00852130283101227
-0.0357853610444651
-0.0855669867414173
-0.00310036640360756
-0.0144189430143892
0.000286804352071179
-0.00200745632370103
-0.00545971280056656
0.0083791098416901
-0.00343848117831069
-0.0106382694260572
0.000581226387678102
-0.00435669474295686
0.0113768673097103
-0.0190366321913257
0.0114673338116631
0.00406973813548017
0.0104227269709691
-0.00401157570134225
-0.00920595565051541
-0.00261326953000207
-0.00494899592133891
0.0228203335283792
-0.00228827237666696
-0.00688079108713324
0.00808311224258396
-0.0100228528077235
0.000578536303153188
0.0216825672159584
0.0132994057724956
-0.0231779105507426
0.00971983990851921
0.036240033975085
-0.00874314255427011
0.0124035560199436
-0.00272254288047913
-0.00518705964545296
0.00466525808631335
-0.00518992064490786
-0.00411856145626355
0.00799561621174516
0.00410278982213397
-0.0119858080083304
0.00716843121036659
0.00793870812862618
0.000543183052688745
0.000271389793702337
0.0008141927171883
-0.0018980476708772
-0.00706335215801812
-0.00930232583590485
0.0110467277284374
0.0202129740449886
0.00535477940320095
-0.0170439152341922
-0.0211324573286371
0.00442845268672976
0.00330666841260219
0.00192254875034337
0.000274177631578887
0.00767327993021238
-0.00924666847973898
0.0172934669228657
-0.00944419834203447
-0.014165078021386
0.00442108329431012
0.0189822018697221
0.0437364729012832
0.0219864976720126
-0.0108832199890266
-0.0107472358880638
-0.00594930160372475
-0.0132709341660161
0.0126583340009669
-0.0135416920030369
0.010031599523981
-0.00130682181426145
0.00654279001682245
0.00494027573947675
-0.0152652256007646
-0.0144509454952457
-0.0399893383092156
0.0133297424787415
0.00137021094161627
-0.00574709891223035
0.00963385578674059
-0.00845149945474377
0.00577407219615278
-0.00519417686199131
0.0269304761453826
0.0101686114575492
0.00317878145695372
-0.0142592293176453
0.02464500269783
0.00313722875816991
-0.0127703417453829
0.00131993132735131
0.00290010545742159
-0.0247109089192715
-0.00512124016826099
0.0127337036033597
0.00187265912593215
0.00961281683276849
-0.000264533185280746
0.00820111132807155
-0.00157444236225546
-0.0034165835326303
0.00369206243101594
0.00551757736422553
-0.0057486542984061
-0.00788433660668431
-0.00105962913907276
0.00742516593543252
0.00105282963659747
0.00078890351798333
-0.00367848124859482
0.00791147193625918
0.00732598097001613
-0.00987015584415585
-0.00891920275234015
-0.0357331666419577
0
0.0181169365907221
0.00889722297115125
-0.0144307062763606
-0.0569414843562506
0
0.00833815435129837
0.0176788993441688
0.0016811712435183
0.00531465734265746
-0.0100166112970677
-0.0179877168078855
0.0263309108852579
-0.0175683486456122
0.017882514902072
-0.0150585885371279
0.00424691392978493
-0.0346771628227472
-0.0277453546877714
0.0156203059290987
-0.000591540946715874
-0.0142053857885354
0.0168117076910326
0.00649545339520108
0.00880020533880899
0.00523410890474274
0.00838880532253383
-0.0152036427078701
0.00378668780735869
0.004933314130392
0.00433144659741691
0.00287527322815628
-0.00344045288301442
0.0112199085857254
0.00455189163289371
0.00339844227135533
-0.0163703640982219
0.0111909332103834
-0.0122020708171355
0.0137891406552961
0.0161518839288217
0.00836583914205691
0.00497787610619493
-0.0209135388002202
-0.0185498584289007
0.00429559016584147
0.0094098089535215
0.00367223143094719
0.0230790605989042
-0.0049518572188092
0.00165888867342479
0.00110405741098552
-0.00220570719602986
0.00967123541506587
-0.000547372727220052
-0.00985761226725101
-0.00110622234513269
0.00415285172073232
0.000827102288392556
-0.0187327828852006
0.00982599690696229
0.00472610495618286
-0.00747094652658964
0.010593839157899
0.0063448275862068
0.0120613486842105
0.00568805556273322
0.00323186094177585
0.00912751677852364
0.00744876296887464
-0.0166357807403165
0.000536949487811578
0.00912506758588649
-0.00797869723290945
-0.0538873472892051
-0.0178521105737571
-0.00028845931909971
0.0173159585964815
0.000567375886525001
-0.00198466118514329
0.0048294884991622
-0.0104608145451177
-0.00428577142857145
-0.00573876646994353
-0.00288608929950429
0.0150506806092816
-0.00370690048474476
-0.00686886110099771
0.0210374345522353
-0.0124187976291279
-0.0020006857959024
0.000859192489071736
-0.0134478107740256
0.00609045823665899
0.000864860215187724
-0.00576039729952771
-0.0107183661645424
0.00556363071369659
0.00698899242865458
-0.0106999126258003
0.012277170776883
-0.00346529011073371
-0.00347722419456531
0.0020354754880918
-0.00232147424032147
-0.00378129715586684
0.00437962043795626
-0.00290706378447303
-0.00145769683550134
-0.00613135766423367
0.0123383662650305
0.00841558352918104
-0.0060431366906476
-0.000289577293295373
0.00463365203109345
0.00720668801402957
0.0140240702353769
-0.0138301157211402
0.00143111051605915
0.00257216332825605
-0.005131128555808
-0.00257882506711604
-0.00660726783661969
0.00491607837385311
0
-0.00776978417266194
0.00290029002320202
-0.00462706740155772
-0.000871557284808588
0.000581593503390154
0.0034873292647486
-0.0101360848576914
0.000292539496781652
-0.00116984501812945
0.0199121511032414
0.0109100481820243
0
0.00539627961932054
-0.0641243184110555
-0.000301901590645914
0.00452901583722887
0.0108205891193267
0.00832586951157088
0.00589799469183139
0.00146581643313359
0.00995316159250592
0.0139130434782608
-0.0228702115494568
0.0172615564657697
-0.00115041702617213
-0.00143967751223717
0.0011534313725492
-0.00345630750413872
-0.0187860415483261
0.011781943688308
-0.0119359250035472
0.00176785509039057
0.0123528823529411
0.0151075255727791
-0.00400686903282399
-0.0186780752493699
0.00175686666138408
-0.00730780494907346
0.00441702015362222
0.00117270591695395
-0.0122987401289172
-0.0171953157426622
0.0015082653690337
-0.0165662344407761
-0.00367543622202549
0.00276667699866828
0.00275904361615709
0.00366869470096898
0.0109654882141037
-0.0108465504925144
-0.00639667947629119
0.00950340311169229
0.00911023382933496
0.00240749322901013
0.0240168110472287
-0.00293177945084178
0.00940911551950108
-0.00524322719235493
0.000585534372735896
-0.000877933911497375
0.000585852389743513
-0.00673302107728324
-0.00766289419392863
0.0157411057761274
-0.0157895024622954
-0.00148541295306004
0.00148762268706859
0.0103980392156864
0.0120552785683785
-0.00522940181460796
0.00321249981235416
-0.0142648334360893
0.00679264598958529
-0.00469345849222658
0.0132626289419393
-0.0133799588894719
-0.0539504159168877
-0.0233717669055782
-0.00925338225909378
-0.00257648961599
-0.00355175988220091
-0.00388856111832281
0.0058555627846455
-0.00711510349288491
0.00488596075290038
0.012965964343598
0.0112000000000001
0.00253164556962027
0.00284090909090917
-0.0138495435945861
-0.0134056814554739
0.0152054027822712
0.00860423864258242
0.00252764612954182
-0.00945477466120392
-0.00763598472796689
0.00256489251154557
0.00831471058522548
0.00539169028253439
-0.0116719554677617
0.0121289179699968
0.0135603914714726
-0.00684502199268899
-0.00438593358396
-0.00062935806704334
-0.00283375314861456
-0.0015787496053048
-0.011701486030946
0.016
-0.000944913385826696
0.00252206817534883
0.00157235854001136
