0.0196856796416676
0.00794013663676774
0.0288848170801612
-0.0090076413600414
0.0115133309646014
0.00838707541053196
0.00980240576853109
0.0052948964640358
0.0030724214505462
0.00612609411102971
0.00898803962070005
0.00732762952090882
0.00513478811674806
0.00354760886125138
-0.000848373856781937
0.00198130472791935
0.00508475967154975
0.00238895433451614
-0.00406562444790048
-0.0074605714039897
0.00156007654063028
-0.00339855550558377
0.00625181896498228
0.000847175939000522
0.00860610928073258
0.00643445255097075
-0.0125086037182183
0.0112596054359069
-0.00389697992754301
0.00139720553304468
0.000697683848128294
-0.0160345926375546
-0.00297575456993049
0.00525869804919421
0.00805881487096793
-0.000561023819311779
-0.00547290189523153
-0.0169324812925433
0.0134922208552379
-0.0211017983132447
-0.0052083475748691
-0.00625363565289028
0.0237083997158378
0.0220157407583592
0.019023640202088
0.0115305974339217
-0.00162847057596782
0.000271795568846045
0.00258191344377856
-0.00609917330034138
-0.00736398452573328
-0.0133260198746256
-0.00278469785575042
-0.0269477927835327
-0.020088979191018
0.00263581779710309
0.0229297499206988
-0.00142774127030632
-0.0151559189260533
-0.00653305777583002
-0.000146163963174017
-0.0162233269869434
0.00490270405297011
-0.000147871084386075
0.00872399861262729
0.0127527849200706
0.0088290785253482
0.00129130565098889
-0.0058748243892417
-0.0162870719063306
-0.00439564835164841
-0.0120676973686988
0.0138537321847338
0.0163091394742623
-0.00708396724256088
0.0117937973209084
0.096272876565632
-0.0070884877920715
0.00555260451550232
0.00683676063204741
0.00953246253506235
0.0054327384667634
0.00501736761800964
0.00435222717541373
0.00331381599941127
-0.00482729922729541
-0.00370172344660313
0.00640614965767528
-0.00458308066519098
-0.00575526267412052
-0.000771777740462443
0.0140318872296601
-0.0168845379034355
-0.0090393076177866
-0.00390925212169013
-0.0162219383510744
-0.00159567825514673
-0.0294352549431205
-0.00507757629706695
0
-0.00841380689655169
0.0116845738167279
-0.00866224355854894
0.00319006943661759
-0.00207385588071718
0.00789692435577716
0.00192438487972524
-0.0139936344353634
-0.0171142889753322
0.0373725939605407
0.0473526343798121
0.0114657589576548
0.0145562932328851
-0.00215853219506013
0.00139968196461027
0.0255400517994937
-0.0115227358632478
0.00438703941322438
0.00686388394598336
0.00396628656420428
-0.00802471604938271
0.00186685754491256
0.00757765217391304
-0.00937002824103028
-0.0224019296179696
0.00954805819676419
0.0331651563745843
0.00646892469180993
-0.00557845022530257
-0.0109756341463415
-0.00443896435114588
0.0043348774915748
-0.0225674446944109
0.0123643196476326
0.00261713615695758
0.000248651345506001
-0.0149124392330999
-0.00971359945932637
-0.003821694267516
0.00856785199109411
-0.00773425861287214
-0.0062612444093727
-0.00540052740390362
0.0180995738358003
-0.00101589841269834
0.00686412881312126
0.00239872493875426
0.000125969770126799
-0.00113340883347657
0.0118507564296522
-0.0145776971199179
0.013908282407803
-0.0117221845187135
-0.000378536277602537
0.00605902542212799
-0.011166863657473
-0.00329901036160396
-0.00954805819676419
0.0088688299922044
-0.00624280816009193
0.000128230769230742
0.0115370077801049
-0.00342168275647281
-0.00495929558696973
-0.00293933546325875
0.00743400438736241
0
0.00547075077533732
0.00177146655411198
0.0127573831693162
-0.00661010226989278
-0.00853736325078813
-0.00721791810538275
-0.00165822699851459
-0.0148204426275883
-0.00259365837642767
0.00611094754331321
0.00465237805579122
-0.013763828499198
0.0096518327807964
-0.00736349270825509
0.021473218192255
0.0109568100638759
0.0114682296526334
0.00660352587581547
0.016214840744958
0.00267968337831137
-0.00182218172983462
-0.00754527218072953
-0.00318825248847632
0.00393652350920748
0.00588157081385154
-0.0127907790371923
-0.0139436942998064
0.0073832557936051
0.0159006086956521
0.00684760340972845
0.00728693258620039
-0.00783700246353991
-0.000121545751348373
0.00947981294943845
-0.00144469061990571
-0.0165179885093325
0.037023366433738
-0.0196240226799395
0.00578806222115036
-0.00995086872313311
0.00351175820993577
0.00180999148751093
-0.00469766338343758
-0.00774535910971896
-0.0217099529627992
-0.0223164321445758
-0.0413159663686806
-0.0188879755254058
0.02819948405099
0.0160865251100488
0.00622895162805492
-0.00928554282582494
-0.0283780395730278
0.00937830934322492
0.00544204966509421
-0.0236303762376238
0.0408329372746477
-0.0188361125421104
-0.00609028208778362
-0.0130545357666177
-0.00256436779939895
0.000405926917295796
0.0082510618152305
0.00147573113126187
-0.019825907037484
0.0043733771866441
-0.016464811987068
0.00235193694454794
-0.0124222779470922
0.00936405271709062
-0.0268623923170535
0.0112407656693334
0.0292669480793586
0.00123029388297202
0.00983070753224213
0.0105462278332373
-0.00401386149354721
0.00389576829941496
0.0103037196452409
0.00304639735099332
0.0167700640392159
-0.0185714285714287
0.0060870583564907
0.00539264771001768
0.00183150178358171
-0.0163227992603082
0.012876688892163
-0.0174312181875014
0.013738815342953
0.0064473421052631
-0.0129428425400142
-0.0078145165562914
0.0501934828357506
0.00889799183673534
-0.00302388800464071
0.00732973615555665
0.0161836785369927
-0.0146913827160494
-0.00400952271669008
0.00113226823832591
-0.0011309876569241
-0.00553522469581635
0.00506001245819054
-0.00931400916226588
-0.00609828492057285
0.0304230846060429
0.00719514939591681
0.0109619408557224
0.0137670196450532
-0.00516764818132009
-0.000603962317032747
-0.00338457620991506
0.00570043683567389
0.0021707670566995
0.000360998805318813
0.0103452547941267
-0.00297654489764365
-0.00979221422957277
0.0162807408654302
-0.00510265830435486
0.00512882896607003
-0.0110359681156748
-0.00179978410366122
-0.00961657628040447
-0.00582588913491799
0.0120864113252881
0.00796135083326055
-0.00526561764637667
-0.00493267547163112
0.0198283039514968
0.0272673865386459
0.0135025732601828
0.0189023343202004
-0.0267099566369036
0.0138937542263753
-0.00985280827227153
-0.00606196957566063
0.0086306096977995
0.0059326410511662
-0.00907332446576681
-0.0129335579855708
-0.00463824222259379
0.0128146091712307
0.022659327751108
-0.0394781446641258
-0.0106557842937756
-0.00284054924465738
0.00106820178041533
-0.00901107465075057
-0.00873419457443891
0.0146047076549114
0.00083272664365297
0.0177107577930853
-0.00911010246051958
-0.000589285742069068
0.0257105787744949
-0.00287455441100892
-0.0977860113262683
-0.00447340246608896
0.0121966492771428
-0.0400811283653539
-0.0351480311839324
-0.00397143264741584
-0.000137522337239515
-0.0138889162006475
0.00488075589012338
0.0194282686491332
0.0108903214115208
0.00121190408801763
0.0111634434744707
0.0167598031391327
-0.0136054418208938
0.000795716159264659
0.00901139688591845
0.0052535067671855
0.019336242234959
0.0176878371323188
0.00944584359078471
0.00399250145995
0.00845036649123454
-0.022427602651199
-0.0146225131823391
0.0203403356873566
-0.00150455111573333
0.00979406089645996
-0.0103208408435923
-0.0242491782509953
0.0090136101460927
0.00204180701835366
0.00483959519254684
-0.00430930280584796
0.0134929356795555
-0.00728462670366881
-0.0111335651425409
-0.00409426795832812
0.00822208418407411
0.00293063189612774
-0.0107991107965838
-0.000770588225396884
-0.0104113749198699
-0.02506819132532
0.0190514260338777
-0.00209172446311223
0.00497834390204788
-0.00338941472284471
0.00353177253885306
0.0211156801210157
-0.00880768490210282
-0.00334839656539865
0.00387650864293199
0.0141588231649163
0.00647292795439869
-0.00441369466278596
0.0111463588782656
-0.0132782785098764
0.00888668308569307
0.0162325529604561
-0.00879146833106814
-0.000499700168655859
0.0106236592769988
-0.0547860616524107
-0.0265602250425226
0.00510748642184189
-0.00254082645815501
0.0144791802911479
0.0122902078046836
-0.00718009157128174
0.000788928305499148
-0.00249642619239998
0.0151475504517267
0.00544956533021934
-0.000128984388411024
0.000387183774373412
0.0158688681236261
-0.00520695974617635
0.00829823801102414
0.00481131913859256
0.00504033511793933
-0.0041374372081886
-0.00830924084099216
0.0100292120107608
0.00263950484262221
0.00275794168576926
0.0117514942305663
0.00518964537254418
0.00639219437964833
-0.00793944028559523
-0.00270870471917373
-0.00481480246913579
0.00459002599441716
0.00284015795850245
0.00960471628622983
-0.00097565559155155
0.0153826631482035
0.00396780098515803
-0.00131737724550895
0.00899388426662528
-0.0375564064363728
-0.0307483935262388
0.0230603267437974
0.0222913192170118
0.0164454387353119
-0.010187032354098
-0.0127133436354688
0.011037539722375
-0.00206216637403778
0.0234593420490825
0.00249414498197664
0.00651575611819655
0.00435502594579829
0.00269537084975102
-0.00338944608203462
-0.00257996959938911
0.00317456778925673
0.00832160103141133
-0.00116237360411919
0.00733152566042117
-0.0122458182127037
0.00959064327485382
-0.00335960379981448
0.00581192613985726
0.00104014793759544
-0.0111983487232158
0.027086969595167
0.00113673978473638
0.00204382877256726
0.00555238526912172
0.00259187519927595
0.00921658975815909
0.00211607080837428
-0.00111142472400216
-0.00055624167410695
0.010241544912801
-0.00826446280991733
-0.000888911111111002
0.00800712873681331
0.00330983013360364
0.00329883432375544
0.00109598862551485
-0.00350338311816867
0.00274664917864142
-0.00471130726562863
0.0195949700394087
0.00118764841758856
0.00269599905005924
-0.00139820386970735
0.00904689303278183
0.00117409539600599
-0.0053304902346325
-0.00535905663368519
-0.0209051932897029
0.0116662666556653
-0.0225195827354131
-0.00333884258962358
0.00871020629669883
-0.0107384144638898
0.00179046551264039
-0.00234583341194716
0.00660624804851095
0.0101223134566781
0.000770829220809066
-0.0082526411174948
0.0160879290831442
0.00404012876086202
-0.0145730945483337
0.0110363093363171
-0.00120075317977564
-0.00262292896174865
0.00580757164568113
0.00533825029591184
0.0036844820511972
-0.00183552142618693
-0.0138453114281873
-0.00120653726459463
-0.0140566552615122
-0.00122522834957928
-0.00100363557496697
0.00904216322745799
0.0138289635338971
-0.00643819299910731
-0.00560133973856103
0.00817316094352605
-0.0062445224172275
0.0073861537579778
-0.0262638879272452
0.00460773191927188
-0.00201364808159366
0.0394575052063391
0.0046371291500984
-0.00386433001870623
0.0156249671672963
0.0289655490716181
0.00494943271965043
0.0383746977054658
0.0159091012621275
0.00593327508867381
0.0159543805057896
-0.00190346435709521
-0.00829601387538814
-0.00201922115384612
-0.00211967432199955
0.00318627015545059
0.00144370545825412
0.00115324359961821
0.00595183845544467
-0.00744344873133462
0.00644166894641551
-0.0106992930836838
0.00753184641815086
0.00594214130504667
0.00933691891517663
0.00509723418732788
0.00610437623672877
-0.0113879682083815
-0.00377681035683841
-0.00464415686391506
0.00409445831540056
-0.00284490287847039
-0.00142655251685109
-0.00952380952380949
0.00336536538461529
-0.00134162915844049
-0.00403030423213024
-0.000867174093196144
0.000192902609245094
-0.00279599881608172
-0.000870192400657555
-0.00222561456263271
-0.00620696337690851
0.0024397384362278
0.00545169387216027
0.00125876259932967
0.01102406881253
-0.0230512092859528
-0.00420990801067078
0.000786569666567427
0
-0.000294714605612478
-0.0155267489086723
0.00668794170493103
-0.00852751628215198
0.00200024006401134
0.00519010868968728
0.0135041308063164
-0.00930730870970897
0.00108781642342315
0.0128420029781093
-0.00146300596374727
0.00322330542752391
-0.00856778316198803
0.0309339186696667
-0.00647742408618524
0.00795775624282569
0.00199751741646104
-0.00408194433574882
-0.00400348855195931
0.0119628674890011
0.0120106300739669
0.00869077640050886
-0.00574395023635454
0.0123928624673872
0.00745510340625666
0.0142517633313701
-0.00522423901704838
-0.00543286842751056
0.0114712495073288
0.00243028807255241
-0.0131992543809125
0.00919019091555606
-0.00549996373636408
0.00145055299771824
-0.00506968137850516
-0.00154685165519841
0.00273394688597617
-0.000363546308857154
0.00572783899859686
0.00153677450180512
-0.0020760266984744
0.0107634046809588
-0.000894836689038003
0.00591129411712865
0.0021369869492831
-0.0146601595381566
0.000811505846501248
0.0038742229727764
-0.00475676727260399
-0.000901776543437371
0.0081234858008532
-0.00501392237417997
0.00593902652584433
-0.00465161459297236
-0.00898714862012628
-0.00145094771336585
-0.00962671864838138
0.00403480043920768
0.00621061295480163
-0.000998456948324677
-0.00109027804997763
0.00318354551239675
-0.00244812764123559
0.00172697696037916
-0.00589784053985887
-0.00127783865056286
0.00484371238975889
0.0029104139038767
0.0128775282364431
-0.00429763623784352
-0.000719377760267648
0.0194367322803042
-0.0123576837112042
-0.0194834213913971
-0.00154952147980603
-0.00264744383195692
0.00686498855835249
0.00654546363636355
-0.0245664827983518
0.00462962962962954
0.00423962211981554
9.1795155027441e-05
-0.0111039642919706
0.00807345010999549
9.20740152463573e-05
-0.0134388716259101
0.00242584437395044
0.00344374528213409
0.00686397378469494
0.00359280505961856
0.00862855684544606
0.0106480345098663
-0.00441247174032056
-0.000271336835588443
0.0147471728467128
0.0106989742974688
0.00405785987951779
-0.00948868388683877
-0.0164094290652728
-0.00396791418493936
0.00688095989717419
-0.0193328029793436
-0.00485970117109291
0.00718694376842288
0.000548943382104872
0.00118859830332085
0.0094977260273974
0.0157408900331022
-0.00365154972970749
-0.0014302672361598
-0.00644526905778597
0.00360393735658948
-0.00430913909964215
-0.0140655120704891
0.00978509391467952
-0.0129505526707219
0.000825800547312516
0.00540883745124998
0.010577222769713
-0.00496258224375012
0.0229415943320781
0.00966229961284104
0.00719928872345399
0.00758363835788334
-0.00389304451572081
0.000347411849465074
-0.0146727035943741
0.00255530007146532
0.00571278788638407
-0.00174776719391778
-0.00253874632218987
0
0.00903983659751018
0.00226147688734901
-0.0117157508014644
0.00465408336812656
0.000524403442901722
0.0120555340957846
0.00345275793617184
0.00567745376344098
-0.00188180645344938
0.00591306014374737
-0.00417445912867076
0.0142014202600858
-0.00269928293464494
0.00118413259280725
0.0124186277160101
-0.000417181255580101
0.00384004504683144
-0.00948024116424118
-0.00335825704509907
-0.00126359195740544
0.0120614037122371
-0.00758393212074226
-0.00201550214955482
0.00690010120835072
0.0139561920790174
0.00148355721612869
0.00683066403043919
0.00457745641907659
0.0020341740922023
-0.00211127077367002
-0.00138333470081653
-0.00220016295469228
0.000490036761699564
0.00620353430408072
0.00324491773939117
-0.00307266924998251
0.00778651141384934
0.0210865432595573
0.0166311417207108
0.0149636227310783
0.00527081184719869
-0.00410340406823384
0.00564630712110947
-0.00796663866540281
0.00588913193116625
-0.00121656778538415
-0.00312122409316984
0.00557461639346202
0.00858144790454252
0.00376477680543297
0.00517592086378982
0.00589547014925373
0.00645456669769229
0.00162170863565669
0.00139830727854329
-0.000514492514136489
0.00455878676470589
-0.000439152409572152
