0.0156028368794328
0.0200186219739291
0.0255590597900504
-0.00890071245664059
0.0125729232150875
0.00620851468773886
0.00396650489349915
0.00570671616739626
0.00523793103448278
-0.00217112452578694
0.014360269799826
-0.00386100402664113
-0.0111972442376075
-0.00348432070924731
-0.00393347919289688
-0.00570429988133836
0.00441306266548991
0
-0.00351493848857654
0.00220458553791891
-0.00263968323801134
-0.00308778120864583
0.00707964601769917
-0.0136203427065027
0.0138084180931664
0.00219679261862926
0.00526089457522549
0.00828613170518966
0.00216258641165301
0.00302114803625364
-0.00344234079173833
0.0120898531951641
0.00597265332881181
-0.000424088210347673
-0.00127276198557491
0.00169919279102837
0.00636132315521643
-0.00421411715128528
0.00423195108895258
-0.0147493046776233
-0.00556026542173937
0.00344086021505374
0.0227175739391343
0.000838139109885283
0.000837562849144158
0.0179916317991631
-0.00123308672420874
-0.00288061740249457
0.00247631035905904
-0.00617546289932225
-0.000828417598526032
-0.0145108202939129
0.0016827513672697
-0.00797975674001505
-0.00423374241178054
0.00552721088435359
0.0105708245243128
-0.00669456066945606
0.00210619208087626
-0.00168142069434973
-0.00126319999999991
0.00168638287042078
-0.00168354377104374
-0.00126467121689178
-0.00337695215800116
0.0211774662779556
0.000829448327273052
0.000414421898649708
-0.00662796216354433
-0.0200166805671393
0.00595740425531921
-0.0317258896669158
0.00393189182751819
0.014360269799826
-0.0102959678376648
0.0151712180320764
-0.0111016225448335
-0.0094990932642488
0.00871830825116349
0.00259299924775291
0.0215517232089775
-0.00337552728373314
-0.00254030471886924
-0.000848811581019238
-0.0709430726022485
-0.00457251922393598
-0.00734951768488745
-0.0134197587496641
-0.00328330206378991
-0.00611760000000006
-0.00568186526127523
0.0204761904761905
-0.00419972001866542
-0.020618556701031
-0.0114832535885167
-0.0183929816069701
0.00739640002976327
-0.00832109642682322
0.0064165350444223
0.0225601286199182
-0.00239812949640295
0.0110577889931629
0.00142643835347434
0.0151946825828435
-0.0070158562682815
0.0230804992934528
-0.00920805751418319
-0.017193308550186
-0.0302600472813237
-0.0112139931740616
-0.0118343189430808
0.0154690112041411
-0.00835380835380839
0.00396432111000999
0.0113524185587364
-0.00732064421669099
-0.0167158308751229
0.00950004999999998
-0.013373005776473
0.00050200803212852
0.015052684395384
-0.0133465645081562
-0.00150295598712202
0.0155544405418966
0.0177865612648223
0
-0.00242723300970882
0.00340642352342679
0.00290974767653984
0.000483607350096671
-0.002900048192361
-0.0111487644764308
-0.00637254901960782
-0.00641346817957578
0.00893748803065986
0
-0.0241141732283465
-0.0191628340897629
0.0179947548588815
0.0262626780940747
-0.00885831692913386
-0.00148947375816644
-0.00596722993698517
0.0205102551275638
0.00980392156862764
-0.00242723300970882
0.00291980549488113
-0.0135856859007432
-0.005410772257747
-0.00642922880461083
-0.00348432055749126
0.00799200799200794
-0.00445986124876119
-0.00846192135390733
0.017570281124498
-0.00197335964479517
-0.00642609985170539
-0.0114427363184081
-0.0150981874636039
-0.00868676545733271
0.00154639175257731
0.00669063304168827
0.00766871204850261
0.0106545413827774
-0.0105422188755021
0.012176662210891
0.00802004972330583
0.0203878159926496
-0.00536062378167634
0.00293968642822162
-0.00879325885653448
0.021685509034721
-0.0207429329474192
-0.0078817737872795
-0.0287984125520562
0.0138037328120517
0.0287443267776097
0.0053921568627453
0.00243778644563619
0.0184825884475965
-0.0138491397397736
-0.00435840193704584
0.00437748075765954
0.00532687651331742
0.00722543352601157
0.00860832137733136
0.00948321479374115
-0.00422733657927021
-0.00330198097632162
-0.00946516845552159
-0.00143334925943628
-0.0354066985645932
-0.0213293650793651
-0.00101373542828187
0.017757484411846
0.0184447167719199
-0.0430739598629466
-0.00869565261870331
-0.00154793609638471
-0.00826868217054277
-0.0187598218468045
0.00637286245353175
0.0010553033743903
0.0121245130271224
-0.00208338530815699
-0.00156581419624213
0.00575018325928811
0.00155925155925152
0.01712506486767
0.000510255102040835
-0.0234574694820261
-0.0224543603133158
-0.0229699798595075
-0.0399126276701679
-0.0318906054607407
0.0417646470588235
0.0259740839059337
0.00605399009356056
-0.0300875804109638
-0.0225606316976876
0.00750138488170804
0.00572737718942595
-0.0205010262244321
0.0220929638318044
-0.0142207053469852
0.00057703404500864
0.0230680507497116
-0.00338218714768879
-0.0231900452488688
0.00810654313839021
0.000574382538770957
-0.0510906429391506
0.00544464576862391
-0.0348977114983325
0.00810467530519499
-0.00742121212121227
0.012461122271721
-0.0369230769230769
-0.0166134185303515
0.0272904483430798
0.0164452877925363
0.0112009956440573
0.0246153846153845
0.0252252252252254
0.0339777387229057
0.011331444759207
-0.0123249859943978
0.00113448673479777
-0.0152975070821528
-0.00575362518720535
0.0237268504787702
-0.00678354964479644
0.00682988047808752
0
-0.0322215922995143
0.0262849867824191
-0.0586225953329539
-0.0145103981553568
-0.00184042956076258
0.0178241548862939
0.0410628647984821
0.00522041763341075
0.0155799192152339
-0.00511363636363638
0.00571107938320958
0.0124928442650285
-0.0196298373527761
-0.0194508581235698
0.00408401424060756
-0.00348628724499056
-0.00641393586005823
-0.0258216534142222
0.00602415662650602
-0.0185629929004196
0.005491214490007
-0.0145631067961166
-0.00800486453201954
0.00931092431341263
-0.00123001230012321
0.017241379310345
0.00605332929782065
-0.00120342953047936
0.0150602409638554
-0.0267062314540061
-0.0249999999999999
0.0218886804252658
-0.0263157894736842
0.00565681961030795
-0.00812500000000005
0.0163830497794581
-0.0198387489050682
-0.00632511068943709
0.0101845957988542
0.00945179584120992
-0.0168539325842696
-0.0266666666666666
-0.00848010437051538
0.0151315789473685
0.0343486714193131
-0.000626566416040197
-0.0106583072100314
0.00950570342205315
-0.0106716886377903
-0.0266497461928934
-0.0117340286831812
0.0151715039577838
-0.0207927225471085
-0.0345056403450563
-0.00274914089347089
0.0165403170227429
-0.0284745762711864
-0.0607117934403349
0.0237741456166418
-0.0449927431059506
-0.0258358662613981
0.000780031201248033
0.0522213561964147
0.0222222222222224
-0.0166666666666667
0.0221075902726602
-0.0230713770728189
-0.0265682656826569
0.050037907505686
-0.0101083032490974
-0.0350109409190372
0.0309901738473166
0.0410557184750733
-0.00352112676056326
-0.0275618374558304
0.00654069767441867
0.0166064981949459
-0.0142045454545454
0.0389048991354466
0.029126213592233
0.00876010781671166
0.0233800935203741
-0.0169712793733682
0.0172642762284196
-0.0234986945169713
0.00601604278074874
0.030564784053156
-0.00773694390715662
-0.00519818063677713
0.0352710646636185
0.00630914826498419
0.0100314106583073
0.0235877701062834
0.0212249848392967
-0.0338479809976248
-0.00614628149969254
-0.00742121212121227
0.0361370739026214
0.0144318709820725
-0.0183759325206915
0.0211353273632444
-0.00946185688941459
0.0131342686567164
-0.00883906946606194
-0.0202140309155767
-0.0182038834951457
0
0.00988875154511737
0.00734388004895958
0
0.0145809243366297
-0.0383234707590735
-0.0236612094434129
-0.0153061224489796
0.00259067357512954
-0.0122739018087856
-0.00196206671026811
0.0176933158584534
0.0212491951062459
0.0151324085750317
-0.000621118012422484
0.00745798632691108
-0.0215915497588866
0
-0.0201765447667087
0.00321750321750325
-0.0160359204618346
-0.00456323337679276
0.0157170923379175
0.0277240490006447
-0.0075282308657465
0
0.0120101137800253
0.0062461586508431
0.00310360005564236
0.00123762376237613
0.0111249072929542
0.00305617340732445
0.015843997562462
-0.0359928014397122
-0.0112009956440572
-0.0176211453744494
0.00128122998078162
-0.00895713371721052
-0.0316333118140736
-0.0226666666666666
-0.00545702592087316
0.0137174211248285
0.0196211096075778
0.0185799601857997
-0.00977198697068404
0.00657894736842124
0.00653594771241828
0.00259740259740249
0.0213730569948187
-0.00760938490805319
0.00191693290734829
0.00382653061224492
-0.00317662007623898
-0.0063734862970044
-0.0121872995509942
-0.00129870129870124
0.0104031209362807
0.0283140283140284
0.00375475594493113
0.0249376543056323
0.00669087550542136
0.0060423568605652
0.0090089489489491
0.00892869100766025
-0.0737463673305978
-0.0579617834394904
0.0243407707910752
0.0594058745874586
0.00996884797313702
0.0148057998029487
-0.0218845579401484
0.0105655686761965
0.0092250922509225
0.0213284582571605
0.0137231503579951
0.0100058858151855
-0.0396270396270396
0.0139562499999999
0.0161580500393808
0.00647820965842172
0.00936220011702749
-0.00753617391304362
0.0227803140899352
0.0228440890919475
0.00279168062534896
-0.0200444888666196
-0.0261364204545456
0.00816814516733633
0.0266203109594727
0.0084554114994364
-0.0251536067721413
0.00630722440898945
-0.00968661023855322
0.0264672627426503
0.022421524663677
-0.00328947368421051
0.00110016501650168
-0.0115385158495322
0.00166759310728182
0.00887902330743628
-0.00165016501650173
-0.0121212121212121
0.00948131622978265
0.0055249171270717
0.00934065882743629
-0.00326630357831759
-0.00218454408435531
-0.00711554460864805
-0.00992282303874437
0.0027840201995557
0.00444197667962243
-0.0149253731343283
-0.0140291806958474
-0.00910643141718837
-0.0195290063182079
-0.00058588166373752
-0.014654162640924
-0.0362878070367524
-0.000617283912513478
-0.0105003699505639
0.00998751560549316
-0.00494437577255857
-0.00621118012422373
0.00124999999999997
0.000624282147315691
-0.00311921377921298
0.0206507509386733
-0.00367866362223579
-0.0147692307692306
-0.0168644597126797
-0.00889453621346892
0.00320512820512819
-0.00511182108626196
0.000642260757867774
-0.00898587933247752
-0.00194300518134716
0.009085009733939
-0.00385852090032157
0.012911555842479
-0.0152963671128107
0.00517799352750803
-0.00128783000643917
-0.00451321727917475
0.00323834196891193
0.013557133634603
0.00127388535031847
-0.0133587786259542
-0.00257898130238554
0.00452488687782804
-0.00900900900900892
-0.0253246753246754
-0.00799467021985334
0.00738750839489577
0.032
-0.0142118863049095
-0.0013106159895151
-0.0269028871391076
0.0222521915037086
0.0362796833773087
0.016549968173138
0.00876649968691301
-0.00248299177635058
0.0255133789670192
0.0546115898058253
-0.014959609606422
-0.00817762802700761
-0.0170788574793876
-0.0167765717928956
0.0164533820840951
0.014988009592326
-0.00236272888363853
0.00296045014567481
0.00177083814812073
0.0194460824658858
0.0312139324401117
0.0168160874439462
-0.0220506627370818
0.0298759864712514
0.0114942528735633
0.0238095238095239
0.00475687103594069
0.00894266175696989
-0.00990615224191871
0.00315950500263296
-0.00944871440675676
0.00264965539747464
0.00475687103594069
0.00894266175696989
-0.00312820646506784
0.00261501032348299
-0.019301043296818
0.00691494717632701
0.00158473322768105
-0.0205695685954413
0.00969305331179315
0.00479999999999992
0.0153927282377919
0.0109775750641701
-0.0434332988624612
-0.0135135135135135
-0.00273967123287666
-0.0093406588274364
0.00831941162953909
-0.00880088008800883
0.0133185349611544
-0.00602409638554235
0.0088153719008266
-0.00491534707347607
0.00603737684069006
-0.0049099836333879
0.00164473684210531
0.0114942528735633
0.00703468614718616
-0.0010747447031304
-0.0349649811726735
0.00724632066631448
-0.0110680132816825
0.00223833227541514
0.0100502512562815
-0.0116086788280817
0.00727074984735743
0.0177679067184895
0.00109110747408647
0.000545013623978186
0.0108931366615939
0.0102371233963967
-0.00693328000000004
-0.00214828130245537
-0.0102261033369213
0.0163133233449333
-0.0181915988126484
-0.01743863760218
-0.00110931774213419
0.0111048861743475
-0.0120812197738177
0.0222345191773208
0.0119631327875549
-0.0123590536077886
0.00652889045314953
-0.0172972972972973
-0.00275033003300318
-0.0159955331492297
0.00392376681614359
-0.00223333333333342
-0.00671522066506869
0.0332394366197184
-0.00545256270447114
0.0109649671052632
-0.00325390437885531
-0.0223068564911238
0.00667785234712581
-0.003869541182974
0.0016647613762486
-0.00166199455191107
0.00832408435072152
0.0038525041276829
0.0164474232456142
0.00647243762284577
-0.0155412111468383
-0.00381066936251118
-0.00218573782435716
0.0142387732749178
-0.0118791036717063
0.00710388016961083
0.00759631036353769
-0.0102316101238557
0.00380859650754051
0.00108390238027645
0.00757996792528237
0.0209564201527985
0.00263152631578945
-0.0120734389539863
0.00956429330499464
0.00263152631578945
0.0115486095301107
-0.00155682407887914
-0.067047765072765
0.00557091890969819
0.0216067601998204
-0.0130151836759661
-0.0109890653302711
0.00722216666666675
-0.0182018763486971
0.0016854495328904
0.0100953449242851
-0.0183231538034426
-0.0113122171945701
0.0154462242562929
-0.00394366197183105
-0.00226250000000006
0.022108958169442
0.00332773137394726
0.00110563847429512
0.00276085020646888
0.00275324889867834
-0.00658973127895279
-0.00110558319513543
-0.0121748754842279
0.00784313725490171
-0.00611456364647012
0.016219296209133
-0.0165106769400112
-0.00111925007726621
0.00728291316526608
0.00889872080088994
0.013230430718326
0.0136017417628804
0.00375748812439536
-0.00695192476192918
0.00107700592353255
0.00806885422270032
0.0192102454642478
-0.00942408376963344
-0.0169133192389006
0.00376344086021496
0.00267803963577928
0.0122864322802581
-0.00738796794786445
-0.0111642217524839
-0.00645161290322582
-0.0113636363636365
0.029556595511768
-0.00531632138842764
-0.0219134164571575
-0.00218573782435716
-0.0186199342825849
0.00558035714285698
0.0016647613762486
0.00332421071048272
0.00220866912155326
0.0181818181818183
0.00757581168831156
-0.000537056899191257
-0.0300914545893899
-0.00498614986072854
0.000556792904053083
0.0261548150336568
-0.0227766256628728
0.0366259711431742
0.00160594218415411
-0.00267231441327176
0.0133976420150053
-0.0142782125859334
-0.0134120178869108
0.0141381736888619
0.00482573726541546
-0.0282818036286019
-0.0131795723876755
-0.00779070716698438
0.00112170499158748
0.00840336134453779
-0.00277772222222217
0.0155988292145499
-0.0170049369171694
-0.0273437500000001
-0.00286867469879504
0.0155351562448305
-0.00453257790368267
0.00170745589072285
0.00568187499999984
-0.00960451923138317
0.00855670230709071
0.0192307692307692
0.00554944506104316
0.00110364232319871
-0.0286658229694501
0.0204312701230835
-0.00222463848720811
0.0117056292248814
0.0033057300275483
0.00933553044127033
0.00326452683702527
-0.00921914266707469
-0.00109469074986313
0.00328761643835618
0.0016385036394595
0.00654302071973833
-0.00920899291489663
0.0021869326305668
0.00163671576650315
0.00762521744960676
0.00216221621621626
-0.00269692542087785
0
-0.00324499729583549
-0.0103092783505155
-0.00219292763157886
0.00659335128607963
0.00109170305676853
0.00272622682660839
0.00870038111475702
0.00646905695250988
0.0391001606855916
0.00567010309278371
