0.019883822002295
0.0145832493046323
0.0243658559093378
-0.0135064376526919
0.00882333605519636
0.00361906040793714
-0.00285481930091802
0.0150681839845757
0.00163290289120166
0.0165246094818365
0.0121738816534276
-0.00266481803392937
-0.00527149062020482
0.00863885299455536
0.00669348630065514
-0.0664187698011999
0.0143973424046968
0.0300467672480194
0.0059366607162612
0.0084517595628415
-0.0190737657951371
0.0125211530523339
0.013239193909659
-0.0195993620302645
-0.00263621122782975
0.00161527903704717
0.0250696235899375
-0.0153746714924107
-0.00145251650152489
0.00349113377368782
0.00804523441295046
0.00747766023184249
0.0113475025459429
-0.00416351683618221
0.0226758227988884
0.00173226155677786
-0.00774718092114368
-0.0140118162567825
0.0073528986516842
0.00786082279227474
-0.00362119762028423
-0.0134890129509504
0.0154446198559528
0.040047477289507
-0.0174415098806563
-0.000887587895899489
-0.011275072058906
-0.00214249081287576
0.00477906895764413
-0.00406707776611603
0.00892862704675057
-0.0146806540528049
-0.00445589346042297
-0.0265054050456184
-0.000790237085996348
0.0189805167583728
0.0430396258530905
-0.00730570239727124
-0.00844977853492335
0.00914027246032134
0.00483524257246626
0.0025075905962535
0.0136560575129268
-0.00646926095145706
0.0289319861117543
0.00241385048547649
-0.0141880448104671
0.00349903608966118
-0.00822368421052633
-0.0122056119402986
0.00476792009219218
-0.0212537969941785
-0.00314125917589092
0.0178107005839347
0.013191485890544
-0.00119564240978809
-0.0174248203150784
-0.00399357641824905
0.0305810410022851
0.0110122853021677
0.00267407371041917
-0.00689519305002784
0.0143446848017907
0.00348697531004127
-0.0136421819939065
0.0185281577409195
0.0538048249361014
-0.000486275213073872
0.005655515620828
-0.0122149668082168
0.00630547267932147
-0.0144786770142756
-0.0108024691358025
-0.00018720124804994
0.0117962800412166
-0.0146814199328764
0.016340074283856
-0.0205740796001992
0.0125786163522013
0.0203726645962734
0.0135135196829408
0.046906894894895
-0.00177842925567595
0.0266092241379312
0.0130437324905184
0.0101126543391437
-0.00377475259271987
-0.00928062572386745
-0.0170722350851452
-0.00907912356534013
0.0102435863291397
0.0206173327936607
-0.0174411586383051
-0.00213461965768758
0.00191396645977249
0.00157320488983492
-0.000897503671533184
0.00353728230643635
-0.00559503173714615
0.00421988418882324
0.000560320496645561
0.00543174481541331
-0.0157059702193377
0.00537541459572033
-0.00112560225055836
0.00687401976276814
0.00800228329046937
-0.000666241029638637
0.0105550194587805
0.00241878945811047
-0.0122292894248658
0.00549636923985042
-0.0721108604046665
-0.0145789762348293
0.00458934162115909
0.0137652860437287
-0.0260894998905247
-0.00718412785388123
0.00901444739620327
0.0204205733739151
-0.00762357978404693
0.0405714212150829
0.000692092493595142
0.00432276657060515
0.00946911908177905
0.00403642424228856
0.0063983013057114
0.00450088881228528
0.00123222812045243
0.00134261024117843
-0.00625695530726256
0.00359792546666493
-0.000616177445301958
0.203127566770303
0.00125788030536822
-0.000837488375558193
-0.00526219602164946
-0.0028556762190175
0.00647889671361512
-0.00956247295544188
0.000659346294359153
0.00931894380703646
-0.00130566101150376
-0.00793760571450342
-0.0277215558539015
-0.0337883431717655
0.00646289058728766
-0.00791475936041985
0.0151028346948896
-0.0611437700671621
-0.000421190897955115
-0.0296534550213133
0.0713238847380748
-0.00947456577682937
-0.01329926342711
-0.00839810808910646
0.00972396491909211
-0.0292016103821146
0.00778670399999992
-0.00984335801808045
-0.00662749845128274
0.00161413428594548
0.00585515672850989
-0.0114819439252336
0.00561854654937166
0.00719886648328605
-0.00565392587271019
0.00547153744739348
-0.00682884115632909
-0.00166522342790654
0.00134517079326857
-0.00736168702756523
-0.0160775243020088
0.0118288350525098
0.00331683968643715
-0.000596141326769217
-0.00385015446342052
-0.00876429518940047
0.00170244388384733
-0.000383728082797963
0.0176053911303089
-0.00549740777450614
-0.00249298715601587
0.0119526079751451
-0.00236222491040006
0.00145295979888749
-0.000161201572598246
0.0024185585555041
0.0173717499697537
0.0041106666666666
-0.0059308508157816
-0.0174762307542627
-0.0234295238525343
-0.0360424979044186
0.00159843595838027
0.0300352717984333
0.0225751236114673
-0.00432878636793232
-0.00663008550160549
-0.0193664485779591
0.0136680446304045
0.00253168413646154
-0.00351339474059298
0.019061215974852
0.000919007480138623
0.000324131795542915
0.0113924729779855
-0.0017083439464104
0.00368985026737967
-0.000372992696755392
0.00517002998534366
-0.00371173983162942
0.00505613393504789
-0.00100615337865195
0.000159019353056511
-0.0143629006812609
-0.0259181963439361
-0.0385867525891279
0.00918690263695687
0.0184342574656993
0.00597769273743021
0.0191036145181025
-0.000817361473962164
-0.0243237727731034
0.0112912468851172
-0.00342690143076385
0.00410421512860437
0.00259612250426899
0.0161974661505555
-0.0104635024743318
0.00399953968881128
0.00518415825375174
0.0134093433237135
-0.0040177854397363
-0.0471708481838516
-0.067964964198644
0.0187147718568543
0.0121284663280938
0.0289003692169769
0.0162137242243956
0.0144382415730337
-0.0107437665436874
0.0112522753386251
-0.0116806909415449
-0.00924211062142
0.0122681927784885
-0.010108896786782
0.00231318544591552
-0.00681110070850888
-0.0302652229623075
-0.0119813146003046
-0.00999705394858819
0.0100381930566551
0.00283962979104002
0.00920244197257092
-0.0399228543380541
0.0204566270928463
0.00274450210163768
0.00202294868709085
-0.000118787480107185
0.0030286537385158
-0.00142089999126938
0.0289932342228572
-0.00242004029236453
-0.0261653027734852
0.0128706875609481
-0.00761259571089545
0.00336337992940727
0.00405788654672534
0.00755583687824846
0.00441806175053916
0.0122120616518813
0.00440279606840188
0.00398495379745079
0.00294853706651987
-0.00848032540478505
0.00410537677884082
0
0.0172628784578235
-0.00468904769838696
-0.00246776215702027
0.00702799951069388
-0.000614153310177334
-0.00273745810055859
0.00694641776220983
-0.000667566063977665
-0.0168123582694327
-0.00826684214785789
-0.0127889813116409
-0.0225551379895866
-0.0010649843519609
-0.0292602199933636
0.0203795046700805
-0.0303174796464147
0.0113467930106861
0.00451222560975606
0.00831610998190757
0.000662211783383215
-0.0176272890288335
0.00839004873985139
-0.020405690018081
-0.0093615001358679
0.0187746425397239
0.0294244683701166
-0.00423682415280091
-0.000539318048160653
0.0112123456722169
-0.0229469026841471
-0.0474571674199368
0.0163735466703949
0.00965340694322947
-0.0189358841959943
0.0148714779174413
0.0390971141453238
0.0100215975157323
-0.00332718202515814
-0.0143666408345752
0.038768623170887
0.0062882212518196
-0.00312450959758714
0.0250160379308855
0.0119479101263449
-0.00973647771162578
0.0240718481998539
0.00811124555782694
0.00284621789019512
0.000163732124420113
0.00545702592087305
-0.00938939484396206
0.0104645461217501
0.00178930766429075
0.0116367669310664
-0.0031031083815074
-0.0129876991038729
-0.00282749708384544
-0.0046349637637545
0.0112852694149057
-0.0047129467590592
0.00342897193553537
-0.00417663807671598
0.00261458146118154
-0.00619337185117841
0.015470410038227
-0.00468344112520036
-0.0104927362782883
0.00978413790299215
0.00395147764557002
-0.0239391921931352
-0.00375624484204962
-0.0430829151178403
-0.00898135926548438
-0.0208734843061071
0.0176161284885172
-0.00264067243376154
-0.0101200395926083
0.00968848045386106
0.0108907167507717
0.0177614895308555
-0.00154491041838045
-0.00601720916905446
0.0106659327298806
0.00462063882565933
0.0134574696868011
-0.00515462808504319
0.00174587183764197
-0.00449759949675599
0.00304960737930049
-0.00382865827471068
-0.00695187954933107
-0.00904949360926843
-0.019700235370167
0.00351538566093113
0.0131947338463028
-0.0200529857114838
-0.0249911798775865
-0.00349799171941378
0.0380681967697922
-0.00419776692635798
-0.00339579619328234
-0.011103272170701
0.00754472752872659
-5.90212243269939e-05
0.00701694102286554
0.0229534958598987
-0.00257582717645954
-0.00292680057388817
-0.0070796014999539
0.0283461778547962
0.0561443480093917
-0.00619131081238633
0.0170784535512103
-0.00517483881152092
-0.00212311047101199
0.0018617340425533
-0.00844178895327463
-0.0110837066578419
0.00541447825638119
-0.000753939353180577
0.00803012652066637
0.000588114863755207
0.0146940961162949
0.000895276489582209
-0.0126269738076035
-0.00191826079733848
-0.0235438793822421
-0.0325860699590838
0.033966287623304
0.00382616568176264
-0.0205281193747274
-0.0326884858603379
0.018448316091954
0.0156311093650598
-0.0957883730589704
-0.0282045646981516
-0.0262408735848576
0.00461043506493497
0.042595796663625
-0.000185982637582516
-0.0147578901281605
0.00472024674126903
-0.0392131924280454
0.0327943593429925
0.0828230204450977
0.026351099086755
-0.01726786678896
0.00549108159907163
-0.0108645661298461
0.000813622329892683
0.00197431035468232
-0.00793978543135698
-0.0094052229573347
0.0230582581741592
0.00201755826648742
0.0295116202092662
-0.00732014387996749
-0.0029270420352504
0.0145090720231165
0.00217027827774552
0.004275667816662
-0.0068008182749042
0
-0.00417524900697963
0.00335415352878599
-0.00824602202464952
0.0135954943820225
-0.00310385215723141
-0.00305795061126457
-0.0112654342899496
0.000507710550814888
-0.00253699395261608
0.00870405279448572
0.00134479743741345
-0.0121985782251129
0.00453182464471658
-0.00310157894206764
-0.00350715580669292
0.00147589687838567
0.000453474667877485
0.0015863966005667
-0.00560021498812202
-0.00455081649613587
-0.00120010282873007
-0.000915459439955746
-0.000229028754696659
-0.000343670519605155
0.0076209143336945
0.000796127354127041
-0.00250015334677667
-0.0013671603298121
0.0108950032615938
-0.00361132488651772
-0.00430396982326464
0.00608572379365224
-0.00146980610249181
0.00334029317385798
0.00327277957751515
-0.00320588858482751
0.00287766750274021
0.0043321142024273
-0.00548986626771231
-0.0512025970326289
0.00617426969633983
0.00790660273558186
-0.0054443739719553
0.0198952558708299
0.00363588610524879
0.00373783221637147
0.00761960456683575
0.00221741522010976
-0.0079991091394086
-0.00120100079377228
-0.00263379339136993
-0.0179689073084688
0.00274757982868667
-0.0167317379859602
-0.00278668320202335
-0.0171235148686185
0.0127638982852083
0.0447378215832974
0.0235549420032031
0.0389320283691674
0.0369892741935485
0.00160720132706338
0.0292457888167525
-0.000100528064786332
0.00829893341669585
0.00793134629654646
-0.00940311797884918
-0.000849315530589201
0.0286014393569318
0.0107918230735367
-0.000240407837651335
0.00057723204307214
0.00961538461538458
0.0125714238095238
0.0193754515583873
-0.0144398877661904
-0.0224687679055197
-0.0216922805948161
-0.00636320597606654
0.0182265862068964
-0.0164973587300051
-0.0017708692626105
0.00808167376224178
0.0032751526473771
-0.00287473682335959
0.00483755205973768
-0.0254327709853762
-0.000798383298270866
-0.00224717602996249
0.0156656153803962
0.0128123298166181
0.00257869412046263
-0.00708527620193411
-0.00821118255490183
0.0054701409961575
-0.0314659512398469
0.000860270224886106
0.0149155476535319
0.00498181646952256
0.00624601707720251
-0.0100497953088873
0.0125901917779079
0.00869866343028636
-0.0113520194884288
0.00551939193297257
0.0101451091502438
-0.000533700448625996
-0.0265534029126213
0.0223906897840258
-0.0247780797038712
0.00900271572469036
-0.0079805688514778
0.00764502554227176
-0.0119012642685457
-0.00381408721805898
-0.000100775818639764
0.00458486002790925
-0.00576756109016274
-0.00892859138093749
-0.00626047739471436
0.0225363341903213
0.037016630119298
-0.00772837756715639
0.00618217418719369
-0.00353166913688929
-0.00315577024248304
0.0166569154656224
-0.0198332801611267
0.00361676431231395
0.00175319473562263
-0.00335440938290332
0.0110726503846801
0.00709186128469641
0.0119760479041917
0.0129704378698225
-0.00663581460264928
0.00658603732369456
-0.00574845069052465
0.0244899495983373
-0.00229410418390597
0.00156355946052278
0.000642821086825451
0.0057357869047423
-0.00538367112731863
0.00495413761467889
0.000775963111411704
-0.00159637856328398
-0.0159890365277945
-0.00858863069420512
-0.00103020836763934
-0.0160314909667513
-0.0125768183968973
-0.0182853665598424
0.0154806814523429
-0.00290376995344899
0.00407705675909842
-0.00352876694370297
0.0176094160163454
0.0061019162682574
-0.00464343040070936
0.0120435993511439
-0.00870181537059789
0.00868328351126935
0.00150527799882139
0.000422785357147459
-0.00558712602499822
0.00457979691341182
-0.00502893725564812
0.00666038743496067
0.00530244472196295
-0.00266060019929515
0.000421196241130684
0.0196950135594829
0.00633116939793932
-0.00310010477045541
0.0151369553677867
0.0062618209976002
0.0099834850244771
-0.0070035547782743
0.0215605834914636
0.00397635558724874
-0.00221968580735743
0.0058451297709925
0.000910737688724295
-0.00030332321962756
0.00546096745912483
-0.00379328411152879
-0.0212453116643793
-0.00565870476116759
0.0172950383896056
-0.00402079895127672
0.0105752951449178
-0.00442902295576608
0.0101622558014753
0.00267689217789857
8.61387432482541e-05
-0.00809474703982782
0.00820419343239553
0.0117971456944188
-0.00336167234042561
-0.00619107619940418
0.00317926196896501
0.00107066381156318
-0.0149305026737968
-0.00247543217396495
-0.00692235615897629
0.0168785221338399
-0.00103466265619312
0.0030210046128909
0.00882063149054457
0.00439306478396562
-0.0107011081001082
0.0139073957423386
0.00334445187159238
0.00599155274261598
-0.0153929956831893
0.00988288391906278
0.0113468086243402
-0.00175174761744545
0.00534803635577896
-0.00694039578880379
0.0141034109324556
-0.015929349160179
-0.000964568452772041
0.00340006302145102
0
0.000753045537446928
-0.00484910540569716
0.00432663197787653
-0.0063992556175374
-0.0105236572699415
0.00497744409918699
-0.0016932396680055
0.000381613871164532
-0.0017802560340815
-0.00250529087048834
-0.00600231567830545
-0.00385436402569594
0.00206361129672539
-0.00806592150278085
-0.00185983133901169
0.0447198154921382
0.0321456722741826
-0.0116942736166898
0.0150042780670514
0.00240367763808358
0.0189433537729065
-0.0129040198841852
-0.00667538051158567
0.00104002158006278
-0.0136663256743257
0.00214722276751433
0.00121281936767126
-0.00153438178899479
0.00841152543032808
0.015720235740615
-0.00509315384196607
-0.000555573622850636
0.00456618611317405
0.00818184584980242
0.00235226009932243
-0.00559312008130108
0.0132944852640324
0.0043863249046332
-0.00463772753623193
-0.00260137072885436
-0.00136252722355723
0.000116941488780942
0.00253349315975604
-0.00820335552206441
-0.0139553622746681
-0.00353820078225098
-0.0054657691314367
-0.0033295972534082
-0.0338498856975232
-0.00149975008539516
-0.00433909391844822
0.00188567298812314
-0.00786310189239381
0.00843134750213137
-0.00142139538501829
0.0162431660786866
0.003625149330587
0.00562326056677631
0.00975509795918361
-0.00355715268829437
-0.00466510090189243
0.00627646313059804
-0.02628590586357
0.000332769014054879
-0.000457399466559871
0.00440967209398302
-0.0153661612378548
