0.0098146711259044
0.010305856896621
0.0316802117817183
0.00273308677277995
0.0129068464471196
0.0700435151570007
0.0263313469328801
0.0276016299049422
-0.00448839342137308
0.00641073635535716
-0.00832984740305209
0.00818807098451435
0.0102218860152365
-0.0012474461673343
0.0124904864339739
-0.00514015474908769
0.0139155961996253
0.0340400208745764
0.00453381950806486
-0.00248563572774374
-0.0149508065573771
-0.00539207821339271
0.00374806227834656
-0.00926852024713576
-0.00484588767201655
-0.00074394697687008
0.0124534416243656
-0.0098268603469982
0.00553609250705089
0.00275281317640919
-0.0120522392212024
0.0103016195106305
-0.0028175620678843
0.000470958646658248
-0.00067244485378648
-0.00524828435602953
0.00960496508671427
-0.0148733759161213
0.0139417987190615
-0.0015426655454468
-0.0158538223834477
-0.0213652150170649
0.00788173279993676
0.024083017301038
0.00175706181259794
0.00161892869864033
-0.00841864246817459
0.00984850940293436
-0.0002689803749788
0.0108315392895588
-0.00366059234608984
-0.00955238502477984
-0.00633979884427593
-0.00692326061327275
0.00321235736740277
0.0201662899600257
0.00727925708778199
-0.00556915725559703
0.00853388858455006
0.0312685653131866
0.0285256153846154
-0.0132128018251867
0.00732649520209061
0.00319765490509805
-0.00106248749999993
0.0344740907905388
0.0104028186864114
-0.00574639058717097
-0.00734498468350442
-0.016678796296002
0.00733981354863844
-0.0300025089393824
-0.00100999875028396
-0.00853020378605618
-0.00981459410325425
0.00392611196308468
-0.00794967323886842
-0.0120848515412363
0.00935440594896075
0.0192482172586335
0.000572238810396586
0.0109303634977123
-0.0192985162270742
0.00429458384569892
-0.000893528255988096
0.0102849115990127
0.0019602403525858
-0.00927678874377924
0.000636919524673596
0.00598384380886996
-0.00759346969048247
0.0167697759769205
-0.0139847605424021
0.00216251357024766
0.00203079256047256
-0.0212806510861991
-0.0136543067838518
-0.0127280017416087
-0.00338911492262406
0.00233384007022952
-0.00878131938364457
0.0230200805369127
-0.00492029153947604
-0.000197771634903643
0.0184635813437619
-0.0106830174343286
0.0106674604537313
-0.012044188929311
-0.0161893024217447
0.000333031299145858
0.020113247556973
0.0191943725167381
-0.0104413810774455
-0.0176074706785984
0.00869799718099618
0
-0.0131303499721669
0.0154894808769719
-0.00410668133481029
0.00510538035221075
-0.00488408446058974
-0.00654407442633431
-0.00540143607669374
0.00662295489941234
-0.0169090591390595
0.0180698570214142
0.0203786884138493
0.00483185150326171
0.021991357030309
0.0291719584380914
-0.0182261866936619
-0.170743824298321
-0.0223120398669069
-0.0398989119329314
0.0603014268118143
-0.0181297535924022
-0.0272755431420306
0.00740392249527422
0.0184518527216286
-0.000460601894392898
0.002611351846739
0.00880962197684787
-0.00721388097480624
0.0194278100308487
0.0147059425976281
0.00221818978623833
-0.00140171173388126
0.0132249273782816
0.00648970395216586
0.00499894233136189
-0.00656000567243353
-0.00341050726958136
-0.00939268994881881
-0.00330759269951941
-0.000516283162996345
-0.0107724490632695
-0.0141717750923086
0.00181588865575977
-0.00913834274938918
-0.00160053358538215
-0.0132072060520403
0.00796843608084963
0.00391442185498914
-0.00894495385489424
0.021677064825208
0.00332227418722053
-0.000602046941539869
0.012951806838801
-0.0112994644276103
0.000150406015037685
-0.011126221286236
-0.0150524258044287
-0.00617477626080232
-0.0107175835997632
-0.00266916317583865
0.00976068954659959
-0.0157467729302584
-0.0115634244960648
0.00304483964599878
0.000798833679501509
-0.0108556834427791
0.0146868950078582
0.0194050742707981
0.0126385715486703
-0.00277351301160211
-0.00927067352795619
-0.00452278519076177
-0.00908666742639297
0.00237157312252956
0.00930599339728722
0.0995467854493894
-0.0470437457782298
-0.0116331985846444
0.000452784085685165
-0.00693826514608153
0.00941681405934469
0.0734275816043874
0.0194842595729889
0.0197991879637349
-0.00970744262390311
0.0227366380967995
0.00119802977111161
0.0178168331048643
0.0120182621024847
-0.00309794755262749
-0.00129491125359649
0.000389044485506584
0.00583199814245727
0.0135292228639452
-0.00330539011922759
-0.00242350759123711
-0.0304308532212103
-0.0214955157194905
-0.0450134250005427
-0.012983333150108
0.0284529302701477
0.0207145558181565
-0.00286024251866657
-0.0237672179178694
-0.0130124525953202
0.0335980006578112
0.000822891190624508
-0.00561878846623565
0.0303197913539084
-0.00548426951620473
0.0131809552974029
0.0135403686833833
-0.00851343833695983
0.0163805158407075
0.000259903814403106
0.0124739996423338
-0.016427092310757
-0.00247914930165916
-0.00379323755892358
0.00643379693099799
-0.00743639902318605
-0.0202418632954293
-0.028038690259744
-0.0057970740840747
0.0308205057728794
-0.00767676767676762
0.0255157166123776
-0.00727893084380438
-0.044127515154579
0.0131102097535654
0.00770922367441096
0.0116121043010426
0.0156650365024291
-0.0328413912091662
-0.016084658127156
0.0250104932234176
0.00463462370999701
0.00705568549751767
0.000673618961551936
0.00552043916199429
-0.0184788028923407
0.023465128643992
0.0122634635669208
0.0105345796540799
-0.101902530672466
0.0150899743206607
-0.0191537452709226
0.0142814770789212
0.00617817546489019
0.00556902763914091
0.00397612905356781
-0.00226302697014247
0.00198467533336166
0.00240517826825126
-0.0156669023476895
-0.0362775892250528
-0.00371968462609262
0.0143369028425464
0.00382806253910672
0.00278678498093266
0.0100920721036095
0.00246170004233126
-0.00216670509172168
-0.00101331786296122
0.0178234453608623
0.0061218680558619
0.00212256975017877
0.0101666337192885
0.00475252998668529
-0.0258764618479325
0.00542709249187756
-0.0029829544607114
-0.00926059241314747
-0.00762149830857783
0.000579640614993826
-0.00868944205549138
0.00540544946992472
0.00552160709096206
0.00895958131327657
0.000143254081925059
0.0018616210264466
0.0197255148617141
0.0120549628289859
0.00373966774541556
0.00662337509833888
0.0165867998596354
0.00188779655405624
-0.00444148030518932
-0.0141949842612547
-0.0246845179562404
0.00998311262725893
-0.00710012509814495
-0.0211722097588334
-0.0101704629758046
-0.00911717826677805
0.0115379142465619
-0.0268553269750123
0.010385697021196
-0.0143905290569906
-0.0025328663945382
-0.00776694582973603
-0.0127953936474486
0.0118938544710627
-0.00738393599481713
-0.00121454374307517
-0.00911991170208371
-0.00797674465480147
0.0845832869826282
0.0179641148840051
0.000560224073943294
0.000279913206049365
-0.00755668916256202
0.00169208972622914
-0.0205517874359266
-0.0156654781355137
0.0170828739110198
-0.0343096018197185
0.00862198641097001
0.0229919829916576
0.0303989753407881
-0.0124440721103498
0.0100523719404944
0.00112141862189064
0.0039204565645603
0.0050209346591743
0.0152651405846558
0.00437396094182829
-0.00435491272366983
0.0317113022574464
0.00145724689491611
-0.00119058082765344
0.012317880794702
0.0175323433206855
-0.00758643465037034
0.00945846074112455
-0.00641766107469333
0.0095594621077657
0.000383851557675063
-0.0145817216679458
-0.0347871231206242
0.00349653034566266
0.0111229424635644
0.0094102985849025
0.00577723183943113
-0.0148824938611618
0.00172272729555689
0.0035719673804453
0.0299234902461971
-0.00486365051313142
0.00733118971061075
0.013406575587334
0.00478766518378482
-0.00702191849529776
0.0122490462874341
0.00399200329381211
0.000745501960282002
-0.00260738760110035
0.000124411798222201
0.0013691934961011
-0.00783091390295521
-0.00112749937359058
0.0025084283516208
0.0048792693606905
0.00834160856573707
-0.00321021121645171
0.00470702323645389
0.0013561829446902
0.00763352613108204
0.00109975567447496
-0.0139143048944221
0.0440648218335831
0.0110255011505751
-0.00152435508354076
-0.00176162062803009
0.0132940823529413
0.00534075253712119
0.00704470525671352
0.00699542455259494
-0.00785781819514442
0.000344341126801817
-0.0055077910382606
0.0206530638203082
-0.0139045445840441
0.0126103285815546
-0.00169819989362152
0.00895895894760712
-0.00955375958689719
0.0238311158477831
-0.00155175125746232
-0.00377446705651707
0.00367731231730128
-0.0277561896302876
0.00696585588671939
0.00805170106600128
-0.00888740025748003
-0.00068101023112388
0.00874599035954104
0.000788188284837066
0.0154140756777927
-0.0151800886426593
0.000450056270816512
0.00730996417701202
-0.00647540471139885
0.000224789307220696
-0.0151668123768832
0.0167692554520076
0.0059464492072181
0.00423819967708239
0.0181030317847286
-0.0426529517323652
-0.0129899609619426
0.0220502878532574
0.0291426864242932
0.0192075511007843
0.00226145808462785
0.00333079402600212
0.00203472912940872
0.00309929464571979
0.0117195609235077
-0.00379108049485133
-0.0040168816916889
-0.00604966030514043
-0.00469837683505869
0.00300395883493154
0.00288805225987909
0.00319961597270435
0.0126515205751971
-0.0103936797900263
0.00190961167176718
-0.0145065858850788
0.00676906629418728
-0.00992529380764007
0.00474293429156836
0.0062225298382419
-0.00298538220508182
0.132285260778842
0.0197393658785237
9.26368427096591e-05
0.0099092421769984
-0.00394314523769435
0.0217271214768793
-0.0098216252526141
0.00973700982561665
-0.00162220621505227
0.0102906572512247
-0.00875621888413547
-0.00117184061345166
0.000270715644268948
0.00297728267691388
-0.00638660621366571
0.00199168026427388
-0.00831223346584753
0.0013666362724738
0.00218358649136241
0.0176122920088553
0.00865377852275051
-0.0033610296012917
0.00425988640397579
0.00821838076287085
-0.00122709268917853
0.00710842493484232
-0.00487979252562232
-0.0370402461569241
0.0151859414823503
-0.0310820586804197
0.00369790151979088
0.00911852261213952
-0.00018252099639493
0.0100419754423775
0.0107556309721224
0.00214609671562016
0.00910141875613468
-0.015297506951897
-0.00359197195050309
0.0208182950686582
0.00123604664702159
-0.0135790578051651
0.00768749420700376
0.00345959362743908
-0.00167965872490283
-8.85681395554894e-05
0.00168263375279176
0.0195384933291618
0.0149150277488728
-0.035885209877946
-0.00983687557025437
-0.0089501474371213
0.00334141596654702
0.00153014404194685
0.0116833201676099
0.0018654970240739
-0.00638411958134533
-0.0140995451383106
0.0262490398375532
-0.0211677020947532
-0.0388358702783599
-0.0164994284522252
0.00133446758804823
0.0198952493128439
-0.0294940827841524
0.0140411517395322
-0.00350912360566924
0.0108499000666222
0.0218435177652154
0.00847690047431016
-0.00310640483617375
-0.00320776277877588
0.00376973144961879
0.00119084915619405
0.0346751408597856
-0.00300641977209015
0.0216408159645234
0.00816038704470201
0.0207526398196669
0.0113041672743026
0.00233572745251243
0.000915387785772825
-0.00656850436272982
0.00719779861404923
-0.0223532831096321
-0.0295792940148015
0.00359117112360807
-0.0041892476140819
0.0141980984083803
0.0198755269627073
0.00652435197062418
-0.00463004457757354
0.0173376440686341
0.00448915949381345
-0.00877269703264583
0.00116896554652168
-0.00400303547650616
-0.00334925060705016
-0.00529275817266872
0.00979726334801923
-0.0039310974227349
0.00663364704454272
-0.00108439275319638
-0.0167014613778705
0.00280256475583851
-0.00685979832554529
0.00281402752999127
-0.0140306209869153
8.62613217660346e-05
0.0206968094230495
0.00557617433612556
0.014199311398067
0.00339660345784609
-0.00396304481597476
0.00132629311444199
-0.00653974321507267
-0.0092492290767564
0.0116063664994723
-0.0116395245397367
-0.00958949384899466
0.00653986761576131
0.0243861273413868
-0.0147446537933336
0.0171390601359498
-0.00953480159346376
0.0151867385892115
0.00384207465311759
0.132491886014042
0.021212316470222
-7.04759873122462e-05
0.00788683923268918
-0.0141130715394022
0.00708666992355833
-0.00197029764288026
-0.000916625524689851
-0.000705652802518997
0.00098869346093089
0.00148152950890612
0.00197251853411462
0.00119523310680525
-0.00105332869606711
0.00541303339191557
0.000279639203478288
0.00384456177610182
0.00926120040901601
0.0142817232747108
-0.00618998048398001
0.00704995864271218
-0.000339855898190189
-0.000339971439489162
-0.00102015915813203
0.0172249381391292
0.00582286979926727
0.00878365057747965
-0.00257255266863254
0.0163348051428898
-0.0134044644314892
0.0021765071288915
-0.00269828238298675
-0.00943640006635083
0.0184531608923246
6.53715310905412e-05
0.0055595918997946
0.00143100034372967
-0.00097433744595754
0.0059164099332476
-0.00129263830601967
0.000582429443892751
0.00433347128689299
-0.00103042246928409
-0.00257861019141981
-0.00103414554657344
0.00595236808944577
-0.00578848741416227
0.000711605631884993
-0.00316765785548312
-0.00389099229359902
0.010937453999839
0.00257595313353898
0.00899286397064536
0.0155334986563089
-0.00250757892408282
0.0172825545903266
0.00345955406991894
0.00240112058614694
-0.000368578782827367
0.0305357652536178
-0.0238478512811745
0
-0.0210712580729556
0.00112308460895361
0.0125264484127812
-0.00498551729558994
0.00247429166214808
0.00586200797065284
0.000981553309046923
0.00030644726734641
0.00771961151991407
0.00145917440318999
-0.0223409906365893
0.00341531932381534
0.000247595773193776
0.00829051511815515
0.00754737677150774
0.00243610844889375
0.0170108620773683
0.000955818433302946
0.00220813442597434
0.00273927243002969
-0.000831397356323982
0.00956909955423479
0.000765359703488899
0.00523560194024353
0.00620316578291291
-0.00348962424695087
-0.0395704339808669
-0.0385269632781595
0.0194665780592431
-0.00415373829844257
-0.000373516766061233
0.000871893840049376
0.0228361510804989
0.00997687644552636
0.00355377054442196
-0.000540165653081126
0.00498439815074714
-0.00824622020031485
-0.0212688978654643
0.0136049739767918
-0.0249620476755072
0.00548153132160656
-0.0130094847355902
0.0129299391758124
-0.0131367575555597
0.0136255058905408
0.000495583246416853
0.00130026627763802
0.017994088436841
-0.00631725061297295
0.0177883982587785
-0.00282282882882878
-0.00301150396320848
0.0135927023113194
-0.0029205268978455
-0.00400500943293136
0.0213659711128908
-0.0213302982096139
0.00168117078929142
-0.0145657733673108
0.0189781637096653
-0.00632758461490968
-0.0707678331408457
-0.0224333214186272
0.0190462857395413
-0.00966960892126967
0.0189383937507839
-0.00463052914558715
-0.00167997023505917
-0.0223286331735367
0.0129750167215015
0.0150307341515949
-0.0041849663321224
0.0034913623002697
-0.0213260282888847
-0.00961153428353656
-0.000199401752201567
0.0160228903391295
0.00516944093583249
-0.00677035344853627
-0.00976604136879933
-0.00423616621344769
-0.000797626950310604
0.0158994138418314
0.0178114457161933
-0.00289517480709145
0.00535554278889006
0.00680313852516701
0.00688469455232665
-0.00291226342979922
0.0173978723284693
-0.00780128584662765
0.00012582715123477
-0.00125784276729557
0.00107051635257216
0.0196892808725591
-0.00968542222015711
-0.0127702174843968
-0.0171630557083052
0.0111710648167394
-0.0189206095238095
-0.00828371063205513
0.0209474803919512
-0.0132949954610738
0.00725536073250499
0.0108045079810757
-0.0176242542167622
0.0194948841772622
0.00444696640754816
0.00543925111985799
-0.00427758693918601
-0.00606476115012533
0.00476705008876821
0.0232793076508184
-0.0133530481377673
