-0.0275727766990291
0.0141772957596926
0.0324866699648225
0.000572120529598097
0.0472651029680751
0.0021837852195854
0.0433992918104231
0.0127044903011571
-0.00549922676575398
0.109037517004277
0.0448737612963537
0.0135699825102888
-0.00308958359438594
-0.000590333512682117
0.0100413613402044
0.013450262764612
0.0236583814195037
0.00140923057228326
0.0113988885842637
-0.00918330280297885
-0.0234517346363113
0.00230077649840688
-0.000860803480378869
0.0238369331395309
0.00434779785352868
0.00921653387492638
0.0452470476787206
-0.0317712730768961
0.0255674463435527
0.00719905326758963
-0.0178690396610575
0.00619955550672069
0
-0.00723280164839002
0.0145708844615131
0.0268617563907616
0.0216264954464325
-0.02395739667838
-0.0140259999999999
-0.0165963386879964
-0.0337530788238372
-0.00720815091777316
0.055291801649324
0.0194496025549193
-0.00246595707465458
-0.0135311083329286
-0.0823001582695859
0.0286001428973801
0.0324158027106332
0.00500748416575281
-0.0166981546809007
0.00123259386055574
0.00889072618122388
0.00623642878968456
-0.0367825783241366
0.0414043793930445
-0.0166554472796017
-0.0161180168845514
0.0176315981900819
0.0392905440945208
-0.00525073510107643
-0.0380047115070561
0.0203017141206663
0.0406023813095877
0.000387571049416779
0.00232469327134166
0.0295065193981894
0.038172652361135
0.00144669082989846
-0.0196219814614179
-0.00122797148261378
-0.0200393051408559
-0.0166855101829821
-0.0308751989362797
-0.0387046081977962
0.0305396205370976
0.00132887707641194
0.00610484422308799
0.00857408016288308
-0.00653936707480207
-0.00394938130528411
0.00370073995766651
0.0244930333291273
0.0150385341244781
0.014942395657308
0.0291952082546423
0.0111529400206798
-0.0268553637762683
0.0551928558628274
0.0220665377217388
-0.0193054944104925
0.0329644969822831
-0.00823187866486252
-0.000454724290667063
0.046183560633213
-0.0214200389102964
-0.00477777777777788
-0.00267944624316174
0.00772411266709705
-0.000666496356359625
-0.00722544472238162
0.0220580119148588
0.0116125877696382
-0.000974615593442252
0.0523577452574524
-0.0157601871495634
-0.0225013179748409
-0.00631695917950847
-0.0252127685640074
-0.0140378466448785
0.0578475804208827
-0.00180160023525211
-0.0268605791090227
-0.024219964031422
-0.00726745287863484
-0.00371665723936654
0.0105132264358268
0.0250587093081855
0.00709376864871003
0.0165799633352834
0.06417230709247
-0.00861465474076617
0.013337374827348
0.0246285868518437
-0.010704534630118
0.0378713146617622
0.0348782099350164
-0.0110815915178755
-0.00120397292450525
-0.00472880861805858
-0.0555244943366683
-0.0175576943447729
0.0207831329474526
-0.0443591431958128
0.0115273255855362
0.0276760381326417
-0.0346534653465347
0.0311794974358974
0.0153172964460184
0.0171434165920177
0.0075122699121204
0.00372812347071871
-0.00704760000000004
0.0241703141344656
0.00074922270789668
0.00739285974739978
0.00557359952487513
0.0131177644341802
-0.0114889579919569
-0.00664147194386222
-0.00371437452475865
0.0058719078584033
0.00203855637580719
0.0185870447437306
-0.00426692684036445
-0.0153172866520789
0.00907410185185187
-0.0196366942658278
0.0196556166100943
-0.0178079857204336
-0.0070093457943925
-0.00677647999999997
0.00549608647300359
-0.00584302133782844
-0.0171580058234525
0.00376157407407396
0.0126837609301433
0.033304896416215
-0.0103765379177863
0.0134546166870544
0.000823997428822665
-0.0367761144776527
-0.00797800353330802
-0.00382952619902888
-0.0310427958373054
0.0336242709779806
0.00230302276463901
0.0108186216606594
0.028414471899707
0.0068152328823865
-0.0303695572630808
0.0199056698113207
0.00203497361913807
0.0431089994810487
0.039469017699115
-0.0134514048480453
0.015619650041931
-0.00552299251384158
-0.0108510251977869
-0.0164117996824342
0.00483002534038768
-0.0105750657328276
-0.0412507555980103
-0.0384189972506082
0.0107310047696367
-0.0165892504804105
-0.00751878749795232
0.0128205129450323
-0.00287683163479902
0.0553952186364142
0.0111171953912375
-0.0595710261316783
-0.0225203454244436
0.0190196274509804
0.00259762357903348
0.0294597450288816
0.00587252988322629
-0.0195533400221169
0.0831757537851865
-0.00549735611688229
-0.0137755460754975
-0.0434164138182133
-0.0298549022466956
-0.0665324046885707
0.0439560323316412
0.0672896789515065
0.0494054760697848
0.0534036197348025
-0.0311848411573418
-0.00920904537035816
0.0708825207379469
-0.0584847425250223
-0.00163696907038846
0.0366758725407976
-0.0160659289785882
0.0532995191192771
0.0522891164658634
-0.0213723235391317
0.0254269855862344
-0.00509620441852732
-0.00527524452732619
-0.0321266694940692
-0.0577304534265068
-0.00741618886174988
-0.0109526321188032
-0.0389733116829482
-0.0476104881003258
-0.107484512076031
0.0465530875765832
0.107842217405049
0.0688842369458129
0.0723310353599591
-0.0445199829552426
-0.0692709001196573
-0.033878686056186
-0.0479521390160673
0.0150811868700467
0.00961906666666668
-0.0452787747329729
0.0464381488631376
0.0624114129955089
-0.0421258276428855
0.0269994713954302
-0.0288192424099876
-0.00325579534883724
0.017452122866036
0.00917262912784711
0.0206326491719502
0.0476444737051878
0.0231214044808008
-0.0276670153899383
0.00427240882057944
0.0265464394328805
-0.00547040189854286
-0.0237519713934823
-0.00324395597783811
-0.141743771124636
0.0563816191635726
0.0311732757304621
-0.0275742203160784
-0.0183702775625006
0.0303263348462477
0.006520091220938
0.0501573672063182
0.0297849657265166
-0.00367962516105058
-0.0283432362793095
-0.00132585524597872
-0.0111524337629908
0.0330290276313192
0.0116107439005027
-0.0214989464668094
-0.0177695994007283
0.014615444386556
-0.0616600450006157
0.0213423098129306
-0.0127394371483875
0.0220942905486976
-0.0171662037632372
0.0183901489547191
-0.0335752912951531
0.0273239812206574
0.0486244292615143
0.0266712971322769
-0.0252992866516744
-0.0137618241226691
-0.00291443072733999
-0.0346324528851647
0.0140379762186986
-0.0144770090791805
0.00697761672746267
0.00948213894967176
-0.0145411848397653
-0.00604897804006066
-0.0473028782103148
0.00464578977932639
-0.0148362327118623
-0.063563464432555
-0.0102339492432341
-0.0273264088133193
-0.0444734343318488
-0.10977407695648
0.0326447980781635
-0.0497654464152094
-0.0473034326434087
0.0128222892599179
-0.00632997979797978
0.0761724461395017
-0.0137280097297732
-0.0289873203674451
-0.0138085611019391
-0.0957461020335006
0.04055449168425
0.0286281754146309
-0.0501515555207616
0.0033361762884776
0.041347420597005
-0.0142995837053947
-0.00126754929577466
0.0190381881800485
0.000691890376642856
-0.0940394992128197
0.0435047918331615
0.0484200841366285
0.0387888806694259
-0.0460711905737214
0.0236553093630798
0.0165062592781124
-0.0255751007963437
0.0320788492687445
-0.000538226587728619
0.000807714065801157
-0.011299381829399
0.0210884761904762
-0.0193205188812585
-0.014130435166588
-0.00785556802247978
0.0180581057940854
-0.0289262241925743
-0.0325980056933542
-0.00290480763703138
0.0326292343006778
-0.0269430953158852
-0.0484198877173142
-0.0284887115857513
-0.0112905911870786
0.0320380813963215
0.0544029660365761
0.00728756730378133
-0.0243090866110679
0.0345543823224084
-0.0187787408607013
0.0116874073785569
-0.0129964187725632
0.0602780266357872
0.0114530424802948
0.00259201899350536
-0.00190502114314928
0.116155490556387
-0.0301697924696546
-0.0243073167680777
-0.0214276878607502
0.0205778266871872
0.0239110498677375
-0.00858369087877175
-0.00967662325341712
0.00141424532545953
-0.0143792786542467
0.0224045990258408
-0.0118486434411682
-0.0101856758686352
-0.00286562470492213
-0.02769435554431
-0.0166599220744323
-0.0116136900775055
-0.000967638980792773
0.0289193868376665
-0.0305272319724686
-0.0471631875246601
0.0250400633268288
0.00397667922302647
0.0306973962173602
0.00864667844294975
-0.0390528653980914
-0.00113285183519451
0.0378508358682896
0.044529463796332
-0.0120308354644849
0.0262077554120017
-0.0192183415351262
0.0211730796794702
0.0390212224334521
0.00731280366881504
0.0232559009446007
-0.0165945759213768
0.0336268040306531
-0.00141955520430093
0.00912209410628639
0.02970179619629
-0.0313533238097518
0.00623821805835956
-0.0356766413773923
0.00557981548811703
-0.0155609284545012
-0.0147040434419305
-0.0049745302835702
-0.00287467809337139
-0.00413640015212347
0.00692263084666966
-0.0361249875
0.0178964723395607
-0.0113390243684297
0.0115979642164423
0.0402548280254778
-0.057310810320313
-0.0589763681874628
0.0571507438666274
0.0282057448888551
0.0157480953961924
0.0161289566343228
-0.019195251108475
0.0347510228923726
0.0127303099152409
0.0259786666584301
-0.00816799328476048
-0.000352929411764791
-0.0283629866027659
-0.00508719731315876
0.0205746654562291
0.00357861139022764
-0.0155711047986845
0.0490219391451341
0.0104742637134299
-0.0157192958683302
0.000231408391093257
0.00613211847738038
0.0202392136642044
-0.00676282679482831
0.023717611539346
-0.00232789050357929
-0.0116667
0.0209106358935571
-0.00759822723484693
0.00798926959645141
-0.0308233721190387
-0.0177191956188189
-0.0345745247025488
-0.0273086483964223
-0.00197015148343982
-0.00616903123371881
-0.0333954301652851
-0.0177240943010006
-0.00418408717897145
-0.000656551961315643
0.0771252387711834
-0.000975859930134382
0.00659340643239559
-0.0283843273075127
0.011735368582656
0.00357849205850802
-0.00430344265822102
0.00148178557118595
-0.00357583239397863
0.0149733823777598
0.0210924538317161
-0.0155224238805971
-0.0107944091253273
-0.0297940296663567
0.0256540765444486
-0.0240266745181531
0.0106047722586136
0.00387255450821145
0.0222747757307769
0.016555081763723
0.0185606030760244
0.0193980841617232
0.0295236769637146
-0.00324850464596749
-0.0024724768777542
0.0034925416067475
0.0463679914673853
-0.00976390589368792
0.0216708200057338
0.0132569730272885
-0.0143395748970109
0.0161410643759385
-0.00950990679256125
0.0321798167564866
-0.0192170598136142
-0.0400208037526046
-0.0232330906173804
-0.00489054123718413
-0.0271417516714146
-0.00459243408937859
0.0239907966778823
-0.00923631458928054
0.00602545482066241
-0.00870151449206724
0.00524394658864646
-0.0111136652302111
0.000573428918810626
-0.0027506934097421
0.00137909432527072
-0.00183629066347846
0.035184522994314
-0.0315450075701988
-0.0448446256487068
0.0515129809259482
0.0523010391686651
0.000108540420867165
0.129882730907868
0.00556997999337305
-0.00191000861340851
0.00363598691730971
-0.0164934218371
-0.0234587621768607
0.0477467251885393
-0.0181904874033969
0.0431342384387021
-0.0120258559116717
0
0.00870786492393627
-0.0237631572329947
-0.000950822495974668
-0.0264585419244312
-0.0230716685592759
0.0209146102271589
0.0268575287254713
0.0233867597673394
-0.0489693130208871
0.00902312680485617
-0.0218701406066332
0.0022856405332099
0.00674201857285328
0.00866650572516736
0.0210896703981578
-0.0151080700878166
-0.0214563009708737
0.0140886792927009
-0.0239702281965583
0.0171411283652541
0.0144870502169405
-0.00398293172755138
-0.0139471473124662
0.00850643933741724
-0.0165751472790814
0.0204448295734962
0.00508205629397973
0.0191559906322827
0.0333937607746162
0.094358795944212
0.0064962794777379
-0.0336127569083129
0.0196027580917446
0.00170137809354198
-0.0349044670912951
0.0127595654061912
0.0212008261778027
-0.00263760744182429
0.00170616787488354
0.00749450702596666
0.0220625607253788
-0.00223310719599346
0.00895227129436549
-0.0286723461331553
0.0252050742145375
0.0252454255032211
-0.0269574240031566
-0.00479657632809427
-0.00548442763784029
-0.0125334224598931
0.0385006177018108
0.00187399979123271
-0.0102472512219197
-0.00451926880491205
0.01791166293171
-0.019299367499189
-0.00628412425526503
0.00257944749542349
0.0155199853186154
-0.00817260535981856
0.00486153588611127
0.0759328431963799
0.0214160265992518
-0.00686463193957221
0.00090154015470123
-0.00315266474138509
0.0309488020116986
-0.0184792851222177
-0.00736721210867664
0.0195666918027342
0.0148529705882352
0.0812925711841017
0.0119940628519812
-0.000463431109471224
0.0112612408662647
-0.0276431408975988
-0.00323359602218276
0.00378478624970602
-0.0524509008227606
0.00390821442217626
-0.0163504955857199
0.00482117000200644
0.00179031797329077
-0.00293089572471861
-0.0014338758656115
-0.0108414345982297
-0.0297597871885088
0.0362834298837948
0.0218740897524086
-0.0220417515639333
-0.0211658827433445
0.0340221476014761
-0.0230532865387675
-0.00591757722393427
0.016168125867738
0.0185867644872566
-0.104870749925327
-0.00134844134211143
-0.010802231758503
-0.0114822546050888
-0.000812273569878341
0.00731649447497773
0.00387373887906572
-0.01053136916578
0.00885599595619135
0.000885890325938554
-0.00225296912015593
-0.0023387177419355
-0.00404171048453406
0.014528049789206
-0.020719968
-0.0377420378157981
0.0164700058029543
-0.0126117260683607
-0.0151412703845265
-0.0106501588937559
0.0187515926946507
0.00349385604591146
0.023182710204098
0.0689684217606179
0.0204191765430315
0.0228258400652885
0.0128692337282201
0.0142479578658063
0.00224473560124228
-0.0291163852578169
-0.02894775900626
-0.00888959273164247
-0.000386631092760714
0.017172037570947
-0.0568060912547528
-0.0141901315342267
-0.0255172575165762
0.00503565245429027
-0.00592901043841332
-0.0218413892654453
0.0178632339769282
0.0132467013140407
0.00233164301212896
-0.0192739049778041
0.0358322396654238
0.0188093148414239
0.075533816414612
0.0122397189253036
0.00479240563325201
-0.0118139199575428
-0.0323754367323892
0.0308495438699954
-0.041316183409273
-0.0222860306125643
-0.000317695169003485
0.0196233649092707
-0.00872678069898036
0.0284546059703301
-0.00978292600987241
0.0182154988918724
0.00985448013727241
0.00150125355426178
0.00637090400795848
-0.0271840983932644
0.00176091723169969
-0.00305700406311038
0.0256036494964429
0.00321405204049885
0.0301743627613296
-0.0340638306483306
0.0271788264027975
-0.0325825565626859
0.0227547014560374
-0.0180492994677581
-0.0339860322447463
-0.0236874504383136
0.00214783232955074
0.0215906805463404
0.0256410495487425
-0.00984850757575761
-0.00474364968807139
-0.0611931033026891
0.016213519090726
0.0175664869873728
0.00071273361349955
-0.0160639942376198
-0.0209103915364449
-0.00451779208999159
-0.0024754764836129
0.0245678056461891
-0.00169545453176601
0.00137483216538881
-0.0166370376352769
0.0146189140174291
0.0115751982226389
0.106425565284264
-0.00621971487033457
0.00451200772834581
-0.0194885388646564
0.00384221231985249
-0.0111880243545707
-0.0363256598578432
-0.0348370906545679
-0.0144057226347912
0.00357282982423346
-0.0309895147176799
-0.00509352028901933
-0.00629458654981807
-0.011064239677969
-0.0189597153970353
0.00156698872898975
-0.0365059095217929
-0.0104645558947145
-0.00492296462899144
0.0106275398877225
0.0256549818811529
0.0318189767705408
-0.0132773344745131
-0.020748319806436
0.00913119656565953
-0.00228412541010059
0.00994978427401616
-0.00619005247227689
0.006842696847841
-0.02744614518026
0.00994445413157719
0.0140157452138097
