0.00130666381997657
-0.000869986950848056
0.00304754040259203
0.00737838509642419
0.0228350289890145
-0.000842502106149778
-0.0434231890144684
0.033054207445826
0.0255972685325399
0.0153909727374804
0.0462925440393283
-0.0364134676423857
-0.0247867117112267
0.0316666666666667
-0.0214054927302101
-0.0177466364011556
-0.00252096649247768
0.0143218197135635
0.0427741279069769
-0.00597379506277207
-0.00160252410266515
-0.0040128410914928
0.0209508460918615
0.0063141278610892
0.0145098431372548
-0.00502516408870646
-0.00893550893550876
-0.00431203449627604
0.0078740157480317
-0.00664062500000007
-0.0137632717263075
0.00478472886762371
-0.00396829349332162
-0.00756972111553789
0.016057767964673
0.0217306211667569
0.0247486069316083
-0.0143395849056605
0.00765692926275152
-0.0281155015197569
-0.00508205629397962
-0.0192535159428874
0.000400641041692351
0.0140168607936266
-0.0110584123222749
0.0371404937244213
0.0277243753455669
-0.00524548500391586
-0.00225984942598312
0
0.00188754246885625
-0.00414472478731254
0.00643208475217572
-0.0240601879699248
-0.0134822039091758
0.0339710646633711
0.0177492824773413
-0.00445272710750555
-0.0149086843086097
0.0147559591373438
-0.017524235645041
-0.034155559772296
0.0212180345297432
-0.0126971912273951
0
-0.00389715510522204
0.0121284042303755
-0.0015462310960096
0.0224545102593883
0.0121166224914806
-0.0160868312757202
-0.00190110273388222
0.00457146666666652
0.00151683725760954
0.00113597122302145
0.001512821425385
-0.00188821752265866
0.00416197502837679
0.00753575706346044
0.00822733732236358
-0.00556379842595689
-0.0249906760533636
-0.0042080338258621
0.00268916624321314
0.00383145593869738
0.00572515245323846
0.000759051233396368
0.00492980641145979
0.000754716981132164
0.00113118401206647
0.00376651614939782
0.018386454033771
-0.0125276349494339
-0.0167910080892166
-0.00151806451612901
-0.0163435962122234
0.00540962153823887
-0.00883931591083775
-0.0065917019545676
0.0167836839662887
-0.00575811922296043
0.0189188803088804
0.00113683217646199
0.0143830052990159
0.00858216449933447
0.00813906740144033
0.00330275229357802
-0.0117044623262619
-0.00629163582531456
0.00297951582867784
-0.00705532862978098
0.0130890052356021
-0.00701365817644894
0.0104089219330856
0.00183958793230321
-0.00110168931325749
-0.00183827199124009
-0.000736685082872834
-0.00294876531326083
-0.00332717202688249
0.00556387260993585
-0.0118037620138782
-0.00559917858905645
-0.00600596869391767
-0.0169939199395771
-0.00499427564370825
-0.00463316602316599
0.00155155153019582
0.00658404337722684
-0.00192377837629853
-0.00539714705485161
-0.00155034889730032
0.00388202639751545
-0.00812068800770738
0.027680350877193
-0.0064491651574673
-0.0106911412489064
-0.00733311462755692
-0.00388794727402608
0.00390312240815294
0.00816489145275612
0.00462780563054377
0.0003838771740452
0.0115119728131992
-0.00113812590523055
-0.00645651348271925
0.00688073394495414
-0.00265755504935461
-0.0034259611724401
0.00649350649350655
-0.00834918406072105
0.0099502491370167
0.00757866644860417
0.00827374952989857
-0.00223793369033698
0.00224295327102819
-0.000372995164975687
-0.0205223515120281
0.00990476190476186
0.00452655601659746
-0.00450615863710702
0.00452655601659746
0.0048817500894387
0.00448426756352771
-0.0033481400055112
0.000746472536525822
-0.00895184665989734
0.00376364320662415
-0.00712410948631426
0.00793055135951648
0.00112394150903183
-0.000748428171722604
-0.00224726583343582
-0.0108858487569762
-0.0273245161290323
-0.00234096770741199
0.0320687915526008
0.00454721502641964
-0.00641267446246707
-0.00113899012908114
0
-0.000760091248958261
-0.00114115628980005
0.00114246001523233
0.00570559126262493
-0.00642968962066226
0.0064712980586219
0.00453850209763607
-0.00376506038272073
-0.00718061251627411
0.00570993528740016
0.0049204769114306
0.00564979305648938
-0.019850223975647
0.00458544134505146
0.00912894602019976
-0.000376969454316978
0.00377077677224724
-0.00338091647705041
-0.00980026348283969
0.0118005329272934
0.00188107599699028
0.00375520104225302
0.032921848110737
-0.020282578041196
0.0484289112173351
0.0377291594594795
0.00339792728508326
-0.00778875693231429
0
0.00784989787883617
-0.0115137144763389
-0.0116478584567365
-0.0325823223570191
0.00232891436761018
0.0148346380697051
-0.00352229670737214
0.00671611853248089
0.0035112359550562
-0.00979709587123856
0.0162544528711821
0.00904033379694003
-0.00792553411440389
0.00104199371163616
-0.00728657182512149
-0.00629154119917719
0.0112557157931763
0.00347826086956537
0.0194107452339687
-0.00510030601836109
0.00375943267259049
0.00170238332644268
-0.00577838205302517
-0.000341880341880429
0.00512992476060203
-0.0136100378907805
-0.00310451879958606
-0.013840830449827
-0.00210522807017544
0.0196905407985042
0.00482755172413785
0.0140700073462596
0.011844365883058
-0.00769230769230755
-0.00471853724300653
0.00507954605216576
0.0107816711590296
0.00800000000000001
-0.0168650793650793
0.002018197107299
0.0285329966924137
-0.00326364240416588
0.00589384394584669
-0.00976559276580702
-0.00427347140039458
0.00693294793882648
-0.00163931147540985
-0.00394091941080732
-0.00263765248928449
0.0125619504132233
-0.00326470790939315
-0.000982672748684132
-0.000327868852459057
0.00295178747130209
-0.00392416612164803
-0.0183847346810485
-0.0153845819397993
0.019701052319937
-0.010659526982012
-0.00505057222051952
-0.0199661597281272
-0.00966847409076221
0.00871687587168757
0.00725886622882821
-0.0024021620590996
0.00859993120055047
0
-0.00272851296043664
-0.00889192886456902
0.0100069013112492
-0.0054663136317048
0.0133974231055505
0.0135593220338983
-0.0190635451505017
-0.0129559836345039
0.0214161996056581
-0.00439631383158612
0.00373634498178177
-0.0104906602534911
-0.0119699384404924
0.000346175159092299
-0.00207612456747397
0.00173366851595014
0.0110764974412079
0.00924344434246649
-0.0135685210312076
0.0034387895460799
-0.00137083618917067
0.0137269050695574
0.0104942108837438
0.00100499162479073
0.00803219571727554
0.00763608872390154
-0.00593080724876438
-0.020881637388134
0.00710897064627725
-0.0141176470588236
-0.0146607569041937
-0.0134948096885812
-0.01052265871624
0.0070897202087814
-0.0175994368180218
0.000716589036187765
-0.0189760114572145
-0.0116788321167883
-0.0132939807976366
0.0119761232026991
0.0465975574483151
-0.0116607777972005
0.0157311768227091
0.00598380851812741
-0.00384888033589914
-0.0038636460788074
0.0165726016723342
-0.00312174817898025
-0.0121781837160752
-0.00317013043924375
-0.0144876330207644
-0.0147005742094146
-0.0127365720524018
-0.00479170677448237
-0.0181481481481481
0.0241418332704639
0.00847141804788221
0.0197224623711638
0.00573065902578773
0.00391741452991456
-0.0131252567177986
-0.0104241193386054
0.00290592070810325
0.0072436795637929
0.00467464957478048
-0.00429495331800445
0.0147375988497485
-0.000354268508678701
0.00992207689305724
0.00245614035087716
0.000700035001750088
0.000174851346624649
0.00437139375315243
0.00870473567913432
0.000690403889899827
0.00137982062780262
0.00137785045202032
0.00619195046439636
0.0112820512820513
-0.00304259634888437
0.136317327907765
0.0232767247553998
-0.0207057153483313
0.0217390993603872
0.00932672662994105
0.00924054261505791
0.00171665231139762
0.00971151155164285
-0.00282879789696167
-0.000283631205673873
-0.0261067522073352
0.00524475524475521
-0.00927536231884063
0.000877677004096133
0.0131540781395518
-0.00144255626081935
0.0132909270935879
0.00527519247219854
0.0075166357249572
0.00253381193693669
-0.0022466160559782
-0.0140726150878867
0.00342572090852777
0.00483635818854289
-0.00707814269535678
0.000285201026518411
-0.00627140785225733
0.000860527800903066
0
0.0137575240400551
-0.0206389601537732
0.00837185359041137
-0.014886916690524
0.00261551874455113
-0.00289849275362319
0.00261627891765803
-0.00956804815494072
-0.00790401053864154
-0.00560631471249096
-0.00148364980760685
-0.00445771147353868
0.0146269253731341
0.00117672838030436
0.00734645922264066
0.0055426489364836
-0.00174067299853009
-0.00697477477477471
-0.00790155153067318
0.0100294979333628
0.00379664113337386
-0.016002298981737
0.00236552335895923
0.00176982290443539
-0.0058893111274827
-0.010367239950666
0.00419033223585763
-0.00625928483634219
-0.00719862027594498
-0.0105739583428374
0.000915999999999917
-0.0106772120401833
-0.000616712920135765
0.00740518358531328
0.00245016830320544
-0.00213871066300031
-0.0110226883037353
0.0120743037793902
-0.045273785416757
-0.0259531889123098
0.029605230263158
0.0313099051536709
0.00991322831205799
0.0153374242538298
-0.0166162849919206
-0.0101381877154588
-0.00806958385879641
0.00219023786577699
0.019669092090824
0.00551132884262118
0.0992691230207063
-0.00581714713668391
-0.020339900260237
0.00113768486916954
0.0326703683900462
-0.0189820643181329
0.0151430454290522
-0.0151933421217308
-0.017110826529547
-0.00428087887326245
-0.00802516503368222
0.0066454491001029
-0.00287020665901283
0.000287795032366533
-0.00345320863309351
0.00635278641776527
-0.00487799167162073
0.0121106689734718
0.000284985771224155
-0.00227861001769836
0
0.0148444194931323
-0.00815755297208298
0.00170170174144646
-0.00169881087202706
0.0175837502883578
0.0100334724070938
0.00193153962850223
0.000826191109165819
0.00220137589433111
0
0.00384412431873282
0.0136761484224248
0.0110631405541517
-0.00613821707664242
0.00214817389107558
-0.00696674705251876
0.0118726116602101
-0.00480000000000003
0.0117898713826368
-0.00185378717445916
-0.0169806319177669
0.0134952770174164
-0.014913369238705
-0.0167613670310155
0.00384929897853459
0.00410851843925042
-0.00436442989634467
0.00575339726027413
0.00599294486496715
-0.0043325209856484
-0.00299156921403332
-0.0111838516093834
-0.0168276137931034
0.0319865328840214
0.0144100602069077
0.00643253802110588
-0.000798908143779031
-0.013859275053305
-0.0067567567567568
-0.00136051700680273
-0.00790193438959319
0.00439439714364198
-0.0123051955154498
0.00387594141406278
-0.00248207404754963
0.0118883058826822
-0.000546338827668746
0.0196828037352212
0.00589815029217577
0.00346487206823021
-0.000265683916829462
0.00451652509342515
-0.00528960578445903
-0.00558359464015956
-0.0139037693099588
0.000542326449503028
-0.00298105674899429
0.000815411774520047
-0.000543210211841449
-0.0173912776465022
-0.0174225940265487
0.00562907418038483
-0.00363845507976479
-0.00533702277174297
-0.00282403275910748
0.00509773420850368
-0.0140884748329966
-0.0068591593678673
0.00575542446043165
0.0128755647245904
-0.0129944342940997
0.0251860625411009
0.00530424343941949
-0.0149957520130937
0
0.00986746518558035
-0.00502515354550526
0.00841750865368973
-0.0230939906258762
-0.00655084002988204
0.000573423148697794
0.00630363860724126
0.00455580878575756
0.0124717123716473
-0.000559910398658769
0.00168058818821892
-0.00950783050938664
-0.0262562408953271
0.00579869493773888
0.00201784381717629
-0.00517825116100412
0.018218535672728
0.00568023304970811
0.00225930528099405
-0.0028177794974481
-0.00254309134057906
-0.00113317283663372
-0.00425402746761372
0.00854454547010697
0.0144026546173399
0.00779518417567848
0.00248618777662446
0.0101956183467726
-0.00245499181669384
0.00109382007109637
0.00437036316934281
0.000815855316834257
0.0062500001698369
0.0351067522308062
0.00704398606605872
-0.0111398969502537
0.0162432023182186
-0.00103121935985506
0.00645161290322571
0.0202564358974358
-0.00829359114617745
0
0.00456158146380092
-0.00479308791102651
0
-0.000253536115246256
0.00659234296633726
-0.00428216613898835
-0.000505970162053226
0.00506203518410708
0.000755552776518398
-0.00176154998683686
0.00655412183282689
0.00100177811169555
0.0107580933010234
-0.00990103911380991
0.00500002499999996
0.00771136796737903
-0.00617131602919363
0.00198713373011095
-0.00644516608824997
0.000498902170713356
-0.00748127219357964
0.0213568598330869
-0.000738081144497915
0.00369278689544039
-0.00245283296541587
-0.00270462270492366
0.000986119305075972
-0.00812802995704576
-0.00372488204618826
0.0124626124741429
-0.00344655350680834
0.00716403162055346
0.00122639195486873
-0.0115140127388536
0.00619578717203395
-0.00418714306340606
-0.00667820925055662
0.000498007968127601
0.00373325037332006
-0.00520711603237711
0.0321535651085134
0.00265636319729556
0.00264934971098252
0.00768676416798542
-0.00405249096418381
0.00526570141851845
-0.00190480952380956
0.00667946119653928
-0.000473957334740316
0.000711213845424385
0.00544894587654454
0
-0.00541941577331317
0.00995029637408895
0.00351860184098984
0.00303882662549859
0.0114192962013517
-0.003456267121831
0.012948
-0.00114136039394286
-0.00251361985894061
0.00137450165523489
-0.00709213010963472
0.00599073705111808
0.00114519010535985
-0.00297407922612858
0.00619541045454741
-0.00273655656723182
0.00594562085524819
-0.0111389401619031
-0.00137933333333329
0
-0.00552481596512011
0.0122684950863774
0.0029728104276241
-0.014135863790792
0.0201202349620613
0.00430736784612629
0.00902939072301101
-0.000447449654419452
0.00335725156669642
0.0238679445073413
0.00784304976718753
0.000432360589379899
-0.009291292335594
0.0165758567753918
0.00965458035497591
-0.00552490425998931
-0.00363243597505203
-0.000214497100268107
-0.00300298161739565
-0.00344234079173833
-0.000215867875647646
0.00626208148861851
0.0126609662086252
0.00275484218594713
0.0044378486897716
0.00694302560368243
-0.0192227743580698
-0.00362162342611039
-0.00192431045542019
-0.00278494001713792
-0.00322227719059665
-0.0221983395604164
-0.00705311895642757
-0.0190899005347369
-0.00339438794737257
0.00295179375677135
0.00384881158473238
-0.00924672981506547
0.00773958570452993
-0.0124237406821776
0.00160109785907814
0.0157569989550812
0.000449640287769837
0.00584265168539333
0.011170688613525
0.00287231563730961
0
-0.00220308442835626
0.00794879646834201
0.00109526829812623
-0.00262579862963241
0.00767876227824638
0.00304811669932503
0.0099847840243108
0.00257904583234581
0.0113611570691894
-0.00402708774904625
-0.0070228130656389
-0.00578656236605213
-0.00883809029614346
-0.0139190952588081
0.000441133656815085
-0.00440919302448872
0.0108503542958371
0.00722887153433205
0.00891689865158773
0.0129338868923019
-0.0163864857890407
-0.0101687795290183
0.00262292896174854
0.0115544585034764
-0.000215581887259342
0.00366462607597806
-0.000859127988420694
0.0021495915735168
-0.00471894047016175
0.00258616368163089
0.00687876182287184
-0.00149444918872754
0.0102629890955741
0.00211635978835978
-0.00232304128080429
0.00613880160292957
0.0088365665650445
0.0072992282106521
-0.0198757561050881
-0.00401347697507404
0.00530222671040392
0.00274255262689649
-0.0016831054425227
0.00990509989662591
0.00521702859837347
0.00539759208626078
-0.00289074953541202
-0.0863533218812731
-0.00362647333695532
0.00386719754020004
-0.00113299340283268
0
-0.00158811245063006
0.00727116597460409
-0.00541398576972763
-0.0024948968019961
0.00500229649840844
0.000904999979524757
-0.00610309646911844
0.000682260616732711
-0.00227268181818185
