0.0303916585756823
0.000123435766054891
0.028751258282931
-0.0169126058445745
0.0191556859340616
0.0171195979542631
0.000588547558716401
0.0155275846246892
-0.00521261426589559
0.0110620055098509
0.0135897728068692
0.00374950565277787
0.00124520041861897
0.00316569824191171
0.00450799038066085
-0.00359025031718574
0.0120481817824161
0.00923455749559032
-0.0120162717673494
0.00914973189634916
0.00276426353904768
0.00264635565891824
0.0045089189486418
0.00087587041278181
-0.00754752805835779
0.0109114732422084
0.0103575772965812
-0.000107845043872845
-0.00453276475144548
0.0176713468705842
0.00266325761169939
-0.00839355051869262
0.00396437364267932
0.00181436505275445
-0.00202410774398276
-0.00341587318531178
-0.00685518415964881
-0.00172565787612533
0.00875113458839971
-0.0128521469577332
0.00542475871595438
-0.00604291585287409
0.00835952656215921
0.0172265940103336
-0.00592723308867793
0.00819850954426138
0.00485795744306761
-0.00588550697035195
-0.00422871357347343
-0.00456524037445083
-0.00693260437430454
-0.0098807753207949
-0.0106302525082927
-0.00394694665000483
-0.0307099621510174
0.00692709531971625
0.0134205822357185
-0.021032717326589
-0.0142093894030989
-0.00472789431817466
-0.000926833528602344
-0.0133364369707839
0.0157498350787535
0.011571395778093
-0.0116677650804797
0.0276620248226382
0.00709535975790798
-0.000670957295257457
-0.0101835719540783
-0.0107404978204804
0.0108571085714286
-0.0184284573802755
0.0168163902326655
0.0251472703346995
0.000442000000000053
0.012922442976337
-0.0423072406750327
0.000113787996953496
0.0147996705282183
-0.00392638550511981
0.00675749513731838
0.00962077424343621
-0.00177289750692522
-0.00366293722557165
0.0150400954759338
0.0615739209573711
-0.00392891848708721
0.0107951115131872
0.00266997338272668
0.000409678414683423
-0.000511906224406222
0.0107549219734178
-0.00689096068098916
-0.00561227551020416
0.00687538245896513
-0.00723602709225346
0.00246379211728609
-0.0231439114563459
-0.00220147816544158
0.0157596133641522
0.0112742759619362
0.0164672194886126
-0.00402489446643883
0.00959786796531015
-0.00150106074251977
0.00651434161670017
-0.0029871851040526
-0.00429441738623049
-0.0238715854725653
-0.00380192149609537
0.00113461581643981
0.012054451103533
-0.0129288808023349
0.00742575296437464
0.00839475839475834
-0.00659900507614208
-0.00510986213816789
0.00585516190765611
0.000102144609929411
0.00980291024200963
-0.0101122460320785
-0.000102175912781499
0.000817347797834378
-0.00581870157021946
-0.0185850397226106
0.011194810395589
0.00610445926322889
0.0300288570553036
0.0128793225687172
-0.00216849686057652
0.00365499347066112
0.000492165364019082
-0.00462372838910519
-0.00840084997034996
0.0025913883665627
0.00695899222423679
-0.0126369729229245
-0.004699539952014
0.00532448256656126
0.0267812531228142
-0.00408757177615582
-0.000684061356707399
-0.00019561900653986
0.0154538539799267
-0.014351743402042
9.76644171277741e-05
0.0090873659991153
0.00106516900547593
0.00754504761690011
0.0249615773824279
-0.0195766575575748
0.00496803296012294
-0.000950717730759276
-0.00894465730115734
0.0217954484532801
-0.00187931783272544
0.00583689506837803
-0.0129164830743723
0.00132750807251569
-0.0104166479245578
0.00133970334928235
0.0271407112685464
-0.0153517022138527
-0.0103940185128221
-0.0160412484663062
0.00659873828436464
0.00106037787350699
0.00529663926412338
-0.000670552741359964
0.0113113496932515
-0.00701419905213274
-0.0163230141977279
0.00533716626868985
-0.00347490354198654
-0.021503303399909
-0.00247475754726068
0.00843510990677099
-0.00206651243653277
0.00502903046922287
0.0162873237105046
-0.00144817529545893
0.00145027554868005
0.00753040147653206
0.0102529608063151
0.0037940055012804
0.00472455816451745
0.0166462519205068
-0.0123034322350311
-0.001311229783026
-0.00450150064245058
0.00536975025210085
0.00496625744971646
-0.0052214265734265
-0.0158403033866286
0.00609522857142863
-0.00113595230155195
0.00208492234888902
0.00028370532028954
-0.00680716668640924
0.00514034254715812
0.0112700354681328
-0.0244427891406891
0.0121916485013276
-0.00426786790083722
-0.00352409760023054
0.000955821039309246
0.00171887889878852
0.00686368909697443
-0.000568121551748124
0.00151575410223104
0.00520238360572867
-0.031429350656705
-0.132614407849995
-0.0563395951650941
-0.0519880949554896
0.0428195551714203
0.0397406286500104
-0.00450345275989505
-0.00533579637322579
-0.0192420058309039
0.0205707971598286
0.0024466852511551
-0.0105765224247266
0.0306590049568543
-0.0125370301467296
0.0191597878481047
0.0114382215819402
-0.00548648539886876
0.00191396081963524
0.00539389831203274
-0.0413546882602582
-0.0032645331676997
0.0154404027474653
0.000460776418863773
0.0085204147039819
0.0030826008942848
0.000227589344097723
-0.0188893497572605
0.00707493612763921
0.0221121496691894
0.00123944788732389
0.00720232942603727
0.020223441340782
-0.0054758516148472
0.00165181151088678
0.0146218339338373
0.0044424747595353
0.00550163987599706
-0.0198476345869288
-0.0103983908669177
0.0223426159786477
0.0128746402683111
0.00491346918670788
0.00233844595368971
-0.00455991501930286
0.0318525397298646
0.0111501237750349
-0.00234840714011841
0.00327499747492577
-0.000408048560726848
-0.00244920915295865
-0.00327365728900253
0.000821122857435963
0.00205104087681174
0.011667168270056
-0.0108244716403535
0.00511352019956557
-0.00783472738944579
0.0140497894769811
0.00515778737331485
-0.0134822015643646
-0.015502335068771
0.00383303640146093
-0.00485038173683416
0.00197037229078068
0.00827980723618915
0.0593307238622607
-0.021027113014354
-0.0125704940371226
0.000902125082154592
0.00330497753239811
0.000199610700738484
0.0158683038683125
-0.0224973079624983
-0.0313568140703517
0.0233450930694674
0.00202783135033435
-0.00516039653626643
-0.00610251220504476
-0.00747035399641471
-0.00896994554015773
0.00187265911758239
0.0174454823225705
0.010920595705636
-0.0119131748032356
-0.0235005919025056
0.0011509888040182
0.0159907922240801
0.00812674630312471
-0.00418371428571429
0.00645563096446899
0.0114029218957146
-0.0106703950340404
-0.0181115081207928
-0.0219689430051813
0.0166348808000067
0.00354355404513473
-0.0192127840979044
-0.0137653851383867
0.00923342290351536
0.00904253191489368
-0.0332103433465545
0.028571462221531
-0.030004262086514
-0.00666740641966124
0.0122139198574136
-0.000434840753013255
0.0180533339223492
-0.0200833028513695
0.00992037468918427
-0.0201856867463912
0.013881260787086
0.0378137893927393
0.00900430302577093
-0.0230362242491576
0.0184811148490469
0.00896862038761714
-0.0512661395348837
-0.00947818924198507
-0.0086889685149355
0.00144241655749755
0.0127409924054733
0.0344600575665657
0.00846026879146078
0.0314597312137193
-0.019215127905499
0.007463470431601
0.0109064510565602
-0.00905851399491098
0.0150986132385105
0.0125467770404375
-0.0431697811531927
0.0092950287206266
0.0229718752377055
-0.0023265627925696
-0.00932777073895685
0.0150445298848074
0.00201650534381925
-0.0011068625812094
0.00201474771878951
-0.0145772995417984
0.0197919002180749
-0.00530211089737997
-0.00100571256160131
0.0096647435887498
0.00538439520007583
0.0117028659783227
0
0.00137241444226222
-0.00440533520498609
0.00186825964213155
0.00157036020777657
0.00509551185412493
0.00594715803841295
0.00804421399496014
0.00653783277496722
0.00257901418322626
-0.0100990568797547
0.0118382577124494
-0.0186435751539116
0.00203546577562208
-0.00735146084401617
0.000876983018603061
0.00584168051642164
-0.00367823063940032
-0.000971514621587621
0.009335787040051
0.0012525002288033
-0.00173210164996351
-0.0138808080563101
0.000293245348194082
0.000293159380569508
0.0152402987960112
-0.00394530415599126
-0.0206743209221463
-0.00473516805558338
0.0130835564781797
-0.00792483130735566
-0.0148915480297525
0.00510564626194454
0.0063744919048907
0.00623512464137854
0.0111144390894942
-0.00466928974700531
-0.00107506841282246
-0.00176108014637577
0.0166618055146701
-0.0152318611231506
0.00538418981137156
-0.0124634765081832
0.0158745911235376
0.0154324373040127
0.0257120524074157
-0.0213400525829848
0.0172348605189923
0.00992227820046288
-0.0114004542719479
0.00506275060705974
0.00858214576256011
-0.00619687367193289
0.00632852507199244
0.00295940080346058
-0.00940522847593983
0.000837726891929513
-0.0100445966344288
-0.00732805322570373
0.00529999033503725
0.000564846539589103
0.00197590329296093
-0.0106112970346756
0.0188875947334131
0.00512346539587272
-0.0134384149501684
0.0234852049831433
-0.0332262055959488
-0.0109180858080681
0.0173737569591093
0.0311350416291167
0.0212279255080252
0.00268795804419009
0.00741662023352263
0.00478979075376595
0.0085628620106184
0.0107658905908097
0.00129887423019892
0.00614026652616784
-0.00361009123637923
0.00405452905546122
-0.0121144085584193
0.00234820832279858
-0.00407809978308027
8.7140617591297e-05
-0.0139384875517162
0.00768615588504007
-0.000964413483507176
-0.00289595444219271
-0.00950538612465968
-0.00444286471971866
-0.00937167967358377
-0.00207222276010854
-0.0139039452166135
0.00558506678643966
0.000637348618094391
0.0144676612471764
0.00475378069340349
0.000981967532100558
0.00651033639107279
0.00256956403890163
-0.00936814830988697
0.0109733610838918
-0.00750087363219198
0.00240061347558806
-0.00177396668039675
0.00231030742571248
-0.00230498220820086
0.0115514038426212
-0.0350491755112149
0.00136551663842543
0.00290909090909075
0.00398841551849172
0.00352112669698212
0.0026990102978135
0.00798563502877436
-0.00240338267414575
-0.00624606942089767
0.00538742914463231
-0.00902029106885516
-0.0154109500307403
0.00265447139588093
-0.0259266384341188
0.0132146582909463
0.0152622420195889
-0.00692421634613305
-0.00018345871559633
-9.17783054199539e-05
0.0166100576616495
-0.000180510924178701
-0.00776453579334535
-0.0083712373362832
0.0103688563855151
0.000635718820854558
-0.00789618805590864
0.00640384240058278
-0.00772655199115435
0.00192377237362495
-0.00694890718801566
0.00211762266717974
-0.012771031340354
0.00651470469561777
-0.0107258805228686
0.00504721011397713
-0.00678876598892186
0.00177897935077764
-0.00102814283630515
0.00252624445713634
0.00970601941752647
-0.00268046949476908
0.00509726589254367
0.0108805904346867
-0.0119492569173382
-0.00461595273264404
-0.00473012428120945
0.00801416471930239
0.00526948331828558
-0.0124149257387332
-0.0110811249751479
-0.00564970825752464
-0.00303029361799789
0.0248860469689023
0.00417049111824852
0.00932167068429468
-0.00118871615591887
0.0196831817353333
-0.0123001888750276
0.00809017347349927
-0.000360694312701693
0.0265199528547724
0.0191564142577394
-0.00267291767529954
0.00657043324233486
-0.00523919951902441
0.00215852184424103
-0.00310158525027993
0.003889076172233
-0.0213498959590256
-0.00272692646023931
-0.000970283118013171
0.0143916384532643
-0.0031334320056875
0.0181611980979759
0.0090901036867328
-0.00586381415592452
-0.00812108031831726
0.0151685082751747
-0.00101878766432817
0.00093482622477814
-0.00399049926974449
0.00716054909488628
0.00203129069773533
-0.00591263625232397
-0.00662756382653473
8.54845578484031e-05
-0.000171022924581377
-0.0123182461536656
-0.00467695309784288
-0.0026975026574575
0.0012215251616654
0.00200438344226583
0.00617497809597389
0.0101132248230058
-0.00299502821328912
-0.00343319022516198
0.00232534663400785
0.00567111202108039
0.000512619612844878
-0.008625123973102
-0.00258415893131736
0.00138177734362399
0.00991807701383562
0
0.0140905382423662
0.0106105431578947
-0.0129156151501439
0.00109739153382904
-0.000505919571832991
0.000421859448425321
-0.00733684420076164
0.00101948008681907
0.00458288204051804
-0.00405511521360691
-0.00347778440476543
-0.00791624086015719
-0.00394686390527166
0.0124041954485037
0.00740239094190742
0.00371616547776754
0.00092562271711949
0.00243800762769264
0.00519962269707519
8.34473545516801e-05
-0.00367066813204298
0.0106338189734572
0.060563365216985
-0.0168736589670205
-0.00325781491073196
-0.00725448808586593
0.00513931586878114
0.010226084688441
-0.0027678846050111
-0.0055511182482334
0.00159486440837542
-0.00668786634853291
0.00144277009549909
7.999839795092e-05
-0.00512204093930468
0.00289598588844009
-0.00256677633058122
-0.00345798155943666
-0.00419622343764081
-0.0190437517172811
0.000578273426395493
-0.0093296315390613
-0.00225016255104871
-0.0106081188555954
-0.00379904610719406
-0.00101697457627115
-0.0191719889507632
0.0032000950562161
0.00155185794554469
-0.00120512182499999
0.00448163409878166
0.0108107676324984
0.00551736704044425
0.00135070066985232
0.000505791590647675
-0.00716209976407156
0.000509182712226552
0.00636186280737849
0.00598448251841277
-0.00318388777853185
-0.00588386983370703
0.000761004500575035
0.00337952852839196
0.00269450989062792
-0.0274605638652912
0.0846213899425161
-0.00318447573294744
0.00247582463442075
0.0031071304120569
-0.00246212366096021
0.00278661628641097
0.00150855104823866
0.000237823055635245
0.00443849575078836
0.00284062961791309
-0.00165236451813244
-0.00291610189744884
0.00885301543193395
-0.00101854582038419
-0.0168627607843137
-0.00159550062378144
0.00183775466499791
0.0141968977715001
0.0156494962047971
0.0672087371525547
0.00384530938336636
0.00144548278804946
0.0107535004439014
0.00421275249812014
0.00490616471065253
0.0104719166422993
-0.00112039774694217
-0.00715029122258481
0.00240059300993445
0.00521241103604697
-0.0175180427256233
-0.00335212878207758
0.0010018605624067
0.00221616377551581
-0.00135531776367326
-0.00364282142857142
0.00903286941598425
-0.00412079573712265
0.000570749811953375
-0.00185379679144393
0.0029287019455424
-0.0142450148537756
-0.0224711064655103
0.000591337158247773
-0.0167687750893393
-0.00217887292957752
-0.00850843322804662
0.00227827320738094
-0.00666760135376876
0.0061021202394147
-0.000227437462961499
0.0037158263333521
0.00846173308807985
-0.00809111501621562
0.00362546088937155
0.0014298765265699
0.00435851032907797
0.0115226941199862
0.00118354906156459
-0.00376808258139272
0.0104568677085988
0.00433024587155972
0.00219236340813667
-0.00196882019811007
-0.00898660075204938
0.0115748157739222
0.00160327956254691
-0.00654874514910286
0.00446788254938735
-0.00175007293094698
-0.00182615055483493
-0.00343945130359824
0.00469976525846949
-0.0121327504390496
0.0106540541386786
0.0167642232753633
-0.010223903882381
0.0032734196313855
-0.0250869420691262
-0.00260304909845777
0.0134218401802859
0.0164814210438844
-0.0190372067623832
-0.00140202180041249
0.0149265053583609
0.00400428085893201
0.000797686764221428
0.0142019134193867
0.0105736657099831
0.00318131501975216
-0.00253700504032428
-0.00282601398743898
-0.000991915835283463
0.00397161702127669
0.0076292809780909
-0.00182272856017041
-0.00224755575756586
0.00014081374265551
0.000351935524325331
0.011749792030191
0.0107092695957733
-0.00254572044986168
-0.00331100225349379
0.0126652497520503
-0.0107982635621389
0.000207261288957428
-0.00283209911357041
-0.0142006302701536
-0.00119456821297981
-0.0028140847250181
0.000776075886268046
0.00578069767582523
0.00133176563162229
0.00923975914013875
-0.0015257734129589
0.00152810495487121
-0.00360652673911566
0.0153139143724375
-0.001439784715208
