0.00866045034642049
0.00114487699741694
0.0234419668381933
0.0307263128491622
0.00921409164151266
0.00214817389107558
0
0.0144694533762058
-0.000528262017960857
0.0147992071881606
0.0098957286512642
-0.00722016540588788
-0.0109090389610389
0.00945367597407176
0.00884495363397253
-0.00928313611568521
0.0104112967418686
-0.00206074188562611
0.00258125954665678
-0.000514933058702427
0.00154564657393097
0.00771599754547347
0.0127616130678918
0.00100811491935482
0.00704929471050875
0.00600004999999992
0.00546714684556937
0.00247162629757769
0
0.000493096622628419
-0.00197146367809442
0.0148147654320987
-0.000973138733486145
-0.000974232782550599
0.00146274987810813
-0.0146056954914463
0.00938735177865624
-0.0127263827704356
-0.000991571641051237
-0.0287841191066996
-0.01021967296883
-0.00980903408316802
0.0208550573514077
0.0158324310520941
0.0100553549550204
0.0024887506222
0.0208540228825236
-0.00291823944154868
0.00780487804878049
0.00822846079380435
-0.00192025924147854
-0.000962049015774458
-0.0250361097737121
-0.0286419753086419
-0.0269446365022878
0.0261233033502248
0.0463340145791249
-0.0126519714185874
-0.00542143886538005
0.00396432111000999
-0.00888450148075037
-0.0209163346613545
0.00559511698880977
0.00101168437025789
0.0222333995839616
0.0311419179436481
-0.0129434797246655
0.00777076250607101
-0.0187951325301204
-0.0299607549135189
0.0268354936708861
-0.0167652851693646
0.0130391166981387
0.020297028698167
-0.00145565252519897
0.0136054907677359
-0.0191755503750934
0.017595357653732
0.000960614793467762
-0.00191943378119008
0.0173077412167184
0.0444234404536863
0.0113122171945701
-0.00402684563758393
0.00224613656783457
0.00537879898605098
0.00356665180561766
-0.00177703243003113
0.00089012019982726
-0.00133397065362373
-0.00712377591824476
0.008968655110702
-0.00222217777777778
-0.00267269475845466
-0.0165251905549437
-0.0118074477747502
0.00367647058823528
-0.0073260073260073
-0.0161439114391144
0.0173465072667605
-0.00737327154961886
0.0171772972526789
-0.0100410314924693
0.0110649603012929
-0.000911992704058395
0.00821542674577813
-0.00135812584880035
-0.000906527692952297
-0.0167877034125361
0.00415320719889256
0.01378671875
0.00181328204049325
0.00090502262443426
-0.00723336314496548
0.00728606590555847
0.00090406867522308
-0.0158084017980308
0.00642491939307388
-0.00820793433652534
0.00275857471264374
-0.00917001417560825
0.0023136972552662
-0.0143120960295475
-0.0131147540983607
-0.0113906027527291
0.0014402784445513
0.0134227222712022
0.00946078568877895
-0.00843486410496719
0.0297732041587901
-0.0454337748768345
0.0125000006009617
-0.0147198012687465
0.00433734939759045
0.00815738963531687
0.00285578296049493
-0.0113906027527291
-0.00720115218434947
0.00145062862669243
0.0144858046588994
0.000951975249880777
-0.00855924828534227
-0.00239812949640295
0.0163461546320267
-0.00283817421183419
0.00853889943074027
-0.0145813264346191
-0.00190935551745319
0.00526064084170241
-0.00475737392959075
-0.0129063097514341
0.00484261501210659
-0.0053012530120482
-0.0106588667954877
0.000489715964740345
0.00440528634361237
0.00536057504873311
-0.0203587019078383
-0.000989510192454746
-0.0113918766026807
-0.00450891806156906
0.0150980868093566
-0.000991571641051237
-0.00843672456575673
-0.00450455455455456
0.0105581201889453
-0.00298502487562191
0.00948098755084903
-0.00593173504695998
0.00497255072239922
-0.0138544786667233
-0.0145509784244857
0.00763757676362409
-0.00454775115979023
-0.0304569020072638
0.00890052356020932
0.0067462376751426
-0.00670103092783503
-0.0103788271925273
0.0141583639223912
-0.0175801447776629
0.0152632105263157
0.0186624666323241
0.0117047837150128
0.00150910470367727
-0.00652933199397299
0.0166835178623097
0.000497265017540105
-0.00646128198502571
-0.00950480240120055
0.0540405077798236
-0.00479161452843246
0.00144434280211847
-0.00865375041604577
0.0223083888308251
0.00521826375711587
0.00141566770100687
0.00377002845287588
-0.00938962485397288
0
0.00236966824644536
-0.0189125295508273
0.0072289156626506
0.0124401913875598
0.0051984877126654
0.00141039022096856
-0.0103285920342062
0.00332068311195455
0.00330964539007095
-0.0098962775634438
-0.00237986673012858
-0.0343510989671326
-0.031126432806324
-0.0443651685688339
-0.0133404482390609
0.0329908058409953
0.00732984293193706
-0.00311850311850304
-0.0156413451511991
-0.0323092707790928
0.0339353585112205
0.0132345163173382
-0.0161963958305328
0.0329262347318111
-0.0154242151452847
0.00365530026109684
0.0228928731994211
0.0071210071210579
0.00303040419345479
0.0211480351889206
0.00986188314290537
-0.017089892578125
-0.000496671659049874
-0.0208747504535411
-0.00406091349944615
-0.00764536148596506
-0.00873138206119073
-0.02383414631265
-0.00530785562632707
0.0208110458911421
0.00313653963076521
0.0234496079494733
0.0198575366526239
0.00149765344495001
0.00997014007827213
0.0310957058242842
0.00718056520730337
-0.00380237624513424
0
-0.00524804414351343
0.0187050359712229
-0.0023540018832392
0.0099102874039505
-0.000467336448598088
0.0154277707072357
0.0211786842163297
0.00991884580703339
0.00982147321428561
-0.00618925702081086
0.0102312722419928
0.00220171740210118
0.00746924428822493
0.0235498909725251
-0.0080953561182513
-0.0120275338476145
-0.0104347826086956
0.00263620386643226
-0.00657318141980712
0.0158800617556241
0.000434216220833061
-0.00737847190197616
-0.0183646690701936
0.0160355449427374
-0.00613761535018043
0.01985006616674
0.00778538028609943
0.00214596575733772
0
-0.0162741327623126
0.00827170258039622
-0.000431778929188331
-0.00647948164146861
0.0147826086956522
-0.0124250642673522
-0.0043383082142433
0.0213507615969166
0.0034129264755578
0.00127546768707476
-0.0169850962626368
0.00604755939524848
-0.0386432787186227
0.00357302383086311
-0.00356030278417019
0.0196516757325447
-0.0148926850635129
0.00844819919964435
0.0110229276895943
0.0157
0.00729918388582296
0.00383631729907585
-0.00212309987783865
0.00638297872340421
-0.00422837209302318
-0.0114648837140079
-0.0197594922783723
0.0192813321647678
-0.0167669389509889
-0.0310450795345395
-0.00496394404332134
-0.0054421317660831
0.00547191062471497
-0.0167800007609977
0.0290589944649446
-0.0264455413019068
-0.00138112345216967
-0.0272015201843466
0.0260663507109002
0.0226327482678985
-0.0185184741878263
0.028531983433042
-0.0129754362416108
-0.00271980973344566
0.0200000454545455
0.00133680920958978
-0.0293724979694036
0.0105457134592257
-0.00589841171059835
-0.0378822455499772
-0.037001944971537
0.00985226649518545
-0.00390243902439014
-0.00293824681684629
0.00196458732983351
0.0147059313725491
0.00869555513548059
-0.000478831440557159
0.012937134023137
0.00425737957698114
0.00706542628356099
-0.000467633324024108
0.0098268128298169
-0.0101945783132529
0.00140440068331449
0.012155260035309
-0.0143187066974595
0.00468608247422675
0.00186562491298403
-0.00465554003724389
-0.0126285319283692
0.00284220734996654
-0.00708549834671712
0.0123692197906755
0.00281950174720391
-0.0065604029990628
0.00849047129761926
0.00701599658634211
-0.00325137003012677
0.00186397958359641
0.00139539534883704
0.00510905689228713
-0.00554524055199812
0.0218401486988846
0.0245566621191451
0.0155347529722702
0.00305952810574861
0.0052287143691192
-0.00736887732986569
-0.00524013100436682
0.0179982432836592
-0.0185425175272738
-0.000439367311072081
-0.00219775824175827
0.00396475753459224
0.0293987701009755
-0.000852429703854685
0.00597265332881181
0.00975398642917735
-0.01679962271313
-0.0059803502776592
0.00687580575848723
0
0.000426845924029085
-0.000426663804323213
-0.00298758002560817
-0.0132706329935517
-0.0047721477124576
0.0174367472782586
-0.00128538988860316
0
0.000429043347449198
0.01114922813036
-0.000848218829516467
0.0114601447988176
-0.00335711288292062
0.0046316210526316
-0.0025147526188285
0.00126054627145145
-0.00839282417121268
-0.00634782083570973
0.00511073253833061
0.00169487288135595
-0.0109983084178641
0.0128315232177725
-0.00591211993243246
-0.00212408657076957
0.00936564495530012
0.00801353892929302
-0.00334728033472798
0.00629718723761541
-0.0191906140671929
0.00893232666950228
0.0101180442714184
0.0116861857965853
-0.00206266501650165
-0.007027738444492
-0.0129059533721898
-0.00463935068069798
0.00169487288135595
0.00507618464789283
-0.00883842592592599
0.0216560518749918
0.00498757294212693
0.0144748138957815
0.00285360771081922
-0.0426829674796748
-0.0547770299268378
0.00853553459119483
0.0240534065009617
0.00478468899521545
0.00389614718614717
-0.00948693361418995
0.00522424924789933
0.00866180164573405
0.018892184676162
0.0117994100294985
0.00333194502290701
0.00290577002905779
-0.0128311258278145
-0.00251568134171909
0.00252202595535844
0
0.0159329140461215
-0.0586050763516301
0.0140289352928074
-0.00345871177945156
0.0104122347250428
-0.00858741912462779
-0.00173239497618016
0.000433839498214406
0.000867346091385279
-0.020797227036395
0
0.00796464601769897
0.0144863909356283
-0.013414192409598
-0.00701754416743616
0.00485870162803459
0.0123077362637363
0.00738167575416093
0.010344827140309
-0.00810584436408512
-0.00688172043010749
-0.000866175833694194
0.00390117035110538
0
0.00172715889464592
-0.00775866345867837
-0.0104256733275413
-0.00219495161567373
0.00703911130664325
0.012669332139333
-0.00172566867989643
-0.00734658631575558
0.00174144543933163
-0.0117340286831814
0.0184696569920846
-0.00647668393782375
-0.0273794437201217
0.0245755596325092
-0.020497208896642
-0.0102403833588772
0.0197930724246513
-0.00573440670489644
0.00354924562780634
-0.00574717039137174
0
0.000444642063139211
-0.0142222222222222
-0.0108205139765555
0.0123061981628898
0.00990549346715408
-0.0151582701738743
0.011770031688547
0.00134223713646531
-0.00804280643622912
-0.00405405387143898
0.00452274968237232
0.0171094559707095
0.00398406374501992
-0.00705467372134039
0.00488450266429852
-0.0061864342106247
0.00755891507336592
-0.00441310679611651
0.000443306757238693
0.00132919805050968
-0.00353982300884959
-0.00621674067495548
0.02234137722705
-0.00830410875455034
-0.0141031285102191
-0.0147518992064416
0.0117966419330018
0.00403587462044275
-0.00982577087207537
-0.00496170500676596
-0.0104260657491418
0.0100778286761338
0.00907034054740774
0.0148314606741573
-0.0292294065544728
-0.00228097627737245
0.00914490127366707
0.00407793384685085
0.0392599729241876
0.00651319989087273
0.0414149698015531
-0.0219551790370828
0.0135535360629591
0.0158796071876306
0.00246820248737967
0.00902745141454853
-0.00162671817812121
-0.0085539311019931
-0.0110928512736237
0.00207731616119644
-0.00580435299318594
0.000834028356964112
-0.0304166666666666
0.00773532445208436
0.00767582056819527
0.0118493868747096
0.00460058552906739
0.0112406744379683
-0.00782218987969574
0.00248962655601659
-0.0115894453642383
-0.000418676734450618
-0.00670305795127524
-0.00885698055069506
0.0034042553191489
0.000848176420695568
0.00677966101694927
-0.00968009259259273
0.00467479793137282
-0.0097292305300013
0.00427167876975654
0.00510416843896211
-0.0224290741611965
0.0233765800865799
-0.00549911190774577
-0.00850706082518082
0.0167311032488675
-0.000421940910466656
-0.00464335142915362
-0.00254452926208648
0.000425212585033918
-0.0203995741436644
0.00130156187859254
0.000866551126516679
0.0116883549783549
0.0158322201184331
0.00631840775063197
0
0.000837212257731812
-0.0158928900041824
-0.0097748402135639
0.000429184567776186
0.00900905229554061
0.00765310374149664
-0.0308017708522459
0.00391815428463893
0.00910672199075102
0.041254834550924
0.0210482872472142
-0.0092966855295068
0.00938392492860052
-0.0101050929668552
0.000408329930583928
0.00367346938775515
0.00406673444489636
-0.00648035615713427
0.00122291067171187
-0.000407166140356963
-0.0183298989136415
0.0116182157676348
0.00205090246312145
-0.00859602947196059
0.00123868708665098
-0.00206181443298969
0.00371900811078474
-0.00452865358054122
0.00206782464846977
0.00123813454395383
0.000824443528441687
0.00906091395960007
0.00448983673469394
-0.00121905724424809
-0.0113914157851912
-0.00946497981337358
0.0124636892397174
-0.00410344669251339
-0.00453234445817885
-0.00496684602649011
0.0191347329810843
0.000816326530612255
0.0024469820554649
-0.000406834825060987
-0.00732604802604808
0.00492009040262786
-0.00326397388820898
-0.00286528857961521
-0.00533665823741136
-0.0033016921172101
0.013664596273292
0.000816993464052285
0.00163269387755105
0.0220048483290607
-0.00717703349282295
0.00803212851405632
0.00278884462151385
-0.0309893126738181
0.0102501029212834
-0.00365259755083591
-0.0105905503295539
-0.00699876463570348
-0.0228026939136527
0.00381841323716592
0.0109890109890109
0.00877922240802675
-0.00663075037839833
0.0129329166847274
-0.00617800633533738
0.0132615836411762
0.00368098144454065
-0.000407497945904778
-0.00326131254540096
-0.00409002028261674
-0.0065708008213553
-0.011988465812796
0.0112970711297073
0.00579226313611914
0.0127520367236542
-0.0125914698378768
0.00493628156874859
0.0110520261972984
-0.000404858283204135
0.000809963515189915
0.00890331885484907
0.00882470918571987
0.00238564612326053
-0.00595002006941758
-0.0327214298771521
-0.0218647277227723
0.00210885711129727
0.013047138047138
0.0112172829248027
0.00451935086277744
0.00286294466818227
-0.00611741435562807
0.00164132122932625
0.0180253994264645
-0.0197182696177063
-0.00656814422955077
-0.00289264450856841
0.0049731042259884
0.0185567422680413
0
0.0125505662934995
-0.0123950019992004
-0.00404862331786948
0.0199186991869917
0.000797170187325724
-0.0111509752628047
-0.00322190898107122
0.00282828282828285
-0.0100725221595488
-0.00244200244200243
0.00244798041615657
0.00488404558404554
0.00810036419196591
0.000401807971145418
-0.00281124497991969
0.0245670962545308
0.0027515329107104
0.00235201881615055
-0.133359405553383
-0.0324909296028881
-0.00419780764002753
0.0121780327868852
0
0.00601568690348508
-0.00183988040478367
0.00599073705111808
-0.0238204764086118
0.0112623186889873
-0.018561439376401
-0.000472860520094542
-0.0170292344857728
-0.00529359936026941
0.0232220609579099
-0.00803782505910156
0.00381310772163967
-0.0194681395758852
-0.00677966101694905
0.00390053632374454
0.0150558523555124
-0.0631578947368421
0.0209397344228806
0.0105053026513258
0.00346529685815367
-0.0138135175135669
-0.00950480240120055
0.0171717180389757
0.00248272107659986
0.000990490292694934
0.0168233556072912
-0.0209244779038676
0.0129223651629045
-0.00294401388341581
-0.0132874507874016
0.00847880341540175
-0.00148358068662624
-0.00891535369413787
0.00149930034982493
0.000498902170713356
0.0369078322647298
0.00288595464714025
0.0206235491606712
0.00187965216730968
-0.0131331613508443
0.0104562257387726
-0.0277516462841015
0.00580556361877105
0.020682923488075
-0.016022620924723
0.0201149434920949
0.00187798130882544
-0.0103092314901594
-0.00378787860852836
-0.00237647327108026
-0.0209624106717484
-0.00973231190911483
0.0230958230958231
