0.0285922418503004
0.0118626416430596
0.020822361476033
-0.0102845046280426
0.0393140963174889
0.00416597247678618
-0.00132754733911544
0.030242605516783
-0.00838709677419358
0.00406636304489272
0.0144176089421675
-0.0129351327520781
-0.00760396363688776
0.0140202314965765
0.0154340672759796
0.00554145028499065
-0.00141709971396953
-0.00583410614424806
-0.0007930055637273
-0.0074603333333334
0.00095955542874715
-0.00111838951909249
0.00383873960332703
-0.000955975173867918
0.00510365223120179
0.00714060615677559
0.00472662667832635
0.00109769484083433
-0.00548242481203021
-0.00677273565056746
-0.0149064697921587
0.0151320350150037
0.0118934346353721
-0.00830593937774748
0.00505687428977364
-0.016194937616193
0.00623300303659913
-0.0106416456582219
0.0130036440359023
-0.0163232651766486
-0.00789428065087805
-0.0129912792143139
0.019743353401503
0.0248467247499193
0.00739927581863964
0.00312548825986925
0.00436203444891614
0.000310175270510804
0.00155059703986971
0
-0.00526391114809788
-0.0133852295719844
-0.00205081246333516
-0.0173885241033364
-0.0209137548262548
0.00542224769270061
0.020264765815734
-0.0108921992631748
0.00728746558704452
-0.00498395490379488
-0.00743252556846874
0.00195342666449627
0.00113728677721014
0.0121713731283897
0.0120250122178132
0.0256653838033172
-0.00123561943885142
0.0103618614066276
-0.00872493467855695
-0.0140519452114902
0.0126860771397361
0.0269099581249639
-0.00361442760197506
0.0194980792322805
-0.00948849560363962
0.000449004653465312
-0.00374027550809553
-0.00285319134123385
0.00888548166007586
-0.00492601895584466
0.0145513492618452
0.000887254216498157
0.00103412613283704
0.00221372484611204
0.000883478080784705
0.0123583490899168
-0.00247055667695251
0.00160257869467628
-0.00770907636363638
-0.00410435350184168
-0.0110391518681439
0.00878102370052014
-0.00486872240880387
-0.0066715644183053
0.0101492537313435
-0.0121158244680852
0.0119653453190944
-0.0211351007310021
-0.000453057506278554
0.0179758618418064
-0.00252259982968694
0.0205295593494561
-0.0119533385409136
0.0112127767957033
-0.00977528436277686
0.00500951797512084
-0.00952940931724688
0.00577263190564348
-0.0173657108476398
0.010483810565395
0.00444636127988218
0.0100339387649668
-0.00540533259628928
-0.0151292445614204
0.00715877671176246
0.00473861994281966
-0.00736919697477367
0.00237570905347328
0.00533255798155663
0.0106084126738584
0.00160374699540733
-0.00174665218689896
0.00889472123375001
-0.00563663807958847
-0.0212210310514086
0.00504906474897937
-0.00709224290780153
0.00431549126408459
0.0232627062753801
-0.00622648439694407
0
0.00815977013666491
-0.0222575510259416
-0.0267554463634754
0.0153402500206714
0.000598369501821239
-0.0158468682291356
0.0150387053003584
0.0047889703681534
0.00446831999505992
-0.00400361791211101
0.00521064478816857
0.00888634518156151
0.0302407062430694
0.0104018808777429
-0.00578203323751048
-0.010780170212766
-0.00573561817423629
0.0025959188114173
-0.00359608761202912
-0.00981667430994693
0.0135588431875693
-0.00115067611409703
-0.00950465122394439
0.00305319864863618
0.00362371368672898
-0.00216640676390545
-0.000578853702640214
0.000868906551676707
-0.00752430896361866
0.000291660608931821
0.0084535926475211
0.00664835939735897
0.00301506093280501
-0.0117377610687408
0.000289643680625007
-0.0011583406069603
0.006523586263109
-0.00633734696816945
0.00405854483428159
-0.0057744191904614
-0.00435607647643055
-0.0058334840309171
0.00381402387601648
-0.0124214233523311
-0.00236762348719655
0.00266983098990892
-0.00133130181453556
-0.00711010199644191
0.00402810687793687
-0.0166419457663323
-0.00120885463886378
0.00468995475612566
0.0123475222196945
0.00327225926198449
-0.00118597484889438
0.00460140991829872
-0.000738815011820382
0.0167086359622344
-0.0111984289936466
0.00308867489597509
-0.0180351327581437
-0.014484112072807
-0.0151515151515151
-0.0661538307692308
0.0131795549723301
-0.0063414471544716
0.00474555711429292
-0.0141694295058818
-0.0189988108210608
0.0097675646721529
0.000833872595628282
0.00399936690549452
0.0224066058091286
-0.00876618534955143
0.00949882067640329
-0.00421800785558102
0.00276959917286423
0.00926076375728302
0.000321957506792758
-0.0196331029873368
-0.0218318785893591
-0.0303742406444035
-0.0384215652201724
-0.0224981997390533
0.0195175470536264
0.0102943834259415
-0.00375400435741879
-0.00789519109994619
-0.0309278164057186
0.0121313545303712
-0.0103264244882906
-0.0154648412694183
0.0198712906888721
0.00686581938886288
0.000552948785585983
0.0130778962409672
-0.00072729090909085
0.027656496136399
0.0109773016997168
-0.0171628552421316
-0.0208481471997175
-0.0025477706542717
-0.0160554822832424
-0.0146486371221953
-0.00903272504766151
-0.00265856437523726
-0.0295125476009139
-0.00706297808391265
0.00316141072591569
-0.00157575339767579
0.0138094301402532
0.0276318744431188
0.00965724276354396
0.00806451612903225
0.0206511813953487
-0.000182336854131604
-0.00492244320592317
-0.013741296674925
-0.00650198749760411
0.0143979057591623
-0.0119816036866359
-0.00466417927851415
0.0183693352715777
-0.000184097177099329
0.0248526877761415
0.0163463990065169
0.00406502283262555
0.0102094347789221
0.022129308627449
0.00545516535969992
0.00474733808070549
0.0160310670277106
-0.00664338160842692
-0.00451429519287261
0.00621429280795605
0.0023368218995159
-0.0149874606992083
-0.00473377836910305
-0.000509580440115065
-0.0302515125764786
-0.00350508230800772
0.0147731267187281
-0.00779897733450652
0.0136244366812226
0.0110287611757498
0.000511385734153214
-0.00494039173866456
0.00154083204930666
0.000170905982906033
0.000341839013564771
0.00239191871505073
0.00528382496280289
-0.0159375890132248
-0.00689183309972707
0.0137057774758116
-0.0201951052541502
-0.0330130829694324
-0.00740606923038167
-0.00109193810569719
-0.00601198772111478
-0.00733139649319292
-0.0121861152141801
0.0160747850467289
-0.0172921814331828
-0.0149756463862092
0.00988217426609994
0.0205118746803137
0.0260003503595796
-0.000179690873107319
-0.00215716336226557
0.0129706724183272
-0.00711360483727541
-0.00967223680199769
-0.00271300411081554
-0.0107000364653617
-0.0212648949819412
-0.029780858396345
-0.00945942103203512
0.00331317475515158
0.0163170163170163
-0.0177752484709479
0.0130375951165127
-0.00614673441900249
-0.0224197903973795
-0.0328193739494119
-0.00183965665738584
0.0333810553601861
-0.0325009717102849
0.0362556329373209
-0.0112670488238782
-0.00139942023190731
0.0304304298212126
-0.0108801435616838
-0.041445708112355
0.0235656152370003
0.0270269864459061
0.000779746603893683
-0.036618640436307
0.0139507281429585
-0.0119641670203722
-0.0113016551221323
0.0475606839126075
0.00818398285268884
0.013722438588232
-0.00667307899574687
-0.00153547030846324
0.0322952902729718
-0.00521420846900922
0.0380008063646877
0.0187556534038655
0.00106208174678413
-0.0175065962423802
0.0277177280828342
0.00227674263666344
0.00594094006639878
-0.00243182212958137
0.0153230193278775
-0.0190361855764674
0.0019230768894567
0.00174487869926931
0.0240376415258665
0.00527295449442167
-0.00778340127862609
0.00989089375666596
0.0300573956423944
0.0113114590163934
0.00421465398305476
-0.00613399505836976
-0.0025986681825565
-0.00211693535254842
0
0.0128916614375272
0
-0.00096668277750922
0.00112891472758947
-0.0104703927039178
-0.0208366921699495
-0.00448879453071338
-0.00467606872618453
0.012583893039728
0.00497106893027577
0.0131904200102086
0.0305939946201139
0.00552657490836639
0.00141331658291466
0.00203860749568752
-0.000313004685039031
-0.00407016274154415
-0.00141464950353121
0.01432398889224
-0.00636255411661846
0.0212400440612219
0.0102461998814221
-0.0110504998804268
0.00321443431151303
0.00915468402266284
-0.00211670701718647
-0.0174242727272728
0
0.0104857520581574
-0.00427283693381419
0.0167049195402298
-0.00602945468974692
-0.000303366687795958
-0.00500609845285505
0.011282299819015
-0.0105533691978479
-0.00655188206088153
-0.0182514578950057
0.00296820799974351
0.00591908127347729
0.0150201450907359
0.0112890612682353
-0.000150882483770043
0.00301756190430824
0.00496382348237856
-0.00463999415177341
0.00105263157894719
-0.0115667267537929
0.00151974157204826
-0.000910561429118051
0
-0.00227815931216024
-0.0182676809783018
-0.0145758881865681
0.00173093629789034
0.0103675777568331
0.00357591728855744
0.00914013900200739
0.0127418178191865
-0.00864027575200421
-0.000611636066922494
0.0142288859512105
-0.0515915213215943
-0.0586925251899558
0.0190943055086177
0.0253689102077781
0.0297542043984476
0.00518219221105531
-0.0145289793929393
0.0155357636164943
0.00718075264379503
0.0189088818463521
0.00212958631364724
0.0160899369804162
0.00866440069720942
0.00725718337931802
-0.00102926037261397
-0.0119223576119413
-0.000297869818167928
0.00625835186621448
-0.00770023704576095
0.0105954182780057
0.0020673360592538
0.00456818443017726
-0.0374064115419221
0.0128009137701501
-0.00300928382499666
0.00166014181526886
-0.000904098196289116
0.0155330724033502
0.00668258132952682
0.0082607610523564
-0.00848575006542052
0.00575486228810074
-0.00498832130350235
0.00766729578295489
-0.00497506613842935
0.00441180882352943
-0.0133236304543062
-0.00192902510652959
0.000148602433880374
0.002527203918264
-0.00341048329150417
0.010117542182972
-0.00500804249533127
0.00355289399469005
-0.00221274521002002
0.0147841516082814
-0.00626456885583593
-0.00322534823670051
0.00250045602295801
0.00542833008049715
-0.0248066106056708
0.00404004177644657
0.00462005975022528
-0.0639371865339157
0.035023772900912
-0.0234267194434763
-0.000783929143680306
0.00156915110622946
-0.00814665492255506
0.0112145946735966
0.000624820397914005
0.0227911184137097
0.00808922503461051
-0.0211960777655075
0.0114462022754462
0.0198807618883738
0.0119957411307319
-0.00577863404292889
0.0125186888977256
-0.00294383270698173
-0.0110717452338868
0.00850873290069343
0.0180580378347557
-0.0193370459339496
-0.0034098741323888
-0.0362987498319137
0.0175980089163015
-0.00804003361771954
0.00611717397334721
-0.00790399744787962
-0.00474947164468242
0.00723523718034547
0.00580770288858301
-0.000759702196009737
0.00045618915887502
-0.0180879006218591
0.0267802485071282
0.0107040400812894
-0.00134254174608395
0.0050784767025458
0.000445816608027449
-0.000445617944147214
-0.00445835927391358
0.0262726086362923
0.0286545599999999
0.0162613402677978
0.0332544719665588
0.0196606377683641
0.00145273373675736
-0.0100224446782951
0.0113227387771415
-0.00908844860612368
-0.00731095278568561
-0.00294591590787374
0.00872954618223942
0.00679006781001101
-0.000528973795465237
0.00714476032959088
-0.0182606403733326
0.00441583014522284
-0.00692775131701961
0.000670713701761194
-0.00120654249666408
0.00523488590604027
0.0136200429112037
0.027532550255168
0.00961538461538458
-0.003809561904762
-0.00892284291610612
0.00115750482315113
-0.00205544717653883
-0.00579295829042237
-0.00116540200056692
-0.00233341978653656
0.00428796783118468
-0.00724541328444295
-0.00417045467859545
0.0058892419374823
0.00208165492998114
-0.0144117507561056
-0.00447904073355088
-0.00701335185920327
0.0118603276671065
0.00250234426445406
-0.0116920646994719
-0.00225980317985641
-0.00213157479700432
0.0148197592838515
0.0151296141263093
-0.00673930758220276
0.00822022453314486
-0.00880032388250263
0.00718113368226314
0.0143894349804179
0.00498401277955285
-0.00279757124615421
0.0149196382279937
0.0101772338322521
-0.00286074619749377
-0.00212046905626728
-0.0056249625
-0.00251420480776099
-0.0170132077382031
0
0.0130768846153846
0.0112630604124169
-0.000750919747169565
0.00288045091748157
0.00924073403494674
0.00457809948032684
0.00973027442467589
-0.00378147095212955
-0.000612158702391619
-0.00637104852838588
-0.00135635021840563
0.00642059529375461
-0.000122708867066446
-0.00319020858895702
0.000984761225621744
-0.00344317511067371
-0.0207305031992782
0.0206653097194391
-0.0120988024691357
-0.000749787581221795
-0.00775391455420105
0.00315099587350631
-0.00527701999130636
-0.00719969703674883
0.011323155504406
0.00213870932541727
-0.00815970333117233
0.0227818751352518
-0.00321736179228704
0.00546238340922223
0.00333379437791814
-0.0233817493629892
0.00327623483774908
0.00238627220348131
-0.00789372278896672
-0.0078302854256127
0.0143839616696531
0.00163129623211677
0.0135304685542472
0.00519156971096235
-0.00122969749139201
0.00320120655994582
0.00478645048650783
0.00977152767418388
-0.000604753855201645
0.00762523574345564
0.00480482882882893
-0.0162582303345312
-0.00522542222353362
0.00464203512531114
-0.00376943102552108
-0.000976467716343299
0.0109957485887782
0.00338367371601223
0.0139708902080078
0.0174605293393388
0.03525561357667
0.00642760487144778
-0.00560224089635852
0.000338016901408444
0.00585722016059043
-0.00223969757313447
0.0080808307088851
0.0021153640614564
-0.00677702462444119
-0.000447438468737404
-0.00940022370859184
-0.00101668552925949
-0.00474949677711189
0.00590838527648252
0.00316275842271252
-0.0123859815873433
0.00524454458151347
0.0121356473207586
-0.000112001347198687
-0.00224144338535992
-0.0057284286839091
0.00892454842717627
0.00044787818716574
-0.00179066596061916
0.00459688295555805
0
-0.00133922994060787
-0.00145289445285335
-0.00492438735141321
-0.00877299476895754
-0.00181545450410037
0.001591451613147
-0.0030644080914265
0.0208333570506993
-0.0109289173843854
0.0131920055656329
0.0275984305853725
0.00270738586560038
-0.0144723626513603
-0.00843832328767125
0.00265249770161913
0.00396826494743974
-0.00164692574337
-0.00461891564940076
0.0123742677632468
-0.013750889896897
0.011286886866652
0.000547138642599254
0.00787403744807436
-0.000434038609633758
0.0122665758054741
0.00514748525469155
-0.00874852207142252
0.00645784064329602
-0.00705811128097289
-0.000215358109108443
0.00258534950801792
-0.00655421725582894
0.00800343941167458
-0.0109441741720226
-0.00553267520069434
-0.00676333602625367
-0.00637014806029179
-0.0390184476730578
0.00966180101997227
0.0086580315408753
-0.00745430305563244
-0.0158170123742722
0.00763098641764337
-0.00481926552336742
0.0167185166591082
-0.000907257881605839
-0.00681042013190514
-0.00274283428571431
-0.0261287983926474
0.00129433979897597
0.00963694956572803
0.00337554401696916
0.00626451297904351
-0.0147567331048359
-0.00327637495057764
-0.0005870274712374
0.0116293437670389
-0.019972142824937
-0.00746451404112525
0.0102662054530096
-0.0090983815112271
0.00500832333641399
0.0148315141769282
-0.00163685258548874
-0.00363036659597582
-0.00352612826689858
-0.00460014159707645
0.00793931754875343
0.0282153898005029
0.0121198034772445
0.0168324113250931
0.00399956662594003
-0.00387303295762853
-0.00644295733535738
0.0119633271027877
-0.000552458279693857
-0.0128233032591565
-0.000671948465668093
-0.00358583602836915
-0.00078722448914148
-0.00112546991841234
-0.00788729014084499
0.00147639972255309
0.0112270129281016
0.0088594933017716
0.00200088930636833
0.0035500333209455
0.00475348225462624
0.0127627243124957
0.000108582288693482
-0.00738649809659986
0.000547198529673887
-0.000546899267198975
-0.000656566009736403
