0.00746959204887676
0.0237874582572586
0.0313820468129766
0.00614391456992402
0.0113405062907967
0.0235767401833451
-0.012640337788783
0.0199145365624729
-0.00585771301856131
-0.00729511804980698
0.019502514994276
0.016079900194067
-0.00927697084436718
-0.00550812433191628
0.00996953724814365
0.0433232233802241
-0.0107752959467883
0.00504790130307908
0.00581541074198189
0.00840998708042018
-0.0177221792473854
0.00451053341763141
-0.00316954561094707
-0.00132493368707287
-0.000530671279667549
-0.000265410154786871
0.00743491768454607
-0.0195044285583665
0.0102150803705623
0.011442149470881
0.0215733765626611
0.0023176923864181
-0.0364850481235893
-0.00319997333333333
-0.00133758690910679
-0.000535788881018573
-0.00294827116193319
-0.0061827955327205
0.00486883946797834
-0.0191117890114784
0.013995664489453
0.00595391052898742
0.0384718879995636
0.0432643027598085
-0.0129128383411971
-0.0123270943396225
0.00433015814213733
0.00532586862794826
0.00454089315188932
0.000753340030135607
-0.00652441688955663
-0.0234907805001264
0.00775993274702547
0.00487687384180879
0.00919529965796695
0.00151865358231595
0.0184482941622441
-0.0203473702319448
-0.00405268490374866
0.00940994404883022
0.00781055701210764
0.00900002499999997
-0.000743285412703409
0.0104140337012628
-0.0208588466257669
0.0110275182442348
0.0101636093207733
0.0026994110429448
-0.0122369062105505
-0.00470770553251465
0.0124471004454618
-0.0204081150926045
-0.00426711847389571
0.0133602981275673
0.00870641769387026
0.0133169177143506
-0.00438062788999771
-0.033732608164263
0.00556541881015482
0.00276732075471697
0.0153035620847075
-0.0271806763730993
-0.00736593871897229
0.0115147639961737
-0.0177079943766251
-0.0545970355602865
-0.0114409700746657
0.00799120947943766
-0.00273378880624453
0.0101424890350879
-0.00271365007943825
0.0201361088435372
-0.00266745784649447
-0.0240705275226138
0.00274042188323276
-0.00847228751024887
0.00771780616642248
-0.00847923937420025
-0.00772411034482745
0.0202946894552489
0.00463209796642783
0.0197992682343171
0.00372351083635691
0.021992526656464
-0.00777806585429086
0.00992950091455436
-0.00827943036070222
-0.0133055563106936
-0.0367530407191962
-0.00164702168542408
0.00742370105646706
0.00300221078062801
-0.00734693877551029
-0.00520830592105259
0.0236980153293467
0.0161506855369753
-0.0254304370860928
0.0212013856699815
-0.00532342294383814
-0.00535191344265218
-0.00645676655672678
-0.00135388572975903
-0.0127440614765711
0.0129085690744302
0
-0.00244034700541362
-0.00815436237688605
-0.00274055890706704
0.00302283602700837
0.000547945205479516
-0.00766697699890484
0.0286974873787258
-0.0504291054299651
-0.0257062132369372
0.00318921408006889
0.00722543394366659
-0.0183643912978129
0.00116927802307143
0.0198540145985402
0.0146006012024049
0.00648981395287285
0.00588738468670513
0.00724632086827426
0.0121749588316258
0.0112083099394034
0.00621786935832036
0.0102094838740063
-0.00984037286384964
-0.013430029546065
-0.00245034032126312
-0.0038209335103967
0.0112328767123286
-0.00433486859929544
-0.0076190204081632
0.00987115410279249
-0.0583763747827112
-0.0115340542099194
-0.0405484259203156
-0.00729695978403655
-0.010719846203991
-0.0108358517286641
-0.00312992165477555
0.0003140031397173
0.00502193957872143
-0.00437229856339794
-0.00564611059115783
0.010410031217349
0.021230097447084
-0.00642002465362357
0.00861535384615375
-0.00640631502154698
-0.0282468529321462
-0.00631908372827794
0.0130365655632252
-0.0241682666613853
-0.00289482148600839
0.0154838709677418
0.00222360228716645
-0.0101425993706054
-0.00864556516170356
-0.0135658273115578
0.00425667962486309
0.00815128790348885
0.00743855109961178
0.0115569823434993
-0.00317359568390996
0.0114613180515759
-0.00125904941768962
-0.0104002521273243
-0.00127385350318465
0.00701527401099256
-0.012032900569981
-0.00256410248191985
-0.0115681551552649
0.00455136540962275
-0.00776699029126204
-0.0244618395303327
0.00468067535941152
0.0059900501161414
-0.00860076083360894
-0.0053386721834725
-0.0181146936636932
0
-0.0068329347454732
-0.00550395596835229
0.0290556900726393
-0.00773109243697478
0.0226965108401083
0.00331235497474824
-0.00231105967939715
-0.00231631377618524
0.00298507462686559
-0.033068783068783
-0.0554035225718195
-0.0398262476529236
0.0335595776772248
0.0291863918278001
0.0116980507514375
-0.00700774327232856
-0.0250529640084686
0.017734419751517
0.0113798004487979
-0.0080872711643013
0.00886210595044679
-0.0158116309139715
0.00107108175651538
0.0121254631909606
0.00563784375045251
0.0122634193320454
0.0103842855792415
0.00993487461682507
0.0176390773405699
-0.0043333000000001
-0.0127218274950844
0.0108511020684978
0.0167728955643374
0.0079181790801115
-0.0124385928785136
0.006297679814385
0.0217390967806621
0.00451321727917464
0
0.0176508023106547
0.0012614633005823
0.00251968503937006
0.0147659126610116
-0.0315788864265909
0.0159846542204394
-0.0031466644698972
-0.00915407196969698
-0.00445998739917131
0.0112000000000001
0.00253164556962027
-0.00852272727272729
-0.00222858962113981
-0.00191445437141036
-0.00703331179561018
0.00321960731550575
-0.0292041078305519
0.0122314380165289
-0.010450750801739
0.0112211224825454
0.0381853798363374
0.00848799146457058
-0.020885347825103
0.000955141674625848
-0.0365776069790837
-0.010894750383138
-0.0123497667673487
-0.00304156809733014
-0.0128813220338984
-0.017513735662303
0.00664096446553764
-0.0121527087553024
0.0154656585073583
-0.00103835240700423
0.00242546769142526
0.000345696508814441
-0.00829301975490593
-0.0101045641078549
-0.0123196409714889
-0.0099785463285299
0.00935925092299317
-0.0196148709124512
-0.00436518734085123
0.00840332450115744
-0.0108696014492754
-0.0117215755209368
0.0033358042994811
-0.00849649057997781
-0.00335320417287632
-0.0231776074766354
0.0225794115032305
0.0291916552841187
-0.0123636363636364
-0.014359351988218
0.00709745984310794
0.00519291562288271
0.0162361992619926
-0.00726220017203338
0.00256035113386988
0.0310105800802627
-0.024062278839349
-0.0206671501087744
-0.0062939651980749
0.0182563338301043
-0.00768382729601169
-0.0331859132306078
-0.0228832197895966
0.0113192423372661
-0.0208413353917407
-0.0122192348356627
0.00199529138049837
-0.0107527275685891
-0.000402576489533124
-0.0108739830849778
0.0126222317842928
0.0257337745985617
-0.00940807526460219
0.0213691729323309
0.000774932226847325
0.010452961672474
0.0551724521072796
-0.0167030131916118
-0.0169866691285081
0.0180315169785306
0.0092250922509225
-0.0127970749542962
-0.0122222222222221
-0.00412452193475821
0.00640064030122889
-0.00448930041152262
0.0296880484897388
0.0448904744525549
0.0150192111428296
0.00722646274007088
-0.0109326614280834
0.0172711565709445
-0.00645164664001197
-0.004442959671907
0.0274631317357752
-0.0123622118275977
-0.0060893100842121
0.0200816889067967
0.000667367389635132
0.00700236745581861
-0.00695367526643464
0.0280093364454819
0.00356798572818695
0.0168066575046331
-0.0273362691460988
0.0388889215686274
-0.00346023896004288
-0.0154671401515152
0.00929781951594033
0.0362134371029226
0.00490496642872351
-0.0118974988376295
0.0175980246248233
-0.00333740908183899
-0.00243525128981736
0.00976502898992981
0.0123904502870957
0.00328361194029836
0.00892588488765589
-0.0347979946918313
-0.000305499541704668
-0.00305629575011335
-0.00337219507578757
-0.00707471590739583
0.0123916050926769
0.00367194002447979
0.0109756405785255
0.00120630277442713
0.00210840355095177
0.00901713255184844
0.0351504319332738
0.00748195683453257
0.00114255933405061
0.00456490740556093
0.0102243967686564
-0.00196795052010124
0.0132394647887324
0.00139001942201777
0.00610777345918923
0.00800212428244351
0.00191620591065456
-0.00273218594164948
0.016438301369863
0.00458226439796583
0.0195867990340757
0.00394742105263157
-0.00157279152960454
-0.0157521134155948
0.0157375291684434
-0.00498957431777436
0.0042227501774279
-0.00919837080679031
-0.0291777976345412
-0.00737694029382185
-0.00385364691144252
-0.00525004159298259
0.0172221944444444
-0.00191152380970849
0.00738716846476528
-0.000543210211841449
-0.00163035330517269
-0.00244964602887054
-0.000818635698846659
0.00245767346962533
-0.00762732246328868
0.00741150150974468
0.00899177087215874
0.00216046454659646
0.00215569921434389
0.0201667120238427
0.00263579342740616
0.0136698208814454
-0.00544613575087827
-0.00260750991434211
-0.00366010457516353
0.00314875352535404
0.00104629871828421
0.00862288999216076
-0.0225388094579695
0.00662602703419024
0.0155344918378095
0.025408322530464
0.00707972205005625
0.00276166192509852
0.0125187784806906
-0.0108802920593544
-0.0180000250000001
0.0145111765405086
0.0115433631891273
0.0161249809941708
-0.0107421633481973
-0.00641663376110568
-0.0104321416011993
-0.00326307730923692
0.00705119634981588
0.00500117504370223
0.00199056984301005
0.0196176061584306
0.00121773012134119
0.00340547303805727
-0.0060606060606061
0.00585370731707302
-0.000727521788189911
-0.00461050727033507
-0.0131643100926379
-0.00592880434782606
-0.0569085707301903
-0.00447963097550386
-0.0262042886766619
-0.000543653151844015
-0.00190369866739193
0.00926430492467833
0.00323971373542897
-0.00188374596340135
-0.00593154489080627
0.00244100901657207
0.0127164776167876
0.00641191557574139
0.00716753422710559
0.00448081192622052
-0.00288640769125137
0.0102631315789474
-0.00364675706295281
0.00549016993464058
-0.00155998443993721
0.00026036456977252
0.00364485810986737
0.00622573297602402
0.0203660989851484
0.00101053557298969
-0.0338213032261814
-0.0488505498654793
0.00988739357319446
-0.0206690780527604
-0.0105525415469337
0.0117877627901273
-0.00638000017697637
0.0187046901172527
0.00301441474297537
0.008743169876676
0.0135427959665653
0.00614655297416111
0.00557766238631263
0.00264125719383923
0.0126448896903288
-0.0179500264815303
-0.00582784105960277
-0.0269117779619443
-0.0309419769989047
-0.0316473306484129
-0.0116720455208639
-0.00885736666245551
0.0101280905570449
-0.00648779121203169
0.0273078666461224
0.0176249633740262
-0.0235662117102154
-0.00785111973978259
0.000879337657659462
0.00292819895003227
-0.00583944525547442
-0.00234942738177457
0.0076537825241747
0.000584282792871926
-0.00700735766423344
-0.0367538980743251
0.00213687436733045
0.0274138880649473
-0.0166024903646604
-0.0319564987613205
-0.000311522880363624
0.0105919321241079
0.026202281942117
0.0120155598673608
-0.0270109832891359
-0.0402684576042848
0.00254297528744352
0.00412171832207631
0.00473634354278496
0.0131993086109363
-0.0074442303074298
-0.01406253125
0.0329635826612864
0.0150353482663392
0.000604473965872154
0.0169184904482471
-0.011289393939394
0.0135216650697616
-0.0216424547880224
-0.0145454545454544
0.0369003997539976
0.00741399740765125
-0.00500447438903528
0.0272189948881361
0.00777652627371728
-0.00971706146229989
-0.014718700449137
-0.0287053025396986
-0.0283473763570565
-0.0145872434951198
0.009763811023622
-0.00249535238629595
-0.000312726704190136
0.00844551168112306
0.00527289049175605
0.00401113853748836
-0.00276582658986391
-0.0101695528453143
0.00809470759946174
0.00308829514860109
0.0190886083743844
0.0244713609952483
0.00206428782070178
-0.0141259564449675
-0.00716423880597006
0.00120267595927093
-0.00330330340250162
0.0150647790016505
-0.00860780672626316
0.0164670349420937
0.00441817365484032
-0.00527859268496145
0.0224057206607147
0.00836219723183396
0.00972261911001926
0
0.0243556209471645
0.00027652752427576
-0.0107794085129906
0.000279351766433455
0.00502796103430048
0.00611453585325195
0.010773452741065
0.00218633506422505
0.00109083725611336
0.00245164811908594
0.0062500001698369
0.00972184741349857
0.00615137753814854
-0.0151515155542667
0.00566798935676083
-0.00697793918292755
0.00405410810810802
0.0150739426608915
-0.0151153544183334
-0.00538502976265565
-0.00108275584956019
-0.00677506738346523
-0.00818564757513518
0.00357639634533125
-0.00301537828947362
-0.000274896900602117
-0.00660071488996927
-0.00913615750653818
-0.0287790715624734
-0.0189873428646343
0.00410568939036304
-0.00671740614968408
-0.00147012651985456
0.0156066847940719
0.00231945477996787
0.0141741683540642
-0.00541933812266582
-0.00917694319406204
0.0136035025645009
0.00114223300970862
-0.00941246407836671
-0.0043189749496112
0.0150374774414415
0.00826213722291391
0
0.00791181146967523
-0.00953170785151147
-0.00651016096744073
-0.00455837632811262
0.0103033775129759
0.00623232312272881
-0.00225228040540548
0.00169303052181236
-0.00450704225352105
-0.0014147990945107
0.0170019264096934
0.0181109506300068
-0.00930487111918787
0.00883975113702351
-0.00492880613362545
0.0035773527793066
0.0019193857439157
-0.0120416800207531
-0.03434894927141
-0.00286870330267619
0.0123705703320236
0.0039784883199343
-0.0181150003897538
0.00172963395011916
0.0146762014388491
-0.0102097566766737
-0.00286541530857221
0.00804606344959957
-0.00627140785225733
-0.00831901869423346
0.00289262366213472
0.00807623352040565
0.00886972792933549
0.00425416927136513
-0.0121434622987856
-0.00485989136649501
-0.00258546387286795
0.00230408979538899
0.00804606344959957
0.00256545025282495
-0.00369624701144433
-0.00342474305294671
0.00200469656384272
0.0077163756663976
-0.0127622525673429
0.00545817278201177
-0.0374286
-0.00712371644772092
-0.0041853511454305
0.029720743628918
-0.00262390678203794
-0.000584624395925992
0.0125767772031815
-0.0118428657378066
0.0149079805585495
0.00259216582395827
-0.021832863492305
0.00205580035406161
0.0117233590774726
0.00666280417149467
-0.0138129496402877
0.0131310475634665
-0.015265034122551
0.00497227273975631
0.0151338761602482
-0.010321129291252
-0.0130359212050986
0.0105664807748753
-0.028173133894859
-0.00358634200796004
0.0194961607678463
-0.00147110906318859
0.0247495587728213
-0.00115000003306498
-0.00172717318784255
0.00778549596309119
-0.00743925586726024
0.00893632196414873
-0.00314288571428567
-0.000859787929486822
0.00286855987181434
-0.00572085256638599
0.0123705703320236
0.0352373127376331
0.012077930277244
0.00135608899799533
0.0130011924702704
-0.0106952400697733
0.00324321621621615
0.00161640629354531
0.0303927111350188
-0.0125293392709648
-0.0185038583926059
0.0134661994757286
-0.00637794296099004
0.00267459220846722
-0.00960258684435378
-0.00646382961314751
0.0187043377257885
0.00399143140013658
0.0174926848661545
0.00364678311140332
-0.00155717626673157
0.015336625543628
0.00460832041453352
0.00688063165746033
-0.0022779044433261
0.000507382065316309
0.00304264713596969
-0.00808895328389914
0.0160549686006644
0.00426390780697017
0.00849150827943301
-0.00594358578643905
-0.0107125064950798
-0.0141021660564635
0.00817366497197125
-0.00126686087492123
0.0106545413827774
-0.00301202309236948
0.00125878647384736
0.00905207442796074
-0.00124592571029336
-0.0179640959099754
-0.0312499992060467
0.0170468917637845
0.00309445598490088
0.00899737742944073
-0.00764328662420377
0.00179715014641468
-0.000256330087134771
-0.0228146384421759
0.00524661608726706
0.0125260699373695
0.00360824751567645
0.0223421166497719
0.00125596580618015
