0.0300760732085967
0.0319410413773753
0.0216585469160615
-0.0281582283868872
0.00772091697499211
-0.0154882371494339
-0.000627639575999761
0.0292646359383666
-0.00868436818181295
0.00529317648986671
0.0118367452844652
8.06938299469095e-05
0.000322658520829133
0.0188911518190693
0.00649032200655286
-0.0169664579716935
0.0179392217135625
0.0105110573982015
-0.00213867669673218
0.00557246895519681
-0.00753735293403024
-0.00160089223718218
0.00938621797333972
-0.00612183865617077
0.000955178087690189
0.0037193759261811
0.0114467960124183
-0.00928399641581346
-0.00286548825467081
0.00535910765257896
-0.00780267704508208
-0.00262782202813006
0.012158905381173
-0.0152522593640382
-0.00358331693867942
0.0122820835673101
-0.000368879099713393
-0.0274600423438544
0.0106432161654735
-0.00661899753634498
-0.0074785251501529
-0.00368735288496513
0.0262285283095449
0.0260676122627548
0.0161411307426886
0.00353408513005538
-0.0143863213940092
0.00908462982247227
0.000565069512149963
-0.00284245535529193
-0.00721120786858243
0.00576149925823732
-0.0063712536236411
-0.0213102172348854
0.0105371873411864
0.00548296611350008
0.0198224724855014
-0.0227579824312801
0.00890814003880136
-0.00732616894817795
0.0262623116608827
-0.0205095854216546
0.0119188068583964
-0.016470968812884
-0.00722375214551685
0.0140121865013143
-0.0148654234335521
0.00664644598126829
-0.0226483217901574
-0.013059405951327
0.00481528164242406
-0.0207929035127293
0.0255824816203885
0.00301694237161132
-0.00735260113943259
0.0222807567740437
-0.00755566751608261
-0.0214340326668824
-0.00283265379852238
-0.00188052289458096
0.0175976551932855
0.00594828553226523
0.00640257675407807
-0.00221783469938786
-0.00271029511742971
0.0035974425597558
0.000759798174124526
-0.00356239042400963
-0.00822476001626904
-0.00261983806512334
-0.0125017277269218
0.00651992379136224
0.0115447845129462
-0.0167167715632416
-0.0020776630215712
-0.0109705816706391
-0.00293491632587084
-0.0102925533733873
0.0122866219864899
0.0116310475084256
-0.0116174357819149
0.0270949330265593
-0.00211124657143069
0.00614928541451021
-0.000196468582610132
0.000530678502030923
-0.00161088738035442
-0.00887433527283077
-0.0168155693918607
0.00759248460684869
-0.00348705581089337
0.0179185580693815
-0.00223247390805792
0.00295026821910849
0.00349441491339508
0.0118829964184677
-0.00363573201497969
-0.00195142832420103
0.00318696481737724
0.0336588202868433
0.0225318858463461
-0.0115432314755052
-0.00436525322501546
0.0183245242798595
-0.00513345057192316
0.0227112423713267
-0.0113023693913837
-0.0545058844731834
-0.00804746106491172
-0.0133588601767319
-0.0106736421410912
0.00883087410287398
-0.0107142072679101
-0.00710669050227286
0.0039921208110052
0.000803263327227244
-0.0108354686622762
-0.00862141516340131
0.000859399220652035
0.0106106514565592
0.00414711528772815
-0.00308234183252742
0.00731548562141016
0.0078040022019179
0.00260779938980837
-0.00200534082892923
0.000417737981180277
-0.0208606258459797
0.00523996170026697
0.000646483468812464
-0.0163546978340228
0.0133218179279624
-0.0159218595936154
0.00401396046103764
0.0295848169622903
-0.00607349781675282
0.00402699505999826
-0.00977769319196387
-0.00233752624410632
-0.00912984538644757
0.0135763267226925
0.0140581750314295
-0.0118403338913409
-0.00517823331914469
-0.00802974816590152
-0.00172871590878565
-0.004074763131381
0.0146676701321107
-0.00252009685548693
0.00949973693381345
-0.0056662968018234
-0.00839675642610438
0.00489396910974005
0.00462749650675454
-0.0268932827876207
0.00148831084857726
0.0027657647058823
0.000926187609006091
-0.0168417716480581
0.00704875120405513
-0.00585707502470323
0.00589158246521615
0.0132926159482643
0.0198208145243017
-0.0112352395583911
-0.00298813897170536
-0.000958216448851967
-0.000408150845734756
0.0159244866558585
0.0150318446684707
0.0886773162899068
0.0133120061348657
-0.0199569181271966
-0.00353432270628995
-0.00714873297811469
5.54955011384806e-05
-0.00124003962671959
-0.011952905504833
-0.0125100515785975
0.000474803418803349
0.00820125131698157
-0.0131809122945495
0.017020596290336
-0.00136962422127296
-0.00454667460880032
-0.00105689079737448
-0.00266400205057449
0.00378884198561047
0.00600145494929705
-0.00628459616814714
-0.00581464793586794
-0.023546377833113
-0.0143517817294639
-0.0316273648268572
0.00743673113309984
0.02829347046442
0.0140033648263604
-0.00257973106124465
-0.00639777548222187
-0.0147372248350611
0.015315195663467
0.00512591915243688
-0.0104136642335767
0.024075537925867
-0.0204939465818936
0.00307859865055016
0.00735031657582486
-0.00915971686543149
0.00624783007799312
0.00142086146391684
0.00921283965014585
-0.0149834641208291
-0.0127477712860871
-0.0212500983062313
-0.00876143151715136
0.00261288067881016
-0.031048912588267
-0.0260554317096654
-0.0173458531242233
0.00902361293159326
-0.00872528202582512
0.0204139266213614
0.0084755244312984
-0.0196455296692768
0.0154482313730071
0.00366406901077387
0.00264723201832284
-0.0187587093179423
-0.00961279876452381
-0.00339614367667951
0.0163786972819779
0.0108585516446942
0.0237732900084038
-0.0113493732467864
0.0558127932493537
-0.00646768182574831
0.00775932155811421
-0.00695960045181143
0.000422960436315734
0.00656254516139487
0.000519909182836287
-0.00735581096653304
0.0154248684887286
-0.00168568393912505
-0.0038934567263561
-0.00418783742223761
0.00322419350959802
-0.00582877684172423
0.00907558414463749
-0.00785974790210731
0.00278774784422353
-0.00242001592255947
0.00425027559894486
-0.00479129780923937
0.0177528858127567
-0.00628739375258369
0.0245948641931626
0.00487831459575694
-0.00452710515244237
0.00218676501120707
0.00264544185007853
0.00150216083311583
0.00428828901092149
-0.0089803200453521
-0.0171961217900274
0.0250462437101426
0.00214808396752431
-0.0179515360961672
0.00099387499882253
0.0241215078018693
-0.00488551638484558
0.0100865089665165
0.015716334751773
0.0150262704719859
-0.0111166414736862
-0.00907120029972497
0.00962222295431014
0.00394945121198198
0.0115984280587631
-0.000511144195539548
-0.000621108764577327
0.0114419589691823
-0.00155411570517117
-0.0114930174457623
0.00225210932561426
0.00834869655702275
0.00231900503397364
-0.0295351209156085
-0.000670493599198796
0.00566595416059879
0.00470735013506407
0.00557072977911477
0.0194995872977575
0.00266296487638451
-0.00136380080753695
-0.00346820773724499
0.0018753462238088
0.0189165337837451
-0.0139372467595817
-0.0232524451891638
-0.0205781262330007
-0.0139133495830616
0.0270799352081121
0.00427099364810957
-0.00701444710801191
0.0106609266464845
0.0125298406031344
-0.028427490444454
-0.0540056818064207
0.00303581445651036
0.0306394487754651
-0.0054536890427298
0.0186559211277795
0.00730312621923712
0.0125195563235825
0.00140262433292615
0.0068555709789333
0.00946302518541109
-0.0047325160970334
0.00865372412657051
0.0101688592223974
0.0146438063747811
-0.00777134140800195
0.0149718311627911
0.00405954594251856
0.000400794679755512
-0.0059055327977916
0.00357490768684521
-0.0101799996329952
0.010655122638505
0.00139645841844871
0.0117657309928132
0.0217417430628664
-0.0095604177291676
-3.40551578029702e-05
-0.0426129827146569
0.0368098645528387
-0.000102927704566214
0.0137909379530599
-0.00795221582539507
-0.00515068999873625
0.00147434644539612
0.0323536119924983
-0.00794268502097406
0.00462997260356346
0.00906746167005346
0.0256553711286298
-0.0146930939373904
0.0215362228676321
-0.0181115394661688
0.00811670844242407
0.000693842890630458
0.00856170091232067
0.00239804328109372
-0.00625183830806586
0.00181352449312966
0.00442150842836986
-0.00521545826160619
0.0334289825921792
-0.00411132556179616
-0.00585755477002592
0.000924563219448782
-0.00976924272425783
0.000806314644902884
-0.00238539367858115
-0.00813934916864612
0.011175656154327
-0.0232568592093799
-0.00562535260473551
0.000276376489494634
0.00591561930354345
0.00791649837429476
0.00432786510823946
0.00180348091452287
0.00893758082373619
-0.00708987663411065
0.0102733814829175
-0.0218647424127394
0.00616373083749244
-0.00227128321976577
0.0140913196683463
-0.00621264343065242
0.0159388974096077
0.00684233645000876
-0.00908187682361139
-0.000863154449994963
-0.00304713588461902
0.0046950511279229
0.00274425497239661
-0.00406606404969023
-0.00191568683774124
0.000424763215958635
0.0109924767035061
0.00827525037117915
-0.0101974961746297
0.00391217144022082
0.00138182116509311
0.000186016831125402
-0.00244921950915467
-0.00278152540164855
0.00987943107612788
-0.00449019091494407
0.00973382034728876
0.0151508546668437
-0.0249500995740328
-0.0231382802350584
0.0138276000580282
0.0299244146644528
0.00561027172025463
0.00740840927378583
-0.00246129579694332
0.00868096181134614
0.00724901570161118
0.00524208337870946
-0.00757173858746574
0.00238978923078448
-0.00365758244903458
0.00410200643883529
-0.00772642106207488
0.000238651205269225
0.00202817428307722
0.046361123570803
-0.0172107527063601
-0.00228673421314629
-0.00435179960164755
0.000364281666812127
-0.00515572506377182
0.0102623559955066
0.00821631529894495
-0.00271647553222198
-0.0048712137753405
-0.00399715280448887
0.0085208105420489
-0.000374875639969741
-0.000706719740786954
0.00554239640890941
-0.00493770592730669
0.00331773408933933
-0.00664229095830338
0.00299601829597029
-0.0100290664791131
-0.00457697232831378
0.00398299315841411
0.00299000184182208
0.00666019472503243
0.00535932394366201
-0.0149002746123371
0.00125439548967043
-0.00168988127814085
0.00329790755629888
-2.90946112163626e-05
-0.00161445319219378
0.00476382963501965
-0.00191391204466662
0.00690033562546555
-0.00440037236323843
0.00156505863311751
-0.0216016887089804
0.0106030539594255
-0.016330357888784
0.0013239977782602
0.016445813256323
0.00318619381434204
0.0104608639941695
0.00767066972050845
0.00599539832869778
0.0215344110339579
-0.0111110654413801
-0.00419587302112279
0.0183106082760685
-0.00336024235670584
0.00309293783193554
0.00672228899305494
-0.0095056578390561
-0.00183860206806119
0.00206524514705464
-0.00265982311848101
0.00258311904801434
0.00914992071917897
-0.0197485709281564
0.000886974531545404
0.00353060072761857
0.00206039746155695
-0.00765131149300891
0.0173235117950528
-0.0562536906115497
0.00101300485213529
-0.00557330239507958
0.0102946520144265
-0.00802917391017044
-0.0202796379690948
-0.0037403203334202
0.00500583824633494
0.00829647285786073
-0.00351148813209168
-0.00470347149472605
0.0100964578955267
-0.00279220109077027
0.0104405064851709
0.00987575905733351
-0.0491439311380077
-0.0244681481660497
-0.0216515770704604
0.00456769991715356
0.0255363404255957
0.00438689883421417
0.0174707375388545
0.000443006422222947
0.0109942588631715
-0.0330468736431462
0.00791928576036871
0.0174032912167648
-0.0134346908130158
0.0040451620311488
-0.0101028830538749
-0.017724531478008
0.00681603417668541
0.000486929819814907
-0.0241148992043799
-0.00415065066368758
0.00072693816373004
0.00928230406201935
0.013643438030186
0.00351878202825562
0.000974885584818175
0.00378577569673566
0.00374019248826296
-0.00542566003872247
-0.00611372902735363
-0.00586744363862646
0.0115661427160976
0.00497187477720451
-0.00193521659143736
-0.00619220346382887
0.00157341510766829
-0.00373891287804917
0.0120156772411926
-0.0191651060354122
0.00543296472922861
0.00505600793925187
0.00815894733904687
0.0325900863223001
0.0241014432722502
-0.0195823968599904
-0.000255637111677309
-0.0014592814450739
-0.00100947506221039
-0.00755575437418421
-0.00199067410569043
-0.00261895996664896
0.0168236184059805
0.0509721425729204
-0.0177714304062041
0.00542497540901832
-0.00167798468839075
0.00370944022351272
0.00625097373103278
0.00450493680821107
0.00281362252419615
0.00403057408150498
-0.00102129199978762
-0.00222940751867695
0.00385672515079283
0.00019851853211561
0.00734204821005635
0.00593785156448767
0.00254570716570512
0.00659935969248759
0.00442148936709441
0.0103635168696019
-0.000122918172558384
0.00446671255673237
0.00205341400098735
-0.00384060344924275
0.00404618068483886
0.00554949920109626
0.00199705299759967
0.00298963736876989
-0.0122047783970808
-0.00754386015633757
-0.00279391360618697
0.0108637030329444
-0.00252708490302578
-0.000367750897483754
0.00843446820842764
0.00890445643141002
-0.00420531561816595
0.00847305808962284
0.000266724462167911
-0.00543978651733512
0.00316375233855815
-0.00284638191175912
0.0158406937858362
0.0122954839093301
-0.00371421444247455
0.00158280246031151
0.000757479619028389
0.000274085821580838
-0.00229625029754099
-0.0030992493562344
0.000603415813763997
-3.93091248458433e-05
0.0057028868167186
-0.000104307019138439
-0.00288119532293629
-0.000745275433349457
0.000693482604423368
0.00456333123580333
-0.0116363674190756
0.0636869270814808
0.00835706315225004
-0.00125236415522612
0.010756882279473
0.00615440418999036
0.00819585225532027
0.00304553862601287
-0.000824845798059859
0.00442653899589929
0.00619366001936017
0.000662935482977911
0.00223583093493263
0.00391867151214687
-0.0114633055568152
0.00283067707436424
-0.000130514603583265
0.00221817672905833
-0.00143213398395259
0.00823738117754891
0.0103447363437272
-0.00987813221676592
0.0105760415909746
0.0120350971599092
0.0249446602122294
0.00560509369063733
0.00315480577762584
0.00855683936878027
0.0030741197738835
0.00447073347246962
0.000273426070492633
0.00481035104010341
0.00610401518331449
-0.00289829337870662
0.00254875215508776
0.00826515981216991
-0.0023067940706194
-0.0145293009377266
-0.0142413574638754
0.00546889789684846
-0.00264256178683264
-0.00760626839349721
0.017687458542631
0.0243868095552646
0.00342530440588718
0.0137287227940486
0.000933708223569418
-0.00547084640785633
-0.00895729893439468
-0.00471061933196104
0.0110042096153806
-0.0167070616734497
0.00523380888498859
-0.0146573266239586
0.0178264891028368
-0.00350706981499371
0.0101304458896576
0.00315592058351188
-0.00502508313539196
0.00620700067063851
-0.0103338314647915
0.0140750095222364
-0.00384555082742322
-0.00151887795943062
0.021275069736336
0.00510969699637198
-0.0455476114285127
0.0233969975036314
-0.00447766027003105
-0.00106888415643869
-0.0127766072318248
0.0100338079409383
-0.00312370693331832
0.00288838175297301
-0.00850192964328322
0.00127550086097639
-0.00330778141432131
0.00597161989683626
-0.00240222933800993
0.00970701241688543
-0.0149133561248112
0.0138479706156365
0.0236772982141964
0.0215746337314038
0.00358240865655746
-0.0159773345250696
0.0115198765998983
-0.00163561886157371
0.0141446956261098
-0.00996386779179292
0.00396276548559849
-0.0120636537753916
0.00753093120314641
0.0014199036971978
0.0087502684436418
0.00866434774776637
0.00207031851935024
0.01459150785505
0.00091047341983308
0.0137914283748852
0.00590468337447336
0.00277198516033739
-0.000459127846707541
-0.00202870615797257
-0.00228214360464019
-0.00237386057091438
0.00795735938390907
-0.000783757843169641
0.000860911385144769
-0.0154439314802736
0.00127161263321507
-0.0137466672143632
-0.000688079680450926
0.0073181656144039
0.00175769283561467
0.0194955175326346
0.0139595427060233
0.0126452196001301
0.0102523988014549
0.0044059074853362
-0.00483624475421884
-0.018978106014391
0.00107161393100652
0.0149300519713247
0.0062171860002922
-0.000661986596038888
