0.0140534027541086
0.0104620247408158
0.0219173986049188
-0.00131576315789472
0.017523069366981
0.00103580210918808
-0.00362176959311256
0.0236271455748038
0.00177552319024787
0.0100012788960953
0.0116570570526078
0.00111515303079113
-0.00334163353929584
-0.00149006583248568
0.0521078695630957
-0.0125295156626363
0.00418958577699802
0.0081058649196073
0.0124157857396241
0.000934291020755929
0.00408408415696915
0.0039511445455731
-0.0062507351111325
-0.0090855913590121
-0.0131656635711767
0.00131031571091067
0.00987391172671703
-0.00247377785927405
-0.00224376476145494
0.0117174224575078
-0.00783814899959701
-0.00176858865154073
0.00165366162751424
-0.00778306576239152
0.00784411704117094
-0.0170991149611163
0.0062388123872541
0.000119160601437018
0.00739154771309769
-0.021065076923077
0.0188587763677615
-0.0155434031269982
0.0260334575625714
0.0266651601080168
-0.0101830661285339
-0.00947867276664716
0
0.00268404708404613
-0.00581936698834651
0.00163896046918643
-0.00642819089359947
-0.00941069263826155
-0.00724380723481544
-0.0179425841613059
-0.00913520119695987
0.0153657041269994
0.0100484506065002
-0.00383553877502107
-0.00421127416422484
0.00628319221161933
-0.00912586466289467
-0.00727095276069867
0.0244140630960465
0.00297902771637348
0.00201969827776383
0.0187337215429795
-0.00372439487254184
0.000467301412787391
-0.0141289002116872
0.00153971337202408
0.0162015377531113
-0.019899906900966
-0.0134172997694455
0.0184138533356049
0.00850854377776389
-0.0737051007126833
-0.00480714719264463
-0.00953349458582675
0.0020534394777576
0.00473866534993173
0.0183556667312557
0.0205282265681341
-0.00846317930164586
0.0223899813156845
0.00810644868465937
0.0111617858857418
-0.00308607715133535
0.00928680817446859
-0.00483656971227697
-0.00900904446409379
-0.00586120827419156
-0.00649742502108741
-0.00472326510839272
-0.0121684108055488
0.0056664079822617
-0.00796179578591127
0.00259290042209903
-0.0163792370583462
0.000625954652837768
0.00650655671938338
-0.0011188960437869
0.0136900936823918
0.00245555564599975
-0.000612418845990947
0.00159319856846074
0.0159059825312866
0.00903287979083323
-0.00775843886080729
-0.0199686762890177
0.00135020251196516
0.0102965920496056
0.0215966882212251
-0.00415675786781788
-0.00524739428139276
-0.00119896889106985
0.00420124845039616
0.000478042052209249
0.00740744351520095
0.00154171015180271
0.00248676148561611
-0.00803213994650886
-0.000119099781408671
0.00202450872901627
0.00309012364024386
-0.0151658645695293
0.0089027667624122
-0.00357742662082727
-0.00813787716940817
0.0165299595751673
-0.00925814836795258
-0.00419309926688516
0.00192487962253818
-0.00168107590875455
-0.00192441666976695
0.0133766324399869
0.00713528396409968
-0.0125162944263481
0.00562000498457516
0.01046379335229
0.0074134852642922
-0.0133162012227988
-0.00852374797533151
0.0292536955223881
0.0213457548032165
-0.00647432977652973
0.00331543382513511
-0.00387424786065971
0.00812170002566237
-0.00465217308472177
-0.00581397622191093
-0.00275195508258175
0.0165574679020644
-0.00214911199415857
-0.0083880978418942
-0.00685877891430797
-0.00241711564515823
0.00738433154227125
-0.00824650116244408
0.00542790185600639
-0.0121754884487821
-0.00151159302325587
0.00978218202694126
0.00807294439018502
-0.00480501064843797
-0.00459825277844017
0.010855792163335
0.00205643781625087
0.00387645654858582
-0.00306648484725203
0.00660745051956524
0.00803529868678932
-0.0149320983496126
0.000569899716660549
-0.00193641642628539
-0.0240812705747111
0.00315749027815482
0.00419678251570033
0.00417925475016534
-0.00184975722543357
-0.00335873307198198
-0.00894833205293444
0.00058633912507422
0.00925818564963832
0.00174168595883595
0.00776637328502527
-0.000575143764086961
0.0139256417761036
-0.00783194115396002
0.00160163589513163
-0.0126784804336328
0.00694121918229484
-0.00425095353571969
-0.00519207350160555
-0.00927862434146798
0.00491685799383879
0.0131640849563879
0.0065539840571005
0.011766038248046
0.00180651462120363
0.00552234851158517
0.0300381189190975
-0.0223068983175866
-0.000556427391350534
0.0121380396835844
-0.0081416768416952
0.0033277314846869
0.00110564956679893
0.00596347854345169
0.00757495916456086
-0.0026149270278375
-0.00775616115625788
-0.0194869972589014
-0.0279586577129723
-0.0380039390088944
-0.0066041787536526
0.0261089800758258
0.0179055839074753
0.00451335472684389
-0.0148617621591557
-0.0250263004320829
0.0199111903594391
0.00493940967822426
-0.0149795090103981
0.0273256867607385
-0.0136463511779072
0.0025794465637301
0.0120453628336952
-0.00531544944169815
0.0148698765132464
0.00950092708904626
-0.00317494039743882
-0.00591519709178945
0.0102986841778085
-0.00690906097056221
-0.00034213047445264
-0.0183685221136675
0.00313804040983201
-0.024215004616267
-0.00653055086047782
0.00310746989619859
-0.00988921720481362
0.010228628405021
0.00357359155117076
-0.0029673590504451
0
0.00452377380952385
0.0120882322382638
0.0103044142785851
-0.00150668754643823
-0.015206105276701
0.0177982328051971
-0.00359000587353797
0.010692677699992
-0.000115018400586697
-0.0106958025541967
0.0195303424621136
0.00444696708484504
0.00431382696396088
-0.00101733919953262
0.0147092446721853
0.0163916369313113
-0.00526608874896128
-0.00595567455510482
0.000665760590228492
0.00288274746905981
-0.0441127488373493
0.000231367108852298
0
0.0117945994983373
-0.00559997714285709
-0.0063211468493013
-0.0153828593035259
0.0103371905440099
0.00151141724191572
0.0200836315310382
-0.00455220196134509
0.0146335770591794
0.0169014084507042
0.00742380055401659
0.0142983175164608
0.00715675550686679
0.00452202856983308
0.0061093245624011
-0.0156599654098232
-0.0164502702067041
0.00616202705200353
-0.00688980737336398
0.00495544554466365
-0.0168748736165928
0.00245208423481857
-0.0216811647391336
0.00534152756771289
0.0143568168025867
0.0124818339747521
-0.00396257576142156
-0.017128920701269
-0.0109062399166576
0.0218255993881369
0.0104572589882885
0.00352306498903321
0.0038398024390609
0.00677598907103816
-0.00564486520913376
-0.0098253386424747
-0.0283351718302702
0.0103257010209588
-0.00707543792592724
-0.0244316695201144
-0.00626088115942036
0.000116695836153369
0.0108492882542082
-0.0296595492288622
0.0158182917264917
0.00737614998823788
-0.0152254531005875
-0.0199457328002218
-0.00553948692751116
0.0186485948498767
-0.00998578185975563
0.0202930117710496
-0.0162410848977158
0.0198588835917637
0.0309677302052787
0.0059165434738484
-0.0243185375265903
0.000927359125264093
-0.0272179535426432
-0.0139302063086132
-0.0333253078966433
0.0109918064199803
0.00234735600821945
-0.0156538400956677
0.00175305532490544
0.01875
0.0157055092024541
-0.011838560181669
0.0119803907586653
0.00048322059051964
-0.005554201883603
-0.0132346282997252
0.0199335801624307
-0.00229221863062157
-0.00362750920051413
0.0195388344772127
-0.000238114504508613
0.00261937141610602
0.0161501130049888
-0.00303847142690195
-0.0135974214886277
-0.00510993451907471
-0.0121835163379895
0.0118500971650581
0.00358512189292526
-0.00309599893679446
0.00848063773912289
0.008646263176596
0.00692808797895306
0.00944604081632638
0.00323472743148634
-0.006448606929922
-0.00127493047374738
0.00905186280728465
0.0109258773177416
0.00455063698405844
0.0118912226990524
0.013766133492247
-0.00187677187289081
-0.0128304827859537
-0.00358543417366941
-0.00877092094906118
-0.00283607480803005
-0.00819114884661776
0.00309700619408115
0.00811900542432276
-0.010662465487184
0.0145608459692634
0.00452029618081817
0.00157498033046433
0.00348193871146729
-0.0127602311511185
-0.000566836753973954
-0.00351680082775274
0.00352921236471815
-0.00113441857891272
-0.0089721859521118
-0.00103144622893769
0.0131926353835639
-0.0137001698369564
0.00551021690379727
0.08642548630782
0.0236443874046075
-0.0153988290566132
0.0214784372232952
-0.00734919865929162
0.0085347249357326
-0.00489400479416791
0.00512295092465065
-0.00937816532881064
0.00617409960897297
0.00357944368561514
0.0104963520991446
-0.00322718825223123
0.0242816885585466
0.0027656954319577
0.00492513804940331
0.0032346697677319
-0.00713234014914199
-0.00118089939438393
0.0101477733990147
-0.00282845023728129
-9.77601740563827e-05
-0.00146728940230989
-0.00372261944117125
-0.0053096658400098
-0.00632668025596361
0
0.00288500804471759
-0.00218234306482179
-0.0044735760800706
-0.0148791393536962
0.00831220459579907
-0.00874638575704845
-0.0019269168747853
0.0143277709855594
-0.0373673011420557
-0.0387136346639041
0.0152646525301077
0.0138622628904057
0.0245056999472928
-0.000102679392149474
-0.00266943526346131
0.0046324583552857
-0.00276663603921046
0.0103781545417181
0.00193221800198895
0.00548113090178015
-0.00323036550031019
0.00293701646621458
-0.00514997480712887
-0.0076126677104954
0.00122739085283996
0.011747900824884
-0.00535136303158967
0.0100497206364893
-0.00462310552763812
0.0110056137822534
-0.00749026288296006
-0.0048298954969781
0.0136501311698658
-0.00209475311720697
-0.00999600149944024
0.00353390545704868
-0.0407485968482604
-0.00409061271619948
-0.0074776095042951
0.000106133278992671
0.002440350132626
-0.000105863671490347
-0.0121731871263556
0
-0.0171452957565366
-0.00839515908858313
0.000439813098619402
0.00252778332844894
-0.0025214097509163
-0.000879151574440074
-0.00879994461335631
0.00787924749884317
0.00176175952433377
0.00846336529577818
0.00228881743869214
-0.010439310683333
-0.00230768131868131
0.00704922340511938
-0.000984403368697429
-0.000109415375932453
-0.0124822071064883
-0.0167424544463365
0.0126297135769058
-0.00679288396014865
-0.00583029474536845
0.018721146243851
-0.00708513213583217
-0.0028988961333728
-0.00603825338253383
0.00787486790274339
0.0102690706672204
-0.00508230018600597
-0.0045530703646951
-0.00323517406554197
0.00100731955248623
-0.0149821553000413
0.00397274696873429
0.00237430194599098
-0.00631633177007307
0.00204314420075247
-0.000792931590314239
-0.00691532713882015
0.00776256867037839
-0.00940192579748456
0.0154374619361051
-0.00563063044040668
-0.00441674956681493
-0.00511892821663396
0.00766062208621809
-0.00192894594107396
-0.00795812878533564
0.00573000216066921
0.00683681616142162
-0.0242191033927218
-0.0078868011147436
-0.00432549679301497
0.000117435719559467
0.0100962784691241
0.000697315194126968
0.0012775958484923
0.090824754562403
-0.00691197355474293
0.0184174110549031
0.0284933127064102
0.0261704866080557
0.000298934059541844
0.00667262198296492
0.00474867422341374
0.000886215062745555
0.00934575485792899
0.0189084116746279
-0.0122441074015295
0.00687583755808951
0.000865605454788865
-0.00432439946808372
0.000579065721657557
-0.00279734740614157
0.00677118417792166
-0.0121060912354709
-0.0179925987162031
-0.0088144893650145
0.00609512377907451
0.00864034147104276
0.0199881650253677
0.0129356506587761
-0.00600397407795672
-0.0136146304808831
0.0102060947766163
-0.00779367843740986
0.00397591144367992
-0.000289761424608903
0.00859902415458946
-0.00689722202219767
0.00501595456768511
-0.00863807450545973
-0.005228008469087
-0.00369826763990266
-0.00879165745457677
-0.000887001075322691
-0.00305777282672448
-0.011971890768774
0.019327057687492
-0.110325207679289
0.0565371258069154
0.0014632107023409
0.0187852536005009
0.0137266539522642
0.00889245158541274
0.0210337147850046
-0.0248185005921425
0.00271598419812968
-0.00672148876404499
0.00434299556927598
0.00935238315864062
0.00577855915775949
0.00227838540698522
0.00336031824471239
-0.00945625520457816
-0.00735877102941074
-0.00460828491284304
-0.00553545686860457
0.00344098782392455
0.00453853747779043
-0.00532126516709375
-0.00393661047744009
0.00172271990271566
0.0143651899719817
0.00747980475156496
0.00395962197464739
-0.00167617830164035
0.0157036641975308
0.00573710640751113
-0.00290054142898577
0.00242412496143096
-0.00889918772197296
0.00078081203182534
0.0114101617767683
0.00809954689132719
-0.0128168719421271
0.00959207450433164
-0.00153547029372747
-0.0060553344285339
-0.00290110229567353
0.00339441369998639
0.00811911857837933
0.00268455409344504
0.0130999710633013
0.0304861075173037
-0.0010075105330648
0.026221692491061
-0.00393104618958284
-0.000179361380919563
-0.00125593432084026
-0.0199407254120053
0.0121895425516494
-0.0134009686091822
0.000917758818995473
0.00293415556453613
0.00210279764407018
-0.00921451501492088
0.00138123391125666
-0.00698852413793105
0.00888970291489399
-0.00229463062766311
0.00487586030016174
0.0113521739992994
-0.00353036115207428
-0.00263445671085638
-0.000819783215048941
-0.00428435745536071
-0.00274652560432498
0.0175341595520058
-0.00324786189995896
0.0143917175672053
0.00794145623271181
-0.00336399613459626
0.00746132514724973
-0.0018515165200409
0.00582990907013436
0.00105378938121214
0.000877252405952378
0.00184071353635606
0.000262458435805968
-0.00778448337646309
-0.00458395619562846
0.00265677475481341
0.000883227337191039
0.00326510765972476
-0.00518958562424876
-0.00389030952944847
0.00523696058097078
0.00671083443708609
-0.00157880884871842
-0.0221383111282033
0.00988236474498905
0.00889600537688806
0.00379148209888069
-0.0018446855883586
0.0218252579906342
0.0152441304345523
-0.00135727862293722
0.0064560142163097
0.00945302980790785
0.00811038475100978
0.00248820602139843
-0.00239928015886626
-0.00248799962700275
-0.00473894250697493
0.00534624513696635
-0.0136269133963758
0.00614946513477777
0.0111352560091216
0.0078662252512931
0.00764049451494841
-0.00277214834452266
0.0112828388730741
-0.00565934181163652
0.00187009516009584
-0.00178543254515962
0.00796750406504065
-0.00314572504083577
-0.00574479345399437
0.0140788089374708
-0.00842631403237049
-0.000404629336429707
0.00477690867497516
0.00886381158523464
-0.00670923338760143
0.00812159851944672
0.00677991528802946
-0.00110916652583459
0.00729693833602574
-0.00661414173228347
0.00531070052914706
0.000157659857168646
0.00236502959976392
0.0133700666398733
-0.0109429874609397
0.00643434547340949
0.00155942622639271
7.77985322701902e-05
0.00825093789794562
-0.0100363082686351
-0.00155967407189184
0.00226515662161342
-0.000779348461226403
-0.0109967476914932
0.00591436015951996
-0.00486042654218277
-0.00543565455434614
-0.031287104950495
-0.017988593180983
-0.0248958955020133
-0.001622431887777
0.00769758822609612
-0.00543201493804102
0.0162143881208396
0.0104131506480827
-0.00673203124999999
-0.00635931710552562
0.00437892210526325
-0.004611352509718
0.000168438340899302
8.4234463268329e-05
0.000757861052631537
-0.00639510287428824
0.0187161158754046
0.00249393131188014
0.00165855383227642
-0.00471893364749632
0.00931621186727494
0.0103016321180693
0.014520002105229
0.00828173172915347
0.00486443373421963
-0.00174590109124828
-0.0282216628649204
-0.00801698311546106
0.0112979958552202
0.00660527619518736
0.00793904718180416
-0.00835879293294961
0.00648405754135339
-0.00386538089869548
0.00323363791189091
-0.00588231274588746
0
0.00842993413885229
0.00128603805848271
-8.02922051857946e-05
-0.0131663457476933
-0.00138299709376832
-0.00293279837067206
0.00898765429355053
0.00210544986809369
0.00193937777777786
-0.00330668607640439
0.0053406375571996
