0.0025428666683236
-0.000667507640234599
0.0277852120253113
-0.00207958143801457
0.00989843722191242
-0.00257937835208444
0.0121541640627962
0.00740932559286311
0.00393097890019067
-0.0087153595734587
0.0164372317875676
0.00351016686135774
0.0244846836545403
-0.0142666256732928
0.00333999274319607
-0.014178300897814
0.0145073038332579
-0.0107248886566239
0.0130841495327103
-0.00947114356195045
-0.00211098971949575
-0.00746638865771043
0.00213136905387756
0.0023771174777929
0.0111083245965431
0.00580176507093522
0.00441817607689576
-0.00464316982615687
0.00441935924894854
0.00867757272060632
-0.0221737795004699
0.00718713781364833
-0.00159937255904741
0.00147868141765417
0.00172273908168097
-0.00982683897178049
-0.00223298595418686
-0.00596795971652386
0.00712945617746552
0.020367698225324
0.010345642144808
-0.00843276693331496
0.00959786197540669
0.0154031170975479
-0.00651807323482134
0.00775379917085051
0.00532666884493382
-0.000235440951371735
0.000117701089732636
0.00094208669199447
-0.00376470588235289
-0.00507794048181398
-0.0122255074183977
-0.0164624247000429
-0.0172265856377907
-0.00161616107369089
0.0118292120988475
-0.00553782905395461
-0.0116321621490449
0.00262925994881957
-0.0208541203582886
-0.00165801547465805
0.0196729818558121
0.0207968303683288
0.00687282743472672
0.0266943195185967
-0.0143654987166508
-0.00337266935820302
-0.0129320766964485
-0.0143259217417883
-0.00434780124223599
-0.00673737974454458
0.0202235897472229
0.00960353349416976
0
0.014390243902439
-0.0138254508295264
-0.0104839815980005
-0.000739152414418021
-0.00135619527362596
0.00975309876543218
0.0133267635001006
0.00434364156649281
-0.00120133352237706
-0.00288666108836499
0.0271411332414684
0.00775098044037614
0.00571034857733022
-0.00312866733040551
-0.000116261770501724
-0.00604507112456654
0.000818713450292385
-0.00899844571695674
-0.0108491269746771
0.00631863398850618
0.00189546253309025
-0.000472992787040161
-0.00899091457459977
0.0361705396742464
-0.00449307588157577
0.00405043379005043
0.0292761749821076
-0.00627105242090531
0.00585986039801356
-0.00795427945430693
0.0164878481144715
-0.0127763690084132
-0.0123790117895677
-0.0239288736570448
-0.00315205448741274
-0.00702656056946438
0.00636868727009432
0.000820344525481298
-0.00187358309429553
-0.0125527924109055
0.00712841884586957
-0.000943671143458835
0.0173574443887721
0.00336574961161795
0.014112215642992
0.000684441671824798
0.0466202765318495
-0.00130693748638633
-0.00414391507559153
-0.012483574244415
0.0146373918829008
0.00546448087431695
-0.00239131521739122
-0.00337762043340195
-0.00590358581060901
-0.0183657538766084
-0.00145647543229943
-0.0149219571947253
-0.00683378108768407
0.010665137981599
0.00181554527909489
-0.0133650468528141
0.00114795085354213
0.00114664603997983
0.00137443594947761
-0.000343108772732581
-0.0120137754687923
-0.0061377882139616
0.022488930319273
0.010028455840456
0.00383621811473134
-0.00472066983566732
-0.0201017045702415
-0.00334209991963008
-0.0143386327125821
-0.00598304800523342
0.00696325951977128
-0.00855607126113445
-0.00673837364881769
-0.00440365404916643
0.0120741419707318
0.0101581970159133
-0.000818522011875267
0.00725574045368305
-0.0147553967700708
0.000589563658387915
0.0156747440347613
0.00870271524715704
-0.00770732773495919
-0.00950614399475658
-0.00140451775738504
-0.00128927566807313
0.0130266519543087
0.00857272937905473
0.00643240308827031
-0.000342467461453944
-0.0299120347031413
-0.0123573377385271
-0.00119158725432778
-0.00918631591505592
-0.0115593854945436
0.00950185208926069
-0.00917101451052194
-0.00109613931194563
0.0175567185158516
-0.0144979512880176
0.0215197203647417
0.00714122853396426
0.0133537811384856
-0.00688041982507293
-0.00657592735669676
0.00224589839824829
-0.00117937255361034
-0.012752402579941
0.00837216830077536
-0.0110307320847047
-0.0202685903190906
0.00648792982034685
-0.0027974093554195
0.0126844862223316
0.0134891366191634
0.00356500288615558
-0.00390756674627235
0.00344746778004756
0.00142157320594372
-0.00343074652112563
-0.0248100195823842
-0.0217894212589308
0.00223992033051368
-0.000993320077063431
-0.000497153871453437
-0.00422775439511969
0.00337157833737334
-0.00248906042287644
-0.00249538359337786
-0.00600370253922589
-0.0176167230701306
-0.0242090431663889
-0.0190338277763193
-0.0319818935374591
0.00732661085577058
0.00878274974134419
0
-0.00993066222471328
-0.0173124761928067
0.0353748057344019
0.0175556373711423
-0.00902455232978228
0.0263827648689638
-0.0138308587399644
0.00158765542239614
0.0113606477421657
-0.00914311674877522
0.0286052988583536
0.0058951557848923
-0.00624280816009193
-0.00871794871794884
0.00439736161407156
-0.0257532822171886
-0.00383294983701032
-0.0242802431625218
0.00312749519815747
-0.026433469964761
-0.000696226677805445
-0.00515528794016817
0.00532208668565581
0.0114237811566422
0.00881542724009443
0.00559808862911226
0.0103191035894337
0.012632629343764
0.00995355036373069
-0.00499339040718505
-0.0396196508238292
0.0325906898708652
-0.00226392341264725
0.00560595316620249
0.0100876299489052
0.0107752959467884
0.00312020288924075
-0.00233282776916399
0.0194855799109284
-0.00739043040046772
-0.0282413985047139
0.00264207408092765
0.0140974831594864
-0.00779521881518486
0.00301158820171854
-0.00900775480437999
-0.00632332992631635
-0.00689375580007967
0.0222933908800751
-0.0218072336952928
0.00907745245881975
-0.0113770742890369
-0.00856425765164226
0.000809906913748604
0.0126769248097929
0.0106539225278426
0.0217420216331798
0.000773755471063176
-0.00167521911534074
-0.00271071378971577
0.00116484594447708
0.00930836481728159
0.0119123863199693
-0.00962027848101266
0.0126534384625112
-0.0153982197880265
-0.0128188690470743
0.00805083734447898
-0.0248615235680095
-0.0264200803072687
0.00691997314463944
-0.00565958773291442
-0.00840226306542535
0.00533005344622239
-0.00815659347897202
0.0141173110487571
-0.0190565757279789
-0.0270046699640487
0.00637208978878112
0.0154776699029129
0.0069280866545125
0.00412829239378798
-0.00123343838243872
0.00864441583333209
-0.00652976448021314
0.00451871839680562
-0.0278080830451461
0.010375743129557
-0.0158201503141866
-0.028200790417394
-0.0105919329829348
-0.0123185800757126
0.00534522658783154
-0.0292422984676163
-0.0025864140003159
-0.00564362433324028
0.00122710534661419
0.00689450008707659
0.0193243606310962
0.0183609947264067
0.00894167386482447
0.0371930397444999
-0.0198907132636325
0.00400170067169214
0.0348754021352313
0.00825317778211199
-0.0223737917173074
0.00893104890142071
0.037620938964553
-0.00346567595837155
0.00588543322938917
-0.00106375004243686
-0.0243610480154001
-0.00436621634102596
0.0200082085787556
0.0150477361279053
0.0203837582905191
0.00350246483343963
-0.00775593319860479
0.00742574238077776
-0.0153886327327393
-0.00446540589001054
0.0178100124877303
0.0116655991791161
-0.0225496724196154
0.0183510418357447
-0.00476254331928083
0.0155198784273152
0.0110800055175753
0.00705376000823477
-0.020762927608365
0.0187763568939026
0.0151704986165873
0.0171668517084493
-0.00279266630897679
-0.00487025465251156
0.00844237091242994
0.0247512866962214
0.0266398298205048
-0.00392107027933419
-0.00752578415448246
0.00361640219766213
-0.000232442174037506
-0.0216253918933754
0.00356500288615558
-0.00367078757859507
0.00118848349403944
0.0029677113715032
-0.00224872771330864
-0.0161328701257578
0.00301422707947374
-0.00576996019305309
0.00314353769971643
0.00265157282570128
0.0126216609539207
0.0254035974692213
-0.00879826379248438
-0.00221914264590706
0.0213039915720472
0.0138681833810888
0.0055392042226905
-0.0340640708509522
0.0010475326128383
-0.0122079174001183
0.00682676561707596
0.00853397231080222
-0.0183145363967034
-0.0213721213514673
0.0062741918294229
0.00275773374681698
-0.0159033127790259
-0.00145811659326422
0.0116816622049161
0.00938175378135386
0.0166825790439127
-0.0230895686826066
-0.0068386204400388
-0.0224692078094855
0.00197731097324039
0.00332999498446007
-0.0189305474844634
0.00338308491124129
0.0149849771482276
-0.00319884354329281
-0.00345592459106114
0.00681202642586154
0.000738061253068523
0.00971113730082696
0.0070611396038609
-0.00640714450668334
-0.00352840969635215
0.00134310131030269
0.00682841100284315
0.00484438658108277
0.00277203805264503
-0.0176681977524591
-0.00942131373713517
-0.00679341658588706
-0.0146748033988409
0.0111068782870045
-0.00973659955390593
0.0061767047478456
0.0136557754948636
-0.00964042715904445
-0.00648940496029227
0.0143197963281021
-0.0309597523219814
-0.0169968306709264
0.0174207492829108
0.0196780086972141
0.0141603628761768
0.00605459038675393
-0.00921149617321293
0.0126441555136769
0.00918105008737791
0.0310528619346708
-0.000117670588235308
0.00388283336587425
0.00257853961556509
-0.00268883560101907
-0.000468889941832917
-0.0469098175293708
-0.00578311821520061
0.00928217787318641
-0.00122631509897075
0.023327207734581
-0.00647870441460607
0.0173892287740425
-0.0124629436201781
-0.000360564916847217
-0.000480954682721135
-0.00745813812551932
-0.0124833229309581
0.00319090562625535
-0.00538286042042713
0.00897904025907592
-0.00195045717360065
0.00317569305573384
-0.0013393401195424
0.001950780368841
0.00389389145777552
-0.00230305454545465
0.00097194753910701
0.000242808596222943
-0.000364118414555525
0.0139597237421605
-0.0138871784255619
-0.00267088736174981
-0.00182595248141326
-0.00756101219512195
-0.0146226965331542
0.00486344918659554
0.000496413489788683
-0.0152568091569035
0.0156190706086292
-0.00496085842592808
0.00174498310812732
-0.00261290272690418
0.00249497243039065
-0.0312344819408352
0.0303147213953685
-0.0102231643214457
0.0128480288808166
0.0140529404774064
-0.00245284519925382
-0.00147522751291995
-0.00787982014430166
-0.00136511537937167
-0.0113085993375346
-0.0094268478991163
-0.00164951152517456
-0.000762544483985939
0.00750440062944291
0.0150233937005857
0.00920394255711598
0.00345081345145193
-0.0022107590815712
0.00406206312314272
-0.00220670589677563
-0.00786336168894664
0.00643959133126937
0.00652154570646779
-0.0066014789754959
-0.016367240552123
0.00112594770424113
-0.0196200957118258
0.00688337821096408
-0.0155715410956208
-0.00205766455612999
0.00914948477189381
0.00561872061342683
0.00114280634920627
0.01851860824549
0.00909085893807493
-0.00111066273121885
0.00827772403563798
0.00502384505546094
-0.00524263613421005
-0.0148302372756581
-0.00124406573441405
0.0291480322514701
0.0254175493070365
0.0165250470192984
0.0226427883426803
0.0183944816623143
0.0152747906059807
0.00307487377717708
-0.000328421297500436
0.00153322750045404
0.000218742489406454
0.00218647641645942
-0.00490887978420174
0.0186362308853736
0.010977227959045
-0.00872896511115695
0.00429546807467363
0.0197819296337232
0.017615601836565
-0.00741886633429589
0.0139104741220706
0.00440258020687168
0.0189602552285475
0.00720289122852047
-0.0138061084624553
-0.00151074628350545
-0.0013112467350338
-0.00404000597838594
-0.00608456539818913
-0.010305091106926
0.00886598969072172
0.00143060493122205
-0.0101020204081632
0.00154625293173383
0.00319058241290304
0.00554017640771343
-0.00948882747701618
0.00267814168359837
-0.00277374163853472
-0.00309058411455643
0.0108505015247649
-0.00644038029032901
0.00514456209189085
-0.00839388866017232
0.0087746255153931
0.0102333195841862
0.00334280790779173
0.00232201911190244
-0.0130942386492168
0.000510267385886998
-0.0374374991067786
0.00169559133429864
-0.000211563696939199
0.0209524126984126
0.0213515540624518
0.00223260602564834
0.00111382136262006
0.000606827128345699
0.00151624380875348
-0.00767058926785247
-0.0109845606183888
0.0248869400429235
-0.00140484642163974
-0.0101486638911374
-0.00324840111159463
0.00641611148964016
0.015685114349322
-9.96512872476485e-05
-0.00856916093494253
0.0117587738693468
0.0003973477778354
0.00327675507175806
-0.00217736537829216
-0.0245983336639555
-0.0104738462669859
0.0257938757742036
0.00300543979162504
-0.0194766774028162
0.0200672409099978
-0.0228679950356301
0
0.00715385809205649
-0.0197869603311935
0.00175982405299857
-0.00609690005467289
0.00488669161987931
-0.0144852764721102
-0.0085039160104986
0.00688261315369298
-0.00662527107478272
-0.00539913196484365
-0.0110696437808294
-0.0139920669899014
0.000982381825320511
-0.00970555102635395
-0.00594649280798343
0.0031018722643803
0.0197680059712422
-0.0127787746492863
0.00811757314095773
-0.00174106633860571
-0.0148245152566931
0.0174817664576818
0.00434973906426417
-0.00119100258563221
-0.0126829051490516
0.0234958163483572
-0.0172709717091721
-0.0158279334589244
-0.0113132758955955
-0.00033652681553209
-0.00190774321728482
-0.000224915668430081
0.00955914326493801
0.0131447035695009
0.0155030681309423
-0.00249029880369955
-0.014870238191802
0.0031952511415767
-0.0152663256913896
-0.0117109408114682
0.0117368354391509
-0.00423876175708282
-0.00806535257304875
0.00203274978996881
-0.0095796908741228
-0.00307232600383456
-0.0105010728170176
-0.00715194354246307
-0.00232365516440103
0.000349353661953433
0.000931327102879465
-0.0286113737400078
0.00610634600477766
0.00130905630499889
0.00130735680184646
0.0097329376854598
-0.00611257787704234
0.00520396196792561
-0.0052947053840382
0.0165602198183084
-0.00651623210341568
0.00749590094269981
-0.000464938402636839
0.00604788301763604
-0.00300580346820811
0.019480519932294
0.00318470207426524
0.00294786858099316
0.0149219988121412
0.00879929838270543
-0.00772879540686755
0.00467339474774486
-0.00786353961830177
0.00122795264059072
-0.0234140478667846
-0.011416828926445
-0.00150129352125161
0.00370113351493329
0.00806642092724608
0.00251479186620518
0.0419612329063137
-0.00536220197074422
0.00539111019244265
0.0201357415233883
0.000321808621306596
-0.0107238605898123
0.0151761734417344
-0.00982380117834925
-0.0135878567802915
0.00524757838364942
-0.00750402417087626
0.0064650009540872
0.0182907026301733
-0.0162514382150266
-0.00336925326879145
-0.00185384956991863
0.000327750467909338
-0.000218403237623344
0.0198820185724051
0.00257066192619249
-0.0293803425081269
-0.00528337931278766
0.00376226611390074
-0.013228938520879
0.00145231814428959
-0.00390448464864435
0.0138873108535411
0.00143604331642599
0.00275755558095936
0.0138597947922212
-0.000759466220233707
0.028230174337246
0.0170010670644478
0.0111099472767096
-0.000821462337896706
-0.004213812819718
-0.0026834761346215
0.00745111272227406
0.00564975871905005
-0.00827380984118875
-0.00545883223643362
0.0113919430694271
0.0149498150747567
0.00948340366777423
-0.00279831106932449
-0.0089196232603691
0.00465162306250999
-0.0074483846491874
0.00486760972652256
0.0166515497689594
0.0109191782989713
-0.00333853116019367
0.000886660098522229
-0.00984348891991293
-0.00755536365664045
0.0174296099883882
0.0117160775819631
-0.000875866078710263
0.0154865494396912
0.00393243805999544
0.0103181620391355
-0.00775413711583917
0.0204898694367672
0.0168098147775531
0.000183734391542956
0.0200183651052641
-0.0188153039464295
0.000734030658482876
-0.00375901714495275
-0.0164734118728728
-0.00131000277037518
-0.00768292867001974
0.00245485780550059
-0.00461522095912636
0.0252649318697955
-0.0400553399179574
