0.0323658412020664
-0.000746463523908059
0.0184262679972969
-0.0200489058069954
0.0237026332028436
0.0136485626168088
-0.00456847733189691
0.0164251700730489
0.00261401742076117
0.00118513715726731
0.0163352706599806
-0.00419292369714852
0.00491234138594554
0.00395713659622765
0.00718758724089885
-0.00299268501673622
0.00808131563943859
-0.00618416083302242
-0.000691412076117115
-0.0212177390987113
-0.000942443718623398
0.00471695658986815
-0.0152582322232691
-0.00786653657418979
-0.00744826605080406
0.0382473672308463
-0.00862672937885245
0.020225786078202
-0.0122176156595695
0.00116688296246581
-0.000699309307952922
0.00676463892791568
0.00671918606032818
-0.00460305596038346
0.00254339144826932
0.000230622810875714
-0.000230569636258005
-0.0221401862923978
-0.00518873558611666
-0.0149359468485656
0.00120339192091623
0
0.00600961276335399
0.027717978400388
0.003487604139633
0.0127432755145307
0.0150994871403165
0.00743746353372132
-0.00693513746723151
0.0040550174677445
-0.0078528339244105
-0.00814112662572175
-0.00569995219121011
-0.0151340894688069
-0.010943032106854
0.0160075810096536
0.0192307700818066
-0.00613774733935135
-0.0102928333106089
0.00207998874569881
-0.0115313607928579
-0.00489964467359894
-0.00351704211451365
-0.00870582509788143
0
0.0106811974153571
-0.00446216903688179
-0.00448225934924473
-0.0142179364395425
-0.00889426362053203
0.011641989656676
-0.0215775739345397
0.0154374198496745
0.00989385995376635
-0.0105137851906364
0.0152137428860457
-0.0111798150257709
0.00457058346914585
0.00478924721233631
-0.000476657896871346
0.0233667831543551
0.00629076188838118
-0.0016207581218336
-0.00811692406817688
-0.000701434904846865
-0.000935806189066191
-0.00491809320996373
0.00282422879759503
0.00680591571946998
-0.00489509837245528
-0.0110096575574568
0.0246328706891288
-0.00323620501797539
-0.00742118265719149
-0.00303732401140255
-0.0133583389491151
0.00997621097342161
-0.0206961662544505
-0.0019211692429536
0.019730515369548
-0.00707883019940625
0.00570342421053871
-0.00094520626679484
0.0151372244433654
-0.00605779707852783
0.0112517399199707
0.00741772007586428
-0.00322137800653055
-0.00438594557434646
-0.010201693872837
0.00234242321500466
0.0156578936855327
-0.00920388379553128
0.000464459129226658
0.00580315467894477
-0.00323097685922336
-0.00902991283695986
0.00490653573229638
0.0104627236023427
-0.000230092150686811
-0.00690448503378749
0.00162226056927683
0.00347056976022864
-0.00138346185720706
-0.0203186564536569
0.00730616678172225
-0.00397750588356227
0.00070473033016305
-0.000234737205746183
-0.0598732300855538
-0.000749260000208363
-0.000999682852154682
0.00100068321800828
-0.0157460193553515
0.00634839752434324
0.00605602044832554
-0.00928019493401133
0.00227850914391969
-0.000252608230638107
0.0048003830423462
-0.00653758389748449
-0.0116425886693102
0.00588986764091493
0.00840122837118273
-0.00353448849515525
0.0070939782445818
0.0110692552813603
0.0159242858725754
0.00146952589732985
0.000978261943403336
-0.0124602883446672
0.00865909968971246
-0.000490570622669217
-0.00957057623269164
-0.00222995813238347
0.00223494195938123
0.00470761051711488
-0.0106041742285554
0.00249256905498618
-0.0034809059962575
0.0037425611622941
0.00596569938281788
0.00321219322808997
-0.00788178454597321
-0.0158887300725836
0.0070635788590756
0.00876748353294876
0.00446988391876246
-0.00766379807811046
-0.00348784363999732
-0.00424996505296737
-0.00326380783030944
-0.0123426646610546
0.0045907468022357
-0.0269103908674946
0.00391335716074437
0.00935552540213114
-0.011071115091316
-0.00520695057028231
0.0125621365467055
-0.0237786860384477
0.00529518019587494
-0.00658414262895834
0.0108695302673598
-0.000524536199472236
0.00157440938723696
0.00995549354685688
-0.00389109849101821
-0.00234367949025294
-0.00600373649030894
-0.0233717700785246
-0.00322673917715943
-0.0169949042363229
-0.00411630181419087
0.00413331578947362
0.00960487894955042
0.00380541154555813
0.0287029600447974
0.00500126872462325
0.00235728421508297
0.000261321135552217
0.00130616453227428
-0.00913124975910107
0.0144813251235854
-0.0179081951316019
0.0015856433006709
-0.011345601833076
0.00373627493376372
0.00957196446983488
0.00263360674871338
-0.0173364489697224
-0.0176423804542825
-0.0223129326442503
-0.0367380781481346
0.00404513284282038
0.0221582526452262
0.0253378540967593
-0.00109830240496112
-0.00247391718674972
-0.0236979999999999
0.0160880708935078
0.0047221832042823
-0.0210118754796123
0.0273934516233423
-0.0142935512406311
-0.00362527143996205
0.00643714913171167
0.00222473046943272
0.0160932603604516
0.00737300658425788
-0.012469571186887
-0.024979346125126
-0.000281526036197688
-0.0168966685453801
-0.00830710480056696
-0.0115539555152052
0.00730566601870675
-0.0266899080468292
-0.00476896543184646
0.0020963665039897
0.0122534838378374
0.0153528020057763
0.0139575236325011
0.00860340818065009
0.0116577070360311
0.0182686285518792
0.0035882221268364
-0.00770075112219704
-0.00942353099803384
0.00895356583744311
0.0110925657965459
0.000274267838325404
-0.00877424291304596
0.0132779864849675
-0.0155610245504605
0.0302273914281415
-0.00538355215986275
-0.00974291220092194
-0.0163979681964389
0.00639067227941692
0.00717834646361659
-0.00109652222919621
0.0170143060789842
0.000809508110052759
-0.00242656001015096
-0.00216209427275127
0.00270850615008866
-0.0067531038855061
-0.0013598296448265
0.0168845672304947
-0.0224960048057935
-0.0326026545233222
0.0113281763877062
-0.00644075429756685
0.01014657877042
-0.000279012407458645
-0.0053029018405566
-0.0092591595195739
-0.00283211171232922
0.0011360458660381
-0.00283690537196291
0.00455199468395096
-0.00906262765788024
-0.0257216513753857
-0.0102669643816374
0.00652052165984784
-0.00382807064896218
-0.0177357585308345
0.000601854056512696
-0.00872180699906144
-0.0151698683119866
-0.0212568994410012
0.00220326337044274
0.0119347109908654
-0.0291744792700978
-0.0140664363125946
0.0110246759735195
0.0182809596408071
0.0182677203248807
-0.00711423267467493
0.00311532318688923
0.0139750901600064
-0.0137824787764766
-0.00962734892181982
-0.00313583789496319
-0.011953362351236
-0.0095511247731952
-0.0253937295270531
-0.00164910730810575
0.000330353651297521
0.00957728129411728
-0.0248609900179226
0.0137537622948243
0.00231639650362547
0.00759324302671871
-0.0229358020646712
0.00570088899549814
0.0200066929610638
0.116377909510957
-0.00497810868783477
-0.0105944018110713
-0.0041642487489203
0.0271804479429421
-0.00901426698917673
-0.00968310616447743
0.0157037092455861
0.012252082007312
0.00806917194262868
-0.00714693810434364
-0.00230352154110647
-0.0158730097482763
-0.0249267044495664
0.00812031495297694
0.0202864566981
0.0219297868395421
-0.0128755038786252
-0.026956548553748
0.0178731220076063
-0.0102429545625159
0.0171496485588649
0.0139534659045435
0.0151949317098332
-0.0064953217000252
0.0238772261978599
-0.00416432490170682
0.00696960940927616
0.00498334421368796
0.000826456478268733
-0.0148637482080608
0.00558812416547583
-0.0158377161218253
0.0242800797702714
0.00441008363120288
-0.00960474791222155
0.00720420331237603
0.00907843736676606
-0.00327160383415293
-0.00136761435093369
-0.0093125449021334
-0.0124412187838818
0.0081187031859169
0.00444317665092075
-0.000276466834646771
0.0127213082507434
0.00245759931836664
0.00272407842821409
-0.00814995612084979
-0.0298548279658112
-0.00508185646932302
-0.00539157655322176
0.0105563053266493
0.00621113993217115
0.00925929349825583
0.0205726702572933
0.00871698333203641
-0.00648120839508715
0.00434905289126974
-0.00595405646378488
-0.00190573595947152
0.059465341733165
0.0090112755401639
-0.00127576209440883
0.00766471644809297
0.00709937433938168
-0.00805631018805453
-0.022335049570073
-0.00519208106670621
-0.0138308766839849
-0.0121725975768475
-0.00241088254868604
0.0112781546118268
0.00053108244786837
0.0159235856052304
0.00522463318134414
0.00571724346300284
-0.00852716296396472
0.048475448347876
-0.00273431943706692
0.00199405048327117
0.00373129417557871
0.019330857165416
0.00145880722471348
0.0281622057880095
0.00802833637133071
-0.00140549867015849
0.00117290486488608
-0.00140582797456712
0.0145471907460994
0.00462532275144478
-0.00414369742223863
0.00138697969827994
0.00230842373500417
0.000460630235330495
0.00575506202751241
-0.00457770464781815
-0.00436886688648574
0
-0.00577366989063355
0.00441354202897415
-0.00578176939096608
0.00395446433639113
0.000463405113073412
0.00671607379739059
0.0115021584932626
-0.0539003561648268
-0.033173071636407
0.0179015003733214
0.0185637397184126
0.0215827483118542
0.00657277626793618
-0.0300839250784689
-0.00072133610901004
0.00409043766986805
0.0249220901478351
0.00444243594985405
0.00325880398925893
0.00487236125855262
0.000692689237743016
-0.00346096061720058
-0.000926144339390755
0.00139051538283641
0.000462846777317338
0.0316909550280284
0.0260089103638739
-0.0128933560276624
0.0090768555775258
0.00351028497069916
-0.00721463470925654
0.00352342620590562
0.0041693702645822
-0.0163898331815719
-0.00133305354513791
-0.0073415174816418
0.015688090907614
-0.00330983777685778
-0.00974095798701813
-0.0011178389304205
-0.00425242189652619
-0.0152843787760493
0.00776080852513106
-0.00430349177854228
0.00500453885687735
0.0165232725589028
0.00111335865369955
-0.0137900643590573
0.0175914282779563
-0.0210550188560636
-0.00113198960773186
-0.00951945836347101
0.0132723144433389
-0.00632340254847397
-0.00727273729628086
0.0304487144449435
0.0128860286746122
0.0243365169459608
-0.0343558472656095
0.0135535787049219
-0.0451316329893098
0.00875266939272046
-0.0271149686383935
-0.00713487211303787
-0.00561419280516939
0.0060975611133145
-0.00785629647264408
-0.00588239805695934
0.0138825674529488
0.00920314274305611
-0.0126779362250431
-0.00225271462610321
0.0155791145726099
0.0273454646509561
-0.00649207977693322
0.0135046612938359
-0.00408336565835721
-0.0187742555028053
0.0105564105881588
-0.0065288137860976
-0.00788611137410256
-0.0121439387912577
-0.0111756812170013
-0.00113026667584681
-0.0158406204082513
0.00896755534754878
-0.00319049673677085
0.00525832166171392
0.00932453924665588
-0.00428125272011592
-0.00294179685317486
0.00748974109192613
-0.0108132239426274
0.00409929401047604
-0.00181451576321157
-0.00568052741106695
-0.0786105611796418
0.0233134424603176
0.00218128949012542
-0.0130591783825479
0.0017152658241788
0.0168786444012072
0.0570122444070242
-0.00227580797168425
0.0321624087591239
-0.0240883977900553
-0.00203804347826075
0.00975720444746986
0.000224674157303539
0.00516746821691605
-0.00067060792710727
0.00313126824270338
0.00891866260506857
0.0079558232044199
0.00613896061962382
-0.0200478975822161
0.00911718903452985
-0.00881447754926235
0.016674077367719
-0.00896566805160715
-0.0152250441306266
-0.0118754870742664
0.00385492080974714
-0.0140049243279874
0.00183271469265911
-0.00777500571689904
0.00115233927523239
-0.010359047199794
-0.0132589898460577
-0.00801499330575162
0.00546575544364281
0.0132355941092981
-0.00139953350593736
-0.00467180554375601
-0.00258157703399253
-0.00305884705882353
-0.0120367715845356
-0.00430007156473788
-0.0117562619961612
0.0301044192790585
0.00141414093801551
-0.012944292165484
0.0202670963344562
-0.00444035979340118
0.0237089917234268
0.0107773673291134
-0.00657896975594519
-0.00296873708680667
-0.0125973202015575
-0.000463952668430578
-0.00510561615223959
0.000699860058312574
0.00792540755592497
0.016419957612398
0.00546070522273712
0.00248925101808672
-0.0128667948728397
0.000914703864624
0.0047978067169292
-0.0336516598453842
-0.00470590588235298
0.00851066213973195
-0.00843884200656342
-0.0252954852315718
-0.0053359689546445
0.00731536246356312
0.013071822486763
-0.00238943858491936
-0.00622749700598813
0.00313321267133237
0.00144163866990965
0.00551823416506703
0.0171796945836318
-0.0107905932256488
-0.0161251134040842
0.00795367520107626
0.0100430894308943
-0.00710234341371474
0.0176442779600448
-0.00960637300843481
-0.00496803879820207
-0.00713273877478027
-0.00694437293794892
-0.0079576077174438
-0.00777829382057116
0.010044096031357
0.000242590346834826
-0.00848697824990396
0.0254341165427761
-0.00381588361554963
0.00478814938951411
0.00714793883373988
-0.0210550981783771
0.0103914932239852
-0.00741451788054248
-0.00674696385542162
0.00339640942754937
0.00918764484555989
0.012218446946888
-0.00260357396449695
-0.000474608459293147
-0.0225546301651147
0.00315766350049373
-0.00774815999390221
0.00488042947779421
-0.00461384167071399
0.00317143190185742
0.00243195531206131
-0.0077631972886173
-0.00733506076601176
0.012069015372858
0.00632752494524214
-0.00169284167800932
0.010901187279583
0.00742873232686314
0.0206945523145921
0.00675835469587516
-0.00347226843814197
-0.0206736125592013
-0.0139943074003794
-0.00144339668029825
-0.00120450499660341
0.00361799333376722
-0.00336457574225946
0.0120569083178947
0.0011913032835047
-0.000238029509757265
0.00952159055089674
-0.0117896722471116
0.00310190885230255
0.00975261632367719
-0.00895173123788617
-0.017589683860233
0.0106459709341413
0.0198706727316256
0.00093899065441283
-0.0154784009258538
0.000952834683182635
0.00333174678724402
-0.00308351518026562
-0.00118960269306689
-0.00524063839923761
0.01005751963877
0.00165955429113329
-0.00497039053254444
-0.0185538292446756
-0.00242360651592877
0.00267249757045684
0.019384540828689
-0.0142619206085095
0.0108511451446551
-0.00143122621332192
0.0019110845219521
-0.00190743924433578
0.0162446245522068
-0.0124589324762826
-0.0133300887088831
0.00892639302952003
0
0.0117169057867048
-0.00378158818762497
0.0173190739113132
-0.0076959419847028
0.0190364751829959
-0.00253692337322586
0.00739884393063583
-0.0119348404865733
0.00255519169698459
0.00509733549582947
-0.00691560611075137
0.00742804050937607
0.00345615191446291
0.00734787617331523
0.00501483941223713
-0.00204127920163311
0.00340913636363638
-0.000906024874019362
0.00181360231662664
-0.00429959276532232
0.00409090909090915
-0.0194658216387505
-0.0734072253000922
-0.0124564029012557
-0.0174066099244857
-0.00513481373209723
0.0159999741935484
0.00228600463007389
-0.00734923992268732
0.0155731690361587
-0.0042734541044106
-0.0040393838919619
-0.0141952341141892
-0.00565700708812056
-0.00051709338076511
-0.0212160402992994
-0.00740161208556112
-0.0175765650486435
0.00433721887604266
0.0329285029130502
0.00914551868304136
-0.00155354742500124
0.000777982344969397
0.00621927960611557
0.000257481315607544
-0.0023171987641607
0.0100644903225808
0.0114972154189374
0.00757764587016929
0.00275760849229401
-0.00950002500000002
-0.0103483091960703
-0.00127515943063417
0.00612875383043932
0.0152283748615039
-0.00249995000000003
0.00501243082644454
-0.00723184574722424
-0.00602866098898114
-0.0133939600707608
0.0181864493292405
0.00578616352201244
-0.00225115057528746
0.00576585624883053
0.0204386844575943
-0.0119686861741252
-0.00964153251813271
0.00574138777480293
0.00397120863809364
0.000494437565032424
0.0118606372161938
0.00610500595592178
-0.0031553640010834
-0.0114439250060872
0.0219212818680434
-0.00337440330805472
0.000967376104830775
0.00724812774216299
