0.0198387892109815
0.00506585628366341
0.0116935890633143
0.00856915097081346
0.0139300136936376
0.00487186996604905
0.00911473894447989
0.00691842990295011
0.00734800069331043
0.0140204909818207
0.00691328468877717
-0.00296901097577484
0.0107947516359088
0.00184125386186929
0.00174602095203102
-0.00743055669332071
0.00573015727532789
0.000827090608344072
-0.00146913960263928
0.00294252873563217
-0.00834322911891439
0.00129436940479399
0.00489380411189821
-0.00064320498680126
-0.00533286124801646
-0.00295802366426334
-0.00908588903128227
-0.00168413178379867
0.00477977520467965
0.00970059704972104
-0.00203234180138567
0.004443238030577
-0.00728044406450201
-0.00148536017930412
0.00883231701064191
9.21113244474192e-05
-0.00433094372459297
-0.0167515497431314
0.00451810061216307
-0.0214580301587515
-0.00450063200229833
-0.0115428723695928
0.0127481313205891
0.0263284135677908
-0.0117966016627019
0.0112742299022008
-0.0230466464876643
0.00297273689080102
0.00449375674514796
0.00256999814525027
0.000284809640467065
-0.00749811116649479
-0.00047817729750399
-0.00698427115339473
-0.00491378740809534
0.0220759006785041
0.00786283645060326
-0.0136290724093342
-0.00343053166703788
0.00172117036295338
-0.00725469631052511
-0.01451925
0.0151234562420424
-0.0264321412299872
0.00602232198615527
0.018253189043117
-0.0150347433493689
0.000587133089641867
-0.00166248774374167
-0.00597505165932222
0.00886868322225021
-0.0218792544016191
0.00689038353195892
0.016165793589888
-0.010735877520358
0.0108523874225297
-0.0132734824641175
-0.0130563701890478
0.00571255768403045
0.000298943703018306
-0.0193265098423941
0.0119870070705606
0.00823126857364187
-0.00477900229432504
0.00740294125052965
-0.0043693645790277
-0.000797945326192928
0.00519062687163085
0.00506456817471412
0.0157099497649438
-0.00282102131845274
0.00692614365571864
-0.00852552791585415
-0.00674217341184968
0.00855873077110214
-0.0235075699426718
0.00549398655984423
-0.0112259582266656
-0.0121571286261142
0.0153580349877949
-0.00621058787517603
0.0186473038871817
-0.0115772711572781
0.0157172891752657
0.0022669328037348
0.00698200399288029
0.00566407215499853
-0.00990487444441035
-0.0158886133374717
-0.00199319322277025
0.00199717397640464
0.0120590696455678
-0.00935504649862007
-0.0144134794117988
0.00494197670313712
-0.00481729230045458
0.00947956799194971
0.000599460551437891
0.011681289469597
0.00720414473099495
-0.0147951697980632
-0.00029841868826197
0.000795871492117017
-0.00805166019983417
-0.00210440923835653
0.00632654134712718
0.000898153885821484
0.00129608171596973
0.000298705566065705
0.0061716405153458
-0.0049465768708632
0.00159073371265195
-0.00347428039456577
-0.0118537903362267
0.00937500028351823
0.00219715376601881
-0.00847033400040531
-0.0033166030150753
0.00494107098802199
0.0181617191185341
-0.00433627668930436
-0.00554288830587846
0.000796277487844499
0.0127299747569376
0.00461554542638631
0.0109481423964377
0.00522143696038357
-0.00346287998713812
-0.0113899616098447
-0.0104471784894978
-0.00522938342830559
0.00307475699266035
0.000197814699826271
-0.00998520000029257
-0.000998581995192538
-0.000599740097963486
0.00110014999699493
-0.00859219736605843
-0.00644973274867278
-0.00639007024607241
0.00255206209220149
0.00682209557908675
0.00364078692275838
-0.00896815818154284
-0.00874428080822132
0.00892402315979113
0.00376171203983611
0.0165096520862051
-0.00498206451791483
0.00230317442115791
-0.00309718265949377
-0.00450989180707462
-0.00211415479484234
0.00524612574920935
-0.0196708050950501
-0.00225226248976262
0.0103632465664196
-0.000304651159696689
-0.00243808406261525
0.00733198596737239
-0.0116255663490814
0.00644374572293382
0.0114837091161848
0.0074349242181746
-0.00488678582487645
0.00641410108653151
0.00687117121830649
-0.0101869151400761
0.00289769178861521
-0.000298963824879039
-0.0015945386324312
0.000199610700738484
-0.0104789923297103
-0.00877461404388069
0.00752948725609981
0.00717032944365759
0.00110290781802136
0.00370595968373233
-0.00189603833844953
-0.00219950016595183
0.00721436852061008
-0.0144249606374343
-0.002220672251943
0.0095093881539583
-0.00781640437101516
-0.00303002720876633
-0.00233001724577064
0.00335088332602917
0.0107277099631153
-0.00500650831060856
-0.000603854263745984
-0.00523609918912682
-0.032695647001765
-0.0286730646436388
-0.0225166666666666
0.0482750783111954
0.0116706969648754
-0.0109125232704995
-0.0125038880425322
-0.0201107356849094
0.0136822896593458
-0.0076057741318859
-0.0143566603449554
0.0288030233009096
-0.0183095695484444
0.00542181733439806
0.00226487271068954
0.00419670719896681
0.0115731033004716
0.00222456563083551
0.00243097978616458
-0.0152888766465152
-0.00278404543081745
0.00118115541225672
-0.00268125273876563
-0.00548440704343278
-0.0160034921279144
0.00406596703296702
0.0182773114279093
0.00333186797794638
-0.00192822714361485
0.00815715376531401
0.00883638880017035
-0.0141410296719917
0.0166988335837899
0.00105284267047234
0.00305007355805476
0.00650094348848884
-0.00562559653350558
-0.00963853356642841
0.0277161010019686
0.0112197218482817
-0.00305370527389459
-0.00357367768891825
0.000409888325028751
0.0194612522624578
0.00783682314715972
-0.00368852564427313
0.00250150085048029
0.00289451037240207
0.00885748381197793
-0.00335408888169797
0.0112837673095494
-0.00205538811892714
-0.000196125933661362
0.0038257797954524
-0.00400668417850691
-0.0105965661420049
0.00604919698727469
0.004041439252088
-0.0156096994344227
-0.00388949847081377
0.0134161397702084
0.00276624182210794
0.0115270738916258
-0.00175318986565098
-9.75217113381444e-05
0.00282976182192352
-0.00710320153069577
-0.00078402586452353
0.00402122404885463
-0.011038438672313
0.0110628508704633
-0.00302850719979963
-0.0123469080152795
0.0214306575907266
0.0035940069041478
-0.00871082075106455
-0.00263616486303786
0.0047968378894403
-0.00935306907008049
0.00462236428009444
0.0193832105847633
0.0107558151567027
-0.0152969216152019
-0.0163064648427873
-0.00362918107785726
0.011124207302142
0.00759418759219344
0.00222246598168829
-0.00482067099093064
0.00784729695943343
-0.00240315295975346
-0.0102138948758326
-0.0218068338998556
0.00417992622870456
-0.00505453904748188
-0.0116545274594535
-0.0106832996302831
-0.0060106354518894
0.00686684431690066
-0.0124185772072185
0.0192743976275325
-0.0191121348883824
0.00515463917525771
-0.017948717948718
0.00198435509138384
0.00844275571309661
-0.00361755038759692
0.0495850404650406
0.0096857481715753
0.00107667380279275
0.0212183931128893
-0.000670231699153034
-0.00919803556966459
0.00705922997546748
-0.00230456118978839
-0.0323387962976169
0.0145215733586475
-0.000294107843137326
-0.00235361378490129
-0.000294957231054105
0.00117997053628227
0.00491062659595354
0.00175918686473819
0.0169755902439024
-0.000767402163610931
0.00566432389921956
-0.00639616229116946
0.00845500560232515
0.0135289444886524
-0.00564013928295182
-0.00538854230845665
0.0191046670383488
-0.00167879125462789
-0.00364348838150708
-0.0014064884874545
0.00225350234741795
-0.00487162272571906
0.00583689506837803
0.0028079652867079
0.00532014192010588
-0.000464163034668674
0.000928831472085001
-0.00324793980608873
-0.00623783609578865
0.00712012379839089
-0.0020465209302325
0.000932121559769961
0.0104302759479495
-0.00175117050691254
-0.000738574475830034
0.00840798276610966
-0.00146597032679108
-0.00715733142345387
0.00914976920008614
-0.00549506354986606
0.00331523172723935
0.00431391475852916
-0.00137087372273581
-0.00155577015344843
-0.0011915398935205
0.00578138014332952
0.00246354931502824
-0.000273113672346059
0.00309544803697914
0.00680704302051183
0.0157757144144957
0.00798723819666303
-8.80612768434652e-05
-0.0022012855507616
0.00167668549241085
-0.00528586018349286
-0.00123998755681554
-0.00257155278633203
-0.00355619656233475
0.00597785499682635
-0.000532133037693949
-0.00417074267156381
0.00588126888361029
-0.00124024631219655
0.00869259373235032
0.00835382511120453
-0.00261615945959992
-0.00122409719618521
-0.00586540297998595
0.00774924282756695
-0.00533030399632473
-0.00210845994714115
-0.00651464060268125
-0.00186086844237243
-0.00426131928499041
0.00472537429652742
0.00585673962451416
-0.00396996919223591
0.0014171478934073
-0.00327256329864778
0.000798624531038739
0.0151622540801759
0.00235831954508381
0.00880093222724065
-0.000345460836454925
0.000604856114969632
0.0103626681253195
8.54871794870871e-05
-0.0018801896952364
0.00282560148278432
-0.00606214977641351
0.00197573225751291
-0.00994509610721106
0.00917906107085931
-0.00308907668535197
0.00241004475813389
0.00789969094882093
-0.0149088434548179
0.00795646479174428
0.0144144140433871
0.0093038904853957
0.0165088491325092
-8.24567168394852e-05
0.00807977567746909
0.0030261062327499
-0.00105998859311796
0.00277525095461195
0.000651216941818911
-8.13633775319511e-05
0.000650846089340185
0.00146341463414634
-0.00146127618119829
0.00113820325203262
0.0171349765887199
-0.000878251497005933
7.99344740285424e-05
-0.000958873336654009
-0.00111973127345222
0.0020818560499789
-0.00303639627588659
-0.00248455564201067
0.00618675884771624
0.00135749417813247
-0.00438599674025519
-0.00760909904059426
-0.000322849066620723
0.00306795573172969
-0.0047488410294404
-0.00177923167360716
-0.000567114963947235
0.00332357325451071
-0.0044436940561613
-0.00738518903274477
-0.0161883413651924
0.00814423654709162
-0.00486354801522626
-0.00662693003125459
-0.00658773359886144
0.00260224131458675
-0.00611188033972077
-0.00117933620739064
0.00396391161339293
0.00739244785456616
-0.00375247671368384
-0.00108818112423048
-0.00217859903397355
0.00201543496782941
0.00360375460945361
-0.00116909394572029
-0.00117047068664433
-0.0103791578607252
0.00786603211030967
-0.0130077454512338
0.00212566956784577
0.00653314095933188
-0.00320321174753135
-0.00498939534883724
0.00246466930257783
0.00813910152113029
0.00462530469681921
-0.00544116026654251
-0.00866929565978103
0.012226201496232
0.00142591845809492
-0.0177569479668058
0.00733350406754085
0.00575637871217416
8.41848343435814e-05
0.00302979296414763
-0.00360798791743588
0.00412629894736849
0.00469645261148033
-0.0180300830209495
0.00280518533496421
0.00245826055388432
-0.00591919489397608
0.00791085416656778
-0.0259937045488008
-0.00710517261571186
0.00244355536935359
-0.0124488636080212
0.00149858072111098
0.00308069709461578
0.00526499653619683
0.009951108763113
-0.00319788253754238
0.0057226739664844
-0.00560394871288816
-0.00416156594976824
0.00148004525961998
0.000695488139576428
0.0134654068850195
0.00334303948763792
0.0278513021481939
-0.00640010816058689
-0.00895097867700378
-0.0157846120048568
-0.00240135510122397
0.000343887551581767
0.00180473528871827
-0.0103800205884875
-0.00312067438348929
-0.0196521913043478
0.00292710666892138
0.00937469709029815
-0.00876193837103145
-0.00574554952034523
-0.0104907536320034
0.000718724149540328
0.00520741619341214
-0.000178608433177851
0.00107196710609303
-0.00856683934618663
-0.000990099027724511
0.0114425085402741
0.02761445701738
0.00459429607667916
-0.00776599368164632
0.00782677637754192
-8.63059805531474e-05
0.00120814638957922
-0.00310285303661917
-0.00302616278657575
0.0011274304245501
0.00450447843893831
-0.000431140052010504
-0.00698823200799825
0.00338835800848591
-0.00242444371676243
0.00546824933137957
-0.00164014163122039
0.0104625938527869
-0.00479204171836345
-0.000172003434944057
-0.00103194875328472
-0.0123106142455023
-0.000958772745782932
-0.000174533235704044
0.00235606461354387
-0.00147998603255894
-0.00435919802160067
-0.000437784599941815
-0.00210247915720585
-0.0188745669783315
0.00930566375616215
-0.00851070012826161
0.0137696803923348
-0.00220497448063961
0.00106075314401366
-0.000176573951434889
0.0030027112160369
0.000616351149071104
-0.00211190603759159
0.000705476178033848
-0.000704978832261727
0.00599647255738134
0.0101682677039225
0.0055536186316143
0.00414225071131114
0.00721894115487332
0.00750857527752324
0.00660568247619109
0.00673063262047258
-0.00117004007454313
0.0182396256251578
0.00846348418562415
-0.00268883721937163
-0.00155231206613871
0.0135013666107631
-0.00185696752900877
0.00129421664549589
-0.000646271906888596
0.000970034766551109
0.00218037628716194
0.0149073249783613
0.00206432716310423
0.00372396009606191
0.002920768866435
0.0150334825257736
-0.00387717100542651
-0.00311387963726317
7.81586768414666e-05
-0.00640280280456296
-0.00777994499017687
-0.00285125926102869
-0.00333597294144605
0.00255020714336451
-0.00111286960780121
-0.00588895413372736
-0.00208128405509589
-0.000882408121854361
0.00112403851166509
-8.02149317472578e-05
0.000962487969201176
0.00200320508005114
-0.00103962412539882
-0.00464298758634307
-0.000965055524048797
0.00949928345275097
-0.00326956932584421
0.00584049133275455
-0.0310213249202885
-0.00369395009029716
0.00411963407465676
-0.000902609315599934
0.0092805271143146
0.00439418182434848
0.000648156850036496
0.00186216497672786
-0.00218197029549005
-0.00105292782819366
0.00291876935037361
-0.00299106717035735
0.00502712227313507
-0.00354977822226166
-0.00210510886397686
-0.000324551724137923
-0.00324649787554987
0.0031756290721543
0.00357144489216177
0.027094783460812
0.00614220814461319
-0.00860921206721166
0.00236838244838355
0.000236268407999729
0.00204725984251963
0.00204302212725094
-7.83798638264166e-05
0.00015682691307628
-0.00478319614822542
0.00149702964855059
0.00896860192771154
0.00413254580896694
0.0100947585812607
0.00215251380454307
0.00360540807298704
-0.000611495824940911
-0.00152961376673033
0.0075066716007659
0.00220488103250127
0.00151719761325753
0.0056809572585681
0.00203350901458133
0.00984676089091496
-0.00208410113506063
0.00111877371648084
0.00514083590269077
0.00845007016677579
0.00279301721147318
-0.000659657000788516
-0.00975503182499737
-0.00881407335805029
-0.00881787429588177
-0.00263876660614248
0.00461108951755684
0.00556813418667268
-0.00838068698279459
0.000150837604864673
-0.00746936813253041
-0.00243258831396609
0.00762020902599136
-0.00279811700213606
0.00561205061722991
-0.00339375550254506
0.0174802353755688
0.00557786673326599
0.0100584271103545
-0.00922610335664698
-0.0169980270046268
-0.00849552697148803
-0.00705192572596591
-0.000916342136304094
0.0077964074326009
0.00659836905885314
-0.00158232367704692
-0.00264124227006435
0.00900425214878187
-0.00127493807536849
-0.00240270323486191
-0.00444074210115364
0.00725782090397464
-0.00105081441269417
7.52122646392461e-05
0.00285492098324913
-0.000749108503119711
0.00592287427189686
-0.00842218839415931
-0.00308168987952362
0.00618255273382506
0.00936680425702829
-0.014105375221352
0.00067768070758234
-0.00910532025814814
0.000455741214992367
0.00356764826295541
-0.00862264533425205
0.0099182721490203
-0.0101231098482703
-0.0086240174664125
0.00592766771028486
0.011632387106947
-0.00915353643764971
0.0170255845785794
-0.00435404226050362
-0.00135721928081067
0.0130615027495999
0.00201225230351598
0.00691712919859722
-0.00118188797525909
-0.0147907113238374
-0.0110343866458911
-0.00273245540796974
-0.00167441206845576
-0.00175341925369243
-0.00908814710419814
-0.00215798843930637
0.00417080401505521
0.00930702289466279
0.00670633282497857
0.00598026467917023
0.00225752880019203
0.000225234623842052
0.00172643745889167
0.00337202705219997
0.020537715632758
0.00131729241056555
-0.00292340125815393
