0.00951267351053198
0.0156566389247619
0.0224093497690367
-0.00823671680455329
0.0102758444499458
-0.00794203739481847
0.00674161545259633
-0.00585934709821434
0.0016839039662111
0.0144299109454991
0.00276200785736735
-0.000964054524665192
-0.00703063127887193
0.00319315567392975
0.0196512311195343
-0.00339305103148746
-0.0141631621952881
-0.026384804895494
0.0336264883530155
0.00549076199013765
0.0125596996587032
-0.0121342999092436
0.00341203780859978
0.00394451865932455
0.0157160687092825
0.00160057354140886
0.0155813831712017
-0.00485186192363329
-0.00632487819640115
0.0125977582496879
-0.00929804859483951
0.00158618634273133
0.00739085419259
-0.00825370081871601
-0.00198142676280411
-0.0129715812188652
0.000938701890840887
-0.0167470527431277
0.0109007086919295
0.00620029636877484
0.0104487338124921
-0.00782187458570871
0.012426523913764
0.0230962131356558
-0.00541794396612272
0.00544745798826107
0.0154799283596463
-0.0073679114917693
0.000383913493523291
0.0129205836745705
-0.00530434453144746
0.00799894596244433
-0.0128479155164116
-0.0139084338174645
-0.00634055391227428
0.0342492116909856
0.00453287596406127
-0.0160441090003023
-0.00152870063694266
-0.00548609360115193
-0.0116740992305617
-0.0163551659351614
0.0146476644846616
-0.0153465992371778
0.00343418311232568
0.0188232326073026
-0.00413436681823354
0.0118058637310363
0.00936021308783719
-0.010924796609187
0.00526581036134344
-0.0264469155403189
0.00485568260586677
0.0302990596839494
0.000126796807286
-0.00177439792713818
-0.00330119341540902
0.000254738853503245
0.00942441452207388
-0.00290187981574863
0.00430221440341905
0.000503981334106784
-0.0064223898036827
-0.0107731175976395
-0.0116592436261662
0.0596318260258208
-0.00770732830211229
-0.00678095171025828
0.00782030803923317
-0.00418775700978558
-0.00519478058614165
0.00310829292552528
-0.00880018591968279
-0.000250143800798464
0.0087555350377313
0.00260383130554653
-0.0064309299229417
-0.0112023157183129
-0.002140042745719
0.0127412897467374
0.000996537132492925
-0.00161769535070067
-0.000249333157821274
0.00349082413029334
0.00882095934453875
0.0137931409036873
-0.00400877065111749
-0.00439079166705181
-0.0215606280127636
-0.0091399019980003
0.00745519342248158
0.00363720041500581
0.00374910036549969
-0.00958661603585642
0.00515394072329567
0.00412708859588662
-0.00535558593404439
0.00801401192068618
-0.00608693167701868
0.00287459060430972
-0.00236783405702468
-0.0107432975361662
-0.0130066671800312
0.00434999977737971
-0.0263694267515923
0.00353260499803731
0.0118644593949593
0.00515398782174992
0.00615300586711953
-0.00420428090723102
-0.0133060510078787
0.00285260621683325
-0.00930945225288093
-0.0138345726767983
0.00714663862219811
-0.00078839686697485
-0.0080221066804036
0.000132599761368146
0.0177624199956941
0.00638184431338695
-0.00388243835443669
-0.000389749247891924
-0.0100078500127931
-0.0265195753320094
0.00876602808453053
0.00481284740055421
-0.00918045454068905
0.00322274737179074
0.00829879545306911
-0.00132747905675079
-0.0111658110660982
-0.00551143978372692
-0.00473108929179133
-0.0134455797954195
0.00839759097463633
0.00423205460750853
0.00978794208232592
-0.0129240577938081
0.00354612656846709
-0.00258226413203944
-0.00313387386747344
0.00615086079000204
0.000135878275562051
0.00488997535085667
-0.0112192615077347
0.00287079964809833
0.0239913028354513
0.00572417442528605
-0.00436799453204528
0.00292476731022662
0.00768816257454485
-0.00197308610785674
-0.0057994330117529
0.0102081002253744
-0.0249343054436078
0.00269174955484175
0.0107382953020134
-0.00239043815177542
0.00212987211941407
0.0356004255526092
-0.0206516293054338
0.00157174856769471
0.011900039075454
0.00840012955803027
-0.00025627323152988
0.00820407619012742
0.0110616017530425
-0.0108148017158503
0.00305108044489799
-0.00785808598585325
0.00906999245107287
-0.012280048418282
-0.0105101260129503
0.00168400265611401
-0.0134488681378799
0.000131104992382891
0.000524154632077778
-0.000392952601150354
-0.00511073267227691
0.00447845111903189
-0.00983477550918499
-0.0136405638023954
0.00577337517024534
0.0144172198949555
0.00328990665324147
-0.00957497401823126
-0.00781358739733573
0.042845689878422
0.0116473062196585
-0.00417512646539575
-0.000127074070983002
-0.0124523003476099
-0.0325527401884618
-0.0409629062119191
-0.0108167936372654
0.0346277993935848
-0.00650410542666258
0.000545567375886513
-0.00654312968180026
-0.0167397509634915
0.0173039063743283
0.00768171446689392
-0.00762315556252591
0.0208504246680268
-0.0165277617986499
0.00778794896056967
-0.0021692515680789
-0.00570649472028506
0.00888223558349255
0.00636598926273924
0.000269138616320053
-0.00645861141011828
0.00731312336474121
-0.00914224290705479
-0.00081408415796802
-0.00746880781462267
-0.00136814893244763
-0.0287710516172366
-0.00634782065662032
0.0180294855755396
-0.00390460192308728
0.0516590088198234
-0.0103834793510325
-0.0143933152754003
-0.0724716557583591
0.0148617129909021
-0.0078295054686166
0.00584541867601907
-0.00435860803839572
-0.0242229100280595
0.00822483887132486
-0.00222487399065185
0.0173926721001638
0.00131497658343127
-0.0124033125989101
0.0122636229314419
-0.0513794175630005
0.00369295287561022
-0.00996475502231697
0.0012388045450975
0.000618512179491937
0.00788256605328752
-0.000153381385575524
0.0274540043307059
-0.00850873290069354
0.00391451381856411
-0.0131973155368926
-0.0471124902532299
0.0323764269158464
-0.0372316219419918
0.0184531611039795
-0.149834596662445
0.0142698483000341
-0.00164445459528584
0.0183016108766767
-0.000718925246565916
0.00647483836240426
0.014295908046746
0.0167371570379549
0.00138627623265064
-0.00311472567719806
-0.0225655264265661
0.00781386951138563
-0.00246694273127757
0.00688922439694006
0.00140354385964914
-0.0112123857318716
0.00708719006178593
-0.00299088669950742
0.00176463743654987
-0.0236040162057425
-0.0120873534187262
-0.0045653763537391
-0.00788838774127276
-0.0506657155818891
-0.0148032333463187
-0.0104785088778763
0.0151848554482488
0.0147608735532203
-0.0118308764191063
-0.0117763098768143
0.0105263757905214
-0.0112028299684979
-0.00993838183386242
0.00642441263954208
-0.00319170151223414
-0.0296177500576797
0.00020618683414364
-0.0465978969072166
0.0123269674599062
0.00662247368890245
-0.0248301787952075
-0.00348204562607091
-0.00742520184701456
0.0151814738133891
-0.000866948436648252
0.0355749256214717
0.00586506049999769
-0.0239483756768014
0.0249627058878323
-0.00041634054087536
-0.000624698042482441
0.023129734397594
0.0169043184075079
-0.015421590226317
0.0278681651749391
-0.0613496746754338
0.0158127767235927
0.0554171440431714
-0.0100294595881792
-0.0228446762018276
0
-0.00569219365098994
0.0406870169699449
0.0265225529853614
0.0089952344497608
-0.0673369296787382
0.0447427514640126
-0.00992793478543774
0.0208414663617487
0.00982284321351479
0.0015258058363532
-0.0226623128037445
0.0189010327357755
0.00879707384209083
0.00587679620853088
0.0273274966579817
0.00330216486157275
0.00767968564051347
0.0132462164172344
0.0209526862464184
-0.00912113696267813
-0.00761198415252307
0.012664983719854
0.00140915976748279
0.0240985584555342
0.00515285116535802
-0.014524982911825
-0.0159528009694052
-0.0125109955947137
-0.00124910775786735
0.0130427012141736
0.0107583772353019
0.00331528523267699
-0.00504349565217388
0.000349606718224038
-0.0293552507426175
-0.0120611703341345
-0.00291545184191955
-0.0414839173705425
-0.0249762054342
-0.00586623007169007
0.0147521636506687
0.0077534793564642
-0.0132718402280499
0.00779731009351492
0.0121857057604313
0.00343963296619032
0.0201866699747351
-0.00541349635990296
-0.0317192010457806
0.00814107385152152
0.0146126135209619
0.0132651317036194
-0.0138395546317646
-0.0303432391428029
0.00899665540784955
-0.015313064547393
-0.0246062996969744
-0.0169525735005565
-0.0133442417028176
0.0237203490694893
-0.00691056896523246
-0.0702005920957717
-0.00440237728373327
-0.134202962635419
-0.0158324565883554
-0.023092863957113
-0.0339974218328063
0.0203464949229171
0.0272163290968384
0.00104934420381264
-0.00393087002096415
0.00499876374631736
-0.0141361514624045
0.0135421667551781
-0.00497767906616087
0.0044760926803582
0.0301440875415944
0.0114504074160409
0.00226415094339627
0.0165662650602409
0.00148150617283949
-0.0244083080767182
-0.0174374273439475
-0.0308642224571959
-0.0265392781316348
0.00845152671755711
-0.00567729085280932
0.0190321103597637
0.00613657950907176
0.00106075314401344
0.00105962913907276
0.0121725056318469
-0.0292810196078431
-0.0250471310248551
0.0251381208525381
0.0204796006338024
0.00475310284534203
0.00473064401394585
-0.0201412764844361
0.0232248537967126
0.0213931635067486
0.0298850048590036
0.0158729910714286
0.0161132816433907
-0.0124940175995679
-0.00559608299737624
-0.00562759984408112
0.0115650101270917
-0.0158112864069255
0.0182897186922817
0.000970898034686751
-0.00921437879658682
0.0460107918254824
0.0278427221411923
-0.0261780332346916
0.0114539740872834
0.0221862722440489
-0.0110784083201447
-0.0685871024880155
0.0213549081318161
0.00937272267789657
0.0369047380952381
0.0280138008728772
-0.027920482465937
0.0163143382352939
0.0752882884919739
0.0803195946106057
0.0307512255595324
-0.00566463379276139
-0.017470527914926
0.0063780051651332
0.0109467831764933
-0.00949848042360335
0.0143843501032672
-0.0113442618896629
-0.0139606040550658
-0.00581852199731336
0.0232150418733921
-0.0190657765669061
-0.0192420210059859
0.0112960763237429
0.0164609056723675
-0.0356660697063055
0.0189924230307876
-0.017657464829165
-0.00738963451168362
0.0120723941232919
-0.0224652290748555
0.00488106588899995
0.046346913580247
-0.00812382963010005
-0.0126754682659022
-0.0171835469645754
0.026326407810547
-0.0113569218719405
0.0213903338724368
-0.00135737832072913
0.00407765048543696
0.00135370337175966
-0.00579372355723684
0.00777002719502717
-0.0148419426591762
0.010565466433859
0.0261374239637009
0.0177358301886792
0.0164998705320702
-0.010213422935859
-0.0023954486825134
0.00738828975597117
-0.0157682615370689
-0.00093142697466464
-0.00671267934527908
0
0.0030035667354984
-0.00598912595919898
0.0192054223459721
0.0121928687937767
-0.0118635150234802
-0.0020317695240446
-0.0283175833484653
0.00380954285714297
-0.0132827511711053
-0.0219230576923077
0.00157290598558979
-0.0143305852832859
0.00358494330979764
0.0283786669652444
0.00443842145889617
0.00461098952182493
0.0715241523900525
0.0480100311977518
0.0141348430835346
-0.0209907644163017
0
0.00343054894392014
0.00752135042735036
-0.0205293352651738
0.00294477741209076
0.0108807768262253
-0.0116179909724584
-0.0309420408277283
0.00517297529124194
-0.00763087870917045
0.00214597647160142
0.00892219827048191
0.0116731515445145
0.00104889858306123
0.0494237181077093
0.0232984190381094
-0.0120345092849403
-0.0385185185185186
-0.00102725560691652
-0.022793454080324
-0.0305156260961067
-0.0868306636546792
0.00713153724247229
0.0182926829268293
-0.0108170948425729
-0.057996427611725
0.0105720974058003
0.00430767179487179
-0.0112336399353278
-0.00247880603181161
-0.00745498017281043
-0.00646778635510115
0.0272994335846164
-0.0686835064874696
-0.00197541698912596
-0.00923690324968329
0.0137624642344609
-0.0168599963590977
0.00289525599575691
-0.0184321123347126
0.0040723980979096
-0.00157728703070559
-0.0311442331043955
0.0398322618215701
-0.00515230746308948
0.0130601666291377
0.000444454303425212
-0.0153298829295661
-0.0336190884476534
0.0203128405177286
0.0118993132288487
-0.00904570309711217
-0.00707444089456866
0.0089635490215374
-0.0232346458663032
-0.00233213613964245
0.0409069668281199
0.0229059066450912
-0.0120746215603649
-0.0142222000000001
0.0243462122554958
0.014964789061725
-0.042064159628451
0.0341783386147578
0.00393959299495705
-0.0113364074849882
-0.031091489794553
0.0573509343957883
0.0247525188280782
-0.0199538118052129
-0.0227175739391341
0.0230264045187021
-0.00643095363640078
-0.0183386847179583
-0.0323077142857143
0.0254372706208783
-0.0106313173585242
-0.0049249386579332
-0.0191226767351479
0.00412846349213125
0.0127912520052822
-0.000676567433468778
-0.00880169242153706
-0.030509928529596
-0.0180836299631926
0.00358761053366163
-0.00834122994140218
0.00817111251691638
0.0121572821893379
0.0263778385863833
0.0536942609594189
0.0115418776803953
0.00258340145137992
-0.00193257461885343
-0.055077495697074
-0.0109289394776384
0.0294659767372463
-0.00424870294613833
0.0195374583323031
0.0257708799219876
-0.00300622718488297
0.00301529183717419
-0.0100923770667812
-0.000433752730314652
0.00976555947198077
0.0287986251622314
-0.00522247765244366
-0.00818981537567864
-0.00169379631590083
0.0112406782082426
0.0130033347315437
-0.000621097321347741
-0.0190594986534079
0.0272439504643698
0.0205592109489969
-0.0100725223624601
-0.00264552304935939
-0.00632517879311079
0.0133469607115613
0.0133738607243714
-0.075984786082175
-0.108418050387753
0.00485439308605851
-0.0183575594996348
0.00418312018167111
-0.00367559412703766
0.00270536153467793
0.0311503801815058
-0.0116556134239862
-0.00625747307478886
0.0123516102603147
0.0160287563643244
-0.00070642805023724
-0.0150801134561761
0.0258373690391716
-0.0095615669411947
-0.0193077226440377
-0.0362545720886159
0.00847037888565949
0.102519787549407
0.0566883025613196
-0.0146310220525868
-0.00193673333469491
0.0202673346212303
-0.00676246830092986
0.0106382978723405
0.0117894947368422
-0.0395339359231391
-0.00173305892547648
0.0303818997230076
0.0109519797809605
-0.00416668750000004
-0.0027196862493658
0.000209817504082999
-0.00251675755033554
0.00567706043572214
0.0121262382552272
-0.00599051848791565
-0.015378179870702
0.00337695222927481
-0.0277660911281847
0.00497620067122018
0.00344456397320636
0.0154473500225842
-0.0101416433491806
0.0119530848219032
-0.0240455600084369
0.0144802031553921
0.0034085855008219
0.00721870518975387
-0.0113827363276293
0.025373090602427
-0.00478267831149937
0.0231926447306177
-0.00837247277164654
0.000205910209927662
0.00761785052501551
-0.05006123927383
0.00774351440122545
-0.000853724689593327
0.0145268315631952
-0.00168460721479857
-0.0111790550516768
-0.0428754683686974
0.000668665047217853
0.0102449661360815
-0.0154321204710732
-0.00179126735333623
-0.00314048886763174
-0.00247518007369896
-0.0126325733078018
0.0171350239890335
0.00179690026954171
-0.0174887451788674
0.0346873573710635
-0.00617554036171164
-0.011540168407897
-0.0056129320697591
0.00745084652402705
0.0407888848227003
-0.00516791570129016
0.0112554110117877
-0.01091613846498
-0.00238045882667093
-0.0299348603008616
0.0073792037705902
0.0597114996606325
-0.0209467942628071
0
-0.002139559172462
-0.0090051031090288
0
0.00129809603422548
0.0129646070217073
0.00938564399774644
0.0044378486897716
-0.00189354096136207
-0.000843107100402807
-0.00527426138083287
-0.0629904957374127
0.000452716161158939
0.00113119906942982
0.0124293559322033
-0.0109374556012825
-0.0173775667484188
-0.00367478172542979
-0.0106040338726594
-0.00768867696592146
0.00140882836346545
