0.0228892272874073
0.0103176340741378
-0.00795754620802258
0.0335560815418683
0.0196611568920233
-0.0105290115304069
-0.0165384743589744
0.0265936778333162
0.0111745650793651
0.00602792939952002
0.00137311195389955
-0.0196958611356786
-0.0241607454750858
-0.00430015648423654
0.0126945811964623
0.0121478810602693
-0.00523488253319704
0.0166858546175919
0.00328243912741377
0.011325053336793
-0.00696783599721906
0.00839500083686251
-0.00894633415955515
-0.0162989338942093
0.00446085909330685
-0.0106585080740643
-0.0164165574398285
-0.0091277087201016
0.00565863944357536
-0.00811299419295985
-0.00804750627780315
-0.00545289252685488
-0.00708744326139943
-0.0266667070707071
-0.0193717179758567
-0.00931288234882677
0.0526991176855023
0.0171830054291433
-0.00651766427241285
-0.0271789790553226
-0.0349573473736666
0.0278094255072978
0.00124884140419046
-0.0220344222819058
0.049596145670965
-0.0256514378290804
-0.000138478596050429
0.0221729200569334
0.0107104254145765
0.0112675515251153
0.012999124724753
0.000785609501678497
-0.0129530027476122
-0.00318140235468189
-0.0118350935572511
-0.0134571393744352
-0.00531987465065797
0.00589687344752798
-0.0458077722101642
-0.0112873413712629
0.0199422696506764
0.00354207980895205
0.00818864864637447
0.0116229373128169
0.00318387328859004
0.00938320671473436
0.0174982633630003
-0.000537431143356248
-0.0090065601425805
-0.00461209977465948
0.00531479989022077
0.0196557416153886
0.0288486834771513
-0.00762367240759365
0.000911458297729428
0.00234161562345725
0.0375080971768424
-0.0245183756687923
-0.0150039106820758
0.00468688984993881
0.0260464176764654
-0.00669358423844413
-0.00864591204969078
0.00384758235414173
-0.023508331040309
-0.00798115923066878
-0.00527567924030581
-0.0452134193904381
-0.0106930145620604
0.011791185058708
0.000416190332514166
-0.0167799054669268
-0.00183363887634302
0.0125053276461209
-0.0028609588006554
0.0158852630882547
0.010401556938783
0.00422697050597054
0.00570262034751878
0.00540031051707857
0.00228277155522005
-0.000401902470550719
-0.0123307731895084
0.0105848687587224
-0.0192023631099454
-0.0216320095614457
0.0106353485955129
-0.0109388118119798
0.00139995800083992
-0.0088074515421146
-0.000846346943685572
-0.0162336824524947
0.0184387424755705
0.0145826562756648
0.013886959758729
-0.0149295160956165
-0.0173804231752064
0.010046682044621
0.02171480898213
0.0216646373234608
-0.00738159958712659
-0.00730125753517097
0.0172977939879542
-0.0125853792318817
-0.0134237016949152
-0.000824697613394876
0.00949108704915091
0.0019076168675245
-0.0221677821592247
-0.0100139357437012
0.0153132481033997
0.0132836037062516
-0.0330466325393979
-0.000988560965642038
-0.0217698762162816
0.0140173560990184
0.0142511048667837
0.0264156955575579
0.018343544763441
-0.00483936019410347
0.0263407270882172
-0.000131639900040503
0.00250102668815289
0.0249473988998214
-0.0134511404932395
-0.0135047522788014
-0.0142161640882431
-0.00988111910643774
-0.0184761019965987
-0.0214344328309212
0.00407190390238843
0.00839042068548679
-0.00929134642502627
0.00671886879286476
0.00542269203066414
0.026690638271073
-0.0106411775496007
0.000953029310539089
-0.00258426289108815
-0.00695488866889704
0.00233449601757774
0.0269900130700098
0.0384204514196966
-0.0105344172936493
0.00830962120136158
-0.0021891062483077
-0.00154852242995285
-0.00219731153429059
-0.00906731900520663
-0.00274508496732018
0.00445662597382857
-0.00535033297730658
0.00957748609843234
0.00805721928748082
0.00270721928580642
0.00321419392149913
-0.00025627323152988
-0.00897325960842821
-0.0093131809420044
-0.0019584019824207
0.00484034524227228
-0.00455668544607957
0.017002393630688
0.0133744981127959
0.00126902279432661
-0.00430930280584796
0.0066191956878614
-0.00290849765026557
-0.0106530884122533
0.00448659134760687
-0.0109749998599412
0.0125161419354838
-0.00713644695888305
0.00539080963209804
-0.011872845349857
-0.00297162783019045
0.0114034601892823
0.00371547711535647
-0.00051050551496068
-0.00485319266207429
-0.0151437375550242
0.0177221792473854
0.00806664553307668
-0.000381125350649381
0.00508260502220859
-0.00935520883325436
-0.00370088050407258
0.0185730370180608
-0.0105633429538484
0.0165226614133196
0.0373843196780075
0.012414113385391
0.00309526190476195
0.0223118556299109
-0.0109124914199269
0.0133802704241879
-0.0140143508924878
0.00869265859365642
-0.0432048313774951
-0.0119279935770207
0.0224193151022418
-0.00698797590361433
0.00473186131356118
0.0170269657535798
0.000593635708933338
-0.00545863315979478
0.00346020769502942
-0.0108204045379405
0.00913565310408315
0.00988686158023344
0.00613356931037479
-0.00363429061075182
-0.00282383816505094
0.00507374631268442
0.00516556703451498
-0.00327034559903017
-0.00456994396859356
-0.000824014155056285
-0.000471265332396276
0.00518626851420412
-0.00539398458482643
0.00801697712803584
0.00222224561403528
-0.00560162199552772
0.0136134727568769
-0.0305661677469202
-0.00119438667642224
0.0136314724488151
0.0156895251512159
0.0276423351368718
-0.00271253381399628
0.00566636458899294
0.0112688756202135
-0.00479162034302705
0.00604635552673516
-0.000111318867252463
-0.0227069578231058
0.0138951475890041
-0.00763874435987688
0.00588640506617177
0.00270084399391357
-0.00145900115508424
-0.0089918286052395
-0.00601110368631297
0.0059334208801165
0.00283575304737971
-0.0152698330383517
-0.0164254655737528
0.00385381305105015
0.00500232672175827
-0.00486165071028655
-0.00953819926092592
-0.00293599523344701
0.0075382683736569
0.0379939205284789
-0.000450512440021256
0.0116056225352112
-0.00478949660046224
0.00100731955248623
0.00134163682151955
-0.00535949096381172
-0.00134713737433456
0.00505850949930875
0.00391452840109485
0.00178248659129943
0.00055608319742162
-0.00555740796312765
-0.00581204866645746
-0.000562057354538181
-0.00821151837544387
0.00453671327065219
-0.00677429152083098
0.0172785834116338
-0.00011168845930698
0.00145281622308402
0.00145069745061166
0.00055719858607528
-0.00668224739188938
-0.0361027124990984
0.0301267531682359
-0.00327462744522633
-0.00668400385240753
0.0169935903284673
-0.00257929802802059
-0.0221497746312173
0.00172475564304064
0.00906796341593341
0.0129677960201209
-0.00247053332496816
-0.00337727111612574
0.00790696947822167
0.00358623769182209
-0.010943640057723
0.0106130969854352
-0.00480393241416766
-0.0118994721172098
-0.00727107500355861
0.00125888079396463
-0.00102864329703145
0.0125857891856798
-0.0142373107344633
-0.00114625174567284
-0.00103277485692876
0.0170016766110852
0.00338871572787425
0.00112572326633531
-0.0095580568986845
-0.00136243184917273
-0.00045476353404672
0.0112603050787148
-0.00618606428136037
-0.00316884333217704
-0.00442779281499095
0.00444748535870709
0.00987732720532875
-0.00652044991075151
-0.00248954387836786
-0.021554191229627
-0.0255072115942029
0.0235573578742168
0.026851063894584
-0.038487595131881
-0.0414410633048961
-0.00257920664650479
-0.0139145057740981
0.0132367254436383
0.0155287529643671
0.00533973288010348
-0.00374211751531228
0.0134496548339955
0.00538016505715166
-0.0196217633308009
0.00618625652143945
0.00325502121476862
0.00937273480686462
-0.0279761666666667
-0.0142070296581255
0.00521811418109364
-0.00778649077807481
-0.00398604887875009
0.0373936723035726
-0.0077154794833808
0.0178593249388732
0.00501310581299941
0.00878865827037978
-0.00682836103535778
0.0119725223806006
0.0127679039673925
0.00161923434674116
-0.00715929577735097
0.00732726189832777
0.00773580409033836
0.0033226512754656
0.000114217197670463
-0.00308294124039865
0.00710115696028324
-0.00693733651768469
0.00240493586807156
-0.00571232726736348
-0.00574514541819082
-0.00254248240543731
-0.00278065120566917
-0.00185890554200063
0.00989405145412392
0.00760714597493917
-0.00446121035143476
0.0102263473540889
0.00489080993837132
-0.00565930969234429
0.0125213321006563
-0.00168627324405635
-0.00123874995815032
0.0016912165589984
0.00641611915426021
0.000223643877703017
-0.00391365313653147
0.00235742024343488
-0.0098554932259437
0.00226215350018522
0.00744832403285955
-0.0063851239963636
0.00124014660338712
0.00427884256905409
0.00661505759356307
0.00467807980260715
0.00421291588291295
0.00253914765866314
0.00313845398388857
-0.0418793782108855
0.107355672632398
-0.0184169577151173
-0.0159165379176809
-0.00449870389354423
0.0015063481492068
-0.0265363230224254
0.00993268943899484
-0.000874243232996452
-0.00164061030296403
0.00241017750230244
-0.00371580327868848
-0.00394911127910869
0.00110131053630025
0.00693065991351682
-0.00021847481938686
-0.0036061850375656
-0.00131610002193483
0.00856575902845957
0.0101263179497526
-0.00851561954885061
0.00413131101985287
-0.00498050016261908
0.00424373222538121
-0.00303390396539283
-0.00358658833634184
-0.00469022687609078
0.00175346849315061
0.000875112093857933
-0.00426276105066703
-0.00318331510830561
0.00275300083147223
0.00175711622572194
0.00219246873281675
-0.00514111802977735
-0.00274876314729289
0.00209484020159345
-0.000660105629443408
0.012110513880645
-0.00467747198955737
0.000874338797814067
0.0100458394836027
-0.00702704864864867
0.00206862279953457
-0.00478056274684313
0.0104803495738066
-0.00291699444505167
-0.0148445442101577
-0.000989837241307634
-0.00484424738865463
-0.0101780950346068
-0.00525316860117164
0.00157302247191016
0.00628223027016173
-0.00078037906734818
-0.00167347991766653
-0.00312925782981921
0.00145745520596829
-0.000559755948510876
-0.00369625900197434
0.00562113565894773
-0.00380096155844478
0.00448884519707282
0.00726178064435756
0.00133091165346455
0.00996899656589489
0.0075674819039262
0.00783708475551048
0.00237608823311741
0.00193944622216247
-0.00569952695342568
-0.0028120484837989
0.00574843836491667
0.00873501535419985
-0.00106905066207985
-0.00246150465621786
0.00600791766986286
-0.0127972383320009
-0.0187965647618019
0.00462400077894976
0.00372598356164389
-0.00141933623405777
0.00207744371394547
-0.0244407850640309
0.00492108243278899
-0.00634389552240167
0.00134411963871095
-0.0033557493656432
-0.00280583620215125
0.00101298820513196
-0.0160782546418203
0.00354242935567517
-0.0234570485083124
-0.0013992886800539
-0.0136618170675131
-0.00805019524031958
-0.0115765722451777
0.00265637527167373
-0.00325149321710627
0.0118400753355108
0.0113432477611939
0.00177096818551248
0.0094284504284845
-0.000583817849764912
0
0.00105144862269757
0.00245069430620393
0.00302679853255428
0.000696343978814129
0.0139178495254253
0.00274543588985199
0.00604606406360664
-0.00623656863053479
-0.00205385670987979
-0.00903271220023671
0.00230766129704985
-0.00414413477112463
0.00173392667358852
0.00415408473786827
-0.00988270546596326
0.00348183595720353
-0.00659264407347482
0.00675284674296006
0.00636054115461393
-0.0032176397340028
-0.0027668665613757
-0.0160693526011561
-0.00728472556356796
0.000710202407627092
0.00591366034605589
-0.0035273720096165
-0.023008814159292
-0.00241551923615269
-0.00556899529222743
-0.00852199912980267
0.00601667470489509
-0.0144025387525938
0.00123836532507737
0.00371062470527206
0.00221811454792076
0.00159838923894284
0.00319177514352775
0.0101566567528555
-0.0044821682199091
-0.00328542224385497
-0.00769142924226929
0.00184548476679991
-0.00036839002824518
-0.00700245683040657
-0.0118767657583381
-0.010767509298829
-0.0188584351636898
0.0116099204699402
0.00216778888466673
-0.00458064662581226
-0.00332355860960409
-0.00538666146740197
0.00386840732939753
-0.000385330774189674
-0.000642546903109609
0.00617208458938223
-0.000894568690095743
-0.0108723202865184
0.0104745503562771
0.000639915544406344
-0.000511574357038747
-0.00524637222658042
