0.00307781021202658
0.0163646400828565
0.0261644487108814
-0.0151302051749876
0.00995728264762663
0.0690141126760564
-0.0110672460851846
0.0138555825700928
0.00262818666565545
0.000786343350471341
0.0365374667818561
0.0101073276030996
0.00100065044405206
0.0156191430166082
-0.00553638048150085
-0.0102684891681679
0.00637502500000009
-0.00397466143399172
-0.00573636349329443
-0.0036372882113147
0.0112034236857141
-0.0163077924484551
0.0213870167572898
0.00371704873890533
-0.00395012951610585
0.010286218607356
0.026864598633388
0.00561463392204797
-0.200166286528867
0.0313381841277833
-0.00835254872256497
-0.000290516986777289
0.0316676514623855
-0.00971550308570146
0.00469219380940733
-0.015567590400929
0.00460033078206834
-0.0107326850629372
0.000289382335717514
-0.00751995639855507
-0.0185049694814937
-0.00950118750740514
0.015437634660707
0.0270110996309962
0.00201205800482729
0.0349971739099659
0.00651320640170705
-0.00839873365270827
-0.00236044164234006
-0.00292274190459962
-0.00628136524680856
-0.0122208452810553
-0.000426606939704088
-0.0223360361027738
-0.0295401479985425
0.0166441890345121
0.016666621681418
0.00348176410851586
-0.0300708697432666
-0.0163958572899602
-0.00666760135376876
0.0201372988495514
0.0143561979502229
0.0159221873530242
0.00725584053078854
0.0221869026257366
-0.0804792000202621
0.00306566533003272
-0.0320904941292637
-0.00915696242500785
0.0100382571713913
-0.030288657994773
0.00650720666166893
0.0258607083539795
-0.00488421293706942
0.0017416086130464
-0.0104314683104157
-0.00638878763154782
0.0257193702896539
0.00235069734601634
-0.00140712947791011
-0.00360106471897703
0.0045568982488513
0.00563117472235253
0.00575521845146643
0.00479426199849908
-0.00769585950906793
0.0280750422200242
-0.00603503328357025
-0.00561619636989363
-0.0083957103222192
0.0113915950029495
-0.0273971854214848
-0.01173708883452
-0.0145685189368641
-0.018801205206492
0.00507694063090502
-0.0198793713521161
0.0021612135607243
0.00215661914659293
0.00496604866743922
0.0199308025025662
-0.00872088206462796
0.006679700119262
0.0071208770493465
0.0210509561304837
-0.0042493074559441
-0.00474156788367319
-0.0571701118442098
-0.0158328956683998
0.00975526270751326
0.00694915254237283
-0.0188520282780676
-0.00926404170073691
0.00588744588744605
0.000860716130142825
-0.00653596502469844
0.00502079311013826
0.0153316109445583
0.00305395322453261
-0.00202975307898767
0.00610171186440667
0.0114555254134852
-0.0118254328476776
-0.02241702267261
0.00965518965517242
0.0133196548271917
0.0161779406808222
-0.00746270327467169
-0.0160400840781982
0.0100186960437882
0.00487558843308689
-0.00853274217835032
-0.0077623863571511
0.0219387928901156
0.00332835746380411
-0.029855680380566
-0.00393236437229039
0.0102987130208962
0.01597006428865
-0.00317722413339849
-0.0147626402489073
0.00255407798399454
0.00798228586986616
0.00943558582765247
-0.00300450676014019
-0.0108822702159718
0
0.00135406224258405
-0.000676149425287265
-0.014715815539848
0.0296995708154506
0.0048349449816607
-0.0101211216193796
0.00217903117666784
-0.00735914020138584
-0.0119629153146728
-0.0237039396948149
-0.00489081222707421
-0.0175530978137073
-0.00571733061073199
0.00916438421691335
0.0056980056980056
-0.0104461933427761
0.00966185381395324
0.0136452418926103
-0.00122377620238157
0.0189042181182528
-0.00377936787114541
0.00379370568050685
-0.0159766365912497
-0.00122206706044103
0.00227234753141659
-0.00331353331008022
-0.024322028895117
0.00807031951471737
0.0103184844390407
0.0082760519761218
-0.0188612999951555
-0.00142402990388035
-0.0231728885266627
-0.00127735403790796
0.00694319386077114
0.0219560692804197
-0.0122514026988636
-0.0156390973280766
-0.0398100087585833
-0.012362152439629
0.0032735990756787
-0.00537424204891523
-0.00289467387109221
0.022643739990081
-0.0300908402725208
-0.00409754146341468
0.0172413201951152
-0.00346679520288118
0.00618475043738886
0.0190164806182005
-0.00961353458272451
-0.0131329080104128
0.0152362783119104
-0.013107864990651
0.0076996533647804
0.034384031877136
-0.0210527046702602
0.00509339766434236
-0.0330330148842531
-0.00621116071428574
0.0123047067909237
-0.0316419628924576
-0.00358639178295261
-0.0313937025152451
-0.0152765899107471
-0.0153039829076732
-0.0138386413915556
0.0386442357512953
0.0307628137442775
0.00604958661020372
0.00440974151953766
-0.0415087199858567
0.0131168230921679
0.0034936703658035
-0.0264182049388407
0.0475388715284208
-0.00903616484008363
0.0431611365009579
-0.00524477466977458
0.018941632863535
0.00766581065542349
0.011601311844758
-0.0353449527231614
-0.0173456048071409
-0.0241966887820979
0.00406506089298664
-0.0307692497664271
0.00668337496484184
0.00850622388991229
-0.0024686072316682
-0.00639311171816404
0.0377750103777501
-0.00800003999999999
0.0167339119650771
0.0257783065635533
0.0143050647593275
0.00381164467673623
0.0117714642783924
-0.00187656217157883
-0.00695617610370702
-0.023286633850814
0.0193836014731537
0.00114093934208026
0.00607785352030943
0.0028317537694591
0.0139307608044195
0.187894519348412
0.0143795248515162
0.00693368237492509
-0.000918087250744715
0.000765737467211869
0.00719317460625479
0.00774961275640829
0.012062771411339
-0.00849225230219364
-0.000751359845919231
0.0049624360902254
0.00254373776616079
-0.00223883582089557
0.00104712045017563
-0.00239085482339685
0.0020970640474216
-0.0155456049164244
-0.00273308529102501
0.0102009439707673
0.00512440105876122
0.00614778808973493
-0.00298056640776645
0.0017936471810569
-0.00537142668030866
-0.00300037485746329
-0.00135413784763971
0.00256136797221496
-0.00105199878190576
0.0215134794416507
-0.00265097193958852
-0.0163910216126547
0.0144122351837226
-0.00133190765132452
0.0185240062896856
-0.0167321540783288
0.0134654627562751
-0.00905234367213736
-0.00353626034170051
0.0184829226001593
0.00290367318105411
-0.0149102340790319
-0.017487170426723
0.0225845345111497
0.0103846565576426
0.00246088585810988
0.00375454151624544
-0.00158250606869492
0.00720461074338297
-0.00300429175953376
-0.00487880600146928
-0.00951688563855468
0.000727849738597852
-0.0314226951243147
-0.00961249595636815
-0.0106157715918784
0.00413862673631593
0.00366353217330073
-0.014752866920152
0.0290213805035717
-0.0316531784186511
-0.0035631756670873
0.0115049440298507
-0.00660929931169052
0.00711742258010628
-0.00675977918327109
0.0075792263703256
-0.0108995856754618
0.0158310880024832
0.0235294281220517
0.00194066284342931
-0.0143027258207958
0.00967350304271442
0.00119751491627929
-0.0204843759188567
-0.0209128828907683
-0.00280636112888
0.00265787996650846
-0.019491596109072
0.0144720099479643
0.0148925691347772
0.0128205441093772
-0.0109806618880585
0.0129530304688676
0.00685031186328766
-0.00695492904376971
0.0100486601705236
0.0167320028177269
0.00770947402710775
-0.00338388990166405
0.0183053592649942
-0.00811836728972004
0.00409235615587122
-0.00567684158705284
0.0077587178380536
-0.0161242455621293
0.00487221298366092
0.00940345311206148
0.00756919974829118
0.00491183176954868
0.00172515818646257
0.00674514925373115
0.0101211543800097
0.00451593276155915
0.00112393930879451
0.00252596119769977
-0.00615904238076603
-0.00281685915492957
0.000847429342623052
0.0211685009713731
0.00276391649027197
0.00344542457126318
0.00329631927747087
-0.00301164943141774
-0.00631606463501122
0.00511254642341252
-0.00866094332309442
-0.000554721944879821
0.00138751214097432
-0.000277068041487305
0.0103950101068604
-0.00562419737656528
0.000551814058540989
0.00303324145916495
0.00508595189003436
-0.00205144958760461
-0.0134302177137149
-0.00125011810668474
-0.00431162714014943
0.00349210803140698
0.00542882825327551
-0.01952101538747
-0.0124258401581472
0.0018587074103884
-0.00627947766519177
-0.00761164760641886
0.0041968308016449
-0.000432310137373104
-0.00317188576741789
0.0102690050660834
-0.0021474732182527
-0.0126254955219008
-0.00319677419354825
-0.0102040236211085
-0.00191465384640188
0.00649257812421022
-0.00483802968535441
0.0251915008187169
0.00229923852848035
0.0177777491039426
0.0104240741068904
0.00264875215465987
0.0148776422379766
-0.000822003036635155
0.00274231454819684
0.00191439909398605
-0.00232017206169677
-0.0049247607366556
0.00302448454837734
0.00301536462466245
0.00314298988794737
-0.0100804517051926
-0.00220167888266631
0.00165487514398355
0.00385525280966204
-0.00164590582109958
0.00329712868117693
0.00848970297808704
0.00285131017375928
0.00595724335286718
0.00740235501740139
-0.0307280569332814
-0.0176430867962887
0.0101024418451989
0.00125022923323304
0.0162319362865724
-0.0102389078498294
-0.0053792965517242
0.00208016915711884
-0.000276833648579222
0.0209025753295287
0.00854233220338996
0.0129066824243083
0.00278745701021821
-0.00436799453204528
-0.00119654345657338
0.0106482501257121
0.000263360990385708
0.00947993454166962
-0.0121299077117494
0.00422498030697072
0.00565343165010357
0.00653680236728471
0.000129912979085933
0.00584411688311692
-0.022466082213018
0.0114912562606162
-0.0112300989493314
0.00488635756885425
0.00933114781606781
0.0108072131195098
-0.0078577872417025
0.00506371092172331
-0.102570760750768
-0.0282136025879717
0.0114056728956993
0.0169889135469965
-0.00360023031105328
0.00650378648637706
0.00129241816904679
0.0174959694179275
-0.00606060631686833
-0.0350254410816269
-0.0129317407965434
0.00193546231756625
0.00326885572352786
0.017920705772543
-0.00538341312163193
0.0131656083504155
0.0213686970439302
-0.00763360213835462
0.00484336203034319
0.00368588029932115
-0.00480231618069293
-0.0146182091203264
0.0171396082385136
-0.022514923993985
-0.00188319573929019
0.0197387512412555
-0.000426971237490248
-0.00768903569603996
-0.00731815160516136
0.00881759178953456
-0.00401202172213755
-0.00273344834603817
-0.00461627236006912
0.0144927536231885
-0.00214288571428567
-0.0154617184097843
0.0136687805875575
0.0100416727878594
-0.00156229219927329
0.0129444660194395
0.00814495166612783
0.0122579326889827
0.0119719695052145
-0.015637775147705
-0.0040060920569982
-0.0105409434269332
0.00883102096052824
0.000277851878868196
0.0013890540738728
-0.00208064930396157
0.000694968009592012
0.0229198645067332
0.0124931968019173
0.00456013960730006
0.00520692909994858
-0.00757072642355272
-0.00080295769803318
0.0060272833631243
-0.0161096922365904
0.0112314070032096
-0.000669115455541824
-0.00214251472951266
0.0136876548720204
-0.000132406670209084
-0.000529604137820883
-0.0129817992576977
0.0127499258421708
0.000265094093096829
0.0300741508979538
-0.000643125401929345
0.0173745952654285
0.0125236933893602
0.0114942277424508
0.025691724625639
-0.0145712787262612
0.00537693986613874
0.00291728465724872
-0.0100594107366522
-0.0225269833496573
-0.0489728982451351
0.00434613459765565
0.0100969968503279
0.0141503831513745
0.0145929205865494
-0.0051728991881681
-0.0207989732605954
0.00142469889165509
0.00840663476461456
-0.00205210975949588
0.0199203577925808
-0.0147429307618077
0.0150914563219986
-0.00617369259769329
0.00126782459182895
0.0021524309134302
-0.000379014519797494
0.0113750501248087
-0.00324912534050714
-0.00589269042395457
-0.00769329035574107
0.00927813929842403
-0.00352609225406908
-0.00897256447513828
0.00905380028191272
0.00581320633690918
-0.00326666683084142
0.0118491740363249
-0.00211783986985825
0.0167291389944855
-0.0176817530038863
0.0203749625
-0.00588013007032206
0.00505232273438505
0.00662089275676547
0.00852624868517049
0.0225844798580503
-0.0167709700430134
0.034955003003003
0.0010445217713777
-0.0132173797101449
0.0109270354725999
0.0153417013558612
0.00263272661821512
-0.00673588339928677
0.00758625287356329
-0.0090121031707916
-0.0014965465121487
-0.00115285914578878
0.00669439065898403
-0.00263704422567013
0.00793196937422636
0.00969433166058398
-0.000790692429579853
0.022496021054669
-0.00199004981724871
-0.00409875941393911
0.00433814228391238
-0.000775279645860327
-0.00110837950445153
0.0146471255665628
-0.00776464331223448
-0.00341678595557848
0.00442382226108862
0.00242238493723868
0.00560195512300132
0.00262149636412357
0.0153611067070365
-0.00364802586849866
0.000107710530823812
0.00796810569716477
0.00630270263537325
0.00520175175801763
0.00454114469234024
-0.00977713383797929
0.0146512153168867
-0.00355757036727
0.00514541619829623
0.000835791884289838
-0.00156577239355626
-0.00209100884284352
0.00199059199551366
-0.00595983904182196
0.00946671925949305
0.0051057413243123
-0.00756786240480889
0.00459620794120319
0.00384738491935921
-0.0021752537582842
-0.00861623567702197
-0.00303665968586386
0.00126040333221722
0.00178325811846736
-0.00942410471204191
0.0316067448542652
0.0094272572774774
-0.00142116533506931
0.0250076133473331
0.00872753131553061
-0.00894696695454689
0.027678501160362
-0.0518389343310719
0.00967213388645782
0.00554606242908262
-0.00270762131259905
0.0136752241430433
0.00128959431186582
-0.00435904489084527
0.00308455721393019
-0.000495942872650312
-0.00496228652317809
-0.00219430476372817
0.0120951518183212
0.0106666864197531
-0.0239421963462875
0.00971166428849601
0.00922162636036949
0.00913735516935898
-0.00214196282876022
0.00770807898737602
0.0152013847327788
-0.00104911780732697
-0.00190946156023408
-0.00516549641127328
0.00721153846153855
0.0107875608591885
0.00491126761176619
0.0131579038880094
0.0080704543208594
0.00239258309363355
-0.0638024143945654
-0.00823694817894827
0.00276842992652204
-0.0282981173002982
-0.0150177874677488
0.00649013083341932
0.0339815772972849
-0.0340526143551559
0.00440664061474405
-0.0136721148113026
0.013240912656272
-0.0197039311803143
-0.0223911067191557
0.0199211136703596
-0.0337371638549647
-0.0108096419671464
0.000437121616498226
0.00808299263518331
0.00205874957136465
0.0225994477962981
0.0112085968065985
0.0135940922386519
0.00794384607448673
-0.0010235312494431
0.0209016500184764
-0.00511844645843484
0.00706148513249727
0.0156265347966236
0.00305748104406223
-0.0177974243204746
0.00320352390833434
-0.0108771181606339
0.0175544587100143
-0.00922071178642947
-0.0553387171019715
-0.0187500525688548
0
-0.0282845199703504
-0.0116654035848149
-0.00146129722865673
0.0357987158437754
-0.0144549719714167
0.00882226510807227
-0.0365107552521614
0.024960256693445
0.012840425629419
-0.00524593442622945
0.00944847317452679
-0.0229647373628016
0.00545844955302832
-0.0138488807035479
0.0302212665942867
-0.00272628144142684
-0.0125751124956296
0.00199335541550316
0.011715273705285
0.00928553627610285
0.0123389978605801
0.0017107131584595
0.00416266401616672
-0.00446426436087866
0.00896856677477831
0.00867724867724862
-0.0101762694083087
0.0298887128752245
0.00802715875326032
-0.012353231618782
0.00744264022002561
0.012107531419121
0.0230130274028084
0.0109007824437308
-0.0230369371034813
-0.00140484642163974
0.0107515979929138
-0.0157072677485741
0.00161595795139968
0.0504184743454366
0.00719976974560366
0.0102935762541665
-0.00990568867924535
-0.0201048219181941
0.00155585381391887
-0.012912640776699
0.00786862413432909
0.0144432125066536
0.00481000494882178
0.00134034470101518
0.00219910133661338
0.00457930738408718
