0.00751879681581769
0.00956156694119481
-0.060291081998358
-0.00147495083579152
0.00590846888007057
0.00416049916396233
-0.00658057534927048
-0.00490669798364574
0.00986188338604843
0.0107422610044496
0.0115941781838562
-0.0016714421759445
0.000239153306884621
0.0117169057867048
-0.000472701477837401
0.000709363899045634
0.00165404064272212
0.00283083281035235
0.00470479909220423
0.00187314450651233
-0.00140222011212388
0.00444647788439045
0.0142125123118597
0.0158511834562645
0.000678403422017082
0.00564971751412435
-0.0051685393258426
0.00361418567878924
-0.00315100157551207
0.0121923907836445
-0.00624588417372818
-0.000224422002792934
-0.0166143238299433
-0.00684929239381948
0.000689632183908051
-0.0089593385931388
-0.0254983316063593
-0.0104662937567485
-0.00168266835012831
-0.0149289432922933
-0.00831092642385711
-0.00443680059157003
0.0287199809041836
0.020216606984756
-0.010379759622075
0.00953508916483692
0.0146399770786294
-0.000698208035880721
0.000465766196221962
-0.00232770024040285
-0.00233324772904209
-0.0126285553147126
-0.00189488389637893
0
0.00759373534868857
0.0124824072652474
0.0120957426333688
-0.0110319242028006
-0.00906344431939199
-0.00023447467716875
-0.00164203608627644
-0.00422932320889746
0.0035393581043095
0.0148130969859652
0.00463394346617241
0.00968630051461483
-0.010735450222372
-0.00715772322425023
-0.0141860697674417
-0.0110875444936906
0.00429389333463237
-0.022090262332079
0.0102016521837092
0.00096179370040872
0.00120103288010975
0.00263917946257197
-0.00813591748897058
-0.00530762351489455
0.0283774436090227
-0.000707617891150147
-0.0047203446948394
-0.00426834262595888
-0.00428675854790384
-0.0019134417145793
0.00910618260244433
-0.00332462590062621
-0.00285925654373953
0.00669063353360255
-0.00189893183244882
0.00975029749703449
0.0197833259487359
-0.00230942268612988
-0.0057870369030778
-0.0104773222240437
-0.00235289411764705
-0.020754763171945
-0.00313104527938346
-0.0169122980650471
-0.0144999020520988
0.0117207487142519
-0.016268178456988
0.00952144825858192
0.00546033741721685
0.00222167377050964
-0.0142856657283579
0.0157421789105447
-0.000738081144497915
-0.0036927130401947
-0.000494193217341454
-0.00247226199079698
-0.00669135101320206
0.0107284425784211
0.000987435249935054
0.00320594335896285
0
0.0120451819075713
-0.00388632518272158
-0.00292609133997035
0.0039129372441411
-0.00414124248821535
-0.00440313100775114
-0.00466837826367617
-0.0027152803117888
0.00495039579453493
-0.00738913829503141
0.00893302751694858
0.00295127889818003
0.0129966163069304
-0.00871459673893493
-0.00146525026946875
-0.00146727809897973
-0.00146955662652182
-0.00686774589158712
0.00172879714849117
0.00862916645391598
0.00122217061843077
-0.00512692883610677
-0.00220858895705534
0.000983792424987806
0.00687958214055073
-0.000976110297706168
-0.00610649746229841
0.00884738286673348
0.0109622657968884
0.000481927710843433
-0.00481695568400775
-0.000241989351403737
0.00096821590490892
-0.00290200739550228
-0.000485107931118001
-0.00533843740204909
0.00317143190185742
0.000486381334785513
-0.004375303946896
-0.00048828126192102
0.00122137277042911
-0.00292761634898175
-0.00685096664670815
-0.0120719881744273
0.00149630930156142
0.000996040836653389
0.0032338556409488
-0.00570304955601042
-0.00349124705691994
-0.00925923446594679
0.01237691336196
0.00474046882532608
0.00943635460640668
-0.00615006119802897
0.00198014841682426
-0.00247033102766792
-0.00470534906623699
-0.00422988316073347
-0.000499750124937637
-0.01499995
-0.00431477135458025
0.00688248789191959
-0.000253113924050696
-0.00177270186008083
0.0210553536811442
-0.00968941614906838
0.00150519313835451
0.011773572734147
0.00668484790009516
0.0125429906542056
-0.000971508427083267
0.00850957917555117
-0.00554484088717444
0.00315153939393942
-0.00459163836172938
-0.00704047115903061
-0.0014670414930541
-0.00979434378060728
0.00247284872583697
0.00024662061552494
0.000986461183390075
-0.00073907366346404
0.0128205371592569
0.0111976382084888
0.0074626141679679
0.00645163710641028
-0.00474836193609596
-0.00357819673560089
-0.00215465645199908
-0.00479846449136279
-0.00530380906460926
-0.0038778479824455
0.00364968387589704
0.00242419393939386
-0.00120916571749285
-0.012590799336339
-0.005640019755763
-0.0251541313231599
-0.0290917791320965
-0.0101615161500388
0.0194787565423133
0.0139426800929514
0.00458367710720653
-0.00329533578465557
-0.0144964394710071
0.0038710193548388
0.00668375286972989
-0.0163432073544432
0.00986505711318797
-0.0154242408522242
0.003133133241074
-0.00754807431275761
-0.000786860718938853
0.0104987407085952
0.0168831688311688
0.00587481451469651
-0.0101574654607044
0.00538735248845579
-0.0102066346059362
-0.000773472524530083
0.0100620232230146
0.0120050313151963
-0.00227158006743022
0.00328866691850926
0.0115985627836612
-0.0079760719834514
0.0148241209754805
0.0153503098625973
-0.00121919050081398
0.0136718997478491
0.0110789980732175
0.000952834683182635
-0.000475963826749193
-0.00833328571428571
0.000720240061452992
0.00575810940499033
0.00238554400694402
-0.000713898143741232
0.00714453407265858
-0.00236467244349314
0.0248874857759536
-0.0104070531726618
-0.00467401251053945
0.00046961728105166
0.00281621678441168
0.00140418909431306
-0.0102828462191435
-0.00259730826905835
-0.00189398665274687
-0.00450661764705862
0.00857757901888068
-0.00874091619461759
-0.0100094854625713
0.00553680776271537
0.00646399329662417
-0.0109419359909149
-0.00481002862866631
0.0140163843881977
-0.00691136813420812
0.0146388535943773
0.0196310789884362
-0.0157736252430148
0.0124911383455104
0.00931103373629028
0
-0.0048431502573073
-0.0122828036021876
0.00633505411391511
-0.00279783172762493
-0.00724809445873276
0.0195478572667886
-0.002079002030977
-0.00439821749078195
-0.00813759628633337
0.00234406938584164
-0.0114592615275614
0.00425836290513359
0.0146053942377999
0.0178778732296263
-0.00798353102189797
-0.0227638987002116
0.00658821176470581
0.0119215056550142
0.00877793927516901
-0.00297680343379003
-0.00114834632181104
0.00505856495476831
-0.00320290558688874
-0.0140004819830157
-0.0130353122214925
0.00353766492746854
-0.00540538203067875
-0.0165406663516068
-0.00264298420574194
0.00168643708438632
0.0129869402122684
-0.00641028030413771
0.000716917596985223
-0.0090735671185872
0.0101204337349396
-0.012881608439008
0.000241614300589443
0.0161875336116823
0.00237753204047708
-0.00189748576850091
0.000237595045741834
0.0114041339985744
0.00822170542635647
0.00186397958359641
-0.0130232790697674
0.00659759676243166
-0.00444761225543999
-0.00211615335330706
0.00494823291583968
0.015240257198581
-0.0173210165663052
-0.00329022334407114
0.0165055647253007
0.00579911839946368
0.00299817797513424
0.00275923188046767
0.00366886026900137
0.00388391592414883
-0.00568957682497895
0.00503550022969779
0.00569346390343894
-0.0230978487318839
-0.000231757075376926
0.0129839551823798
0.00183110555804777
0.00434084989718997
0.00341223847616545
-0.00226712758405956
0.00704389943394212
0.0110559792418772
0.00937288530745617
-0.000663254477116904
0.00199115039842579
-0.00110397436290632
-0.00419988929266624
0.0159822645057108
-0.00371426698710953
0.0015350877866267
-0.00372231240299159
-0.000879142857142745
0.0026397492881598
0.00482661233757731
0.0148471837302877
0.00215150602409642
-0.00407906809450109
0.00948486763278433
0.00128116586456706
-0.00767754334991577
0.0038684720367177
-0.00749299951815474
0.0110008194348401
-0.00917431212234499
0.00452202852114625
-0.0130761194822672
-0.00456122926669777
0.0058912500156556
0.00260310206521064
0.00822148402809408
-0.0478540578478136
-0.0160017808429521
0.0201557718735685
0.00381674890397976
-0.00402594506879783
0.00336853813987292
-0.00111904655326767
0.00380905212168825
0.00401787955397048
-0.00311249444197403
0.00312221231043686
0.00177859048465989
0.0057700620113168
-0.00176518093556932
0.0112731648420352
-0.00633881967213112
0.00813908948832132
-0.0104735758030297
0.00595371580832271
-0.0190705615754179
-0.00603351955307274
-0.00359712230215825
-0.00834835288808666
0.000455062560749564
0.00909706597459481
0.000225422587906809
0.00698508321349522
0.00201387339480585
-0.00401967405135484
0.00224221983148976
0.000447427283055468
0.00715563490260185
0.00732677603626164
-0.00110202779594504
0.00507499999999994
0.00461029647882105
0.00502631140849252
-0.0189172203123626
-0.00177300535844438
-0.000666141193025105
0.00666525246235294
-0.0114764950016223
0.00424199588653718
0.00333483770564702
-0.00598271646393278
0.00490416841497621
-0.0255102473154283
-0.00341454586842715
0.00913661510133901
0.00588499320959701
0.0200270706576748
-0.00463275955734577
0.00687058969128085
-0.00352190182698653
-0.00397614314115302
0.00643160345974714
0.00418684433259497
0.000219486504279054
0.00351031138612057
-0.00109320065180574
-0.00131315389173026
0
0
-0.00262991447227878
-0.0013183257006516
0.00836085790185126
-0.00567318325667976
-0.015141518542901
-0.0329768040780569
0.00576036839813976
-0.000458213037424438
-0.00412560155568187
0.00184115070561219
0.00252699293652658
-0.00297894140648358
-0.000689450732680008
-0.000919986200551892
0.000690653791221463
0.00322061184217581
0.00321024986906115
0.00639997714285712
0.0047695436013977
-0.00926763068410341
0.00524752428713104
0.000907784818252821
-0.00408163283816931
-0.0040982697676808
0.00251476897509062
0
-0.00410490326590207
-0.00801460993884173
0.00507850877192983
-0.00689019276779534
0.00439403309925845
-0.00184209072069996
0.00715114219843782
0.00297757672927168
-0.00342548519238428
-0.000229101746771376
-0.0311712346740491
0.021764821386326
-0.0210696925461842
-0.00402076641487148
0.00593683196540407
-0.00519362593971595
-0.000949240649009142
0.00570076036583189
0.00448745866792621
0.010110510465801
-0.00512097311734128
-0.0161441967176322
0.0128418790212101
-0.01033101667058
-0.00284704612825415
0.00689985740899024
-0.00685257561436681
-0.00452055685273733
-0.000716993307839475
-0.00239182008151584
0.00047952530519102
0
-0.00455305535585915
0.00577751550848538
-0.000478721887953948
-0.00215517251701025
-0.00167986569137824
0.00889430331222618
0.00190607572299073
-0.00285372182767474
0.00476987836870979
0.0102065034368264
-0.00046992480098873
-0.00235077568521913
-0.00754005672808811
0.00261160974861374
0.00402562159602193
-0.00660384402812053
-0.00166191836804175
-0.000475624268148067
-0.00808946010205702
0.0184696574351082
0.00989171007752487
-0.0142257692577945
-0.0314644192098416
0.0021983390864273
0.00341211317114598
0.00655819803537527
-0.00434365357972133
-0.00339309274808985
-0.00510697969618146
0.0109997800048889
0.000241731135354639
-0.0060430264936675
0.00997081736310346
0.0052973995978185
-0.0143712095808383
-0.0194411655192629
-0.00446096676386454
0.00472997285187815
0.00644197209013941
-0.00123089614059324
0.0177471284200148
-0.0075078951923494
0.0248901903367498
-0.00238090476190478
-0.00334138408871665
-0.0131704747687009
0.00825042485441441
0.00457287616300528
-0.00167714414580045
-0.000239932816891497
-0.00216034565530476
-0.000481140245369271
0.00120334539598899
0.000240456742329531
-0.00528723851748991
0.00507366525908814
-0.00336536073871918
0.0082006755475319
-0.00358844506192446
0.002400912249656
-0.00023947305389227
-0.0100623378024753
-0.00677635527589548
0.000243615978469558
-0.00243600493144958
-0.00170940166765809
0.0083170252368634
0.00169820471377458
-0.00363288923146288
0.00437532825414011
0.00266214908034845
0.0113444846729422
0.0052505248090442
-0.0073598767179458
-0.00861038008585557
-0.00168878162391362
0.00459156586293941
-0.00745734904979545
0.00339321393083925
0.00338161819412464
0.000481463637904245
0.00818096707937999
0.0028639139444433
-0.018324607329843
-0.0162423757575757
0.000985633268327568
-0.00221565736621521
-0.00222057740489945
0.0187933239068576
0.000728131050288017
0.00557843803056035
0.00337672463523209
0.00144235583857477
0.00288043686989914
-0.00263286267670804
0.00695946757664845
0.00476646817841897
0.00735296489563586
0.000235436773359021
-0.00706214689265527
-0.00450445708866765
0
0.000952536272801341
0.00618610531016195
-0.00614807268507744
-0.00142750419765636
0.00357393367705661
0.00308644356805421
-0.00520712426035508
0.00356890324931958
0.00758653390232333
-0.00282350588235292
-0.00495523820303823
-0.00118565336427101
0.00474836193609596
0.0025992438563327
-0.000235729436719345
0.00424328167106469
-0.00375584524675332
-0.00070685675558102
0.00636642301344037
-0.00257731958762886
0.00234902513507174
-0.00140606990419834
0.00187744656471622
-0.000702717280457232
0.0065635021097048
-0.00349319989504437
0.00654356142688584
0.00951938704434641
-0.00574977000919963
-0.00323849178810998
-0.000464144813181799
0.00487576039006266
-0.00392786515544974
0.00301556476419473
-0.00531924119707472
0.00325515011649147
0.001622224722029
0.00393331781736883
-0.00161325193854012
0.00784856879039686
0.000687104901511804
0.00457770667378599
-0.00865803163950862
0.00137903936469952
0.00229511131512505
-0.0018318755132527
0.00321174581325967
0.00274406585867837
0.00182444706154827
-0.00295927612110181
0.00228317356810903
0.00637808626979108
0.00475325939339077
0.0144176619602987
0.00843884096022296
-0.00044045364457157
0.000881273427655316
0.000880497468633168
0.00703760705877254
0.00218383921852294
0.00217918941336204
-0.000217482051859896
-0.0102218790778598
-0.00834974767522523
0.00421003757566951
0.000220697263901171
-0.00661819957563659
0.00599600279804591
-0.00110373070869163
0.00132598895027614
0.00154491278867996
0.00506831192004586
-0.00855075622559165
-0.00331713836096559
0.00399378744175727
0.00397790055248626
-0.00836453885097954
0.00599336306311571
-0.0108119593998235
0.000446040577914752
-0.00200668905269508
0.00134052731637735
-0.00937077197679603
-0.000225292782644382
-0.000225230912936136
-0.00112661106068923
0.00406036525782261
-0.00179730405739409
0.00562682871933373
0.00111906893464631
-0.00134142633579248
0.00358191195799917
-0.000223109514918107
0.00468538598839796
-0.00421938716898473
0.00892065120428165
0.0110521657359786
0.00830776089603158
-0.00238510412803772
-0.00369480563767899
-0.00305407940663183
-0.00240702401735171
0.00175472691379674
-0.00372231240299159
0.00307690109890113
-0.000876446119115859
-0.000219254395581236
0.00329023908751913
-0.00327944891650844
0.00460625137091464
0.00851528402871793
0.00021654038139296
-0.0073593072000151
-0.00414310937324225
0.000219005921568094
-0.00175135726795095
-0.0013157237419178
-0.00285465518544892
0.00352345298392431
-0.00329168312486283
0.000660568060791178
-0.00132017598855494
0.00352500558548141
0.00504939637869151
0.00305808219873493
0.000871101954316389
0.00696257630466857
0.000432152126883301
0.00475164157130981
0.00429924763542555
0.00321057356141741
-0.0162150206147861
0.00151808714990054
-0.00151578605456915
-0.00281936667058413
-0.00434973901696389
-0.00830050258410875
0.0019823787672959
0.0043965045330181
-0.00262637344334371
-0.0204081852095677
0.00604840963370079
0.00222663103985754
-0.00466560785006043
0.00870535733717315
0.00685994704270732
0.000439560439560616
-0.00065900702987709
-0.00175867215833492
0.010129905307201
0.00501414879036721
0.000216984825031741
0.00151808714990054
