-0.00777019564312464
0.0226541036874814
0.0233830038308356
0.00293963137037045
0.0095923397173554
-0.000527856961307194
0.0125429630985732
0.0192984217160406
-0.0139439174605072
0.010638297596308
0.00885743237849979
-0.00763453404425674
-0.0842415715922956
0.0137217029885661
-0.00124314913692969
-0.032637270989829
-0.0114366695398143
-0.00375998542993528
0.0306285532098789
-0.00366200000000005
0.0186598817828634
0.00360813221227119
0.00843473451327448
-0.00630740436034571
0.01324684678837
0.00776249489309544
0.0206756621621622
0.0169468954977743
-0.0127587036260566
0.0116048658418868
-0.0441924005239526
0.0117294053464267
0.0208951604205985
0.0105637920019626
0.0143734223751917
-0.0191935856960036
0.0023640793586035
-0.0104822196016771
0.0156250006206964
0.00352026089388247
0.0093543067512758
-0.0218818889977632
-0.00447422040990186
-0.0179775408333763
0.00430744374333769
-0.00335075722623301
0.0127756453365298
-0.000132718102050511
-0.00119527219673565
-0.00372289594100361
0.00600556519418127
-0.00371450001516982
-0.00426097215075816
-0.0238031428697933
-0.0839725616438357
0.0275160149162847
0.0187745745710171
-0.0105714
0.00101068434852181
-0.0131256883563913
-0.0277696734220892
-0.00766679228803935
0.0151492193561817
0
0.0222354567307728
0.00861308029197083
0.00347381696186511
0.0079330013577672
0.0128792506960183
-0.0111613592986912
0.0362909140246011
-0.0239900458291747
0.0108772000158608
0.00922307180612281
-0.0116311823368708
-0.022555338577557
0.0319622057601636
-0.00847223611111103
-0.00168093572882666
-0.00350778743543378
0.00746277136564788
0.0240390486077269
-0.0070969976974341
-0.0405497869415807
-0.00300869614575816
-0.00876552715996715
0.0105827191686263
-0.0189355905743163
0.00248572894408139
-0.00977244777632569
-0.00707018717145658
0.00801057659038262
0.00573949988548206
-0.0175592196405747
0
-0.017277271630582
-0.0250075920730104
0.0057515154437584
0.00803715647776615
0.0030664979597288
-0.0103943751267006
-0.00324372886140645
0.0043390516711459
0.0239161093632498
0.00693187150494468
-0.0103262945225979
0.0266142761204118
-0.0025040212476658
0.00428235374656905
-0.0198499920644025
0.00465041976295111
-0.0106017468926124
-0.00769698135535823
-0.0253992091254754
-0.0107678367425768
0.00173530528056953
0.0138582204724409
0.00776638743863245
0.00554872097173487
-0.00980993285744736
-0.00743026338793384
-0.0184030559075301
0.0130282652212943
-0.000627305540379708
-0.00737603566578726
-0.0172332015810277
0.000965267052767116
0.00144648020818905
0.0165302356518982
0.0022102936532995
-0.00724637681159412
-0.00539511266264681
-0.0028717294192725
-0.010239984
0.0111541866932721
0.00143884894386659
-0.0011174808607517
-0.00351609397474828
0.00112269450273272
0.00144184560851812
0.00495923868050663
-0.0106653613498886
-0.016894673631708
-0.000327266786489866
-0.000982350982896119
0.00229432972795784
-0.00719422825376048
-0.0044466402429737
0.0145575018270057
0.00489155372928241
-0.0168749145404037
-0.241954117841228
-0.00326586109296767
0.0157274140613242
0.0266667096774194
0.0180141592788372
-0.000411440346149816
0.0144091595549953
-0.0083198053636323
-0.0147329039233253
0.0087226995338443
-0.00741200329421443
-0.00767473569124111
0.00815217391304324
-0.0234294422558573
-0.012526539810044
-0.00172001727456539
-0.00559987077320701
0.00931340737766551
0.0158798719261748
-0.0114068652302494
-0.0128204703594117
-0.0179654108665496
-0.0101388364588679
-0.0342908260966377
-0.0295134662096718
0.0242338085055831
-0.000927882140387748
-0.0287902948688182
0.0141046132390814
-0.017444555277914
0.00743766794625711
0.0119075964797526
0.0369498452836035
-0.0131638898510239
-0.0121894894204231
-0.0395809303939247
-0.0176969696969697
-0.0148075518262587
0.0165331671609803
-0.0110892306018122
-0.00797408402755839
-0.0120572466200138
-0.00661078023845507
0.00895822882006647
0.0175038821666098
0.0501121403612033
-0.00308634860129042
-0.0781139043527551
-0.00439157851696159
0.0246497398897316
0.108381812692742
0.00159926890564321
0.0330748403284671
0.00176635014867865
-0.0204981269671176
-0.0186768231025388
-0.00550337066032158
0.00345863508090005
-0.014705859375
0.00699624517266217
-0.0236220472440946
-0.0493358159392788
-0.0503992240319748
0.034944770495408
0.0426504453579701
0.0538105429754077
-0.00254161281288379
0.00671765145784819
-0.0154164292548651
0.0401962364992701
0.00921141357948385
-0.0218165414878246
0.0127446748462603
-0.0130337528089888
-0.00523677164101877
0.0105287940153078
-0.0226500555990915
0.0164542054945906
0.0287277239232167
-0.0170656253782275
-0.0279593473713348
0.0106703546585398
-0.0114757860913473
-0.0206640352913862
0.0128022996680892
-0.00749061312053811
-0.0436321441682951
0.00369918628111443
0.0378378614781851
-0.0137311073043983
0.0448871579452712
0.00827015870135916
-0.0118478015914287
-0.0149872726536147
0.0184924387057013
-0.0211445194734323
-0.0157314393050013
-0.00882631244400345
0.00505412767879987
-0.000239415720278635
-0.0352096047904192
-0.0126613458952666
0.00326884586371623
-0.00751889686622076
-0.00353532846138016
-0.0235681708963046
0.0059693487144914
-0.00206393199504307
-0.00361941571871771
0.00389200820207569
-0.00129232363123077
0.0082815737132913
0.00924027231109514
0.0826551373346898
0.0216115104533707
-0.000229983893769381
-0.0147194112235509
0.00606904761904747
-0.0415312548274364
0.00798833192959747
-0.0634005538760941
0.017179435897436
-0.00882273802988343
0.0389114445574772
0.00073446760021878
0.00611545973298777
0.0265013365791069
0.0137375174387133
0.00233651874618035
-0.00885785506490178
0.0117591721542802
-0.0030218735471873
0.00326416421693065
-0.00766902179105322
-0.00843093657070404
0.0125176901275388
-0.0202938889734987
-0.00142859523809524
0.0066762519474548
-0.0433444328909419
-0.00594199073884605
0.00821912785957002
0.011363611660079
-0.0368832202462926
0.00684760334770473
0.0158690424214347
0.0121497142499523
0.0198432386085252
-0.0184962762792151
-0.00562897685685315
0.00935262098566048
-0.0192635220318713
-0.00397812023923128
0.00773834229310189
0.00866985406663012
-0.0235757116017753
-0.0201207002072786
-0.0300307502574629
-0.0172003700132211
0.0102315834741944
-0.0365138059701493
-0.00110652829286162
-0.0149543335653742
0.00534152375597419
0.0204139832446297
0.0279527526471499
0.023993656304647
-0.0437386097370477
0.0288592703512116
0.00635083338579423
0.0184065479465303
0.0302091918409502
0.0135337587201123
0.239119738850636
0.0321293148647115
0
0.00232016623510889
-0.0316357831790124
0.000597589629530049
-0.00139358948835355
-0.0203349481658691
0.00875052927860254
0.024006415170466
0.0340820344397963
0.0142884353481258
-0.00957930091738168
0.039635880902712
-0.000912075884713537
0.0122329559978089
0.018578679988793
0.00194795463169894
0.00123718624117397
0.0112974223725535
0.00960026165822558
-0.0112379149377594
-0.000524549755631321
0.00472358292512243
-0.0118405014800627
0.0244933744493392
-0.0132438942766409
0.0196967233692997
0.000683777777777728
-0.021352920714846
-0.0214697151078771
0.0130217621651487
0.00316957205195334
-0.000877707549978846
-0.0154602429887647
-0.00196290146390243
-0.00715181476846061
0.0133261482680742
0.00177712813221964
0.00886996645148064
0.00158255673610963
0.000175596913195131
-0.010882973303792
-0.00798573231537647
0.00751338076875196
-0.0458096235795455
-0.0474507425585878
0.0037117015767083
0.00467103922399681
0.0296397332359499
-0.0253998673414914
0.0094594982521139
0.00669340205214386
-0.0125379751621957
0
-0.00654099653712958
-0.000774612718331125
0.0046512017306668
0.0302854938271604
0.0320164575922113
-0.0417271233985327
-0.0219613782658085
0.0249709833526908
-0.00982060415825114
-0.0213617966812893
-0.0220230165265443
0.0137504782781985
-0.003734991227344
-0.0153906471981058
-0.118036147573701
-0.00499879595541008
-0.0429321981518109
-0.0107373180625148
0.00410038601303375
-0.0211386254830981
-0.00122696932515332
0.0208844712313399
-0.000962719638091802
0.00120460135893041
0.00577473518347604
0.000478492834413702
-0.000717336202773922
0.0222541272492434
0.0662452699848952
0.0430296167514737
0.0197853723336296
0.0235293906392284
0.0254083081266383
-0.00353982314807566
0.00138156705670278
-0.0177375239362425
-0.00341095505617983
-0.00503321944969681
0.00930803356163623
-0.0158380309575374
0.0179262782644123
0.00140084047626887
0.0123900676980402
0.00276350177654971
0.000393720480191373
-0.0631640889413617
-0.0298257082582292
0.0270621352470695
0.0206576522061057
0.0218918224655853
0.0121261519805982
-0.0183706462312043
-0.0126118592351505
0.0105067570971002
0.024057105485364
0.0173202866812663
0.0158513117750023
-0.0036601618185319
-0.00290025129736571
0.00135735892961031
0.00697135954630812
-0.0155769423076924
0.00781404586470114
-0.00465210312075992
0.00175269724450633
0.00466564939085634
0.00928792569659431
0.00325924079754603
-0.00515958321576215
-0.00653092572933289
0.0228151774397685
-0.0487713025039205
-0.0258346581875993
0.0132598531211749
0.0148983698368581
-0.00277722674072589
-0.00318279291824164
-0.0279385745771586
0.00862250069025872
-0.00692041508405428
0.0239802823533455
-0.00120090074461376
-0.0220441474130603
0.0104508608698948
0.0156155137778238
0.000998382547988008
0.0129662474971823
-0.00866480915054746
-0.00158923321414384
-0.0133306411989909
0.0125025005041339
-0.0191196777359028
-0.00609135025380714
0.013687395021708
-0.00826279742569114
-0.00955084351861102
0.0242100113167825
-0.0150240390634631
-0.0292861106075295
0.012151707521475
-0.0167667353184282
-0.000210484210526385
0.00400079999996628
0.003565394295302
0.0369906180560342
-0.0100765822264527
0.0146580011127444
0.0054173555377206
0.00798237860741624
-0.0502870144639483
0.00416920983595559
0.00145326973025828
-0.0283997293366612
-0.00170680609572882
-0.00748027340285795
0.0195951554607052
-0.00718057052505039
0.0108487985896106
-0.0117845328282828
-0.0114991697508342
-0.0165875922700385
0.0245344567564314
-0.00299335043831528
0.000428929864273453
-0.00214368693917744
0.0208378307376549
0.0542928872053872
-0.00998004031856448
-0.0131047787542249
-0.00224721139433681
-0.00593777641277649
0.000206014422369005
-0.0080313630965535
0.0404816500096181
0.0131683961126974
-0.00807404505856724
-0.012705956178399
-0.0299617534687312
0.0176201899825794
0.0246485842330413
0.000397634202736308
-0.00278219395866453
0.0314866082104426
-0.0397990162209821
-0.0511066589314556
-0.00551310432569962
0.0130063107459997
0.022311135437219
-0.0205888408482603
0.0119823207904142
0.00270047782925786
0.00662937642428019
0.0065857172257664
-0.0179922510734001
-0.00666250274125535
-0.0255710967422156
-0.00559264333866882
-0.00064890763573433
0.0491341980706885
-0.00206317305419501
0.0111639654985314
0.0347577387037417
-0.0246986756629386
-0.0301864256445213
0.00020894088591894
-0.0121136588948693
-0.0272727489909671
-0.0173875034726148
-0.00796286237475929
-0.0131549615676683
-0.00112966566333783
-0.033024180796747
0.00210526315789483
0.00186736694677858
0.00512583900865993
-0.00695407990157815
0.00326797385620892
0.00232671009772001
0.00974925674330285
-0.0321839540229886
0.00878867025124341
-0.0101247937338171
0.0318744045700665
-0.011756615681037
-0.00513172393589278
-0.0060962013553949
0.0276008970889572
-0.00757578035868278
-0.027758524173028
0.0102307877761312
0.00235520495419683
0.0197368651377616
-0.0138249532799561
-0.0172896733011606
-0.0126010933761034
0.00626058286204145
0.024407752466912
-0.0343377941056342
-0.0108853652636671
0.00317928596672257
0.00633834714773274
-0.10804261405142
0.028517083107007
0.0105624771735537
0.00287434021426702
-0.0203231625762594
0.0132978730477593
-0.00131230978017371
0.0042049935402102
0.00235540440605608
0.000261148831883773
-0.0101801876747537
-0.0168776116496632
0.000536480701085917
0.00804286884833427
-0.0292552675135781
0.0109589589041097
0.00352295373859324
-0.0167431546514489
0.00274644328481211
-0.0134209265089524
0.0105497501388117
0.00164826914020511
0.010696626733314
0.00189959304746767
0.00785484874620002
0.010749852479168
0.00345655401604472
0.00238473755247814
-0.0116310593903748
-0.0173842475898437
-0.00435492627354772
0.0177692171804691
0.008863846360462
0.00638972293957063
0.014550238480165
-0.00182526737028776
-0.00391844315356427
-0.000524521360489971
-0.00183678819635824
-0.032071529125354
0.000543183052688745
0.00624321389793692
0.0129484488804963
-0.00692404812048075
0.0126038344702648
0.000529687528055378
-0.00582313408743063
-0.00638980281177304
-0.0112539657020364
-0.00081308938682445
0.0192569302754795
-0.0218202223618827
-0.00299227437389971
0.0223737777695074
0.015478996117454
-0.00105127466626209
-0.0178899246456157
-0.0163407706219785
0.0321351026106997
-0.0189974132455191
0.00887568585260912
0.0157291397349579
0.00367464586218613
0.0107217567614144
-0.0108668040948615
-0.0274653413549568
-0.0118342657342658
-0.00734896530490103
-0.0142582940976613
-0.00361616123459918
-0.0103293969849246
0.027080365949778
0.0126338643229882
0.00271228648528044
-0.00595079778331631
-0.00326527891156458
0.00354892155203612
-0.0133296525206558
-0.0851943755169563
-0.00301380349608193
-0.000906983016506491
0.043570440047517
0.00376912126592521
-0.0118428657378066
0.0257235026519587
0.0173838985465944
-0.00840333309794583
-0.0177966656612053
-0.00603966062697736
0.00347219318656844
-0.00230686274509806
0.00982661906512261
-0.0114481399956537
-0.000579067730773764
0.00898035921205098
0.01464249126371
0.00905489530277293
0.00252383623107133
0.00643356643356641
-0.00778207337409664
0.0154061340222371
0
0.00441379310344825
-0.0252677286459764
0.0154972941393465
-0.00416209755377073
-0.0735580683632787
0.00120303759398488
0.0051065783987212
0.017035266498364
0.0141051723216332
-0.00898281709549797
0.0154970463304955
0.00835012957097625
0.00456881781838936
-0.00767481523592961
0.000572901747350363
0.0163183509876896
0.0197183380281689
0.00966845277158979
-0.00300957600573393
0.00878153152528904
-0.011153428245562
0.00275111431918096
0.00960213965426227
0.0116848101001306
0.215417673918883
0.0117126850828728
-0.0135430103438841
-0.0104074623560673
0.00738422482399259
-0.0219902487783209
0
-0.0154440385065645
-0.0320645689533826
-0.000238274552866513
-0.0035757329302567
-0.00334925845333156
0.00312052328372547
0.011964584542604
0.0040198154641804
-0.00329719743987755
-0.00590737240075612
0.00356550986451154
0.0139744193753097
-0.0084092499787608
0.00471144865226281
-0.00656513451042751
-0.00519228239774094
0.0128113161180869
-0.00281093939589927
0.00822170542635647
0.0349487434738465
0.011256191411805
-0.00601059688382
0.0342664710294973
-0.00151578605456915
-0.00412064619126762
0.00522652461787998
-0.00628251733102247
0.0252888603725498
0.0323197965621902
-0.0173017511287693
0.00293437440650535
0.00668756558777694
-0.011833091626867
-0.00147056728867934
0.00168318959989877
-0.0027305397452102
-0.00379109098567809
0.00549687115215369
-0.011774621283124
0.0138298297872341
0.00251832098558991
