0.00839515781354327
0.023233222720882
0.0158940403365768
0.00745021447011407
0.00369754113514498
-0.00184199668447216
0.00701240107076573
0.00109954187282391
-0.00146443340785529
0.00934925756186988
0.0118052665526602
0.0131035361694489
0.0113395468228046
0.0075332162742392
0.00434707022594583
0.000692555425642505
0.0131488235294117
-0.004781488907736
0.00171592318860414
0.00017125727402334
-0.0116458297653708
0.0100502512562815
0.0039457882998799
-0.000512611073137492
-0.0046161735470619
0.00257636542162953
0.00239849245840307
0.00529827398045701
0.00680044202652152
0.0104694018754001
-0.00033422459893051
-0.00551651621531268
-0.0139519578432692
0.0357994885782476
0.00362083619555076
0.00623155132830444
0.00211867666232068
-0.00211419736171092
0.00863754889178625
-0.00549361770883827
-0.000324971567830956
-0.000487534551845692
0.015609756097561
0.0188920909382004
-0.00141420490257704
0.010542911093627
0.000934226068694421
-0.00357800260043573
0.00374700991431642
0.00155545185876482
0.00186367448361535
-0.00465047265073726
-0.0105902818875564
-0.00708320500812853
0
0.0302789464084037
0.0186182187603698
-0.00543806679384085
0.00243019455833493
0
-0.00378787878787878
0.0130798479087453
0.0019516288845518
-0.00509433638280898
0.00903611418565919
0.0104477014925373
0.00384053198466949
0.014125927015892
0.00609399321224569
-0.00663394904147385
0.00667825222643015
-0.00418217503214158
0.00912376485886957
0.0117680826636049
0.0120567092198582
0.00280316756280774
0.00223614243264048
-0.0119927764607446
0.0118560906663683
0.000278951031414287
0.0103192860131085
0.00565913074722602
0.00535273126544067
0.00245733788395919
-0.0134822007353943
0.00483155701735072
0.00480835279571368
-0.00300795734208359
-0.00781678573276989
-0.00359366976070963
-0.0130391739791468
-0.00295151080951472
-0.0135325341547075
-0.00471566134806156
0.0669058990120344
0.000538285574977593
0.00968395453083937
-0.0142533635273744
0.00959459459459455
0.0211484406371305
0.000786446454319023
0.009168382689414
-0.0136275658077838
-0.00263152631578945
0.00791554047939091
0.00562827210397177
0.00143173235892946
0.00298929027841721
-0.0161980048256578
0.00223917287247555
0.00315423856770858
0.0119218652712731
-0.00750898517630727
0.00143480295148435
0.0046893580663987
-0.00207436800400285
-0.00792519142717441
0.0070717915138816
-0.00117040309049676
0.00338500204101044
-0.00960163487738419
-0.0145421193621873
-0.0174155539107802
-0.00730620986030528
-0.0208532909676082
-0.00779507281709746
0.00771610571593984
-0.0200473612683457
0.00767154425344518
0.0108557169039898
-0.0160389409226744
-0.0160170933512632
-0.00907516591976854
0.00174449774676533
0.0177041638250377
-0.00171105095425783
-0.0257106406024672
0.0233104236915409
0.0121776210786464
0.0161358523386879
0.000696420114221885
-0.0069599113006632
-0.00154179991823944
0.0169871954520739
0.00911093293454068
-0.000136826269133361
0.00519915201527699
0.00394718922152748
0.00393169729035536
0.00499654260653393
-0.00255299657492614
-0.000538892601972485
-0.00336972628737764
-0.0154178789446071
0.0026098075489116
-0.00945326782992928
0.00401095413494024
-0.00537264115567659
-0.016481912270466
-0.00450640742130937
0.000141377842937329
0.00834517727554052
0.00687330621405535
-0.00181103376458724
0.00125605020918207
0.00850292747429404
0.00774023518286771
0.00864073467887905
0.00557514277943971
0.00459775548872243
-0.0113070938215104
-0.00694341766880413
0.000137016722319139
0.00219333802293842
-0.00601835590206523
-0.00220167888266631
0.00992969218232798
-0.00163872720804437
0.00629188893448229
0.0247383444338727
-0.00318341955166468
0.00558879559311243
0.0101891755987826
0.00799056892798378
-0.00714742077439479
0.00340316745017888
0.00678314600661922
0.00336877429385862
0.0116218230469569
-0.00536122059541577
0.00128334192205704
-0.00871571436635299
-0.00801647313247866
-0.00417101136154807
0.0136125650886765
0.00206606399622755
0.00515466508130591
0.00615389743589745
0.00407747175955819
-0.021319821252801
0.0134855027623055
-0.00921189819795809
-0.0232438268790335
-0.00740346377578016
-0.00399579104965908
0.0109654990897432
0.0108465611335069
0.00366393623826045
0.00782279049923296
-0.00129376448673924
-0.0321242762758693
-0.018201311075982
-0.0477099236641222
-0.0332092756942456
-0.00325732899022824
0.0421866310160428
0.0128277358707105
-0.0166056858037062
-0.0125929883398108
-0.0188406376811594
0.0236337975559113
-0.00230885989559249
-0.0144634075788256
0.0287642794247138
-0.018544850743077
0.0290697657517578
0.0533897992435139
0.00348610878288791
-0.00694810299027815
0.000538213132400545
0.00860677783754715
-0.0205333333333334
-0.0019057990743262
-0.00681942171303873
-0.000823921999450583
-0.0115448594957432
0.00417135717940353
-0.00996956494130241
-0.00391605594405608
0.0129176912968916
0.0169115608538952
0.01254086695747
0.0250404153214974
-0.0246913317572892
0.0102342308043568
0.0130632371667947
0.000789447368420904
0.00447020784828323
-0.0198953397933157
-0.029647356561094
0.0203687850058472
0.0118693822497977
0.00853116547753485
-0.0029077714561051
0.00954403474167442
0.00551467933221206
-0.0122747711602305
-0.00713910629296666
-0.014913369238705
0.0191943487864641
-0.00132623338657201
0.00398398385211229
0.0105820637720122
-0.0115184028398323
-0.0198622891876212
0.00162123759098809
0.0134879956838414
-0.00984825658770294
0.00188169349780409
-0.00643952240407852
-0.014042695491296
-0.0125992611667632
0.0135922888652507
0.0131362612715857
0.0140464883846567
-0.00586044203888003
-0.000267926045016131
-0.00160817470897412
-0.00348995973154365
0.00134695585525213
0.022598871272471
-0.00920805099752986
0.0143388475836432
-0.0023560208807325
0.0472316702379514
0.0160360561262842
0.0217016281554039
-0.00048274197441478
-0.00386380101424766
-0.00290906666666668
-0.0012156333280906
0.0189873165049992
0.0107501191889605
0.00283618523195028
-0.0115484562809333
-0.0309966626370209
0.014025590896299
0.0215966760882473
0.00498819501131575
0.00354521381363249
-0.000235468681947015
0.00447580672612946
-0.00773916528468965
-0.0113448118330226
-0.016017259573643
0.022594752186589
-0.000950368258493817
-0.0233055653580396
-0.0065741660579498
0.0117647061707036
-0.000968919597115314
-0.0494665591917284
-0.00433678560365347
-0.0138354346358041
-0.00779430980543983
-0.00890288056828703
-0.0184939507790727
-0.000807617722335507
-0.0121228720938273
0.0029997547313747
0.0184883093661858
0.00961027788601898
0.0261766525647806
0.0334965206519835
0.00099728244833508
0.000747148157053568
-0.0303633897461423
-0.0341375265435711
-0.0215254046897315
-0.00244432373709946
0.00326702967601422
-0.0113975040107194
0.0521548723579468
0.00417427580619467
0.0241620148525843
-0.0345001793252248
-0.0063058590040499
0.0118984664198838
0.0133263391690617
-0.00206286751064633
0.0196381907070236
-0.000253370508194961
0.0116603038869376
0.0177900025056377
0.000738626310650581
-0.0701107714582646
-0.0253967996136718
0.00570029858849064
-0.000809689630490884
0.0213398433279308
-0.00211586876181258
0.0241187119003448
-0.0064699794635088
-0.00651211269893492
0.012323073212456
-0.0134680390192167
0.0123392228931478
-0.0111514519929603
-0.00472069224440885
-0.00948619210840063
0.00159622239957424
0.0108897470974902
-0.000788281639824473
0.00157772815087398
0.00420057757941716
0.00183006535947716
-0.00756787578288109
0.00499610846689769
0.0225013337911739
-0.0232856692279596
-0.00471564080249631
-0.0215847316880898
-0.0002689803749788
0.0188374865446717
-0.020866375571411
-0.00431615861882939
-0.00623137361148729
-0.01226826608506
0.019873060999172
-0.0129905273886189
-0.0244035913242778
0.033445697951338
-0.0100624966004896
-0.00247255480920028
-0.0107409250691015
-0.0147549841177607
0.00113029107460538
-0.00649164549816539
-0.00568184642949299
-0.00228577142857145
-0.0105956191635521
0.0373372224989066
-0.0167410156250002
-0.0150398118592614
0.00518582555994884
-0.000859787929486822
-0.00286870330267619
-0.00863058162431429
-0.00261172381345698
0.0133838525860883
-0.00602937088547972
0.00519930690928105
0.0206896845025772
-0.0163288569819821
0.018603349130033
0.00337170553526267
0.00140014005601063
0.0184563768711619
0.000549176306928967
-0.00521402319467679
-0.0063448275862068
0.00749586340921682
0.00633780638363746
0.00164299014238756
0.00628756116525087
-0.0182016294973748
-0.0105146931520391
-0.00139818240482004
-0.00672075067826239
-0.00817595127781368
-0.0133598919840817
-0.00691437645964788
-0.00725268328248674
0.0131501165064254
0.0135564184341748
0.0421172465030519
-0.015565265307626
0.0110957562023788
0.00932784610897541
-0.00652356600914461
0.0213407119381863
0.00669702616142365
-0.00691862656100972
0.0144694801714897
-0.00845219206412595
-0.00399579104965908
0.00240708752091678
-0.00480258804695832
-0.0158176947940399
-0.0100789705823746
-0.0035773527793066
0.00524725228520428
-0.012087993841319
0.000556201350283558
-0.00528068371317403
0.0176025979993686
-0.0233387711882905
-0.032892831037391
-0.00610473801716638
-0.0052647266822089
-0.0411642776338889
0.0180926090741305
-0.0195783729042659
0.00215053770047735
-0.00950331114357172
-0.000619003385360584
0.00650353030339024
-0.0061538769230769
0.00866882379779632
0.00460398989539645
-0.0192484570730216
-0.0068535518288817
0.0181932251628991
0.00462113384538276
0.00766635977717378
-0.0185636330321474
0.0229457984496122
-0.00697193046547839
-0.00244194154102217
-0.010709853121175
-0.00525833558562738
-0.00528606965174128
-0.000937824320100034
0.0168961519679647
0.00523070769230771
-0.0413222553610196
-0.000319316730523544
0.00638776769044291
-0.0196763249761981
0.00194244098227392
-0.00775450701924052
0.0175838820444116
-0.00544
-0.00933072715572714
0.00974339039482319
-0.00804117079446764
-0.00291828793774318
-0.00975606504065041
-0.0121510997651528
-0.00598404255319152
-0.00200668896321066
-0.0113941018766756
0.00610169491525414
-0.0134770552560647
-0.00956287535645917
-0.00551724137931031
0.0183772884882107
-0.0125979226217935
0.00172410344827578
0.0364888824953145
0.0352042166986313
-0.00128331729226816
0.00449730178275942
-0.0140709945634794
-0.00616286084982154
0.0120757510468588
-0.00290228958400518
-0.00517464424320824
0.0136540962288687
-0.00865939704939067
-0.000323519896473723
0.00388349514563102
0.00773694390715685
-0.00895713371721052
-0.00613295674628789
0.046443649027488
-0.037243977739169
-0.00322372662798187
0.0103492884864165
-0.0108834827144686
0.0449838511326861
0.0179621549098126
0.0197749017272559
0.0334128579952266
0.0063510971810361
-0.0332759600322443
-0.00534127580589683
-0.00208827565632463
0.00239156943522945
-0.00178938269577622
0.00687182531007391
0.00534124613230724
-0.00649353581778245
-0.0166370172311348
-0.0241691555389217
0.0328174003968233
-0.00179862104920192
-0.0111110814147471
0.00425144245368969
0.0169338070758995
0.0166517390231418
0.017256508255528
-0.016101150549199
0.00584444752061808
0.00871595053549989
0.0357142270819635
-0.000556173541606642
-0.00166939347994977
-0.0108695370437699
-0.00788963043732693
-0.00653220694496492
0.00285883361921102
0.00256545025282495
-0.0139322726148577
-0.00259515570934243
-0.00231286498988148
-0.0228918297821982
-0.0142348453667011
-0.000902617274210593
-0.00301108109036696
-0.00573853803266267
0.00820173196851348
-0.00361551683083816
0.0136074992440278
0.0173030429594272
0.0217009396892047
0.00200918484500545
-0.0186193640790603
-0.00496199678704012
-0.0164271340569084
-0.00417536546899366
0.00239598689415965
0.00806695524150092
-0.0112626252956357
0.00719415446060689
0.0107143161139476
-0.0153121323707931
0.0197368127911726
-0.00234598254228624
-0.00970020576131692
-0.0181061744762889
-0.00725519907767835
0.0197929963459194
-0.000298656297482491
-0.00806454599761031
-0.00421556772705722
0.013305049894164
0.0128320210583122
0.00206243376730808
0.00617474308584209
-0.0289304784064737
-0.00722232922058386
0.00909363388338069
-0.0321417833541067
-0.013035443419136
0.00817616377912467
-0.0433562369508347
-0.0339093902836648
-0.00877482311086153
-0.0190671426943431
0.00659496725425091
-0.00586206896551733
-0.000346860908775559
-0.00451072172102707
0.000348553490813863
0.00487801376731656
0.0166435506241331
0.00784444065484302
-0.0121826738471295
-0.00890719393945894
0.00103695126166614
0.0103591509101917
-0.00546821599453173
-0.00584192439862552
0.00380231593501557
0.0103305437214001
-0.0047716087252897
0.0099314722626207
-0.00305188199389628
0.00986397959183671
-0.0127989891276864
0.00682364404038371
0.0118604201965435
0.0110515736419432
-0.0205366339669879
0.00980727088265132
0.00368379090141358
0.00100103440110222
-0.00600000000000001
0.00435952380952376
-0.00801342210305767
0.00807815577509774
0.00634383952107376
-0.00995351725127791
0.000670274798927561
0.00971195546845416
-0.0165837479270315
-0.021247892074199
-0.00689179875947621
0.0201249132546841
-0.00612248299319718
0.0044490419044847
-0.0146507666098807
0.00449512448132783
0.0340792438581496
0.012982656025877
-0.0299046993098916
-0.012872662601626
-0.0109814348312092
-0.00763358778625955
0.017132867132867
0.00481265039532497
0.00171060554225111
-0.00546448068768846
0.000343337900297502
0.00377621022232089
0.00718197674418608
0.0105262814761875
0.000672076612903139
0.0157823701886377
-0.00396697520661149
-0.00132754733911544
-0.0093054503157195
-0.00335457911286752
0.0164928312518624
0.019205297377308
-0.0243664709432595
0.00965697603539883
-0.00131922823219
-0.188903626522337
-0.0924266324277945
0.015702018138088
-0.0114840994471774
-0.00044673817903218
0.00849342831947131
0.00177309405022585
0.000442522123893729
0.00707647027525549
0.0254721124286343
-0.00471092077087809
0.00344234079173855
0.00986273584905661
-0.01358806851754
-0.00430482135170029
0.00129706015119146
-0.0237477979274612
0.000884475856502753
0.00751215234256075
0.00526320198522834
0.00392670157068054
-0.00608426770969162
-0.0139922162661907
0.0172949896804873
0.0139493891042115
0
-0.00128976784178858
0.019371502367628
0.00168914695945954
0.0096965434104781
0.013778705061432
0.00988463715466903
0.00326264274061994
0.00121947154471536
-0.0231425100748076
0.0029093933046298
0.00994620845197702
-0.00984825564840952
-0.00787393318996832
-0.0154553460544967
-0.00339414509970304
0.00383141762452111
-0.0199321034775233
-0.000865469456275636
-0.00996097877869206
0
-0.010936132504981
0.0145953111634094
0.000871752359557387
-0.0810104129359935
0.0303317535545022
-0.000920009199631866
0.00414364659961541
0.0178817981605592
-0.0148648641952764
0.0251485585208708
0.000446030330062408
0.00534993312527865
0.00975614233951849
-0.0750988581466842
0.0132953947433709
0.0112464854732894
0.00695088044485637
-0.0216290842153704
0.0145813734713076
-0.00602684283727406
-0.0144590478330666
-0.0156176060396407
-0.0278846167252219
-0.00346186960741213
-0.0104217866004963
0.0125376122097487
0.00198112917379256
0.00148294611962441
-0.00987171767028627
-0.00498504511391062
0.0300601217464991
-0.00145904676357245
0.0082805646234505
-0.00338173896706573
-0.0164807569791934
0.0118284863564078
0.0121773009168387
0.0105870543509599
0.0142856666666666
