-0.0053260285086838
0.00544085840365449
0.0316956112643121
-0.0276413285518163
0.0250877641485763
0.00451053287244796
-0.0017462081864924
0.0144939438277232
-0.0105920107513588
0.00240664730290452
0.0165576619210392
-0.0101799820003259
-0.00748727984624586
0.00978198648218487
0.0157622939949478
-0.00331369102124734
0.0115958481998055
0.000721410821643342
-0.0103331707892717
0.00866046114138896
0.0101106882496225
-0.00857955215871187
-0.00865386197146167
-0.00646623822772185
0.0104132689621423
-0.000241537848024165
0.00781187900156044
0.00207769699598614
-0.000797440178669229
-0.050758187132685
-0.0291743815507924
0.0310037409629884
0.00999575783295015
-0.0148869014452246
-0.00970868745568643
-0.0260017299402797
0.00875273522975939
-0.0261171540130152
-0.00329646299530406
-0.0201126301927426
0.0121327674110718
0.00414607492057883
0.0354545988527206
0.0230582175532401
0.0192340625123046
0.0179565714693111
0.00694165798958735
-0.00648826423791737
-0.000734661224489841
0.0109467850356413
-0.00864646464646457
-0.00529834528855566
-0.013193485316672
-0.043016110995119
-0.0219541742789687
0.00496848553782714
0.0161560964815775
-0.00738486546281258
-0.00831507221006567
-0.0159753305566991
-0.0128262626751505
-0.00754129579395413
0.006866245348359
0.000181823963034455
0.00563639090909085
0.0278430113584429
-0.0519788580117552
0.0248631596171893
-0.0107721733432409
-0.00256221634848297
0.016697247706422
-0.00658729471214581
0.0239804441449885
0.0192495249024345
-0.0046126979179687
0.0175744858553515
0.00120295586534525
-0.0102127963494542
0.0103181737567299
-0.00137312052968908
0.0140082243553779
0.0011018306822923
0.00956651685828347
0.000838557651991589
-0.0119815670210568
-0.0111092013417436
0.0245261982289151
0.000251100692633344
-0.00753139748953979
-0.012816155359463
-0.0105910999215733
0.010272816307763
-0.0103392208009846
0.00276289932654117
-0.000947132778948978
-0.0198224254056919
-0.00105514813008489
-0.00387292488449142
0.0118406293512525
0.00515235341625431
-0.0058210079204345
0.0134580180022721
-0.0114685003753686
0.00357644804236257
-0.00139073442701254
0.00696320834679454
-0.0796092906973933
-0.0129602269075818
-0.0163653761439653
-0.00251493526354041
-0.0015516291247587
0.003399368719885
-0.0119058757507671
0.00881662404356143
0.0196154296091835
-0.00285717142857145
0.0025788348398903
-0.000190568732108543
0.0102906339292226
0.00282941622964628
-0.00742970925553066
0.000568476401663132
0.00340910044335407
-0.00783316353183428
-0.00608769160337752
0.0275624945461286
-0.0204899407518876
0.0101740041870115
0.00715363341780173
-0.00467289719626163
-0.00253518309859158
-0.0130848814905897
-0.0160243424656369
-0.00649482332319418
0.0118060203299057
-0.0022178978462265
-0.0142070260538607
0.00254903921568617
-0.00664971627909816
0.00570980496732032
-0.0130188131159432
-0.0217197555941732
-0.0155109287866072
-0.022860693822874
0.00400461591321122
-0.00650776760284777
-0.00147913361903573
-0.00962865284882763
0.0212606628474501
-0.0175749771974046
-0.00393997427579706
0.0102629782952428
-0.0222222010582011
-0.0205627917627101
0.022320408839779
0.0124297561315312
0.0043771112282931
-0.009034853124259
0.00997534023462388
-0.0110450398876364
0.000429563989597481
-0.0024689135908581
0.0196922629936511
-0.00643731518705537
-0.00308020174019752
0.000958832293215028
0.00457690275391931
0.0190718696462768
-0.0101892597213559
0.00588240564755482
-0.00146197783078583
-0.0293872088667473
-0.00420213348135168
0.00573467876508715
-0.0209789893807096
0.00219776923076909
0.00997811436331508
0.00325700788994676
-0.00822423944489814
0.030005454882587
-0.0185381352004632
0.00647596316295806
0.0135120857908848
-0.00433820750527547
0.003719436848447
-0.0112228484242302
-0.00899449629504756
0.0653700140884923
-0.0121703450744491
0.00359340855044343
-0.0123785063938618
-0.032939713766939
-0.00385605180102766
0.00204303225806468
0.048932266360505
0.0341687570332481
-0.00237410237903268
-0.0164600499050084
-0.0173404674394503
0.00512978347050597
-0.00530778804421983
-0.00194966655565931
-0.0129549863673661
0.0388541979166666
-0.0147398070368051
-0.00417264392076855
-0.000715370479619226
0.00818166300042589
0.00679649002238825
0.00191437783375314
-0.0141794345498907
-0.0280526372340369
-0.0261334805429626
-0.0347020257064121
-0.0339399464106285
0.0338610890311
0.042588844652234
0.0140452990472379
-0.0194544719929272
-0.0323485018837287
0.0192779478332503
-0.000874625550731034
-0.0114892549676032
0.0308833420802896
-0.0107376788597985
0.0108542280751405
-0.00612046621240636
0.000108059639327029
0.0192286701955278
0.00953897211529364
0.0148031916010498
-0.0220360532987356
0.00285627846034364
-0.0316455686188111
-0.00315905218434476
-0.0132225874063471
0.00808411933275344
-0.0240580360766565
-0.00776670453699702
0.0309698801821923
0.0254181896594914
0.0105161066527286
0.0153977384601833
0.000522850851615297
0.0110798058133124
0.0178847921673277
-0.00517978879930725
0.000306339978754622
-0.0184732082525042
0.002079702653212
0.0169139457223011
-0.108469357142857
-0.00801196035211293
0.0229607251173582
-0.0140988037853009
-0.014414848899904
-0.000232211254040382
-0.00267032402195488
-0.0438882993273969
0.0180202612207572
0.00598014584403606
-0.0160503980971299
0.0231995886128664
0.0224374350495984
0.00577500564160305
0.0167661801385812
-0.0100519425112724
0.0247575350882479
-0.00322869071476273
-0.00793029161097181
-0.0123845868047736
-0.00307802094074305
0.00594630094727155
0.00272818003037201
0.0471602318009323
0.0138573017043206
-0.00128139879804801
-0.0183898323360402
-0.00435675861794482
-0.000218849131655152
0.00951967402910237
-0.0145242138624709
0.00780905208554894
-0.0710465373037173
-0.0285479430727933
-0.0085862738278808
-0.0306172469888785
-0.034730111554925
-0.00782164004460484
-0.0186571932905374
-0.000803387312802606
-0.00736962377206063
-0.00485962459882217
0.0287573924476752
-0.0516877400679187
-0.0265572309943614
0.00171396938397472
0.0250962794137863
0.0276811521446816
-0.0014889009808704
-0.00311774446730695
0.0118303370705692
-0.00188156151691643
0.0053857683608094
-0.0127226064744238
0.00352688546490931
-0.045958378779736
-0.0199773867957667
0.00809606789348161
0.00057355511658308
0.0214992126200033
-0.0408305896238498
0.000877662362819498
-0.0111077758289324
-0.0263081125445986
-0.023224029594294
0.00295264966441811
0.0444685924315371
-0.0327845552419787
0.0348160138719025
-0.0060768192370414
0.0341485247285573
0.0220619905425232
0.0196106103108329
-0.031548347788087
0.0194313478905943
0.0606867851629094
0.00039639270613101
0.0204728968494639
0.0172145219462976
-0.00432619948218349
-0.00907346964856226
0.0239876318804793
0.0154911205165964
0.0253007698859273
-0.0262489180173926
0.027453403726708
0.00362716725459045
-0.0205999151764867
-0.00159907743176835
0.0144141681511436
0.019310226830713
-0.0264506255212679
0.0326765149024173
0.0138659165868422
0.0101694327234565
0.00266146731454442
-0.00138491629809767
-0.0316652956392615
-0.00417709745581696
-0.0121045299112049
0.0350600509523231
0.00843883028598236
-0.0167364363466245
0.00378250599958663
0.0286151678901359
0.00183175734016627
-0.0113130496785956
-0.0123670831842494
-0.00117026335296411
-0.00480370251443929
-0.0118907696752821
0.0165614202311448
0.00562591420534475
-0.00407932386669041
0.00433005281439613
0.0015147634584014
0.00732990136113676
-0.00808506564830047
-0.00710293457509081
0.0304914517588173
0.00102419479830895
-0.00591174404174322
0.0354528697288914
0.00684783513532317
0.0032908620758727
0.00010935928394229
0.0497430408905319
0.0048948241479323
0.0044564204468116
0.0134131554563175
-0.0132356239743877
0.00103176849013131
0.00742116081491928
-0.0173930533536536
-0.0134319136460651
0.00517148284960411
-0.0173246748703207
-0.00576977265818024
-0.00730789874343163
0.00866076620133938
-0.0179242034544211
0.0182513442622951
-0.0150263070736569
-0.0173258913803822
-0.0245065313816812
0.00863933149210716
0.0161163186256177
0.0147514855922144
-0.0107115096887421
0.00618713940587456
-0.00516088722960351
0.00452543056347521
0.0272497082243774
-0.000748743197106383
-0.000535163787950488
-0.00289177456704159
-0.00762619780077756
-0.00671070469434687
0.00141663947095916
-0.00631122946003859
0.00602280989925541
0.0100141283330535
-0.0281280415117141
-0.0186294078509648
0.00971752542372872
-0.00716204110158858
-0.0157799930592878
0.000114544205222167
0.00778655656048199
0.0149982953073902
0.00391803416728931
0.0016726360392505
0.0143604694565187
-0.0441177004790045
-0.0295063037774123
0.0251982139500557
0.0287329550550217
0.010543959382076
-0.00566093931228506
-0.0233311448240422
0.0105155563039332
-0.00848320287373816
0.0289755063209898
0.00210645239821905
0.0100675297053605
0.0134720258442926
0.0257214419725651
-0.0055843112176035
0.0131384407651549
0.0188244608191448
0.00831456596827262
-0.00509009452030662
0.00112547832419496
-0.014615617931955
-0.00508252234902917
-0.00552542755474206
0.00241119616743046
0.00512442987478257
-0.0098844760182657
-0.011349326971445
0.0114796128511987
0.0127154156067499
0.0222060696625692
-0.00446657183094978
-0.00948303252778615
-0.00576484461359739
0.00704079504989052
-0.00287887100804296
0.00113418227054507
-0.00587083142942957
0.0108786058084938
0.00799424003279703
0.00732081357032666
-0.000605612193398497
0.000302989590890146
0.00403878226939836
-0.000703932005150287
0.00100631978445254
-0.0129687442146501
-0.012833591362803
-0.00206352666247489
-0.00217120551932171
-0.00766765086172105
-0.00208830538023308
0.0141257507586063
0.00154768884745526
-0.040280168950242
0.0108414980317091
-0.0214505261006802
0.00434075953682567
-0.00669911377528531
-0.00935494397911474
-0.0133963105303612
-0.00300496389549176
0.00133952888279687
0.00367895218547232
-0.00422078200845033
0.00501947562700544
0.0166481690709916
0.00906115740308211
0.00248841285296986
0.00712277111492443
-0.0100728996999571
-0.00303094835562734
0.0148751686183533
-0.00160480366315607
-0.0139305936562365
0.0206476968261584
0.0181005646954975
-0.0211253392242625
-0.00363243597505203
0.0138323072307034
0.00169218397592208
-0.0224896739783516
0.00378049246531686
-0.0157107392661144
-0.0124630915878092
-0.00232479791155094
0.00399467363533046
-0.0186781824045694
0.00461759201917333
-0.00493267953809451
-0.0112663359336111
-0.019029238399516
0.0161459758924836
0.00571559193933724
-0.000113684924516355
0.0401273043068398
0.0114754426229509
-0.108806047256422
-0.0166101109380415
0.0115892243670421
0.0371723935220332
0.000940094029144412
-0.00199575017609777
0.0116456649418735
0.0182558139534883
0.0133607171405734
-0.0229885175341114
0.0163783858031736
-0.00374491589611037
0.00785968780203095
-0.00599012185838199
0.00864129648577472
-0.0223198739975186
-0.0116453587577992
-0.00279978998133701
-0.0196537194786949
0.0288782567227353
0
-0.00231969377963692
-0.00744013046175762
0.00691033053093215
-0.0146562985383704
0.0107425806958161
0.0115626952267218
-0.00173192470001238
-0.00844316456677263
-0.00279954498543522
-0.00233941986991271
0
0.0102005274920796
-0.0189183487038835
-0.000828108373691183
0.00461755866229652
-0.0474955579845742
0.00445434298440994
0.00652868933234774
0.0257006367115487
-0.0269656968611309
-0.00331090116575472
0.0020915108525037
0.00822597943128223
0.0215537741760679
0.00441057342246487
0.0083075834724049
-0.00541430091118522
0.0403550769230769
-0.0262769411317511
0.00876168244770281
0.0291836138780224
-0.0178913463072573
-0.0146654332569367
0.00418605813953477
-0.00521071091696712
0.00162960066909101
-0.0128994882196576
0.00788790892658553
-0.00455554252358903
-0.00258156532995113
0.000705858823529359
0.0105807785229433
-0.00186128433994037
0.0101398015102634
-0.00288450450869981
0.00381858374956212
0.00115271469740641
0.000460575715845124
0.00886183690714515
0.000456228589722496
-0.00330664777559797
0.010525088180982
0.00101886106602844
0.00237501701820886
0.0197450080022004
-0.00995788924401053
0.000223480099794005
-0.00234635754189938
-0.00324785526657123
-0.00887641573033715
-0.00986286146539916
-0.000228944365877948
0.00137427851580418
-0.0106358643495915
0.0113281236544185
-0.0186306667877625
-0.0201491262503013
-0.00855810086383346
-0.015465782737524
0.00231362631586851
0.00024303244424817
0.00376529809874171
0.0152468903103447
0.0247914296831602
-0.00104680154523829
0.0129235186043022
-0.0142528505747126
0.00279848407652783
0.00558143023255808
-0.000578203032670865
0.0093717227814416
0.00447041504975743
0.0150633349901861
-0.00618319301348591
-0.0100678730753875
0.00559933709063332
0.0213636022727273
-0.00333772819329325
-0.00580491168106922
0.0169548847283827
-0.0284862758087666
0.0190930791929329
0.00769491485881368
-0.0396193222707024
0.0357224940737784
0.00211396313241963
-0.00455197068946367
0.00312288632063873
-0.00311316426254926
0.00423819967708239
0.0175477785701046
0.00392927295581957
0.00402255912081251
-0.0160259342940106
-0.000660338923946124
0.00396432119732038
0.0066908085267261
-0.00435826982303633
-0.0151017404826573
0.00188886666666677
0.00110900523697466
0.00398803602485986
-0.000993004556758437
-0.00265073997514098
0.0306754917826524
0.0309444181798646
0.000729546661684788
-0.00853988779024861
0.00630258423222441
-0.00219213980609168
0.00449838914105616
0.00562383895929508
0.00932064020962398
0.0142622513263109
0.00748606995419454
0.00361483095149429
0.0180090350577999
-0.00766583783783792
0.00881449926894629
0.0193402805876666
-0.00317829137670622
-0.0201931980676329
-0.0117345720645076
0.0143684193337816
0.00196731253325533
0.0091301785869804
-0.00496159154624387
0.0104614686200768
-0.00832123867094803
0.0210752662908629
0.00257999039503121
-0.00609987621234998
-0.0112197737938222
0.0119289592480947
0.00316275649464282
-0.00630549357610577
0.0102874721606101
0
-0.00228403117084064
-0.00581832338108834
-0.000383776252985357
-0.00595068613205341
0.00482765279521091
0.011338522148554
-0.00228026603325415
-0.00628515367517091
-0.00143747966339203
-0.0258156917221408
0.0158605158928082
0.000678811074123153
-0.0182188580634005
0.00789658489579681
-0.000587582013636401
0.00372363536334253
0.00712685736600593
0.00697938127261022
0.00019257798014749
-0.0165543981413975
0.00773146408299064
0.0196173349556441
0.0127631586391685
0.0109093950736501
-0.0150711231755721
-0.000661188231004362
0.016635112949855
0.00966902212103049
-0.0265193098806503
-0.0107831913471133
-0.00200802252805465
-0.00871901862453717
-0.00473611061991219
-0.00223368940241142
0.00671600168806696
0.00319058300299724
-0.0100231397451207
0.00895636673523792
0.00337706487241474
0.00423119538861805
0.0154170353346739
0.000754451143394341
-0.00395784006903954
0.00577105976644443
0.00893616797923369
-0.00913670503194652
0.000752747466623349
0.010906318062182
0.00362729734823186
-0.00157544243997987
-0.00111374607599313
-0.00102212411200175
0.0066040274094683
-0.000277203841459905
0.00452905066033726
-0.0150901637835849
-0.00224213376081717
0.00205986885599629
0.00364424416868547
-0.0341681953572965
0.00404864091090507
0.00604835806265913
0.000954270436546611
0.00543426451934659
-0.0122321355227776
