0.0135468972190591
0.00826245403341641
0.019281729608015
-0.00874918399741809
0.00644086385691156
0.00734773660459198
0.00235289411764694
0.010563404251803
0.000232334500170461
0.000928866676059847
0.011600928612572
-0.0110091518811537
0.000695802428010373
0.0139049356243366
-0.00731428571428572
0.00184199861846657
-0.00114913818198747
0.000460216301431338
-0.00528978840846361
-0.00670522543352592
-0.00418994423160968
-0.00444130445164326
0.00211317210612805
-0.00093723055295214
0.00234528617132468
0.0046793867721393
0.00279464375395078
-0.00952157432602008
-0.00539282506950411
-0.0183875303341597
-0.0098462778541375
0.000485083676934339
-0.000969721212121133
-0.0050958263794183
0.00121948780487813
0.00438492093507725
-0.00460827067669178
-0.0177875239330525
0.00272877691072249
-0.024245399517338
0.000253600412109645
-0.00963247123872057
0.0158689275659074
0.0337616536599055
0.0190105293446388
0.00861030833268805
0.00948546404958339
-0.00469816772374909
0.00047203210932345
0.00212316589108652
0.0016478107344633
-0.0124559109860378
-0.00666344597810586
-0.0239578330638317
-0.017673096825081
0
0.0159920039980008
-0.0150024840137727
-0.00948816503091543
-0.000504058507893035
-0.00983616596034464
-0.0114619720561372
0.0128832771738399
0.00101747644320849
-0.00330360880831548
0.0160631561432136
-0.0102885576054483
0.00253554773163134
-0.00278201813904855
-0.0246005833121987
0.00572025495892481
-0.0108583764219234
0.0235233153958867
0.0293667262512769
0.00223272135369079
0.00816826692236283
0.000245568377117644
0.0120274417266844
0.00679112296871232
-0.000963550998002938
0.0108511451446551
0.0100191321574015
0.00448745866792621
-0.00893479917551832
0.00545667827014573
-0.000707951847382038
-0.0061392682946525
0.00784029460679481
-0.0157943901836111
-0.0129341556886227
-0.00485321535678762
-0.0102413562663427
0.0101010101010099
-0.00829268292682939
0.000737801278898331
-0.00516094876286444
0.00345847332015814
-0.028803496523966
0.00608359933881886
0.0199042836962531
-0.013586956521739
0.0125219133483596
0.00296806826613905
0.0118372382697223
-0.00438705835698405
0.00489598555182313
-0.00121800246572479
-0.0095121707317074
-0.00861864051665484
0.00347749644696949
-0.00519809380207459
0.0141826079667233
0.00171746819025853
-0.00979676660314643
0.0178086074697008
0.00923443454510631
-0.00457498205092643
0.00435413642960802
-0.00192680635838161
-0.00651546830394467
0.00825844101328355
0.0033727778064454
0.0180072020164608
-0.00377358472766121
-0.00946974386980359
0.00143408221797325
-0.0164678512425847
0.0036399418500348
0.00701162942428368
-0.000720360109466522
-0.00456508900925245
0.0127926381848902
-0.00166825552116912
-0.00596801160105065
0.0021614073525793
-0.00143786244907729
-0.00959918452599873
-0.00436152168645509
0.00316381114626441
0.00485194068772565
-0.00651849379616098
-0.0048602913798157
-0.00927963347302485
0.00813413852600453
-0.00635704125393433
0.010088582925408
0.00121800246572468
0.0017031630999107
-0.00291471959750889
-0.00852613906275612
-0.0159705647181679
0.0044944071034807
0.00248575689783759
-0.00520711603237711
-0.00274179966953636
0.010497426168329
0.0074202325006183
-0.0144856616744413
-0.000249078232413602
-0.010216795160309
-0.00151059915632945
0.0234493192133134
-0.00295636856368564
-0.011366518127835
-0.0124968764057424
0.000759377411256645
-0.00177035908522094
0.00456045085988199
-0.00958390872212311
0.0086580341227398
-0.00100987121913976
-0.0108668435683598
-0.00970876366144002
0.00541803433529586
-0.0202720292462913
0.00864321634363541
0.00882887607524663
-0.00411837859039266
-0.00232620838268827
0.00673582936455075
-0.0167267623075973
0.00497259892626523
0.0111979160834419
0.00875601294071515
-0.00561646697046037
-0.00179717582035488
0.00231481475527739
-0.0102643312736893
-0.00388908478091787
-0.00182196781998789
-0.0062580707305383
-0.00839674604049478
0.000793834326704657
-0.00158651507139074
0.0103284963097721
0.00393176912546433
0.000261148831883773
-0.00522056890575395
-0.0267646542439082
0.0113237530331625
0.00506539616451063
0.00716180352355966
-0.000790150097704889
0.0292567219097712
-0.000512163905561303
-0.00589290304619272
0.000257783511798504
0.00463800554913663
-0.00436014340291635
-0.00128799587841311
-0.00825377869486721
-0.0171651490984357
-0.018788012204604
-0.0261596803581619
-0.0207698692669657
0.0121606331402535
0.0203967303605275
0.000273795180722791
-0.00218992614809532
-0.0200274342928001
0.0095184767771983
0.0116472265211529
-0.0106907894736841
0.0144084510944857
-0.0142037963888609
0.00415633139373761
0.00193153962850223
-0.0057836131703769
0.00747925249192538
0.00522414091900303
-0.00793219343730311
-0.0126826302729529
0.0117285391865807
-0.00966047474468668
-0.00529548480224395
0.000840627650339876
0.00699887998323412
-0.0158465105408254
0.00706214649366399
0.0137446556103982
-0.0213060326869406
0.00508905866805365
0.0306610416500996
0.00272933959414123
-0.00517155660470558
0.00629274983017081
-0.0133224038423709
0.00110225954526721
-0.00825772043722994
-0.0108243133728645
0.0103815659478554
0.00472096666042576
-0.00193474295190721
0.00886178319407982
-0.00494098270656051
0.00937931034482764
0.00300631320032796
-0.0021798909487768
-0.0136537414979175
0.0202103826193349
-0.00135682503971912
-0.00923913068584581
0.0307186788458222
-0.00824912143432022
-0.0067078078883821
0.00594278768233369
0.0150375126188231
-0.00449730170627782
0.00531493475113121
-0.00793029299866288
-0.0133226755481661
-0.00189035921929115
0.0165043565071523
-0.00212930529677946
0.0128033868869895
-0.00289702388999169
0.00132062859691939
-0.00395679240305968
0.00264838467417272
-0.00237720543113551
-0.00132377548318774
0.00450683975326505
0.0110847720001259
-0.00156619677457071
-0.0196078431372549
0.0242666666666667
-0.00208273887008581
-0.00808771155294996
-0.0215675697001578
0.016128978061049
-0.0232804503513346
-0.00406278461878562
0.0174054936089201
0.00935573376102661
-0.0211864153170771
-0.00757573072445172
0.00981464013086142
0.0205183039816874
0.0177249211038339
0
-0.0033792824699953
0.0119978873239435
-0.00747425276995484
-0.0028562972140378
-0.0161459106174006
0.0029115935127475
-0.0221694384314975
-0.0240215661004473
-0.00719021017699106
-0.00139286900318281
0.00139481179329493
-0.0200557648994003
0.0170551165434905
-0.00922297398610872
-0.0107193508964922
-0.0228115198175077
0.00320983367376715
0.0180337109356106
-0.022571457142857
0.012277170776883
0.026277793061571
0.0120990429910233
0.0289128988347818
-0.000810537736316674
-0.0205516224986477
0.00220866918253249
0.00688705253132382
-0.00711348856671656
0.000826646436300926
0.00165200991189418
-0.00274881795632731
-0.0203968583350843
0.00900393897006357
0.0186837139240459
0.0235422946493924
-0.00427919241185337
-0.00832667203867843
0.014355444981335
-0.025367182233186
-0.00876712328767126
0.00718626312880044
0.00493962691930916
-0.00737304771635849
0.0250343892728688
0.00322069260443869
0.00802565521600718
0.00504243630573242
-0.012674940920912
-0.0192565129514982
-0.00818104762372773
0.0060489690967549
0.0308827821809237
-0.00238600205763528
-0.00053149081765913
0.00425416101424747
0.0262112258406142
0.0157379007088698
-0.00076197614330642
-0.00228774783934937
-0.0155414267515923
-0.00724632523929425
0.000260636072454856
-0.00260617676846953
0.00731640972040748
-0.00752272393055042
0.00705700507354945
-0.0147936676562072
-0.00711275045081017
0
-0.00451045382091941
0.0106609275053304
0.00791147193625918
0.0122971739325699
0.0196433708876549
0.00152083646335033
-0.00404960789924624
0.00228719198410121
0.00760656712998387
0.00528432283420632
-0.0202753937352842
0.0183955548900243
-0.00451583029313007
0.0103326612903227
0.00374163132950844
-0.0121769874663524
-0.0017610062893082
0.0118448084677421
-0.00722293861903178
-0.00250885593304406
-0.00125752018397984
-0.00125910353208536
-0.00605148764498231
0.0144597673495568
-0.00975253764678474
0.00126272733650135
-0.00706186597418079
0.0116840998649759
-0.00376605554777532
0.0156249747983872
-0.0101736975229204
0.00701927819050585
-0.00224037850337955
0.00424146685421811
-0.000496894409937942
0.005965722097937
0.00444776366573341
-0.00418209081514942
-0.000988166996047313
0.0027200791968367
-0.00715168944887024
-0.00149023852410535
-0.000995049726491448
0.00946217629482082
-0.0108535517796361
-0.00773059888930672
-0.00201060562928845
-0.00881385063746809
0.0030487550038425
0.00531912360688969
0.00881839276438368
0
0.00749248233035771
-0.00223103619236498
0.0176397267080746
-0.0388183603227139
-0.0261620275885706
0.0179968440271256
0.0228029470356892
0.0293086688030395
-0.00438062788999771
-0.0217550721095086
0.00274865067466257
0
0.0161973083429525
-0.00367822471010837
0.014275116557344
0
0.00679454032503113
-0.00265126523734549
-0.00338325269735984
-0.000242531511031485
-0.00121270919233563
-0.00242831471588145
0.0053553308006169
-0.00338980637747721
0.00315843051506315
-0.00217970447615146
-0.000242766984398846
0.00339895613981445
-0.0195984021486376
-0.00863775913129328
0.00697045093206139
-0.00148336213885381
0.0188166134888985
-0.000729112965778267
0.00243195531206131
-0.00630766602844091
0.00732419451475086
-0.00484723726840708
0.00657576700984497
-0.00362937316093037
0.0038853812530355
0.00556361877116585
-0.00288667308154922
0.000482509035403922
0.000241114052541125
-0.000241055930568779
0.00626956821148839
-0.00718907260963331
0.00820661356504959
0.000718194876705658
0.00143545457979544
-0.0131390345642848
0.00774630821238653
-0.0019217390842724
-0.0012033453959891
0.00650602409638568
-0.0134067751975102
0.0131036402112021
-0.0131736287425149
-0.0121359220355358
0.00565108094223388
-0.0185683361837283
0.00497886507238565
-0.00148620266252675
0.0138922844482192
0.00685106451800999
-0.0250304483581799
-0.00548347471294797
0.0132831572289145
0.0126143705169428
-0.00415239384837296
0.00932062791268073
-0.00558940434559396
-0.00122187200497903
0.00954242744170375
-0.00242360651592877
0.00315843051506315
0.00629687560433823
-0.00890490996161031
0.00509953861097623
-0.0113554242898146
0.00537636878672387
-0.00315996604666913
0.00682767650951832
0.0130782510758478
-0.0100406880210048
-0.0147307655155758
0.00220588240700703
-0.000244509666043391
0
0.00317996567563683
0.000243891745617786
0.0490004631886882
-0.0155704860694977
-0.0134560903338978
0.00143567835760527
-0.0105136922587189
0.0101425259599131
0.0172124543527394
0.0138660402788728
0.00788134000652141
-0.00160993560257594
0.0126698686938496
-0.000454959064034588
-0.0075101958923578
0.00871362052938274
-0.00295523969287381
0.00775193780775352
0.00565610846931874
0.00697406058551042
-0.00647893237171282
-0.00314816723300737
0.00203013751273917
0.00517793809896161
0.00806262001959146
-0.00288818053268969
0.00735289644935611
0.0161468705186212
0.0119722031339182
0.00967943602153443
0.00916063078740148
0.00274437413435447
0.00442103157894747
-0.0100607631536527
0.00444630531441881
0.00105402616049788
-0.00126346593963078
0.00611429475015823
0.00377202422942102
-0.00459294344079575
-0.00356547818791941
-0.00147335304034324
-0.00526981461361331
-0.00508578099355328
-0.00255588918943794
0.00790089652355763
-0.00635591088229004
-0.00767592717799892
0.00451222594516065
-0.00983955080213916
0.00388852875591872
-0.000860791890234802
-0.00603054059875074
-0.00108351024556841
-0.00911058607855042
0.0126969789842382
-0.0121054263772342
0.0072209626428672
-0.00217247452036651
0.0176355758763336
0.00748818966674425
0.00127419834359732
-0.00954402928763398
-0.00599578145619317
0.00344687649491071
-0.00815802884679995
0.00151512983733482
0.00734819537497278
-0.00236002998583928
-0.00172047311827961
-0.00366217163559546
-0.00021617297297305
0.00519026794159738
0.00709984939759045
0.00320440070061112
0.00617548991004013
-0.00423282539682546
-0.00148775773619048
0.00297997020008522
0
0.00636670217246826
-0.0040067062001985
-0.00317590514503485
-0.00212408657076957
0.0178799489144317
-0.0119196988707654
0.00910052910052905
-0.00356547818791941
-0.00126282893129148
-0.00400427810317638
-0.00253912410237511
0.00127284686620377
-0.00105930082501482
0.00106042413317398
0.00720338967789425
-0.00357597804846488
-0.00337766526024197
-0.00699000226625723
-0.00874573360184006
-0.00516464374511216
0.00237940731126995
-0.00647386706948661
-0.00260649429612303
0.0124129796347117
-0.00301148621159442
0.0110033014456656
-0.00192063589584635
-0.000641394056018929
0.00748818966674425
-0.0019112338076025
0.00638295744680861
-0.00126843554478728
0.00465700657675683
-0.0052675938741592
-0.0103791148142155
-0.0126284243872341
0.00758723157192209
-0.00688468158347677
-0.00606583622183698
0.00392327803131476
-0.00238818926643092
0.0239390201536667
0.00616367707042897
0.00232363751584286
-0.00252895674333076
-0.0150011191632741
0.0128700560461188
-0.0036002116984285
-0.000850180676943202
-0.00553069583198029
0.00556145454545454
-0.0053180176693477
-0.00919580877655302
0.00259009270062194
-0.0116254249380964
-0.00326730559790878
0.00677451952685826
0.00672891252441943
-0.0118585379073192
0.00480028344751116
-0.002823040235028
0.00979967377176272
0.00884192384821914
-0.00619916644290652
0.00559255729866392
0.00278077005347588
0
0.00597267478727215
0.0108142069550468
-0.00776167433445241
-0.0033826639192952
-0.00806111599620529
-0.00213853730276048
0.000857286755250763
0.016488222345006
0.00379188953461362
0.00251832098558991
-0.00230270043960656
0.00818294167016376
0.00187304894636942
-0.00311584967004275
-0.0100021667013057
-0.0145232167763931
-0.00897048269970102
-0.00258627144024703
0.00713055330878465
0.000214503320864701
0.00750755056858754
-0.0029806045778028
-0.000427097995853165
0.0126041655072813
-0.00822793214228135
-0.00489255498372931
0.00919196257357791
-0.0012708536596242
-0.00530222671040392
-0.00234543700019463
0.00299207089138553
0.000426187939484457
0.00425987211374079
0.00190880161574536
0.0141828529135117
-0.00229599248591106
0.00188284522767468
0.00271457512454742
0.00957934194085786
-0.00742576320132005
0
0.00290937246278844
0.00870290131383755
0.0104765612161053
-0.00142305349508143
-0.00305370527389459
0.00347147225910827
-0.00244198214167646
-0.00163200734394131
-0.00143032287352518
-0.00593404964055755
-0.00638126774881564
0.0035218355085973
-0.00144508673503485
-0.00124039696589617
-0.0182157106558536
0.00316259751212322
-0.00378310198473719
0.00780586464954158
-0.00586137743353587
-0.00589604102353991
0.00571914860663303
-0.0122156276326874
-0.00597021296502287
0
-0.000857936526339254
0.00708454241801015
-0.0228096354721806
0.00719890924956368
-0.0227420196119567
0.018838697226035
0.0165324990965303
0.00320995078108299
0.00597267478727215
0.00127228583545391
0.00571793719360558
0.000210528523456377
0.00399997894736837
0.00209691763675646
-0.00167403218928563
-0.0020959547704037
0.00378071825707371
0.00188323913196831
-0.000835442756151883
0
0.000418081103678691
0.00543246958979382
0.00581884883247819
0.00289254120278737
0.00741658410761059
0.000408916138694648
-0.00735889236953768
0.00803130131731256
-0.00510725219392738
0.00328542087709605
-0.000204727789506087
