0
0.0301634310476924
0.0147121876615552
-0.0126510167064966
0.0198675067645768
-0.0117164602889023
0.0141408080519694
0.00253521126760581
0.00323130092722668
0.0100825228913306
-0.000138555391871242
0.00443703531182615
0.0254002891938074
0.00969306690486094
0.0179999733333334
-0.00969216790287275
0.0125644357550001
0.00182861812509461
0.0161669497848873
-0.0114190271639973
0.00558079147641299
0.00296845626090136
-0.00488993700797757
0.00452603117739492
0.0308960092687949
-0.015109877245008
0.0139469755060109
-0.0108791170328983
0.0135271811258453
0.00910570061383797
-0.00135971566477833
0.00309444234318046
0.0140671148313536
0.0059624969578973
0.00302407168317576
-0.00820067554753201
0.00376951614225485
-0.00908540245601197
0.0165036546514552
0.00288631382113502
-0.00275806454920335
-0.0229678199630678
0.018338436923077
0.0215131622314035
-0.0104117135735345
0.00980392168584299
0.00710394277887683
0
0.00576069846604055
0.00946812357212878
-0.00301068778357239
0.00522653902965242
-0.00577700730986686
-0.0149912952356318
-0.0102643107535556
0.0376684233838172
-0.00425046510337279
-0.0149977272727273
0.0038650973482699
-0.0220510911451534
-0.0202815199236459
-0.0186313558707493
0.0187368417290901
0.000974445821545711
0.00146024580189819
0.0196840211536808
0.0110819831049089
0.00612852106372475
0.00187414776124584
-0.00701507081743324
0.0170728482279523
-0.0202593199904835
0.0025995628949389
0.0260459640788677
-0.0063174363959897
0.0540977909120843
0.0194099897047924
-0.00709978493007501
0.0106175077805795
0.00268010294468368
0.0136854379737563
-0.0031641810603138
-0.0162945822390312
-0.0260298803266658
-0.0057427275844486
0.00344326339490464
0.0135045611469806
-0.000327643082735696
0.010269878840488
-0.00529899421110636
-0.00130465314292283
0.00631396683742702
-0.0125487124069946
0.000438223054756826
-0.000985512483574258
-0.0124959658282593
0.0145410817867058
-0.0111597918783415
-0.00420443696186446
0.0235555888888888
-0.0123751624280777
0.012310342526588
-0.00749179169363279
0.00634497292003178
0.0120665292328845
0.00322238460198454
0.000214089931175776
0.00717189054103806
-0.0106281224626686
-0.00708987032290764
0.00984524505030815
0.00921363870639125
0.000955456506012586
-0.0118782796491856
0.00257600091394217
0.013917085369143
-0.00971384235786965
0.00735688231840403
0.000211653253228583
0.00190476190476208
-0.00992820025348551
-0.000106624708910319
-0.00426758761546187
-0.0142505300707054
-0.0278260652173913
0.0161001226274569
0.0148548200326195
-0.0119267696434965
0.00570618914867294
-0.00491003808161405
-0.00942983583650769
-0.00309938025678025
-0.0117699092109683
0.00404495505617963
0.0258504585289789
-0.0119995420966412
-0.00783922932538361
0.0107945803383642
-0.0204778262583325
0.0146116217307899
-0.0100808245291069
-0.0151074192579742
-0.011362344929841
0.00724051241833101
0.00673213152364349
0.00759377736845379
-0.00877389181611044
0.00658186541369044
-0.00270572726174956
-0.0113045445546524
-0.018408426919831
0.0166569718499003
0.00171861825983766
-0.0104083609744939
-0.00127130147727583
-0.00254602464779419
-0.000348045008747189
0.0117223067909793
-0.0196168296344347
-0.0157968408120388
-0.00214006655403542
0.00965087572977463
-0.000589992933443195
-0.000118101307873375
-0.00519605573925375
0.00308644356805421
0.00319523076923089
0.0154536398060743
-0.00522775313132529
0.0144809768006882
0.00817312047289787
-0.00970540055479785
0.00392017742695105
0.011370138968646
-0.0338405185973318
0.00763987993324222
0.00478240972416621
0.00255400513761317
-0.00266331631932237
0.0101010452839096
-0.0116092183908046
-0.0240725671374011
0.00619642531450015
0.00639508511617493
-0.0115321601012417
0.00142860714285709
0.004517320333429
-0.0156213017751479
0.00516952392402015
0.00155480203857428
0.0015524839157508
-0.00298080351803498
-0.00789289615308908
-0.0230230957452157
0.00419489188667899
0.0165867921929819
-0.0169204983543751
-0.00762226494331275
0.0182111122620032
0.0122885384526452
0.0155048202706065
-0.0318380289226661
-0.00171147915483572
0.0211853406228097
-0.0107926731117961
-0.016850527745194
-0.00493219494284081
0.00359356890682427
0.00642059529375461
-0.00196299835693781
-0.0020897111761452
0.0339985464400099
-0.0434834514299869
-0.0276497816957308
-0.00256176508261807
0.0448182594779147
0.0178219884731809
0.0100229564067857
0.00310859640254169
-0.000595995218212297
0.022421050027932
0.0414090268957532
0.0123207662670337
0.025890728896572
-0.0224331533387278
0.0104809908482015
0.00797034645574168
-0.00184139948006923
-0.00412376551006477
0.010134031060282
-0.00658037777498521
-0.00173738741393792
0.00304578483628837
-0.00466326867653466
0.00196121161430818
-0.00130494781758317
-0.000435463869140396
-0.0259259795449026
-0.000335484239219142
0.00827830862823919
0.0130922116861936
0.0191654806519654
0.00870411581139297
-0.00511349722658461
0.0140271765074116
0.0193242033576835
-0.00196833110917161
0.00508621569799517
-0.0029949498503572
-0.0117049615526729
0.00660304971793102
0.00812160549644303
0.0037182400330511
-0.00823217740275783
0.00145258356876687
0.00248658316887429
-0.0297644164992886
0.0217298792627785
-0.013135884343951
0.0104584614215735
-0.00972295850030414
0.0133023858392907
0.00489679084506811
0.0303784353668772
0.00845244541514711
-0.0109758330575151
-0.0225989299051977
-0.0329272821922155
0.0155833063169322
-0.0246978344782378
0.00237062492336348
-0.0261234259123875
0.00971415210129822
-0.00710616587836266
0.0155252477427881
-0.00108431092645622
0.0196462070871446
0.0119224608915804
0.0191457925341005
-0.000619291926691634
-0.0014459822350753
-0.0131360777823749
0.00649821794368655
0.000728928467446988
-0.00239328829122354
0.0375508280728853
-0.0122650144539558
0.000101801526717571
-0.00630982075493947
0.00225319543479308
-0.0132843141908409
0.00673157636146593
-0.00246886125366585
0.014231174443321
-0.0179969093644518
-0.00838688116821529
-0.0085621804916628
0.0166403586089634
0.0109810111983943
-0.00789011201517009
-0.00165250981202225
0.0126214871665018
-0.0123620661737454
-0.00879277974123904
-0.0189939469839281
0.026489340425532
-0.0191729613260019
0.0198647297111658
-0.0340861386475179
-0.00225255811694003
0.0225758553830098
-0.0301724443806
0.0211381788617886
-0.0197452341744766
0.00877199518180616
-0.0254428657983281
0.0286406480352572
0.0272006969544023
-0.00677649096698274
0.00409370223870154
-0.0176667669802733
0.00542728524606484
0.0176756874150397
0.0042641288764611
-0.0140845176902343
-0.000315115556148493
-0.0693495653955989
-0.039629694027323
-0.0464377744283511
0.0147946860461756
0.0208966230323564
-0.00035700345539702
-0.0253571071428572
0.0175887986714742
-0.0175249073946682
0.022602309654302
0.00286744335247713
0.000119073144648985
-0.00035734366970841
-0.00869871326736682
0.0298112265942727
-0.0150577918771517
0.00485901889757123
0.0252388132416699
0.00276081904981029
-0.00562117713940979
0.00946008306414381
-0.0184000114285714
0.000582174881618158
-0.00255993710588942
0.00711620383672185
-0.000115857752441606
0.00278032900834102
0.00508320252040684
0.00103443678160908
-0.00367434854400495
0.0121009915443466
-0.0119563083580049
-0.0119856406126188
-0.00501574693751028
0.0057444077698332
0.0115397830570021
0.00207421067151659
0.0162143976105611
-0.00633704855707662
0.0030748662583957
-0.0156676313426968
-0.012341407578134
0.00548874245552056
-0.0226480376921727
-0.0433749484640535
-0.0151552919254658
-0.00264882697589353
0.00935877070949798
0.0132816066478287
0.0171880666308373
-0.0108193408504902
-0.0250706762294208
-0.0147484932623598
-0.0121546181087708
-0.00582822180842146
0.0147211694965823
0.00718960081126707
0.00458892305630032
0.00875525970702351
-0.0152201132075471
0.0159662790143533
-0.00477743267818165
0.0128852444221705
-0.120354215515091
-0.0133277047118632
0.00632279099426891
-0.0124231759592057
-0.0248698944551824
-0.000296619208285276
-0.0100860281841006
-0.00554382695666256
-0.0150670476841774
-0.0243231440573745
-0.0495453127868503
0.0481689549351527
-0.00409194201932728
0.0154867733167949
0.0294117637904836
0.00453507166938549
0.0221219122101692
0.00927569226371294
-0.00204229020967372
0.0426837864239855
-0.00434606745139288
-0.00830747711802915
-0.00241371574613103
-0.00711642450565264
-0.0106078695353248
-0.00898283145390466
-0.0165205404526158
-0.0142708345891559
0.0239783448643749
-0.00147273927915348
0.00707958670739295
-0.00673695088952786
0.00545564730168113
0.00659916390675575
0.00743011374461111
-0.0241503825263809
-0.0328986499896865
0.00352430268083648
0.0242785776234105
0.000745304092268917
0.00595861787391416
-0.00725600484608324
0.0213305486078377
-0.0151891483103672
0.0259528399822038
0.00332471812662605
0.0177207164546482
-0.00736121188223693
-0.00370795762801091
-0.00572576573538841
0.0136770085470344
-0.00142033793947816
0.00540469365395246
0.00127312204631136
0.0124329614641558
0.0343287588987575
0.00188881535798102
-0.00942639349780794
0.00258295276190745
0.00203392542372893
0.00649519603531279
-0.0285022194878551
0.00359804861339486
0.00399891081076564
0.0248592919889932
-0.00884486697219777
-0.0259599516760404
0.00569122701705682
0.0186336239599845
-0.00189700534294024
0.00923149556168901
-0.00174868182667109
-0.00202130443365189
0.0514448434092585
-0.00141262354901917
0.00334355701276867
-0.00294791090545676
-0.00668471517309788
-0.00440011664553319
-0.00870919017288452
0.00747442938698062
-0.00481586607273543
-0.00326968353740109
-0.0183703059752042
-0.00828760883003887
-0.0115918584285792
0.00790947748780924
-0.00771219008457913
-0.0260430338719952
0.0212795324093518
-0.0126113507585202
-0.00763565191775173
0.00629542502957103
-0.000695161963019664
0.0043128132017034
0.00055410720171456
0.00913742174425791
0.0190698315141973
0.0123855413622178
-0.0248669557792669
-0.0039547387439044
-0.0286145122040731
-0.0155038625301139
0.0131710669483485
-0.0101737181082543
0.00428258368525691
0.00241647483771068
0.00907553924030924
0.000983684599005885
0.00744067075218302
-0.0168617470216904
0.0352940877975583
-0.00465503827142622
0.00729031666947666
-0.0133825339321644
-0.00221458823529408
0.00527125844201737
-0.00317376841211847
0.00359914184936727
0.00951726896551741
-0.00642165578845055
0.000687513741920887
-0.000412244073611845
0.0133351804601369
-0.0206213135344092
-0.0788198066541127
-0.0126315187969924
-0.00868120568497077
-0.0013826395073061
0.0109230615384615
-0.00806572832241237
0.019944814360233
0.0248194032121209
0.0152649500336834
0.0169148190520403
-0.0231731176100721
-0.0113520449912973
0.025172957456205
0.00761055438843417
-0.0136810464210076
0.0234070657911727
0.0176478888141214
-0.00374589334778319
-0.00055703942506713
0.00250801180888982
-0.0240444207384748
0.0290515660915471
-0.00484359244828136
0.000834334538487802
0.00291786851580023
0.0336658492657245
0.00683557154757319
-0.0101171721199212
-0.0181549083088366
-0.00986167621252765
-0.00124504079063448
-0.0109417317565816
-0.0284274875548249
-0.0025944077224449
0.00823699457674842
-0.0149060347530187
-0.0308453645782614
0.00120103586246767
-0.00344883780330385
-0.00526629559533998
0.00272273479469476
-0.00678842952498981
0.0112394599780958
0.0114147488310379
-0.0787050091300867
-0.0130561087515134
0.00114321411073015
0.00081564438524695
-0.00130396092270446
-0.00913988901583151
-0.000329435024368885
0.00741473072029541
0.0119398104667943
-0.0153547925546274
0.00689432064656348
-0.00293446364525607
0.00621322759973841
0.00503732523501266
-0.00953920806917397
-0.0367286985546424
-0.00508386731346777
0.0255493106038036
-0.0234180372598911
0.00816326544495349
0.00506077943759764
-0.00721718673322636
-0.0147084187757086
0.00652026435347053
0.00443228775997273
0
-0.0186693489025577
0.00553439986163973
0.00137602341548027
-0.0127104257521399
0.000521885873347339
0.00330382553656139
0.00745233955888502
-0.158093959090075
0.0418880883099322
0.0274563040809452
0.00439015087593342
0.00380085526037344
0.0111700113593336
-0.020033701554016
-0.017195280855942
-0.0246889779294125
0.0147498909607291
-0.0166961107837359
0.00479420685588883
-0.00894634212616985
0.00581747265065102
0.0107698645945324
-0.014009451460142
0.0242145082206422
-0.0140680148495506
-0.0253666077163419
-0.0268401586010574
0.00438777675746405
-0.0124817765758268
0.00463446377428967
0.00167752152815104
0.0115135021980322
-0.016763286423841
-0.00862976251861769
-0.0276008291974874
-0.0443231232384961
-0.0153073337902674
0.110208821819435
-0.0129571165290331
0.00571670548380276
0.00947370526315794
-0.00291970796830643
-0.00732068589582324
0.00758535624916457
-0.00104558762024254
0.0152815574628427
0.0239175257731958
0.0036246476037054
0.0170545545746388
-0.00177551788864705
0.0278656137496291
0.0034608922692132
0.011879708984091
-0.0170422454640742
0.0157965709882488
0.00720654276502941
-0.0691019004123159
0.0331715823861567
0.0191855709011131
0.0161352474810748
0.00964079358635939
-0.0479311364912938
-0.0255653697370843
-0.000605428871956137
-0.0248384289176091
0.00227792498906765
0.0266528294771557
-0.0140872814265905
0.0277606847209355
-0.00397211535142461
-0.0113659018398444
0.0139168610763671
0.00477417943107228
0.0144526634113111
0.00702568278588278
0.0238372877456314
-0.00719290148805973
-0.0110581885403587
-0.0300751499918094
0.0170939571239523
-0.0138752985685088
0.0364645270801531
0.0288719317183925
-0.00371678119835017
-0.014363010364428
-0.0145722937168812
-0.00979448818897644
0.00601237381667241
0.0106034125815193
-0.0179320495204903
0.0266122377622378
0.011542119642086
0.00467639365275718
0.0130329736181896
-0.00275688292593257
-0.00129006639476847
-0.00553607686909163
0.0311746340911974
-0.0262731509807451
-0.140824225821027
-0.0296838232013843
-0.0212812897077966
-0.00815404266572861
0.00867771160818198
0.0273942280912034
0.00374609952079985
-0.00153675085700888
-0.0182497361477572
-0.00156774908991042
0.010542776557076
-0.00244173146374538
-0.0151313087479151
0.0264347504037392
-0.00924503631961249
0.0213286612454415
-0.00674354999470217
0.0159877135348228
-0.00258674288826777
-0.0423600389020965
-0.0611600753518377
0.0408654106185293
0.00161662821285513
-0.0161402125003508
-0.000234309830527857
-0.0332864041256447
-0.00872941276772965
-0.00782778845822441
-0.0372288452359752
0.0128040976390293
-0.0505689014050291
-0.0359520116099071
0.00248618777662446
0.0124001374373068
-0.0166031836361903
0.00332131183721796
0.00855175172413802
-0.00300875265293343
0.00192041146994759
-0.0125958105147865
0.00443704923912791
0.0342351729918506
-0.0208221842184246
0.0196292802617231
-0.0010695453973506
-0.00695939488866715
0.0215634512972211
0.0385223990225645
0.0282012187957008
-0.00148260436168524
0.00321705023509034
-0.0138135418398239
-0.018759379689845
-0.0509813917919959
-0.00940099382218629
0.0751084849482515
0.0315258496077755
0.0403422229661505
0.00493534676698815
-0.00514492540434652
-0.0218617766370057
0.0124969956141074
0.014004272157506
-0.0318352052473034
0.0345744672491666
0.00303802283154897
-0.0174743717369232
0.0184966335545
-0.0256112450381549
-0.0100357949837895
0.00989621047550093
