0.0222882601908909
0.0165697374087364
0.0191592216425731
-0.00673392274786544
0.0460451103929316
0.0237645429047946
0.0129254022685308
0.00989575469292925
-0.00438365147972286
0.0126909346622395
0.00716120241233775
0.01371246790979
-0.00275543600979133
-0.00200957040920458
0.00880951422099185
0
0.0187125739165381
0.0115110697275989
0.00363200977317213
-0.0144753434384718
-0.00171356189540095
0.0112801130770013
-0.00460725001904694
0.00633378821763197
-0.00653594755420128
0.00341128159329251
0.0121418164157359
0.0011996161228407
0.00766832015336694
0.000951272317509577
-0.00950346875742469
0.00575680032997838
0.001669449081803
-0.00214285714285722
-0.00357914578859442
-0.00143670983892297
0.0052757073075369
-0.0109732591113195
0.00337672463523209
-0.00288456744637344
-0.00216974445515894
-0.00193278574372524
0.0169449765929564
0.00690314243766443
-0.00567371171805464
-0.0116500472741311
0.0153956940101034
0.00450137418861329
0.00377356114275651
0.00916353361927791
-0.00372526184574484
-0.00420659022653447
-0.0105609244177206
-0.0113851992409867
0.00311902591170821
0.0217651274392461
0.0280898167581971
0
0.0109290533209951
0.003828783611316
-0.00493610051604221
-0.0117248257824047
0.0118639282745183
-0.00496047372989739
-0.00407885782735418
0.0122867118933625
-0.000674376234013008
0.00584799833216376
-0.000670885494837181
-0.00447520708156657
0.0130365919066491
-0.0541379853561127
0.00821015697372363
0.0127966263378316
0.00620261902601937
-0.00319632427388872
-0.0022904031149793
0.000918204753943774
0.00802759211135751
-0.00295792939799933
0.0207667731629393
0.00380062597809094
-0.00534525588662571
-0.000223869234214025
-0.00716685298244779
0.0101510710511585
0.00602947757993477
0.00554938969033048
-0.00198675501074508
-0.00287540373535511
-0.000665550103569168
0.0170921424437767
-0.00152771715408118
-0.00830603278688524
0.00815523491635961
-0.017708831757375
0.00289341197418214
-0.0130936526166521
-0.00989435552295148
0.000681399061580823
0.0320018149795323
0.00769736072801042
-0.00305543430816235
0.00919435201401053
0
0.00694143197142871
-0.00258507120142482
-0.000431965452094341
-0.0144770530353728
-0.0142513042260182
0.00889684183489403
0.0138889106285514
0.00217434215375789
-0.0101974614883924
0.00679528730371071
-0.00261264968430219
-0.00240122238809815
0.00590809615080756
-0.00804879251579749
-0.0072367985630174
-0.00839410205434066
0.0075740923941654
-0.00176869334512486
-0.0163898553094196
-0.0198153794190498
0.0188375607359881
-0.000676392364211575
0
-0.00496394404332134
0.00476197300507808
-0.0133152784176195
0.00548943262832946
-0.0166059830893083
-0.0175803608605134
0.0807629130971765
0.00588226553889903
-0.0101797058773968
-0.0041576147886736
0.0169193810995112
0.00561802086469365
0.00537172313339651
-0.00940378265860686
-0.0032361813694145
0.0242424020726753
-0.00401519442096365
0.00445573934954946
0.00739330376003378
-0.00209685473048549
-0.00168106745114516
-0.00589345425777554
-0.00762229515138679
0.0091743121223451
0.00570826650546019
-0.00609630018919494
0.000634560081103297
0.0016909321139098
0.00232118595317954
0.00505267368421047
0.00691240021313799
0.00124820054087782
-0.00270103879698647
0.0264583333333335
-0.00040592652729865
-0.00751267005076139
-0.0141162435737267
0.000622577311113925
0.00497714630905954
0.0107305202379389
0.00224581461821161
0.00875942147076803
-0.00181744749596124
-0.0044507586485939
0
0.0103637880586016
-0.0189059127331878
-0.00205000004202538
0.0156121405094494
-0.00485432857715062
-0.000406524381981188
0.00569335095567314
-0.0165790541160342
0.0108963612437574
0.0172870049740494
0.0145941623350658
0.000985201970443272
0.00334649612886806
0.00058856188760914
-0.0070588431372548
-0.000197432863298541
-0.00632036329606234
0.00973957444365792
-0.00826767732810385
-0.0142914050358991
-0.0177205195328232
0.0141451827418038
0.00646856667740914
0.00863627217039031
-0.0479888481085455
0.00313737705213613
-0.00604672656477756
0.00608351189777689
-0.013135884343951
0.0038030000505811
0.0111556098150118
-0.00728563681753458
0.000838771248453885
0.00775189608212878
0.010187152190734
0.00205801605268574
0.0102690492969613
0.00467572686878892
-0.0277215511016411
-0.0201872428759051
-0.0373832184629049
-0.028684907325684
-0.00817810086324411
0.00206138341731577
0.00891426285714303
0.00634343013918048
-0.0265645216823288
0.0157260862291357
-0.0013660519747748
-0.020747833544281
0.0286379271562764
-0.00543234495246714
0.00637237156059123
-0.00361827219316446
-0.00590108928958033
0.00547949784199764
0.000908287899448634
0.00408339364412913
-0.0164934259599381
0.00229731225125929
-0.0208572078648359
-0.00561800080482222
-0.0306026365348399
0.0126275133559981
-0.0235011984771895
-0.000982342804952352
0.0140117994100295
0.00969701818181812
0.0117646332886132
0.0128144521313347
-0.00257731958762886
0.0199670660089264
0.0103639111176375
-0.00182352408989117
0.0116464486949888
-0.0209932284648584
-0.0101452388781471
0.0114138830654553
0.00967300827604833
-0.00205291970802923
0.00251430857142854
-0.0118559276822633
0.0223811952007382
-0.00361090039244183
0.0133635328034638
-0.00782304390598809
0.0137418565835066
-0.00800002222222218
0.00873655933549622
0.0182100603644251
0.00785171244718486
-0.00302962568772192
0.00542652485348394
-0.00129537996545759
-0.0131862521913642
0.00854324168485232
0.00108599041950508
-0.0208287914949014
-0.0228230218740745
0.0131519733855769
-0.00649062220232755
0.0148682138965581
-0.00221971148101463
0.0149054056750744
0.0138097547963558
0.0110269837837838
0.00662964100212315
0.00169963883577662
-0.0116649835985161
0.0025751717843423
-0.0117723242343253
-0.0153779300575234
0.0142983285151412
-0.00824118394618989
-0.0109337415263503
-0.0278575945169134
-0.00864227862992317
-0.00688228951594416
-0.00485098163892383
-0.00441046869032169
0.0263464916378291
-0.0168105633802819
-0.0263401115143278
0.00474610832335332
-0.00212564950401517
0.0146745325443787
-0.00139953350593736
-0.000934384467778826
0.00794952069207366
-0.0132219899507773
-0.0122238125946446
-0.0237981913374583
0.0112140419307654
-0.0274831243972997
-0.00272682201289054
0.00447427293064884
-0.018064835436773
-0.00126005544354835
-0.0386071905473836
0.0181103159113025
-0.00206243871971012
-0.0105915786771269
-0.0133158750213023
0.0248742782515408
0.0170410276271626
-0.00101551157693613
0.0132147656017669
-0.00777521965826988
0.00353892812085621
0.0455918628314393
0.00168643708438632
-0.0189995421356642
0.000980656999738816
0.0090619393062974
-0.0104369172224048
-0.00711307333823907
0.0118576828063244
0.0163574711024772
-0.0108095361323676
0.0279262263234581
0.0153554918329557
0.0114006747324338
0.00483089475889353
0.000457898351648334
0.019679633416942
-0.00740576733829079
0.011756726203934
-0.000893877094972018
0.0138672112249432
-0.0147805420348317
0.0320197044334978
0.0138858754610542
0.00898784506740857
-0.00127257682831061
-0.00445952431514129
-0.0145051191445154
0.00108222941380465
-0.00259457297297294
0.00650333825052374
0.00689209562782689
-0.00556145454545465
0.0133361792498954
0.0216514535841339
0
-0.0095575107093806
-0.00461499914474506
-0.00842996821011655
0.00297555798035187
0.00784068675229266
0.01324638323704
-0.00498024496742566
0.00938479646747026
0.00247929741821085
-0.010098948887057
-0.00520508026660593
0.0188363545172952
-0.00739523418241572
0.00724333609271532
-0.00205461278219077
0.00247064031295041
0.00184842887345305
-0.000614985662463763
-0.0106666666666667
0.00207343976777952
-0.0171736388506667
0.00357890526315785
-0.00902026469562689
0.00889072782003697
0.00545526647083516
0.0125209103723252
0.00144270403957125
-0.018522350277835
0.0335500531253943
0.0109555891467725
-0.00341163943762246
-0.0086588803866291
-0.00589073735527113
0.00306499801930937
0.0101853738032185
0.00322645694696511
-0.0136683417085427
0.00733645812105155
-0.0125429698563625
0.00573650879458087
-0.0112038908127929
-0.000618108763532854
0.000206184300399315
0.00700744023083244
-0.00163737204999237
0.0227552280187624
-0.00761677706187169
-0.00242373267718576
0.00809884608420419
0.00943958607271389
0.00736177904344526
0.00750537216066816
-0.0147029999883552
0.00795865531073026
0.00138176075799445
0.00453378671397608
-0.00176609108646186
-0.0139571262818386
-0.0153508971291865
0.00121486133255444
0.00606671372969236
0.00422108542713584
0.00220178146921102
0.00778907529458772
-0.000990864070369968
0.0037690537591748
0.0100791110703204
-0.0463705528004197
-0.0174395355995265
0.0292337028447212
0.0137959015257478
0.02281368775638
-0.00547836029195137
-0.00708245102961036
0.0128788981002794
0.000586913157021085
0.0172042417515448
0.00384395548421979
0.00689259046524993
-0.00114092032705848
0.00247479540214735
0.00436762248385891
0.0052939876213649
0.00150464553337026
0.00544602816901407
-0.0115801828244269
0.0103931031894597
0.000374060213688576
0.00523458570818547
-0.00427745954993508
0.0184908102635262
-0.0359434996505318
-0.0133155982499524
-0.0134952961923134
0.00898970134804378
0.0220801661421623
-0.0142126208072768
0.00941941560938098
-0.000380803670950502
0.00266715554706987
0.00513017280771089
-0.000756162542300154
-0.0109724174995759
-0.00592957165129238
-0.00461806802736076
0.0100521940846705
0.00401911961722501
-0.000953088085266729
-0.00515170768937212
0.000191848872110656
0.00651965459176762
-0.0150505042846064
0.0108316632334302
0.00248758141934879
0.00171790421297757
-0.0131478467987804
0.000965418015728581
0.00964506172839497
0.00554071455865479
-0.0112103360970865
-0.0505380659004984
0.0131552519732849
-0.0183779860491812
-0.00162796096109008
0.00407657961523489
-0.0148193063264032
0.00576966836533432
-0.00614634283658377
0.0210266139363682
-0.00343222296451084
-0.0143840961429478
-0.0113053232762458
0.0045738463440268
-0.036009892384106
-0.0186776076136708
-0.00284395105762314
-0.00329096080338043
-0.00572313449262607
0.0143901268271032
0.00545613269314704
-0.00694595181245927
0.00349726775956283
-0.00697015900675224
0.00416755867514795
-0.00131057233094289
0.000218700782617987
-0.00174935490924988
0.00262865267782475
0.00502512562814061
-0.0134782391304348
-0.00991628448840276
0.00244827509459156
0.0013320825636749
-0.00576492265032913
-0.0100357047279215
0.0288353013930007
0.00459827040062488
-0.00719271998272186
-0.0107573657685481
-0.00377279174938316
0.00356426829058276
0.0148724087652035
0.0168416662983011
0.00666803584994469
0.0175213678957558
0.00545993291600033
0.0325814111825102
-0.0091018812520608
-0.00408248605501182
0
0.00143472020014923
0.0069586572460365
0.00101623981674304
-0.00345173604060911
0.00916864265816453
-0.0199878461536007
0.000618026357271928
-0.0105002882437719
-0.00769875140035892
0.00733910688486272
0.00936721462599466
0.00288717249382664
0.0220028784288941
0.00543259546413299
-0.00300182103258317
0.00702525090325179
0.0045844929074943
-0.012103193964159
-0.00461940139346451
0.00403545189597554
0.00361738358590769
-0.000200220268326445
-0.00600839174844781
-0.00261940353376178
0.00363636363636366
0.00462962962962954
-0.00801446603886979
0.00181781465634479
-0.0145160691337125
0.00961532304387647
0.0127659984910231
-0.0190076230492197
-0.0101978382663235
-0.0127755823774074
0.00208720517637251
-0.0114559263260123
-0.00990301327229293
0.000212768665130092
0.00468087234042569
0.00487081734708128
0.000843013680863702
0.00463249085565431
-0.005659191063911
0.0215008436235422
0.00288896002659844
-0.0106995066131484
-0.0143511433298192
-0.00422029973032922
0.0112312356692359
0.0176026819446211
-0.00782539110738489
0.0116231216272311
-0.00389829692661892
0.00123588056098622
-0.0086402384562797
0.01597841909065
-0.000817013905576314
-0.00490592824635849
-0.00986029170090386
0.00124475101151966
0.0016577290367894
0.00579228382292096
0.00925547118995218
-0.00163028326879977
0.00347005497162467
0.00549227013832398
0.00141614404207968
-0.00646464646464651
0.0150467263115088
-0.00861370226817726
-0.000202101426465928
-0.00909460388035566
-0.0040790741194997
-0.00245756696876642
-0.0104700884925085
0.0132779872763904
0.0042997338247337
0.00346589201765335
0.014628158987644
0.00460550670015025
0.00817229452550516
-0.00217479232207218
-0.00931248247845295
-0.00260002000000004
0.00982558672198874
-0.00536141768543641
-0.00539029746456388
0.00501806503412294
0.00559213101657674
0.00119169816054399
-0.00178536004760954
0.00536565977742454
-0.00197663569875484
0.00633786863387331
0.00177132450755124
0.000196424353775093
0.0033392653702613
0.00880965118208099
-0.00834467316795406
-0.00841487312778366
0.0116439712509955
-0.00312134229892091
0.00313111558243118
0.0187281123186935
0.00478743767163081
0.00914808444543391
0.0111425871361173
0.0093388119286737
-0.00832718341363448
-0.0195931890278038
0.00323559186837485
0.0104344338917555
0.00413071739131476
0.000187023186237756
0.00560850605314989
-0.00632087736901132
0.000748381651106023
0.000186913434776059
-0.00635514018691596
-0.0250187735139201
0.00115757278959783
-0.00327612263010446
-0.0214617165223954
-0.0100771189473005
0.0105789026179204
0.0132332211488599
-0.00214424955446879
0.00976753291204391
0.00831882391794969
-0.000767402163610931
-0.00326424718647289
0.00211905220574082
0.00173012302960385
0.00671652261146582
0.00304994287171056
-0.0115925695855675
-0.00307633159301413
0.00405020266346012
0.00211288893367478
0.0118842826100931
-0.00416747482160484
0.00418491535096055
-0.0092820987065334
0.00841305943428416
0.0138414670518974
-0.00935103779033031
-0.00283181040528968
-0.00302915562287021
-0.000949468287124944
0.00608247469905976
-0.0111467976572831
0.00611387084447834
-0.0102544815799468
0.00786646216167419
-0.00171330671451175
0.00514874151694777
-0.0106241132730813
0.013614553648531
-0.00794555414404918
0.00190697944139928
0.0110391699459618
0.000753030887669981
0.00112868698269386
-0.00225484775921003
-0.016007495894821
0.00650717703349279
-0.000380300437345604
0.0015218185276773
0.0138651276784376
0.00786807778441223
-0.0366170452902796
-0.000771773074598858
-0.0426723104330505
-0.0282372316160858
-0.00124535076795351
-0.010390690157745
0.00293992026333312
0.0121440959859336
-0.00227554820024833
-0.00704957495334846
-0.00396738367023153
-0.0150943602705585
-0.000212835249042032
0.0097934637046313
-0.00590339447607002
0.0129373483377584
-0.025753748984663
-0.00236408773617203
-0.00495473954996717
0.00476295745319244
-0.017022215039862
-0.0085488603364503
0.00198982975900952
-0.00794353486319499
0.00689504018894671
0.0178926883145571
-0.00238717437555658
0.0100065040242221
-0.0152918156364419
0.0179352577004535
-0.0653201747889949
0.0413792873563219
0.00154525389724625
0.00484904132354069
0.000877407326167923
-0.00262991447227878
0.00747088584798439
0.000654372983833085
-0.00828249763987576
0.00549450549450547
0.00415298360655747
0.0178493473628505
0.0100513691211022
0.00423459665466863
-0.00253002319207252
0.0101458463296165
-0.0012555136795247
0.00963752357008185
0.00767798314334889
0.00473640846918433
-0.00635378138237797
-0.000412561881187989
-0.00392073883451793
-0.00621501968096128
0.00771313304746446
-0.00930908150599918
-0.0045938819084127
