0.0448588457661292
0.0359383028446285
0.00023278229958601
-0.00372439487254184
0.011915934857849
0.0103901406051687
0.000457061264033776
0.00319778444946972
-0.0113843356732394
-0.00161216036905387
-0.00622828171756773
0.0055709839567788
-0.0143120729455217
0.00070255267675523
0.0278492394102505
0.0141166445408307
0.0168387962092771
0.0242878775825155
-0.0178917442960066
0.00219488581661786
-0.00043804204993414
0
0.00109553026063813
0.00131321955161345
0.0266666885245903
0.00681285912682839
0.00465208279441587
-0.0105241006324606
-0.00319074678539677
0.00810928279749712
-0.0205334876996829
0.00842878755132892
-0.00792968281183026
-0.0112335491200355
-0.00480666375355043
-0.000878177845843542
0.0068117339842555
-0.0525971191619381
-0.00207325501036615
-0.0233148430286242
-0.0148901201869506
-0.00863723608445299
0.043320450145208
0.0132219667543039
-0.000228983516483483
0.00206091147519638
-0.00868366127439046
-0.000230567076289323
0.00899236820365168
0.0116545252127296
0.00384004969505303
0.00832587777510985
-0.0116045522962609
-0.00767667627733848
-0.00841863462073644
0.0493345089796002
0.0247102777170347
-0.00149381132108817
0.00598416315485872
-0.0167835351603994
-0.0112359769065681
-0.0716782811048201
0.0169491760828626
-0.0201388652745633
0.0222064246536062
0.0129420383637624
-0.00228158784934585
0.0265263892064946
0.00111383384080721
-0.00623050748176479
0.0347066502463056
-0.0281324178345039
-0.00601204631485175
0.0176971554143628
0.0228923838872992
-0.000430385185487769
0.0337997624585629
0.00874633486047482
0.0194054917300885
-0.0042527945675821
0.0221679895126292
-0.0055709910692795
0.00860344137655056
-0.00535609998016251
0.00199447550846577
0.00159231681559246
-0.0103338831478538
0.0283132535805874
-0.0103495217799165
-0.0116416732438831
0.00239566779796374
-0.00338573995988345
-0.0117905673103403
0.0121334274593847
0.00139860142654546
-0.0299281729834033
0.00205680794028829
-0.0090312395519041
-0.00165695943779942
0.0282157670494654
-0.00726392237159157
0.002235772312281
-0.00912593775854931
0.0176013095046808
-0.00140786401030046
0.0122859209552499
-0.0143254482421589
0.0181670969283994
-0.0150673872931679
-0.00523353462157805
0.020437111308665
0.0210192742415229
0.00621477932745096
0.000771993808685645
0.0258438004182757
-0.0212445576470118
-0.0253553395052759
0.0102482455558439
-0.0150213817799995
0.000198019401940197
-0.00178217821782189
0.0111089268002382
0.00922107103745184
-0.0250777026648076
-0.0313060805062381
-0.00720465182360441
0.0188679037943191
-0.0148554948078042
-0.0349101218756454
0.0100598884833072
-0.0173765631993338
0.00301917194348023
-0.0064502045345175
-0.00887253860360404
0.0222707646784011
-0.00918413071337032
-0.0230652947416533
-0.000661937334510254
0.0260543160509095
0.0219496659791334
-0.0166351014261906
-0.000214175584278942
-0.00128502894163696
0.013939480721864
0.00676816850186479
0.0176470805734068
0.00474812148530379
0.00164376419329204
-0.00697435897435905
0.0024788060318115
-0.0232845049100453
-0.00464139220922399
0.00720644340822396
-0.0187289351851853
0.00857812548620784
0.000425260481081491
0.00488841668200668
-0.018189530841572
0.0062473290067786
-0.0100620211959329
0.00194636669782167
0.0181307136572106
0.000636061082724737
0.00572033886185719
0.00716241821861341
-0.00522903147397968
-0.011774621283124
0.00659576595744671
0.0281124069306193
0.0176809419753483
-0.0101010101010101
0.0420408367346938
0.007442185518171
0.0104976868292708
-0.0221238553289727
0.0041313986176903
0.000979604212782093
0.00215308279506754
-0.00527345692825276
0.0361280188494013
-0.00720108015918131
0.00629895030156424
0.0110014793057382
0.00206380866911449
0.00599138738064031
-0.00707243625535081
-0.00880969105190965
-0.00832076383659675
-0.0131578759183424
0.00463771980676331
0.0230813032090287
-0.0137243845407855
-0.0360274311099397
-0.000197725924461101
0.00870251169496616
0.0119608039215686
0.0110443516557963
0.0164814296665388
-0.0098039402374821
-0.0232292650418888
-0.0177387917687873
-0.00674737064392483
-0.00259742262931917
0.0210337147850046
0.00941730411188324
0.00544215732862652
0.013531799729364
0.00209805454892242
0.0266463261011358
0.0305895630439297
-0.0107932721712539
-0.0120021817784258
-0.0161973305283515
-0.0630495591571645
-0.0379393355455537
0.0315483810709838
0.0323943655453849
-0.017150672049295
0.00931988895498703
-0.0288801953288725
0.031964353631398
0.0123505395942183
-0.023818726255204
0.0380877206903394
-0.012994457749113
-0.00832528525361909
0.0199141151910558
0.00210558950591166
0.000191079281416595
-0.00114595108582971
0.0130019314149508
-0.02321630804077
-0.00309178743961347
-0.0414808877689475
0.00707781583260236
0.00642570294027522
0.00678371920957144
-0.0566785782140028
-0.0126050005296219
0.024042574468085
0.0145439639612723
0.00511980318985028
0.0270985726528699
-0.0263836143622297
0.0287286051862834
0.0114873831852889
0.00509109065987867
-0.00272750817348499
-0.00761867567139429
-0.0332676778202299
0.0138464668326925
0.00542277554884962
0.00819017163024038
0.0267485431593313
0.00521034349671945
-0.00479938567863314
0.00540121527777782
-0.00920951667708203
-0.0213012784915043
0.0128610602916293
-0.0377026965755557
0.0164434030224685
0.00539245056920312
0.00119193484306712
-0.00833337268518375
-0.0182072829131652
-0.0112084776849398
-0.0148392621599341
0.0334728668090558
0.0129554448196176
-0.0267785766031459
-0.00718691977028918
0.026266826319207
-0.00181378480076155
0.0205935800644776
0.000791315544833138
0.00790674046254192
0.000784408676822501
0.011953752928743
0.00561582117768822
0.000577681494319249
-0.0144341804163622
0.0214802191267374
-0.0193080095716305
-0.023586725605979
0.0259532641245757
0.00155676204624955
-0.0266175048257723
-0.0163672461623652
0.0101461041019908
-0.0174768786154456
-0.00613369454099366
0.0125488580014637
0.0258025390938126
-0.0358487210992782
-0.0244453163516846
0.0117918925335063
0.0197710930233319
-0.00367346938775515
0.00122902498975819
0.00593283539417278
0.008745170174707
-0.0048386493886553
-0.00911671375371326
-0.0449805970149252
0.00171273820836504
-0.0297071803866813
-0.0433921126258981
-0.0303937140225651
0.00688674882719664
0.0160377350925596
-0.0366759964402973
-0.0108433975903615
-0.00341045075299518
0.0017110730872647
-0.0075647144948755
0.0127858624433668
0.0247632926623766
-0.038142644826881
0.0465518249532919
-0.0157684624255842
-0.0129125059780011
0.0210756545803212
-0.0125742105540114
-0.0343584823248073
0.00422995780616953
0.00396429623477967
-0.0244324037512341
-0.0275739951321525
-0.000520317391267344
0.0148361277894913
-0.0305207216968083
0.0502646045043547
0.0151132993674232
0.00545908202131717
-0.0128331688055282
-0.000749974999999958
0.0217662991802277
0.00489718413320261
0.00146191516905669
0.0277373249507213
0
-0.00710234341371474
0.0402957091153007
0.026128786932643
0.0194326334599062
-0.00569671353410861
0.00749228718615513
-0.0260280396756774
0.0152706044300608
-0.00774160601065277
0.0303165396719454
-0.00995246624940571
-0.00633734730495394
0.0219925220586645
0.0163546155292744
0.00910438280753767
-0.00797316407889215
-0.00486463631270373
-0.0180658452298798
0.00324668824141372
0.00755130561170692
0.031691626730372
-0.0076795143212951
0.0115038692427551
-0.0188172039119684
-0.0126449523151749
-0.00128061905146726
0.0188073729684255
-0.000629305669364588
-0.00104951723445668
-0.0037823072073967
0.00464039232229485
0.0216250047947721
-0.00719274558158645
-0.00807292469317067
-0.00313017542279526
-0.00942013816202647
0.0101436813186813
0.00732223864690873
-0.0170301135189984
-0.00274669331304911
0.00593218207770785
0.00463355096882911
-0.0398323262089659
-0.0106986465218045
0.0110350913477137
-0.0237939309366092
-0.00626122526249506
-0.00967599031674138
-0.00363553754308288
0.000912223530774359
0.0132149011896765
-0.00787051927433069
-0.00951944717859132
-0.00251718529708955
0.0045882312456984
0.00137010729915277
-0.00364878009800595
-0.00457763800818589
0.0188548853136408
-0.00722182335315236
0.0386450766699216
-0.000875399450107173
-0.00416216849234741
0.00615932701626321
-0.00371670294198934
0.00526664472240501
-0.000654922491706622
-0.00152905202116749
0.00218774889931628
0.0251036449442559
0.017035754195821
-0.00209376055669031
-0.0155266890474192
-0.017902728810858
-0.0108506939734941
0.00504605067810227
-0.00371102371292231
0.012269982740359
0.00995668809617545
-0.0111444706386625
-0.00368439539844811
0.0132695450670099
-0.0397166578052102
-0.0221327520679634
0.0294923854827442
0.0175438822461444
0.00611082496726323
0.00694143197142871
-0.00172335207769714
0.0146741476046612
0.00999578902594633
0.0351652543623813
-0.008340113913751
0.000615364102564131
-0.00143501437956151
0.00123180047694116
-0.00246048800492116
0.004933134432348
-0.0049089180795443
0.00616647456664032
-0.00204296216459732
-0.00327531231423994
0.00944758696750014
-0.0010173753400865
-0.0099795727079256
-0.00678876760360492
-0.0306545159621896
-0.00106835472368283
-0.0260962780748664
0.00461240950170017
0.0015303672264817
0.0216109578342947
-0.00384615392833665
0.004504568951192
-0.000640679024527913
0.00769232922419505
-0.00869380831212885
0.0117646844919785
-0.00380549690920706
-0.00742782273828135
0.00235195638229624
-0.00810582320593378
0.00129034408602147
0.0296391316658262
-0.0123070715958922
-0.00337907089246337
-0.0184360885449478
0.0107944732297063
0.0108928235796668
-0.00063391081200459
-0.0124735732024011
-0.00321126104070357
0.00150343639382644
0.0150118161052581
-0.00971905726942501
-0.0360571588661651
0.0152722222222221
-0.0252888603725497
0.000671057943884001
0.00603477845173117
-0.0148855372088663
0.016914749661705
-0.0352628077178976
-0.00114940229885052
0.00345217483424221
-0.0112384638182782
-0.00371143577565669
-0.00535506390325802
0.0112359547931657
-0.0233796753847297
0.00355536865502182
-0.00566844591402937
-0.0133015920808358
0.00722193049537978
0.00693119024856581
-0.0140042721575061
0.00433317274113709
-0.00335568064823399
0.00505048075755243
-0.0198612581990604
0.00976567406654461
0.00604448728132279
0.00720978112930104
0.00143166308756881
-0.0135811052279937
-0.00434785003150473
0.0126152592766797
-0.0126977233973298
0.000485343375038472
-0.0215862236235749
0.0247892910262766
0.0084663522012578
-0.0103142482685116
-0.0096945472464639
-0.0026921438401335
0.0159509693251534
0.0130434051669852
-0.0121602053447831
-0.00796529085203956
0.0180049157180009
-0.0141013384321225
0.0261818666666667
-0.00212615156502949
-0.00378787860852836
0.0268535395982159
0.00601717209019137
0.0105819873342077
-0.00910541770999329
0.00781070544017259
0.00934579460555707
-0.0128726290169969
0.0121254406800602
-0.0384267839770893
-0.0122238125946446
-0.000238029509757265
0.00975958151676171
0.0235737870614703
0.0287885780188197
0.022386390077743
-0.0183927312630932
0.00713807686200862
0.0026577628944513
-0.0280538988292468
-0.0149999999999999
0.00184582371942765
-0.000460525124851396
-0.00921663551997076
0.0109302558139535
-0.0126524726788022
-0.0083876285362362
0.0187969920395443
-0.0046125690818134
-0.0060240500463391
0.000699254046654829
-0.000232983927323516
0.0246971586531761
0.0100045020463848
-0.0164340169488526
-0.00320439467165012
0.00413320330960287
0.00686025611708208
0.00908473788518593
0.000675196939005307
-0.00134946021928617
-0.00225231971836404
-0.0128667948728397
0.00274406585867837
-0.0022804562043538
0.0598856914285715
0.01207679560226
-0.00490089494992541
-0.0194860809531889
-0.00720685723505432
-0.0178177962564408
0.00537507254758918
-0.00178208959193793
0.00736438278588758
-0.00819669933975853
-0.00335048023229845
0.0127745408510656
0
0.0358486841303094
-0.00234992517945043
-0.0104925479551916
0.0149318981807378
-0.0153518543559977
0.00606320918146386
0.0120534010342961
0.00616760952786044
-0.00338192763935896
0.00593845149783867
0.0198186590765339
0.00868310954482343
0.0250050620003064
-0.00539884044786421
0.00321672685095598
0.00140278551491857
0.0148088450108297
0.0303687838763318
-0.00612440191387564
0.0152128056999807
-0.0151745634450956
-0.00616332843464285
0.0102713763671076
0.0161135619391222
-0.00264298654629069
-0.00283933360441668
-0.026765375854214
-0.0109225863077823
0.00295803594868915
0.00353912694575054
-0.00117556815878583
0.00745392310710091
0.00272583717434127
-0.00388351456310676
-0.00214424955446879
-0.00546979889567889
-0.00530349636613614
0
0.00533177340702551
-0.00451777646827733
0.0157853196527229
0.00854696969696978
-0.0121339950744991
0.00974848879414147
0.0108128401078811
0.00152821400298819
0.00324238031661261
-0.0134980803611436
0.00231256508600053
-0.00845987342664389
-0.0168702540236572
0.00532544368194388
0.00274671369929913
-0.0119350613982574
-0.004158396039604
-0.00218733342240329
-0.00896771622160231
0.00100540920973247
0.000200924069926112
0.00120500098001619
0.0162487870109844
-0.00177654954599282
0.00830535890844364
-0.0117670715133527
0.0127009329767995
0.00783854610696744
-0.0225549290297491
0.0165108016709767
0.0205480242875939
0.0057526172290463
-0.015633936784863
0.00677898495489071
-0.00480954213158913
-0.00386624782524647
-0.000776188643046516
-0.00349584371738798
0.0120833948142001
0.0154053533602927
-0.00568936089512606
-0.00419609002479493
0.00383070300384403
-0.00515170768937212
-0.00268505950680975
0.0132692115384616
0.0182198333311792
0.00521897464234944
-0.0153903578713147
-0.00320146904713625
-0.0035896089174382
0.0214258050274629
-0.0115091704382619
-0.015774647887324
-0.00553331425300507
0.00652340764626658
-0.00705297382868797
0.0147821270877326
-0.0030268633555266
0.0117646866837819
-0.014253544636159
-0.00304412094664908
-0.0101145606826504
0.0310391561796637
0.0209423709798056
-0.0157508430677965
0.000186043908223299
0.000930213953488357
0.00427509301626561
-0.00777342231673928
-0.0123111357524504
0.00660997154655396
-0.000750487818958478
0.00131438232498615
-0.00843804581143648
0.00586229187098541
-0.00827221297748093
0.00530803791469192
-0.0113143317238229
0.000190711424756795
0.0179252863830146
0.00917943032635016
0
0.00705403762862522
0.0007373456221198
0.00257872531628811
-0.0049604997244167
-0.018463810930576
0.00169300225733648
0.0120187605633804
0.00334015593505566
0.000369890882189861
-0.0223701053799225
-0.0189107409434429
0.00443330754754601
-0.0034542505573929
-0.00654727517812437
-0.00775345997286303
0.00820476671624859
-0.0133695599037094
-0.0084445407872954
0.00435723888464112
0.0207059558411744
0
-0.0139102980645402
-0.0193965905290636
-0.00359640366825986
0.0134349711938033
0.0237435887664506
0.00811747166148158
-0.018213209355828
-0.00624877965726967
0.00825313437321928
0.00760085738450877
0.00212765953331417
-0.0260567839016254
0.000594589785861688
-0.00415929870630627
0.00497215602569923
0.0128636654039911
0.00273544353262989
0.0177318784099765
0.010913249090561
0.000378806825356293
0.0478984854221884
0.0191508950009356
-0.00602730012409136
-0.00321029070804346
0.00554664529516269
0.000711761553171542
0.00604551898842409
-0.00936732027687093
-0.000535218564410633
