0.00673396578443097
0.00273643463537931
0.0238528497300818
-0.00227051325951111
0.0159295537746118
0.0102259738994934
-0.00568788183684898
0.0423696242230911
-0.00753422923385305
0.00646674807310443
0.0176925413697042
-0.0737487229046691
0.0113602090874185
-0.00166046107620033
0.0070443303692822
-0.0234139998056933
0.00457626356674079
-0.00881369551949807
0.00609452517112685
-0.0113207451237561
-0.0072318402417002
0.0125455893381461
0.0109911868307118
-0.00227320616722682
-0.0030708074216188
-0.00178855327691341
0.0119451026472737
-0.0111155317286825
0.0161146226610427
0.0243758879221558
-0.00573392589577526
0.00778543821813305
0.00877443030566405
-0.00926534960571102
0.0128828894657611
-0.00772563602530285
-0.00503227307254073
-0.0094474471853474
0.00192675331618242
-0.0200000192307692
-0.00549447616747412
0.0053275551960581
0.0162904412896872
0.0278100043995753
-0.00601276764350311
0.0126653682609064
-9.33544903244377e-05
0.00522734076059028
0.00520009276255751
0.00138569976905312
0.0108856086552469
-0.0153312645495297
0.0326227612118117
0.00870580701320778
-0.0159266929079696
0.0175407146029063
0.0269237513157654
0.00372068876005893
-0.00137934482758617
0.00017269510264839
-0.00958053677213411
0.00148146405228755
0.018447642158852
0.00162339369768105
-0.0105775396081838
0.0248297702358784
-0.0132918479021154
-0.000852579070231174
-0.00767984456557991
-0.00687937907920388
0.0054550611387143
-0.0115398205768217
0.00627287860492132
0.0120346233766233
0.00136884251320768
-0.00888510015672539
-0.00741315391064301
-0.0132870080193312
0.015578207650637
0.0116128261687565
0.000942285592162584
0.0005135741360347
0.00307955512267655
-0.00221731191851759
0.00119657264957262
0.0336349926040207
0.0150313839604992
-0.00561434490456725
0.00155472548526903
0.0172385618098274
-0.0118866193576962
0.00268228889443445
0.00405317765845359
0.000322953331802545
-0.00500405964480932
-0.0128163693447143
-0.00435496313118222
0.00123794670690658
-0.000659429607649087
0.0250742415881597
-0.00442545867738542
0.0156792609145902
-0.0031829474525813
0.0122934544334665
-0.00433716590706035
0.00427689681170773
0.0108832016352554
-0.000624020942176173
-0.00944579971370185
-0.00859008596887134
0.0107313113498098
0.00102239086083533
-0.00934948938835245
-0.00166546916220056
-0.00532251363177272
0.00495170517491972
-0.0100930142240639
0.00834938998634227
0.00374205419971418
0
-0.00705957008011415
-0.0056718245726155
0.00747168789690944
0.000717671439909529
-0.0086062157718737
0.00755561425751572
0.00446753896238605
0.0027797473503377
0.000950380152853203
0.00435197826440836
-0.0103994248798551
-0.017116487404534
-0.0227603841143721
-0.00903443002015036
0.00175643194641073
-0.00484257338672223
-0.0158570263301112
-0.000767297508082798
0.0100674004783501
8.44919341540518e-05
-0.00793921439291867
-0.00987566839669385
0.00223555454250501
0.00969461238322955
-0.00339876789194038
0.0123624945659264
-0.00336872163329494
0.0102248355661598
0.00677539087974766
0.0088068875971512
-0.0131773845030043
-0.00308799031881157
-0.00452066147812458
-0.00807339136915686
0.00618908875427948
-0.00572969329288853
-0.00533895762711867
0.0201073523019335
-0.00317384941517118
0.00988689585063929
-0.00514390612415094
0.00650486176282672
0.00372853585668187
-0.0104012053029652
-0.00492155501138358
0.00997570617842469
-0.00332006133831186
0.00133241170332421
0.00657020137342323
-0.00223082708610123
-0.0071215633136541
-0.0105922016581784
0.0195566050633889
0.00553952886828091
-0.0183358324699268
0.0153279337911711
0.00800198805476016
-0.011784941291678
-0.00430639337474126
0.00274469759432683
-0.0209853935133608
0.0119461409128709
0.00686537161980283
0.0157991183136683
0.0129338076969938
-0.00791979970777112
0.00757575745233385
-0.0112377635825408
0.00106293537866886
-0.0111083884668791
0.000908565292806029
0.0132034906750289
-0.00488678127452991
-0.00384679161892298
0.00410812590673015
0.0336306442486756
-0.00554145820139329
0.0132940452166683
0.000471341028585481
-0.00266977624923093
0.00259817333126255
-0.0144494743034231
-0.00605579282868529
0.00360753573204331
-0.0055915327807089
-0.0043377059095141
-0.00112947965621979
0.00201922303560664
0.0056424634151615
0.00320617179855454
0.000639133888170829
-0.0245927343435441
-0.0152259408897858
-0.0409808801085401
-0.00528734492621963
0.0264900744773429
0.0171476820760352
-0.00175262059756298
-0.0150489339097991
-0.0174857655120239
0.00544273866090705
0.00979549776066757
-0.00961536784246175
0.0189019419099745
-0.00919129805856478
0.000170187234042496
0.00850919014233797
-0.0019405670420326
0.0139487783079824
-0.000416900109773244
0.00467093172634025
-0.00871726879329016
-0.00469016742562534
-0.0111073632146538
-0.0061265658473425
-0.0127568917956279
-0.0201196777403464
-0.0417736178736812
-0.0130229614765761
0.0150664419327491
0.0157647182099685
0.0191504901070974
0.0101522752680356
-0.0276822621881336
0.0125124398176404
0.000358207224110396
0.00572911114250396
0.00222518918068881
-0.013321492243721
0.00405045011791993
0.0343343244912329
0.0175940982213754
-0.00017038582163742
0.00161856207188471
-0.0130974738374302
-0.0562736896219089
0.0222810241570446
0.0517195279603269
0.024885341003658
0.0177343170255126
0.00439703614358833
-0.00494527774536324
0.0140133699529634
-0.00321389203932099
-0.00781881360339853
-0.00942396650983723
-0.00139422619535801
0.00903415721034562
0.00830209988359032
-0.0225218039034987
-0.0118093322919921
0.000250693623577103
0.00969166998593574
0.0211833350630257
0.00632037901886795
-0.0314035021917465
0.00980962665383966
-0.00296369471504321
0.000577978692279935
0.00528139957088625
0.00205220817599727
-0.004341762922913
0.031100863657225
-0.00909671241621435
-0.0256079884039299
0.0309090743801652
-0.000240492227681521
0.00312724723861169
-0.0177458116346253
-0.00236003423730557
-0.0115833105990149
-0.0122967568258935
0.0256517379679144
-0.00594707128309568
-0.00278640393672525
0.00065747863247867
0.0223390354412116
-0.00112473487006581
0.00249321224041221
0.000401083026055682
-0.00240573381890297
0.00643082787088689
-0.00806705290895482
-0.00442872204801159
-0.00606599810794239
-0.00724224108749483
-0.00950822950819674
-0.0186196629797969
-0.0197318161643247
-0.00541932903225806
-0.00432451121801125
-0.0291001208538884
-0.000715710853960161
-0.00555109668634457
-0.0102637976051138
-0.00218318930228323
-0.00629047303691366
0.0363302660550457
-0.0174398107067971
0.0154067846726151
0.00106480038326895
-0.0268569313951426
0.0233172144701956
-0.000712069438577045
-0.0261868271003873
-0.00439041426158571
-0.0047771796927365
-0.019939111604558
-0.0492605830132916
0.015751901807967
0.0200916514199907
-0.0304999916053157
0.0159762817361679
0.0143661720355126
0.0124402200956939
0.0267485247613839
0.000828537259372153
0.0170161790193508
-0.0105815139730486
0.00712978049122892
0.00490108005082579
0.00279983740245826
-0.010717851127784
0.0121995998616025
-0.0117826677459976
0.0186583684720569
0.00223373842447705
-0.0030310778823408
-0.0135026555753794
0.00743291334300222
0.00260933059752855
0.036435412366508
-0.00398302024388286
-0.0212987657245829
0.0132350148652511
-0.015253773998422
0.0208314426986302
-0.00479632867875357
-0.00201545736026654
0.000263403286183239
0.000877800226084968
0.00096474305292249
0.0141067295392989
0.0182305169903321
-0.00610946976851023
0.0110988050311314
-0.00126657941399988
-0.00828539066862855
0.019522531470012
-0.00944892581148682
0.000506483205356068
-0.00742489050181128
-0.000680049308738995
0.00586936042649477
0.00642707822410138
0.00462142669319499
-0.00618934436583041
0.00143071873421996
0.000168114970469979
0.0167212668394039
0.0063636115702479
0.0273466459886667
0.0131095125996725
0.00205145971360987
-0.0112598425196851
-0.00199092139842316
0.00430897701883182
-0.0042110201476957
-0.00917579176293304
0.00249636012240284
-0.00160653067084149
0.00522971272644845
0.0140867214008848
0.000236827156357311
-0.00765407541259189
0.00842873714330894
0.00488883456868017
-0.00980853719697838
0.000713186453551229
-0.00142541179462641
0.00404443305383717
-7.900639697489e-05
0.0123223224695468
-0.00452560847298344
-0.00211635049198389
0.00549836627913547
-0.000468697776294769
0.00226657293317478
0.0102931452630559
-0.00509419581806425
0.00837860395866286
-0.00307735045629631
0.0146627100684873
-0.00220561308809297
-0.00678404593667126
-0.0211819028123891
0.0019601693432636
-0.0109554893891893
0.00759552976972477
-0.0129564273726962
0.01439940368495
0.00564656880799053
0.01193167782677
0.0109432649099592
-0.0118920421043169
-0.0315537429236901
0.00748826581285944
0.0230094407922081
0.00687895320455412
0.00782980708283398
-0.00426534412260959
0.00948523703771853
0
0.0252330224654618
0.00184774570921475
0.00516412382521292
-0.00256885137614682
0.00309060352129231
-0.00095367512708544
0.00168878769823344
0.0027855520126896
0.00964906411588307
-0.00173754712342677
0.00681753674145869
-0.00705958039607357
0.00116079515846756
-0.00289850724637675
0.00661329186279258
0.00758070202803784
0.00050162654774466
-0.00179044611507395
0.00538097268686433
-0.000285513441607321
0.00478263272989166
-0.0100169725069967
0.00444919248873221
0.00128593983506509
0.00592224071019221
-0.00659663091492779
-0.00199927878616324
-0.00629609340212944
-0.0046799193943402
0.00339989860388101
-0.00475815706649041
0.00275255336285651
-0.00260049135450002
-0.012674729566719
-0.0066021783581629
0.00457831198609249
0.0124964134627674
-0.000798606040416372
-0.00508618741966926
-0.0058423138895507
0.0116065668255869
0.00479259288687706
0.0151045174208468
-0.00954016754391873
-0.0294708966888619
0.0144422821969401
-0.0265021900671519
-0.00262480133867726
0.012707631675027
0.00519759456773961
-0.00273312148274785
-0.00251830984809687
0.0152224179880065
0.00811879016882111
-0.00319236010748969
-0.00269302716859321
0.00561953712977559
-0.00653163542870649
-0.0104462854149046
0.0149120692131663
-0.00836480967020103
-0.00242061171538754
0.00463238970588242
0.00622111519354762
0.010110554556606
0.00165630451704146
-0.0188354413155094
0.000293141860877588
-0.00109880600355106
-0.00425314967563051
0.00132563524029328
0.0172096564153148
-0.00202443065612656
0.0129682533722253
-0.00758126124253444
0.00655810776009313
-0.00902122157974117
-0.0863377259926963
-0.019848189307672
0.000403412676161619
0.0108064193548387
-0.0120471840449078
0.00153432122208974
-0.0192710857749819
0.00213764701482311
0.0266633852380294
0.00735175808975352
-0.0344280268828816
0.0368879227991463
-0.0110133825450708
0.0214709181220958
0.00415685490196083
-0.00796685939207109
0.00086608139727451
-0.00881059607904511
0.000952404761904724
-0.0110212493413911
0.0102621580150206
0.011903816968434
-0.0141165631853727
0.0159891974861921
-0.0146414264434589
-0.0174810968213126
0.00671250292418102
0.00618570839848065
-0.00111775648702594
0.0101510350079848
0.00538060623628578
0.00574534087431688
0.0106424054257577
0.00356180426922847
-0.017436949174933
0.000235563411630446
0.0029832391972815
0.000469614895591386
0.00422469879518084
0.000545278898836932
-0.0125359580141066
0.0111180886295537
0.00358735096583795
-0.00878082199423702
0.00478206341771825
0.00163850357554041
0.00537468432097343
0.00798015762097237
-0.00760956921093447
0.00178138794995442
0.0107468690504675
0.0101736559373873
0.0218082995881916
-0.0021491625589275
-0.00237647244158057
-0.00253105780494223
0.00298525251939497
-0.0122776546787532
-0.00256148099436948
0.00105739430773699
0.00377244625326023
0.0154089229394352
-0.00932707111783471
-0.00149441079736368
-0.0084562220887443
0.0129057132075472
0.0160940905099574
0.000880032297427391
0.00879183058129418
-0.0568668813005028
0.00569848293779085
0.00681469340820695
0.0177960066242298
0.00881710365662247
-0.000592563535758983
0.00704077706429596
0.00360604932270925
0.0202391295827211
0.00330619552554468
0.000358213349328951
-0.0044399527674015
0.00899151175394874
0.0186782271710777
-0.000489831342220026
-0.00392110329472262
0.00337417416611041
-0.00567473708579458
0.00253646176111633
0.000983906155649139
-0.00238711659558943
0.000140791051890687
0.00717756662319635
0.00565916978763448
0.00208422256378737
-0.00797288519228756
0.00824661424967821
-0.000623906546783015
-0.00298233472656639
-0.00076522434782611
-0.00814534954152979
-0.00119321961680896
-0.00562194647318459
0.00353356890459366
0.00373238732394365
0.00266614048036296
0.00195926101856392
0.00551710307260134
-0.00354212400450404
0.00752772002838431
-0.00719479749855145
0.000278781976126519
0.00327412741328881
-0.00437442704139912
0.000697440551624684
-0.00104543170097449
-0.00537176657937122
-0.00329663307093753
0.00288521451575452
-0.00224540741861656
0.0042900414334337
0.0200280177865262
-0.0162708426123617
0.009212143656117
-0.03955467782619
-0.00143996689063264
0.00713815693794562
0.00336484123391956
0.00613628995232074
0.000425586852903503
-0.00333168623150348
0.00213362722047106
0.0105039819944919
-0.00133447811018139
-0.00112527602327472
-0.00232346688955487
-0.00402252654952406
-0.0128250402882081
0.00868498377264659
-0.017007044880147
-0.00456061969422761
0.0054541489874973
0.00788377722710032
0.00681734452167881
-0.00427659292352267
0.00701500372974229
0.0079614021590122
-0.0119886950919176
-0.0112776726076658
0.00346517460395113
0.0220863812949641
-0.00344903903608584
-0.0117248479767645
-0.00450260869786445
0.00847159206907255
-0.00427141735408687
0.00529067009689976
0.000782305662596405
0.00653779131226684
-0.00374186673073884
-0.00503158525241609
0.00263539897302278
0.00795620493127203
0.0180421313555721
0.0121842162447396
0.0282469653393835
0.00851402842926752
0.00448494936304411
-0.0131319761037694
0.0177644573965843
-0.00601423804658274
0.013745451882694
-0.0164784807089559
0.0114115826618106
-0.0152611815657578
0.00304650629026737
0.000462244974491544
-0.000330009230992356
0.00646990158797189
-0.00019677927576478
0.00577355341521524
0.00247873445899405
-0.00240756778274964
0.0110886245005364
0.0071608285646354
0.00275434290143317
0.00855953991901215
-0.00608022044512135
0.0270184489207235
-0.00663890310403792
-0.000187376632578062
-0.00724684793697805
0.0097539674091256
-0.00380157655109647
0.0044416138464205
-0.0118958895353251
-0.00277331873079056
-0.00493024439345358
0.00203269398608175
-0.00855788272583202
-0.00121475068598786
0.00185643036300487
0.00166130990415336
-0.00204129248664497
-0.0120174122728532
-0.00420544777698573
-0.00110453508922004
0.0107973783401398
-0.0111968472791576
0.0049459454654186
0.00226658466865159
-0.0100148798858983
-0.00221900533729913
0.00627937577579218
0.0196957818433638
0.00471732022430427
-0.00387031911763014
0.00942672611464968
-0.00277639456780399
-0.00310041775311898
0.0105363628587172
-0.00339180312956078
-0.0218062081276386
-0.00721610044125554
-0.0031798949491828
0.000976523399354612
-0.0058536195121951
0.00850499148819117
-0.00168663645877276
0.0076678667078296
-0.0306313264047251
0.00332623720540415
-0.00895110686475442
0.00187327890631384
0.00814691819699487
0.00271579782264175
-0.00303875667067144
0.00834876104358284
-0.00328558301353055
-0.000197778226427081
-0.0156939669908592
0.00140679302185864
-0.00133795160122963
0.00656481783604512
-0.00439231346972957
