-0.00152152904064173
0.00876190476190475
0.0188821752265862
-0.00518902891030393
0.0115499254843516
0.00294659300184175
0.00183624678663241
0.0201612529266402
-0.00682720086237865
-0.0282198997185202
0.0636634004592926
0.00770042002100113
-0.0211879464679421
0.0205819730305181
0.00625872739916544
0.00621976481617947
0.00377743805709363
-0.00376322271638729
0.00446425122032101
-0.00615384615384618
-0.00309597523219818
-0.00724637681159424
0.00660406673618352
-0.00828729310384291
0.0034819290905963
-0.00104090909090915
0.0072941643871427
-0.00862068965517238
0.00417394782608693
0.0062347763687296
-0.0110154564893444
0.00452492168465013
0.0242549541145201
-0.0196210764418497
0.00931677018633548
-0.00991456410256408
0.0162293168587471
-0.0183486578321441
-0.0114226379862457
-0.0262605051211662
-0.0107874509452517
-0.0214467466375863
0.0178306092124814
0.00401459854014607
0.0036350781533987
0.00325968840059088
0.00902527043230061
-0.000715599258833688
0.00644471894020771
0.00391312686185952
0.000708752682804681
-0.00424925637393769
-0.0120910379768479
-0.0122390204377603
-0.0178571422063724
0.0141001478998088
0.0106110867178923
-0.00832737116845139
-0.0178897049247794
-0.0100372118959107
-0.0157716866605966
-0.0354825652606855
0.0138448570472764
0.000780374591508926
0.024951306042885
0.0228222889759495
0.00334700644652308
0.0111193847294291
-0.0161290683237144
-0.0339046199701938
0.0107982645584266
-0.0152613512118027
0.0185975210615079
0.0213008360098579
-0.0100558659217879
0.00338600451467275
0.0131233595800524
0.0011102516654331
0.0110906103915198
-0.00731261425959795
-0.00110493554327806
0.00368724175194557
0.00771495252442866
-0.00656215822092598
0.00220179816513766
0.00256316377016352
-0.00511318499317703
0.00440532305433194
0.0179093195208582
-0.110233357271095
-0.00807106504959387
0.00976403580146479
0.00443190975020147
-0.0361010429201766
0.00499371598028642
-0.0132505175983437
0.00629458665547644
-0.00667222685571311
0.0138539042821157
0.0132504761904764
-0.00204327756613309
0.0114660524160524
-0.00323886626563297
-0.0125914698378768
-0.00329078582027098
0.00825423029302508
-0.00450266066311911
-0.00534535361842114
-0.0227367497835159
0.0207275812490517
0.0265230429557828
0.00888171174808239
0.0228090836334536
-0.00625974202894153
0.00708661417322842
0.0105551211884285
-0.00696324951644101
0.010907713283989
-0.00462431581409195
0.000774293457220354
-0.0108317214700194
-0.00273758310520145
0.00352941176470578
0.00117237202032028
-0.0156128799526587
0.0107058291318725
-0.00117697136131811
0.00235667723317667
0.00235109717868331
0
-0.0129007036747458
-0.0095049504950494
0.00999600159936032
0.0716547901821061
0.0273364979682305
0.00107878464864375
-0.00646551724137934
-0.00433835864063625
0.0032679011159078
-0.00434306928494643
0.00218102508178841
0.00689154878491127
0.00324207492795381
-0.00107719928186722
0.0086268511861971
0.0128296868435385
0.00351864883884589
0.00596076437587656
0.00104559076174326
0.00104460310043875
-0.0142608695652174
0.0183486591390261
-0.00173257097253732
-0.00833040639813976
0.00840038501925089
0.00138844156155637
0.0135181975736567
-0.00752393980848154
0.0168849069607169
-0.015926770586242
0.00275482084177603
0.00583791188743432
0.00443834057909398
-0.00067980965329717
-0.00374146258503394
0
0.00204844649885816
0.00783645655877341
0.00371876267748483
0.00303132357590696
0.00839489562139373
0
0.00998997635731014
0.0151665347840422
-0.0188373491770917
0.00132409802463096
0.0115702479338844
-0.00620915032679747
-0.00526142716211775
0.0115702479338844
-0.00784310457516346
-0.00922269403087317
0.00831117021276606
0.0141773821299045
0.00520156046814035
0.00420436610608022
0.00386476663010527
-0.00160407443054233
0.00449868237472106
-0.00159952015355092
-0.000640756188425406
0.00673289494283758
-0.0159235668789809
-0.00550161812297734
0.00455584119752683
0.0161969544477825
-0.000956359548729302
0.00382894065092532
-0.00317857607052052
0.0114795276951682
0.000945807091607964
-0.00818897637795279
-0.00254048904414095
0.007322476918179
-0.0060049938686787
-0.0108108104670649
0.00803600102745095
0.00542091819448598
-0.00285442426722404
-0.00763358754346088
-0.0115384932199201
-0.0136186770428015
-0.0312294871794871
-0.0264675271960478
-0.00731965816243774
0.0207162921348314
0.0268317853457172
0.00268006700167489
0.0020046775810223
-0.0180059686562187
0.022750423675707
0.00830013252655593
-0.0184393145064433
0.0228111715132897
-0.0078714332568055
0.00330578512396706
-0.0013179901153213
0.00164968662651543
0.00461129760832346
0.0055737704918033
-0.000326051516139625
-0.0234833333333334
0.0217100527150951
-0.02451781627983
-0.0117292225201073
-0.0108511359782976
-0.00137130613644154
-0.0298660841011358
-0.0113233899504601
0.015032211344588
0.00282087437161938
0.00632911370150802
0.0160726409478462
-0.00447039202200816
-0.00414511211933988
0.00208113076656269
-0.0114226379862457
-0.00350140068282223
-0.00843288856053714
-0.015237349937539
0.0100755304039033
-0.00961884574278593
0.00575539589048191
-0.00393415607775949
-0.00789949730700179
0.0170105326460561
0.00640572953736651
0.0095473122508023
-0.0126093874819401
0.0454060998437
0.0159484905309972
-0.0110220437200386
0.00844309326433312
0.00267916936774371
0.00334001324849664
0.00166441405910733
-0.00033233632436025
0.000997373670212909
0.00963131817896645
-0.00657891447368419
-0.0192052973773081
-0.0276840638864259
0.0208333687789364
0.00374149659863954
-0.00203317519484925
0.00101864173111577
0.00305291723202172
0.00744000676361178
0
-0.00100708287992335
0.0104166666666665
-0.0192883272364484
0.00712109189555798
-0.0208754538425774
-0.0178817400275102
0.0164566532372776
0.00344464335361216
0.00789570916222826
-0.0235013956573094
-0.000697593303104371
-0.0178010820244328
0.0110164183019339
0.00316344452852557
0.0066572877835569
-0.0257570483814828
-0.0242944265809216
0.00146470162814727
0.0544789762340037
0.0214978848821081
0.00101836391779919
0.00678199389623613
0.011451666842315
-0.00899104199164025
-0.004368313172043
-0.0266621338731736
-0.00762825936199729
-0.00733756088967286
-0.00774371700105603
-0.0383114566047726
-0.0140170042782367
0.0108492330714554
-0.0606958179126572
0.0173365255057731
0.00542211463981412
-0.0084745380768313
0.0124319735819738
0.0107444747023973
0.0163249810174639
-0.0265222637280538
0.0280123571762223
-0.0238895474471987
0.0118546462715106
0.035525360375108
-0.00218978102189782
-0.0204827724945136
-0.00821516026082292
-0.00602405896174929
-0.0446970075757575
-0.0118952819942617
-0.0292936998394865
0.0144687881575531
-0.0052975140465561
0.0253994674313804
0.0255692758462136
0.0136345929100117
-0.00307451960030747
0.0142636077770391
-0.0117825546097513
0.0065384615384616
-0.00878865112724503
0.0697763658528772
0.0147747747747748
-0.0198863636363635
0.0340580072463768
0.0147161172138712
0.0155387091000936
0.0210812988779325
0.0136530131983679
-0.000985578154218847
0.00032883919763238
0.00262984878369488
0.021311475409836
-0.0102728731942215
-0.0110282192669477
0.010495211544769
0.00454404428899857
-0.00387725350962032
0.00129746999675651
-0.00194369932155158
-0.0194741973214605
-0.00297907987352142
0.0162682597520498
0.00947399511682456
0.00711977346278325
0.0260282446649023
0.00720325712496073
0.0040423196517414
-0.0244658090905602
0.00444441269841267
-0.00853343895491276
0.00860688528508491
-0.00884949459069195
0.029655611299247
0.0281820988484951
-0.00391569265314173
0.00393108557605082
0.000301144569242684
0.004215567727057
0.00599703184389999
-0.0011922802143749
-0.0074604600095769
-0.00541178625446703
0.0262998472611942
0.00618553737303262
-0.0371780152224822
-0.0255396784901089
0.0127925120996104
0.00123231673543778
-0.00184618461538466
-0.00308258332560363
0.005256586270872
0.00307606909111446
0.0119594905869522
-0.0130303030303031
0.013202333435677
-0.0212121515151515
0.012693498845
-0.0162029659493418
-0.00590428837787449
-0.0165677086589558
-0.00127142407092884
0.0152768936982812
0.0112852037617557
0.0207688171586371
-0.00576975402368674
0.0137445623857935
-0.00361551683083816
-0.0114908073782884
0.0122361888111409
-0.00483529767301316
-0.0130580018220467
0.0169230461538461
0.00484114991955087
-0.00301108109036696
-0.0265781024893355
-0.00279246044058312
-0.000622277555142547
0.00996264040979589
0.00246612214753772
0.00184507995079941
0.00951494723665158
-0.00364849509420784
0.00213610009154719
0.023447046285018
-0.0764653354220369
-0.0489691028038305
0.0304878048780488
0.0305719921104537
0.0111643062200957
0.01324914784703
-0.0165005920454729
0.00538144982589439
0.00661205919395469
0.0350328756657141
0.0175278936234511
-0.00831597910994819
-0.00688826016436861
0.00723769601930058
-0.00958083774965046
-0.0123943160583848
-0.00428524666576358
0.0110667079946731
0.00273642452831924
0.0109157064887813
0.00839829034193151
0.00654375391266382
0.00886521867612289
-0.01523140056331
0.0229030345896204
0.00261706899148195
0.000580046403712453
0.0104348115942028
-0.00545045882241935
0.0149985875395782
-0.00767266290629909
-0.00601371741201118
0.00691449170021574
-0.00743925586726024
-0.00115298360198857
0.0202019035958496
-0.00509193805329211
0.00653977859196919
0.00169483041272156
0.00592213778686212
-0.00196243352747039
0.00533716322118893
0.00251466883166618
-0.000557413585356437
-0.00474071375513896
0.00812555360396616
0.00694830461367424
-0.00386420093844864
-0.014685480742588
0.00646794132542339
0.00698519119907259
0.00499445047185221
-0.0135284645629912
-0.0229499020431011
0.0148954454311085
-0.00705616709003665
0.00710631040363841
0.00733838554896971
-0.00644438236044775
0.0045121264667829
-0.00926440228142633
0.00311705856851652
0.00960451923138295
-0.00167884713604649
-0.0106502522421524
0.00311617572567058
0.00310646709968965
-0.0078828265765768
0.00624282030403989
-0.00705019760434844
-0.0289690437082945
-0.0166715418739849
-0.0113027070583792
-0.00120339944624537
0.0105421081162016
-0.0131146948767421
0.00604047097431382
-0.01050741487519
-0.00364074646968282
0.00578559683313018
-0.00302752052762689
0.000303644093531785
0.00121435947827431
-0.0033353850818677
0.00547611820736593
-0.00242051444540126
0.00879578377932111
-0.043295192020156
0.00942800125707111
0.00498132020489783
-0.00960346993814942
-0.00531748530864828
-0.019182327647243
0.00641224730964263
0.0127429758758515
0.00471846477765125
0.00469627411721141
-0.00685568712994722
0.0103545650971271
0.0099378568342281
0.0116851783517835
0.00425528849511903
-0.0111986376755859
-0.0128557706064139
0.0133333333333334
0.0165238984088127
0.00210716429538915
0.00450579740144796
-0.00508370230513455
-0.0078149083258191
-0.00545277221767793
-0.00731044731584229
-0.0107394292727833
0.0133373440857727
0.011631497498102
0.0166414225912686
0.0017857739158198
0.0187166072489602
-0.0297463100103145
0.00270516982266278
-0.0287769475786286
0.00524685152797222
-0.00429843414184838
-0.0135676842429849
0.000937793060331593
0.0109306371018112
-0.0441766464064457
-0.000323238515732349
0.0129324280633689
-0.0143632620491541
0
-0.00744815438627455
0.0123980750407831
0.00676761177029928
0.000640204865557159
0.0131158029430583
-0.0151562677612884
0.00224427693990781
-0.00255918106206021
0.0147530147530468
0.00505689017246813
-0.00628927692733572
0.0085443354430379
-0.0122372446740745
0.00444729987293524
0.00126499047232809
-0.00568540745420087
0.00412963786531129
-0.00063274278289327
-0.00379870212092426
0.0120750242159207
0.00188383045525908
-0.00658097774992161
0.00126179806745119
0.00693128544423449
-0.0150187426476452
-0.0187420902160101
-0.00809323431833064
0.0195822787069935
-0.00128037772087064
0.00480766010231859
0.00988835725677828
0.0082122552116235
0.00187969924812026
-0.00125075046904322
0.0278647768357929
0.00670109614979619
-0.0444780346286849
0.00949965167827749
-0.00909658121382007
-0.000316555872111435
0.0215325522482586
-0.021698668425212
0.004752851861624
-0.0126143176478813
-0.0134142450787048
-0.00615079333605673
-0.00846905509872786
-0.0144546972912386
0.00766666666666671
-0.00264637777042676
0.000995024875621864
0.00762094102054345
-0.00328842486024328
-0.0105575391144026
-0.0113371123707903
0.000674536256323854
-0.00438149646107189
-0.00507792806100449
0
0.00782585940203662
0.00101279537431487
-0.0016863406408093
-0.0111486486486487
-0.0194738298599249
-0.0121951563695067
-0.0141093121693122
0.005724507845277
-0.00177879751765209
0.00890948000390157
0.0109502653108535
-0.0167715577647953
-0.00710724971951848
0.00501070132388315
0.00498571937321945
0.00956771826958591
0.0171990171990173
0.00103519668737073
0.0144777662874871
0.0115528372409106
0.0141081961706415
0.0331235497474809
0.00160304579663206
0.00640208066581316
0.00063606868205901
-0.00826439949982194
-0.0048077562561617
0.0151369087000615
-0.00317258883248728
-0.000318268618714201
-0.00382040751353074
-0.00830936374850233
-0.000322300988646385
0.00483558994197297
-0.00609560474815529
-0.00806972240154935
0.00455584119752683
0.00583083881338387
0.0128825124921905
-0.00572340204377098
-0.000319795330988137
0.00799744081893783
0.0012694065376071
-0.00633911272073251
0.00446570972886762
0.0269926960939983
-0.000309152752010045
0.000309248356990643
-0.0136054421768709
-0.00125388714733532
-0.0106717196901532
0.0142766180203047
0.0118861123517708
0.0092736945455143
-0.00428802423963093
0
-0.00246071992991215
0.0144928152944805
-0.015501609999902
-0.00895341182319898
0.000311619957110265
0.00498284008150618
0.0123953517198636
-0.00979491948545574
0.00123650703162337
0.0080272617482946
0.00918833021817278
0.0109256445849577
-0.0258180718757709
-0.0326657000719353
0.00318575989760306
0.00762146713242307
0.00661837377875818
0.00469627411721141
0.00747902773449671
0.00649548366869879
0.0202827283256692
-0.0045181323940322
0.0102874435790452
0.000898442674406752
0.00239383616958921
-0.0146269253731343
-0.00333220256481093
-0.00182376888609304
0.0325822168087695
0.0182836626363905
0.000868867676480534
-0.00868064210993502
-0.00321062482257006
-0.0011713322886483
0.00146581643313359
0.00995316159250592
-0.00492747826086959
0.00407803646501392
-0.0208877568642949
0.00207407407407412
-0.00118276167947973
-0.00236820610918298
0.0240355185746137
-0.0121703281466432
-0.00117339395717231
0.000293744502019022
0.007046329798992
-0.00466472316806765
-0.00556526085428422
0.0103092191366945
-0.00174918372446609
-0.00934591066904722
0.0109081079544875
0.0104987165208892
0.00202017304356872
0.00489625561934748
-0.0017196045204817
-0.00229692780379398
0.00172664748201434
0.0163746045281643
0.00678343677830884
-0.00224587316804814
0.00196961164970144
-0.00730140389493383
-0.00339456879177202
-0.0141924496168039
0.0112294558019004
-0.0150910881290173
0.00925122867880868
0.00486972214265258
-0.00228055859289866
0.0197142571428572
0.0016811712435183
0.00671334265734247
0.00750197235332206
0.00468841724701696
0.00905841339555313
0.00081618611622325
0.00244631686745556
-0.00677874168170445
0.00300303022104731
0.00598794197126074
0.00568179127926904
0.00269039562498774
