0.0128169363869743
-0.00976221666172516
0.00547694188561554
0.0137085971183186
0.0248074144794048
0.00113604823909808
0.00584850743450605
0.0132777832176225
0.00625210677882659
0.0200868162411578
0.0134334670577132
0
0.00938579787078719
0.00407830349230509
0
-0.0118602682674291
-0.0132357778135135
-0.0110805799473513
-0.0124683743673557
0.0214127450826416
-0.00375848984151439
0.00469481056920529
0.00901203301108255
-0.000578895146855718
0.00430289622346547
0.0075801102188322
0.0097309836476327
0.00437312914545362
0.00314471060662891
0.00152716014702481
-0.00561794551553685
-0.00306702981328444
-0.00356213577304421
0.00357486994515988
0.00866255688137674
-0.00216707607888522
0.00627411518661525
-0.0201438532397099
0.00106050740642027
-0.0209436885416322
0.00491097057525347
0.00298180229482803
0.00660668119932883
0.0341291659211516
-0.00555339137913391
0.0172317832825175
0.00596033242945126
0.000545661478267512
-0.000934977432912043
-0.00358757601319937
0.0025829210616326
-0.0146771571450437
0.0101418192705953
-0.026355016493137
-0.00394745840523947
0.016742154777921
0.0168642352785318
-0.00508489392028633
-0.00290927818839448
-0.00441603981414773
-0.00348516435643564
-0.000794841440185046
-0.000318200623006804
0.00103449512269416
0
0.0194753333988393
-0.0039766237816764
0.000234844218488295
-0.0161227052388521
-0.00890941857377625
-0.0122802636577659
0.000487607678979485
0.0106400013651722
0.0200112352326609
0.00126066815727488
0.00574438140156786
0.00860657239036966
-0.0104724688395789
0.00917213874525147
-0.00279655877562535
0.0069330843239499
0.00146992114613642
-0.00108149094819976
0.00208803653372569
0.012347514858041
0.0128830773759836
-0.00692404632061583
0.00371356582903148
-0.0102688008114042
-0.00251756175591156
-0.01009565583174
0.014138933006046
-0.0185128225854343
-0.00714117818611848
-0.00508171354603348
-0.0154015320540385
0.00782119693963623
-0.0190845424381102
0.00976829717199568
0.00439714575636163
-0.00589029704426403
0.0168147891489694
0.000236231203027515
0.00070858134251095
-0.00267488000413119
0.0145145069302164
-0.00730894170508567
-0.0037596616865303
-0.0200487692420982
0.00425223848084277
0.000479388039935857
0.011658540006583
-0.00710396231582666
-0.00397487873459834
-0.00239446881319771
0.00592051373582714
-0.00286327838550993
0.00749776643141664
-0.00395851482793941
0.0018281774394433
-0.0115836162203776
-0.00497674578621377
-0.00258147791692054
0.00630862994426273
-0.0159138083252501
0.010209081832586
-0.00299136546218193
0.00413559844307487
-0.000726835165519857
-0.00299010025844682
-0.0119964656238194
0.00574285836198918
-0.00766778718224281
-0.0554048326279518
-0.00339402128991306
0.00593782760926898
-0.0157986115225333
0.00440994896127922
0.00895684076984993
0.0134899475458667
0.00163161876251494
0.00111452332917117
0.0141303506242276
0.0130890307902216
-0.00341754602469335
0.00560392281037014
0.00241199361859801
0.00439766024886312
0.000495646414812478
-0.0131285937319082
-0.0149765231336143
0.0074747131366335
-0.00337241376467068
-0.00338381696458689
0.000933706831910852
-0.00279852447080275
0.00739861407938136
-0.0136755277196988
-0.00932896300338792
-0.00561556803455721
-0.00860119041878704
0.0151607657947528
0.0117403405297078
-0.00554602403274795
-0.00909485176075031
0.00207814532995321
0.0061349605253187
0.0102198126035757
-0.00731106029017414
0.00539526433318316
-0.00587736787261728
-0.00839684695738885
-0.0125291969447197
0.00367516629047215
-0.0123801049445537
0.00088275071400723
0.0217851566886176
-0.000949503684928854
0.00233284953054858
0.0192224460094397
-0.00871108776574914
0.00324201862675566
0.0223658907174382
0.00690402589499239
0.00503924811963863
0.00320564677936397
0.010159753949371
-0.00502881819264478
0.00105979458807837
-0.00855051282042729
0
0.00147843942505133
-0.0104978102189781
-0.0038126812463708
0.0115650218559775
0.0202335824932789
-0.0748952025564721
0.00618735511982571
-0.00909401532213761
0.00305915556125669
0.00688394027737993
0.00138464730286492
-0.00380262729066305
0.00928254556994568
-0.00610279374601319
-0.000778310147322769
8.65674217884749e-05
-0.00103853740272075
0.00311878194576787
-0.006390862713612
-0.0110387133149401
-0.0188961330541055
-0.0280390314800421
-0.0261750783410138
-0.0122089811770214
0.0263485668386922
0
-0.00140031736182833
-0.0140226230342841
-0.0227552951288964
0.0279421461142912
0.0034922417222909
-0.0158954382994732
0.0228423976730114
-0.0100915252314948
-0.000943987144723768
-0.00217304429981269
0.00217777670506791
0.0157785909213375
0.00130220442187334
0.00399442630758151
-0.0110103902477721
0.00982321086933502
-0.0180656287184431
-0.01462398367061
-0.000957544983578251
-0.000670874091273643
-0.0227294050847628
0.00176643764933382
0.0239027718671088
-0.00507079042491743
0.0122127514609627
0.0177654851270097
0.00476059007077168
0.0260126628206305
0.021640709495822
0.00753343955449015
-0.00087964461646739
-0.0184891614986941
-0.017761059801909
0.00767119634703195
0
-0.00371575144882186
0.00664062585281533
0.00623526093492632
0.0238886757770755
0.00728001039768422
0.00174159706518973
-0.0042593706166606
0.0963770642590032
0.0223743776534557
-0.0155762624101057
-0.0171677133359539
-0.00410530457767111
-0.0054962818825065
-0.000894026325633734
-0.00683318962010904
-0.0115488250159332
-0.00654624627113032
0.00233546586317024
-0.01098443889464
-0.00370209514012776
0.0442530007853053
0.00622722189685043
0.00594764516874524
0.00159793059770119
0.00789723190892455
-0.00261180059535893
-0.0111886687316776
-0.00834604760174906
0.00728332928704378
-0.016550148497227
0.00449305597604588
-0.00487961942810355
-0.0132396452007221
0.0270830218168465
0.0117732358394769
-0.010042257033217
-0.0289831577890923
0.00480889640320958
-0.0159254061238484
0.00209626023652087
-0.000251016647125568
0.0107967355842802
-0.0258341895959474
-0.00926480222244286
0.00600552515452168
0.0104042382670264
0.0104658842724707
0.00192111592114008
-0.00475198011051214
0.0112246945357186
0.00182240720823068
-0.0118240447854466
-0.0186595511896988
0.0197817106052329
-0.0177257109987577
-0.015321782039791
-0.00976830048409405
0.0116979132684965
0.00906034178152004
-0.0236018638002076
-0.00551757750919601
-0.0163804575152675
-0.0162950932707479
-0.0165650309484382
0.00740393315861354
0.0248966472190473
-0.0115632935023895
0.0149632814445437
-0.0152787618884698
0.0160602850563496
0.0434005435774101
0.00641903479695438
-0.0071434308068179
0.0070235546038544
-0.00153101131240951
0.00161856207188471
-0.00323188461929091
0.0081058449173852
-0.000423224707182035
-0.0285350978583421
0.00522966080633669
0.00754352713875783
0.00808951828114091
0.00247567869622412
0.00110702546197716
0.00893163506178363
-0.00682908686595485
0.00101863325079887
0.0107700476724906
-0.00226532423415848
-0.0135385135139341
0.0136391273316705
0.00470941872981512
0.00903994300627819
-0.00871010347465528
-0.0124686025104602
-0.000847368852684216
-0.00271400211300143
-0.00501739960940217
0.0178632136752137
-0.0104122767793191
-0.000254543916072048
0.000933627567475837
0.000508759433562211
0.00635647099510916
0.000421113364007297
0.0049667143280856
0.00167536442474514
-0.009700652120745
0.00228005408343268
0.00235907823137449
0.00874170792013351
-0.0125823012651896
0.000337561181434687
0.00725494341779198
-0.00234505021197573
0.00940224120041377
-0.0100631987701796
0.00319251451896596
-0.000586282536260585
0.00410596628476512
0.00216969035851311
-0.00158209681345978
0.00500415337774562
0.0165975103734439
0.00579591020408166
0.00284067042318537
-0.00590802858381401
0.00976957567744741
-0.0014512698657686
0.00783207118017071
0.0485499519307804
-0.000305692225485488
0.0052736397209916
0.0152816392859549
0.00344471337511587
0.00268657462686583
0.0103453333555721
0.00618781583793759
-0.00483200102004555
0.00971093259748801
-0.00998174863387968
-0.000735987609067346
-0.00935339526700096
0.0129358788542071
0.00168804403669731
0.000952557179148883
0.00175686258870611
0.00986474929347092
-0.00188129526515113
0.00289976797303537
-0.00383112632155924
-0.000145163633192946
0.000725785652663236
-0.00493140912996892
0.00779820672992182
0.0114261065333101
0.0150865149786463
-0.00295835737861261
0.0194277636292244
0.0180873246412891
0.00673875143315628
-0.011494233055885
-0.00841310550779284
0.00558734906817038
-0.00198925779935011
-0.00632344469298762
-0.00601791490540637
-0.00229646490528468
0.00251099262436338
0.000904508478522636
0.0031975948616878
-0.0203021608778055
-0.00905295996218214
0.00806512020508787
0.0147267199544492
0.0235137792032063
0.000409012197027714
0.00327084156729129
0.0207159076469716
-0.0231567475589349
0.0198909941439169
-0.00460861605257401
0.00241562103211179
-0.00073632773770882
-0.00328246250859099
0.00672088209588129
-0.00514045687951936
0.00301970868286916
-0.00147187394479242
-0.00971522278056947
0.00169147493183752
-0.00405272534847578
0.00352664639253941
-0.00358180034073263
0.0162777670065415
0.011946136197174
-0.000791466042621369
-0.0082502807818059
-0.000931718385855262
0.00259792174919804
0.00325563096324588
-0.00682118543046362
0.00026668000088903
0.0049330379619037
-0.0113433300165837
-0.00556888109891429
0.0145738337358017
-0.0146970211710122
0.0083692627330112
0.00789831357021353
-0.0115553591239824
0.000806308809629286
-0.0126208707817795
-0.00203972665162189
0.010900708617664
-0.000943523354106968
0.0060037774553503
-0.0034199019841783
0.00134579468933516
0.00349407993241124
0.00368289148742162
0.00994066321929865
-0.00766286141951189
-0.000732259348074304
-0.0206515620501528
0.013196395251901
-0.0155085468044689
-0.00484183036580621
0.0113753380362323
-0.00548815652789914
0.00367902986564261
-0.00156130185358994
0.0178122990770899
0.00247141127980854
0
0.00379792105813004
0.0122138139613865
0.00734471744557963
-0.0186185859083485
-0.000132696517412989
0.00199033376210012
-0.00569423959275805
0.00186454687173931
0.0138916320483544
-0.00616223313973796
-0.00362798798306119
-0.00986431625559114
-0.00267447181966407
-0.000737469811277203
-0.0034217376030512
-0.00215424811552278
0.00674672779148078
-0.00717066742279415
-0.00573736776526623
-0.0065852069263026
0.00560371754795708
0.00530070697794249
0.00527285903407027
-0.0737005344905941
0.0170599346642468
-0.0225553452153315
-0.00372432446729476
-0.0115076748556308
-0.00600621380686484
0.00402829532200766
0.0222899181897591
0.00101751583741594
0.077107458857401
0.0153015767319886
0.00205814639683144
0.0198767649846774
-0.0157863516566261
-0.0075247458745874
-0.00259377492289337
0.0148696138236339
-0.000591300931497285
-0.000328729206963918
0.0192687560077436
0.00883925386027329
0.00102329879110186
0.0134807113856195
-0.00542142704969351
-0.00177472899094311
-0.001650955563815
0.00782300471469832
0
0.0195632390701588
-0.0201163656860159
0.000884334544682286
-0.00246133800810355
0.000632709105816698
-0.000695504534762081
0.000189807019491228
-0.00461788961768861
-0.013346081473934
0.00534622866344603
-0.0132624742021723
-0.00136349592115759
-0.00422632631548137
-6.52628167912006e-05
-0.0093378086021797
0.00830527942695314
-0.00562201735227796
0.00118330155030377
-0.00039396547874293
0.000656940173604292
0.0116851505063329
-0.00804623964670548
-0.0124941980929613
-0.0229200241094318
-0.0121355457627119
0.0218241153471361
-0.00194769965711383
-0.000740248960689915
0.0230318464869066
-0.00329142246615965
-0.0113598966683865
-0.000601215838048952
0.00835561463814383
0.0318196076173838
0.0177321561605714
-0.00808029144421951
0.00992806561674819
-0.00680572806344781
-0.00196686757206488
0.0179274758182935
0.00555833142512907
-0.00161477552992906
-0.00348365785381033
0.00817777628843541
0.00996904643962848
0.0144687633224891
0.00157125157689464
0.0146020518820262
0.00202206965288387
-0.00154317165579043
0.00338826020063632
0.00136253552080801
-0.015263574603701
0.004145401096042
0.0105300646794906
-0.00343390775964136
0.0147931968657773
-0.0186757393440167
-0.000417563549026334
0.00477471194076906
0.00427681006438463
-0.00899038230950089
0.0134884808089202
0.00300340972856028
-0.00029358265585322
0.000469853750634908
0.00011734076487202
-0.0146739453740079
0.00947168670613241
-0.00861564345385624
-0.0044642857142857
0.011180837070254
-0.00508514679177929
-0.00796384785343662
-0.00988493901132204
0.00865246545283549
0.000659874037070463
-0.000899190706782571
-0.00822039461849511
-0.00248041634317209
-0.000849102351737629
-0.0141435044875713
0.00301699395315569
0.0178023886237835
0.00186971046074103
0.00692308706927269
-0.00484274796253581
-0.000961273673077856
0.00150339774203978
-0.00258191436335653
0.00288962131786397
0.00930429820047518
-0.00148685620011213
0.0134611651287222
0.00182199830109897
0.00762635191021666
0.0126921696754823
-0.012475554645561
-0.0116434764710142
-0.00329856268366469
-0.00484609636592004
-0.00237540235391287
0.00601223269205819
-0.0177514792899408
0.0106626746987952
0.0045299814143176
-0.00350084260072903
-0.0156007798547007
-0.00024200337712299
-0.00962002062935641
-0.0144785568516274
-0.0039053122530549
0.0125085255770923
0.0170252246532001
-0.00779602340124474
0.0039591243008521
0.0191712853343289
-0.00505986055539442
-0.00598300829234777
0.0147465812853413
-0.00842278921461048
0.00759708090682643
-0.0138328245804697
-0.0146890794371858
-0.00549883308485155
0.00952265750389736
0.0119887166265762
0.00384869821962153
0.00515186027714032
0.0034567138935393
-0.00261330411039085
-0.00583574132585118
0.0167715067404284
0.00300438880706921
-0.00452243640674377
-0.00383508750265238
-0.00568580326192381
-0.00875626016332332
-0.0022835466069695
0.0121062097940505
-0.0118423594554661
0.00620294478404793
0.0209480485881248
0.00439676393015875
-0.0132493081976384
0.0144918787944148
-0.00857094071981046
-0.00223470369114886
-0.00100199809025103
-0.00295002646321241
0.018462606708604
-0.000755359939833
-0.0122688745730638
0.0123035972303407
0.0334961256427491
-0.006189545317412
0.00600157417058012
-0.00208236725898558
-0.0100952795679351
0.00284867814838918
0.00198835923216989
-0.0079378241179856
-0.0034863119192643
0.00349850881223612
0.00245752413295119
0.00342078689010683
0.00329546590909091
0.00906099774537306
0.0199236903101685
0.00858414700014642
0.00185504944615289
-0.00343083909407949
-0.00857927322404373
0.000110257403802105
-0.015761923655474
-0.00285566947434168
0.0114554861696372
0.00305353661596541
-0.00769357953942074
0.00440655959619907
-0.00472041965322967
-0.00178555405766345
0.0163779099959054
-0.00120992684144605
-0.000715847141039339
0.00396738492323978
0.00356755768772055
-0.00957068604088529
0.00209823295091449
0.00396738492323978
0.00581777177526521
0.00622066479921046
-0.00911059140273074
0.00749778345283625
0.00847410524143832
0.00888774065890896
0.0113187131128876
0.000475118788672013
0.00427424421598444
-0.00546452270779918
0.00021136940094757
-0.00163750258048534
-0.000211597275583286
-0.00576809014251944
0.00292733651992383
0.0165579266353844
-0.00579483676646042
-0.00955685245161886
0.00418836295696012
-0.000158381285921827
-0.00892387240141856
-0.000639325476697428
0.000479804854941257
0.00618140773353071
-0.0066730693426994
