0.01098546006509
0.00830929983031958
0.0250396521407181
0
-0.0051020717377861
0.0264181049391796
0.0022709158696026
-0.0206947894574678
0.0101804099898071
0.020003130859769
-0.00703594279778719
0.00316597306901945
0.00946794395148864
-0.00267976783325208
-0.000447813119803353
-0.00537635910060263
0.0262762770653537
-0.00731528916796753
-0.00663221832372052
0.00415427287376047
-0.00517136524822714
-0.000594103650850775
0.00728188427282084
-0.00840956046635544
-0.00610022327183779
0.00838320321632313
-0.00638362520214319
-0.00119530853130145
0.00703069579747773
0.011883585858586
0.00572517590758181
0.0272952115809311
0.0106564369418771
0.0175734577916544
-0.00732245125680242
0.0136395828431337
-0.00851301638025492
-0.0160642018565876
0.00788174491702676
-0.0287669036619619
0.00172530546116589
-0.00588482864604079
0.0147270714777052
0.0308764660056411
-0.000690062140375147
-0.0135359664769069
-0.0235228233974468
0.00602245500494569
0.00327814975609186
-0.00411991766046205
-0.00656204013015804
-0.00933373074861765
0.0155094945791996
-0.00984863002708047
0.00504537962900198
-0.00702808366282148
0.0236891510751487
-0.0132637640780118
-0.00729303589303587
-0.000576217245065402
0.00547715503648694
-0.000286754578934789
0.0134786639942261
0.0191001556310129
0.00291543805241479
0.00304541813525505
-0.00455426448460194
-0.000277221694602425
-0.0052696989977854
-0.0105953153243281
0.0160631250378593
-0.00152546107994089
-0.00430552777777771
-0.0111591990191324
-0.00945123443999496
0.0169467813023814
-0.0147038641812708
-0.0106594654539587
0.0127855047725112
-0.0078014609929079
0.00829166583095065
0.000425336742171156
0.0141723360026171
-0.00768580233889882
0.00154909163359829
0.0106860794142543
-0.0109905541593165
-0.00267258419876681
-0.00761637496145628
-0.00469019322498299
0.0019991289732848
0.0135386208789687
-0.0105455563605643
0.00397895393012848
-0.000849341801858694
-0.0308824496887632
0.0171027325184778
-0.0114975995545386
-0.00465251533370925
0.0160677624316061
0.00474412032041771
0.0168836888951736
-0.00323630223723081
0.0381141325869077
0.00924666835400223
0.0255995954513664
0.00315289004915043
-0.0104767285165437
-0.0158813794568919
-0.0123722295270006
0.0019063180308736
0.00394130187710529
-0.0165155130696285
-0.0154164207731198
-0.00405425701180284
0.000982594075872756
0.00546906480070297
0.00627622062522537
0.00291058896990748
0.0215588305478327
-0.00541126908580281
-0.000816077291189377
0.00340321267905264
-0.00298468325850876
-0.0138793989353491
-0.000827887390259519
-0.00276211833933893
0.00124642018067345
0.00138311197580454
-0.0113259665379568
-0.00963960576586731
0.00409085913515117
0.0154537651025568
-0.00567232990692224
0.0173925135358628
-0.00095733037647705
-0.0156057351565064
0.00194686402743072
-0.00319226912454129
0.0200501531606796
0.00286648913823395
-0.0140193138148996
0.00496964370597341
0.00357135974293832
-0.00218992614809532
0.000548696829939743
0.00699197951763142
-0.00122526894044661
0.0124045254579537
0.000404012403555143
0.000134522201836074
0.00793976605947444
0.020160239782103
0.0325873297951929
0.00126740174227113
-0.0132911772151899
-0.00153938427989941
-0.0019273030469662
0.00566430226570525
0.00512025069942723
0.0541263393069156
0.00495352198695875
0.0409953835056502
-0.0274858194935129
-0.00154372404160696
0.00832536849844523
-0.0147440435803733
-0.0058661319988762
-0.00493742768620631
0.00350963343251731
-0.0030149542454162
-0.00495942917526149
0.0308777162441596
0.0123820160713908
-0.0241118118604965
-0.00346145862331659
0.0162893763633818
0.0152033120849338
0.00243788022333269
0.0275623052127922
-0.0166798484160988
0.0026361375358166
0.00925923607935863
0.006002933446563
-0.000675501013285174
-0.0268139358536742
0.00914564745817259
0.00229442474003494
0.00572278794588121
-0.0261750645439264
0.00946589926376085
0.00439922451027641
-0.0235131506797338
-0.00672803344277573
0.0181817939826074
-0.00688613445378161
-0.00646368581331225
-0.000354849771056931
-0.00437821549217332
-0.00106959830127884
0.00809042207886645
-0.0239585262377484
-0.00519951651267891
0.0150723841645455
0.000359226431344117
-0.00191529803788248
-0.00419762548084524
0.0105986391737762
-0.00524374900518421
-0.000958452127010179
0.00455687737806554
0.0424973752834203
-0.0320623260720868
-0.0449544072513239
-0.0305958244545091
0.0362892400641646
0.0325524052417363
-0.00656790080171721
-0.0100974153119988
-0.0309653316567172
0.0251879063212566
-0.0025669234217558
-0.015686250384467
0.0318724726095618
-0.0215975031948904
-0.00308299435604853
0.0118753964312419
0.00110019555867247
0.013066308622131
0.0179604389821653
0.0654826074179731
-0.0165592904014461
-0.0101706635816626
0.00239761399235605
-0.0126423799780507
-0.0154574226448859
-0.0151142358550496
-0.0513918641777744
0.00677202173995539
0.0424763707333877
0.0178037754139377
0.0274712021601315
-0.0108546278857848
-0.0277232528589579
-0.0021385292179763
-0.00261937141610591
0.0282917761116788
-0.0777803236333913
0.0022658735582608
-0.00464711110347482
0.00769717350157717
0.0206611692879894
-0.0154582501421114
-0.0306541931464174
-0.0100269827737887
-0.000389546801985552
0.0172771492357566
0.0102158475345639
0.0227531661894431
0.0266962784972795
-0.012880703021548
-0.00524390243902451
0.00576193453475549
-0.00451003163688402
-0.00759146584036896
-0.00542877216179749
-0.00186083610146592
-0.0136713648231589
0.00882052660256383
0.00799399220569552
-0.0104088727537375
-0.00388176804555751
0.0211187924153817
0.000861750552933138
0.0289052756861521
0.000836808109101916
0.00895843276447161
0.00319636553573632
-0.0101487021512556
-0.00166903916317507
-0.00107470745342031
-0.0192468734190825
0.0543637121603642
-0.0224277687861273
-0.0177388840524807
0.0428606439407813
-0.00277079186894036
0.000347383665688206
-0.0295105066769815
0.0125209037381242
-0.0190790592825787
0.0166886659060073
0.00991966225791208
0.00900378890331344
-0.000811217976460665
-0.0168174899464452
0.0149817629461517
-0.00151089026602869
0.00337554401696916
-0.00406031336636814
-0.00419336061021225
0.00888995224915079
-0.000579744927536319
-0.0225057432426592
-0.0164965460124248
0.0149631706903643
-0.00630126017951183
-0.0259631245282812
-0.00196540955826507
-0.0120615753846154
0.00161959642280785
-0.0136815792616523
0.0408574763862242
-0.0157499755785078
0.0244953846503049
-0.00732908780503105
-0.0147664119547417
0.0132678252268348
-0.00933564466528936
0.00305960106547065
-0.00244017816544873
-0.0605431002802569
0.029813827100998
-0.00884950717697863
-0.0267857008473035
-0.00275238521288135
-0.0237875817472772
0.000538516431590086
-0.00174916576964457
-0.00606556123290047
-0.0090859508838067
-0.0225811140002735
-0.00210026609073843
0.0289042386237226
0.0184098999479096
-0.016202450455276
-0.0117054578507492
0.00550889677029476
0.00630049291054657
0.00857488759255642
0.00971662644309368
-0.0163058273188986
-0.021739103851606
0.01027775
0.0175969072751418
-0.010402553785567
0.00477812969283287
-0.00271733703036237
-0.00544961838011937
0.0073972739726027
-0.00707103607463921
0.0223227207199146
-0.00991289993535427
-0.0361250961371887
0.0174060223864689
-0.0471854974950816
0.0273674928284824
-0.00986606102323018
0.0237722135231317
-0.0104282539051238
-0.00070247297182735
-0.00703037090704284
0.0152930324854277
0.00111578805226453
0.00320427700200998
0.019580557711969
-0.00326883691824675
-0.00191307734353652
0.0235487537849295
-0.00227402348116579
-0.00268128449825888
-0.00591480045590542
0.0083840841805578
0.00791208260694654
0.00625323276991852
-0.00132220023755913
0.0223752419220871
0.000388487433456541
-0.00220062135922339
0.00376233773320345
0.00594544373999817
0.00141333672328581
-0.0214268021188915
0.00314678129592694
-0.000653548538660398
-0.0121632227591317
0.0161525356302468
-0.00651465798045603
-0.0180983213114755
0.00534251347632519
-0.00890127576330324
0.0132707510260255
0.0170657635700895
-0.00741413920710754
-0.00458654185785712
0.00487102428740149
0.0256779634304216
-0.0242687696478635
-0.000785403858952871
-0.0264640894415279
0.00672856968721769
-0.00975800052821818
0.012283962951297
-0.0060007602613884
0.0131472496223872
-0.00701799551183779
0.000533417803264991
-0.00119948022390348
0.00693884422367619
-0.00450564543474219
-0.00372746257744427
-0.00187064414060101
0.00281133880099094
-0.00640774228232577
-0.00644905280128993
-0.00121698449832253
0.00622798529342017
-0.00820776372443488
0.00732602099207735
-0.0052525117845118
-0.00785272125842507
-0.00968885111474971
0.00688989940746865
0.0119064185028057
0.00527454678727191
0.00753392956991994
0.00347179868436109
0.0399201586182261
0.00767751739788824
0.00253964444444432
0.0087397343409652
0.00477144656920458
-0.00874777588407072
0.00428648512355023
-0.00652780534633157
0.0066969801200023
-0.00389101302600769
0.0154989287361527
-0.00459107852542895
-0.00336579402436055
0.000250206388375585
0.00387642861227433
0.00149480569873939
0.0148009200298278
0.0047800835778935
0.00134170524487542
0.0159581686421328
-0.00563551545238561
-0.000482346557337587
0.00349862472552331
0.0016830968982926
-0.00720114018242912
-0.00362672867956071
-0.0104343608452891
0.000490436500501179
-0.00122546571631044
-0.0116564049079754
0.000124084414993675
-0.0042204196678356
0.000498641230383567
-0.00523306740012297
0.00338182632173467
-0.0041193608273703
-0.00902483089777939
0.0029092209185233
0.00353132799178546
-0.0142013070252606
-0.00548189685155809
0.0029482886053509
0.00460122711148325
-0.0105598094290027
-0.000257130008633033
-0.00668806430868174
-0.00492043228329275
0.0216005731060658
0.0010189020247382
0.0165415837405056
-0.0206534111985657
0.0107362477182067
-0.00758724057695392
-0.00242102437228486
0.00676968952906254
-0.000253704643491393
0.00456854043520782
0.0090954138910857
0.0123936659637081
0.00519349554123316
-0.00159917577070767
-0.0202070837749095
0.0171026163393844
-0.00210185467736856
-0.0120183497957916
0.00652124420670286
0.00922000973785164
0.00135803703703696
0.00789050662198854
-0.00342506422018352
0.00761010178458199
0.0118163241231002
-0.0150493622694284
-0.0158904294313758
-0.00633464150205831
-0.00912503749999993
-0.0093351586729592
0.00305613145366279
-0.00266597699629223
0.00229124242085654
-0.00622298720403824
-0.00869009584664548
0.00232048472347568
-0.0127330932475884
-0.0078165448718982
-0.0214023754515559
-0.00925805728241058
-0.0116467097316745
-0.00452180030740745
-0.00743291101354693
0.00526968513008352
0.0191750453628099
0.00189496488474417
0.0590381272239175
-0.000637874737056787
-0.00855243852705834
-0.00836875262955461
0.003895131286489
-0.004914614588722
0.0100077590328109
-0.0133831040198571
-0.000391274302628863
-0.00848122401462981
-0.105145390318342
0.0164706323529411
-0.0277778633776969
-0.000743973247498753
-0.000446746077535587
-0.0171335212842586
0.0263755945675974
-0.00664594604409896
0.00802856057006962
-0.00619477848695671
-0.00281975376163934
0.00982283048599997
-0.0035371703327095
0.0152344029694662
-0.0141317164063478
0.0546771850059755
0.0271822182773342
0.00150047746557047
-0.00054482431339764
-0.00177155908033089
0.000136546075085286
0.00723449338699167
0.000270998776649822
-0.0101612250416264
0.00684369030505594
-0.000135875479496228
0.0142759341559782
0.00160861934607559
0.0116434018784342
0.0010583675649356
0.00792915311032516
0
-0.0132423631798492
0.0251129411343891
0.00324044061593165
-0.00710599464842387
0.0088484192283258
-0.00889981953953078
-0.000390395647600017
-0.00637935181302829
-0.0192610324947589
0
-0.00360716108502779
0.0107266690606955
-0.00902096082598691
0.0311914604226826
0.00739970151109559
-0.00270617275015905
-0.00206739891545948
0.00776898843316109
-0.00167037127918868
0.00527675696049257
-0.0052490589521309
0.00115835268307674
-0.000257153872513793
0.0133727792223006
0.0182718187608635
-0.00261680996884728
0.00437278855106471
-0.000373155869799247
0.0088352288596909
0.0182558653015914
0.00387643838123175
0.00229268725862108
-0.00300987245388573
0.0125588700050447
-0.0112104236424668
0.010493245181848
0.000596836961050728
-0.0130025524751866
0.00809772801783248
0.0136674133237065
-0.00224721458614263
-0.00260789470592815
0.00380318521277845
0.0168126689179811
-0.010363286342453
-0.0121190613511958
0.00119103145773014
-0.00392570792114455
0.00752416072408368
0.000711201983034648
-0.00284290459234549
0.000712734616298283
0.00605415493955741
-0.00365779351032436
0.00378967305093147
-0.0076687232735082
0.00404227792126655
0.0194197638633427
-0.00534323407332948
-0.00315305394673793
-0.000468615270986295
0.00175809892170653
0.00538199361902447
0.00372396136390085
-0.00428988985507239
-0.0407545426439639
-0.0143238655374072
-0.00381770950065419
0.0129806281738241
-0.000610239184519523
0.0186835879678056
-0.0266123358094543
-0.00295564050328723
0.00457019521455271
0.00897572829274007
-0.0029246649506377
-0.00146667074065021
-0.00550791941889539
0.0220307815384615
-0.00638245416206107
-0.0223003751714852
0.0014875790625406
0.00321824479244648
-0.0102406165240981
-0.000373959107778932
0.00137175454865313
-0.0163138848201538
-0.0107608434171628
0.00204765807585949
-0.00638569579620574
-0.0105398453519341
0.0131202255214253
-0.000384651888310161
0.00487425609125536
-0.00370172344660313
0.00384362573310848
0.0155711809973498
0.00527834611034317
0.00175020631954514
-0.00973416983904296
-0.00327664784566217
0.00379318517097915
0.00894317935436684
0.011735368582656
-0.00172752959368794
0.00432630397215572
0.00430766769230773
0.0055147672920286
-0.0020719804239373
0.00561796552093186
0.00497940271942698
-0.00132931722054375
0.020208119799227
-0.0049816037239141
0.00464894510250269
-0.0147128383330901
0.000722507216732726
-0.00481348988720798
-0.00483668699528483
0.00486019423352868
0
-0.0133010766614658
0.00845591932490009
-0.000121545751348373
0.000850741381268172
0.0139648090823268
0.00622750898203606
0.00392764831924475
-0.00841729717646222
0.000717336211350172
0.00633221050175181
0.00617353652474639
-0.00106189970501469
0.000944885379405402
-0.0300919997661552
-0.00425849849717741
0.0144183902452781
0.000963635303431687
-0.00529475343669683
-0.00350835937535166
-0.00667722447454566
0.00134441456856527
0.00463808128890508
-0.0029157818713591
-0.00121845985134639
0.0073197388395787
-0.00629765047838182
-0.0109689331760293
0.0041897226324159
0.00269973009448354
-0.0124831356319071
-0.0358160729751872
-0.00938307161761953
0.00402227844816405
0.0113725127179831
-0.0014055711370925
0.00908507974190442
-0.000887648986968581
0.000634534831392974
-0.00367824726931743
0.024697580215242
0.00993916039108367
-0.0148849672175549
-0.00324677814068985
0.0086444750689052
0.0127934290698442
0.0169241719778739
-0.00349735898449977
-0.00556697345638291
0.00316419625566988
0.00776416353269416
-0.00758394125436368
0.000970342043417283
-0.00957336438099976
0.0035481951468912
0.0159717757609767
0.00696030224504263
0.00869973739960739
-0.00496216924577242
0.00510568742453477
0.00413464845517675
0.00635295294117655
0.00946921896809427
0.00115806603724522
0.00589938713358196
0.00793471720256123
-0.00650313733021946
-0.000344499303066015
-0.0102239973501207
-0.0011607009674699
0.00429934939110743
0.00138844151336337
