0.0086996565436146
-0.00402863129741737
-0.0166353216922196
0.0196975492746796
0.0264757862188452
0.00365309131181824
0.00920971698880813
0.0139344426229508
0.00474260299526907
0.0153408791899703
0.00676218525719952
0.000944498049999964
0.000209661861074739
-0.00555583122223824
0.000790644616890157
-0.0196440430892132
0.00451254916505661
0.000695170846163551
-0.00133604107888097
0.0058864773876619
-0.0072883704458776
-0.00584143068033982
0.00566008855749267
-0.00300170457763405
-0.0023656021505376
0.0127721223622776
0.00473588055739471
-0.000794455007090522
0.00254410348803846
0.0127412322307556
-0.00240129465860617
-0.0051805597536192
-0.00226189047255865
0.000263617681597106
0.00073788543167419
-0.000105277297763551
0.00405577548414704
-0.0142167194999664
0.00713105194761221
-0.0215059815059445
-0.00523807126399456
0.00640568891569493
-0.00129459518471653
0.035052688146455
0.00631395849673333
0.0186673108011206
-0.00346140499050251
0.00337124680244671
0.00208727289421651
-0.00609630676887452
-0.00107343079673594
-0.0146343248346736
0.00384271160150096
-0.0207956393440136
-0.00470177522802284
0.0128981320455881
0.0225331601683891
-0.00056373185661529
-0.00282023889200622
-0.000617036043518038
-0.00576285034948754
-0.00445065992756122
0.0121641215408879
0.00534124062765828
-0.00127713920817374
0.0132480613810741
-0.00328130654311298
-0.00891414597939477
-0.0262162212975958
-0.00682237197340796
0.0171730515191546
-0.0214545714285714
0.00509639021862274
0.0141023502445217
0.00145832812500002
0.00925732790335632
0.00608062976482149
-0.0113706256051366
0.0137291158692547
0.00327081313712707
0.00595995115847336
-0.00268381107319859
0.00314805793066353
0.00506149701153769
0.0158130628458908
0.011303345996116
0.00784347742920066
0.00500996653553121
-0.00851802363077192
-0.0172312749329724
-0.006357716124197
0.0148462932040045
-0.0152202292341597
-0.00480164074231726
0.000653389955001416
-0.00723255628631181
0.0105231253562053
-0.01081407302458
-0.00187263385086922
0.00796101589307296
-0.00840123759131317
0.0253665464696538
-0.00712484781987621
0.00961782039784542
-0.00202371168735316
0.00781444178431734
-0.00417139904458175
0.0018726838347396
-0.0210526263494448
0.00773788548411458
0.00832667539216869
0.0131533553509044
-0.00941964961403507
-0.0206937911664538
-0.000201217553864486
0.00910828296543742
-0.00189500325086034
0.00329754693872242
0.00313731391003746
-0.00516286730378412
-0.0167165224565825
0.00147167214201982
-0.00065870580031846
-0.00045642714266525
-0.0116679588998568
0.0101632066977597
-0.00259151418813741
0.0068266954393339
-0.00217582345352885
-0.00927992914726061
-0.00783128954883772
0.000928642198279706
-0.0140707707644413
-0.0245176808595523
0.0128617037665046
0.00365080423280428
-0.012335895278234
-0.00277557503787862
0.00738642073129125
0.0120609368023668
-5.24727016478765e-05
0.000735023884417485
0.00204605738394581
0.0107330000000001
-0.00357421387867052
0.00374298708804854
0.00155377562094694
-0.000672277363939489
-0.000724445019404829
-0.00129459892654649
-0.012185035714067
0.00440927521939205
-0.00642806878197866
-0.0100988746607109
0.0152497877032378
-0.00157012084057762
0.00587091773610271
-0.00896347391194674
-0.00441707950167824
0.000211234350486089
-0.000105555264972024
-0.000369722723959187
0.0116229766040943
-0.00261123882622183
-0.00555030904912157
0.00473888484350127
0.00104809240469206
0.00905662215356262
-0.00835279377431908
0.00491787697456258
-0.00229072779788919
-0.0076706376939607
-0.000946484734148267
-0.00710566853240524
-0.0165394137857263
0.00204824273289694
0.012210887968076
-0.0046234522466222
0.00368394014387707
0.0115431615632968
-0.000578465490566504
0.0109444986433387
0.0107218911486522
0.0190020235954269
0.00591266409155389
0.00180859580293502
0.0110826485916926
-0.0021823331559947
0.0196342187962997
-0.009652468930618
-0.00177209456378313
0.000197292772725621
-0.00882516877360184
0.000646662378266161
0.0122284984066063
0.0221970676669185
-0.00807106917331935
0.00305131494623279
0.00333166093679393
0.00837386812944363
-0.00047728726424523
-0.000811717546110979
-0.00081238174549314
0.00808265834009569
-0.00910901418117949
-0.000383041269831352
0.00483759941008532
0.0103437440888803
0.00500092925548934
-0.00164306634789102
-0.0065359430717632
-0.0101760413204091
-0.0212786873887371
-0.0352745077531833
0.00769770559159366
0.0157804757418931
0.0163764005634377
-0.0074477878213236
-0.0133398777834196
-0.017695586658063
0.032486581127583
0.00568517957163417
-0.0125731093456108
0.0216661736666217
-0.0113520653918184
0.00728031843486132
0.00320157176429525
-0.00391662882758703
0.00893201941747579
-0.00134718054940686
0.000192753904343368
-0.0206647778227906
0.00511538050381555
-0.00337656951182097
-0.00437002839300737
0.00981403048154994
-0.00424885730242386
-0.017999892186963
0.0112376385414164
0.0239047610811243
-0.0123486470729695
0.00908425396825407
0.0247809640153867
-0.00628159460221223
0.0121197864672944
0.00666822268140255
-0.00517796345519339
0.00501738265538276
-0.010964428582425
-0.0180677520156195
0.00494834989041615
0.00286837183324695
0.00409953286347364
-0.00906761777947018
0.013558195056929
0.023397603737924
0.0129786710308686
0.00738644422895707
0.00950480212270488
-0.00896700171614517
-0.0126221185683806
0.00723941351660939
0.00345718961509189
-0.00766128124867471
-0.000319744184186566
-0.00105102590091832
-0.00901189819729464
-0.00890923674215871
-0.0029342804322442
0.00485819575836244
-0.00711263536277884
-0.00196646687923541
0.035231721988521
0.00779444879498303
0.00373219121242951
0.0034943060501107
0.00919641964285711
-0.000132703708154547
0.0017696500542832
-0.00278227275306231
0.00048716119813319
-0.0298791548868284
0.00474535946805332
-0.00572204821601341
-0.0158947427067256
0.0135987742727586
0.00338846102563517
-0.00146035226896468
-0.00580414520181105
0.00615984206637354
-0.00767547497086363
-0.00285448898970286
-0.00803401045309804
0.0123813258682055
-0.0104827540229885
-0.0141251184177813
0.0155057409206343
0.00979255112176847
0.0016085623530786
0.00289085954313784
-0.000686282949179162
0.00943178866477212
-0.00303895313176872
-0.012056455704416
-0.0181440806302763
0.023685511158958
-0.00288641993233796
-0.0199421582515702
-0.00178156037540877
0.0114602505948946
0.0121198092745816
-0.0163333312794397
0.00942166071142703
-0.00198684504192626
-0.00324094626508287
-0.022713545259858
0.00185360746730834
0.00593007278101676
-0.0048575647708119
-0.00511825044116987
-0.00986039188788035
-0.0057731020601699
0.0210006576792674
-0.00568718957345971
0.0030981601082245
0.0117367594925648
-0.0127277429337568
0.00822984131293047
0.012220425476829
0.00675894749806072
-0.00939901397164578
-0.0316429263609664
-0.00530934953743334
0.0141692448159041
0.0178947607655502
0.00686279950026325
-0.00270775914156529
0.00650688153044854
0.000651127869660151
0.00687897300150531
0.0156949357038514
-0.012680061867382
-0.00667470063812592
0.0108439319519325
-0.00426354916188632
0.00607738037860095
0.000915234286742894
-0.0131675429171197
-0.00231653080645911
0.00496892365503698
0.000693101045365907
0.00226267549189751
-0.00207324116001051
0.0020775484189044
0.00525224134643287
0.004858141941811
0.00757128392246287
0.00158431485067556
-0.00239536749514979
0.00240111905769247
-0.014733775077596
0.00486237614678897
0.00776041730813848
0.00996562805684054
-0.00654829096771592
0.00726862753950352
0.00457175382290465
0.00664788277678374
0.00447659791854904
-0.000661911471078191
-0.000794741271542554
-0.0072912460367931
0.00592032955941235
0.00177010800548927
-0.00415232343510208
0.00164121716074161
0.00588991192498023
-0.0027736374164552
0.000309068039138882
-0.00225083853605057
0.00336176837469648
-0.00233654717333209
0.0258948339474834
0.00641794441044197
-0.00398028257599692
-0.00146096596140866
0.00370083475985794
0.00625961228220695
0.00558158507347573
0.00902505845144397
0.00890230960318439
0.000249779410842033
0.0168108933185909
-0.0103535725554363
0.0128602736396619
-0.011513052082036
0.00351068072671978
-0.00592666581912715
0.000207026043170799
-0.0111350400601454
0.00493954541814046
-0.00229101088833639
0.00605376158894844
-0.000539506990332672
0.00290648152975392
-0.00600313423044607
-0.0160773046120589
0.00783137633376585
-0.00105006719547995
0.00458308872233859
0.0020090239578856
0.000417736017152892
0.00367434237995834
0.00120639401767209
-0.000373939422229075
-0.0109319352320897
0.00735448632932734
-0.00104297039269463
0.00175401129781605
-0.00963020406116233
0.00454622415007755
-0.000377120350222526
-0.00159297839120132
0.00768359581545619
-0.00125001250000001
-0.00171048813154551
0.00677007416687081
0.0131584323912095
0.0167567845234613
0.00475483744815919
0.000641624207540659
0.00228450567681659
-0.00123959531958096
0.00852780544456411
0.0098848950349717
0.00121859350296227
0.00471141348305548
0.000390801103340443
0.00382816796874996
-0.00268504152254856
0.0104178153897525
-0.00884297991808325
-0.00985706888946158
0.0124734359505527
-0.00656796476287724
-0.00336436905102033
-0.00235512251442782
0.00153446251913025
-0.0071498997389523
0.00834883090015159
0.00847592228026861
-0.000583634241245079
0.00350396721423474
0.0098545451018428
-0.000384213748288786
0.00180637993922628
0.00245524434197408
0.00474558383829704
0.00613234152818198
0.00889648326094616
-0.0365103602251406
-0.00440078688479451
-0.000860589113051868
-0.00508966803766087
0.000314819776381592
-0.0175058892703291
-0.00652654654654661
0.00165244239989604
-0.0164567537780419
-0.000572733590470165
-0.0198526645126567
0.0147003718692884
0.00263407003895932
-0.00119040268794224
-0.00131516928651088
-0.00670783950617293
0.00107722585816861
-0.0152712946390909
0.00361436073283716
-0.00582076625853312
0
0.00707633196451152
-0.00685933760273272
0.0144451802204066
-0.00166061520963523
0.0138889348617588
0.0114838320056319
-0.00316275653156173
-0.00126097057046815
0.00105890930256547
-0.00016271207591434
-0.0138759064089521
-0.0108112364580546
0.00358752292846853
-0.0144650260664642
-0.00210881479269132
-0.00794592118480342
-0.0050698789831719
-0.00102773091691744
-0.00617251936734386
0.00107828334496562
0.00383454966390651
-0.00180264385161066
0.00085994321701155
8.58744668836842e-05
-0.00197599129615511
-0.00215211120258163
-0.00565068364188692
0.00711435004139593
0.0736560592064774
0.00332986045353967
-0.00623774251249942
-0.0021325353161894
-0.00653223790322577
-0.00568231581941891
0.00053067598221368
-0.0261515400181489
-0.0101382405966264
0.0126544989531678
-0.000334358668711343
0.0596597051744663
0.0150318862730878
0.00738533090231508
0.0311377728718947
-0.00490194974187785
-0.00970175259621808
-0.000265832536187727
-0.000721676544825578
0.00125438825123547
0.00470727711944963
-0.000982430273068435
0.00574893734679893
3.75300824013713e-05
0.00244422974884229
-0.00498907294192352
0.00433550989632425
0.00457958343647724
-0.00257829016101729
-0.00348403335851444
0.00142859022556374
-0.0267662920120449
0.00108003471552554
-0.0247370170105073
-0.00561020502702314
0.00242362030733356
-0.00653986912556637
-0.00227405551025062
0.0083972768042444
0.00614641542955385
-0.00476881732185896
0.00110881908587324
-0.0126978123493139
0.00508836500001375
-0.00510244357369671
0.00404677454886793
-0.00259385454477612
0.013483219864902
0.00268448543432531
0.00783491854334972
0.00730529740300501
-0.000155159973120211
-0.00636121567325731
-0.00405983505961716
-0.00983816074475452
0.00756077918535314
-0.00161082780658794
-0.000196710219516505
0.0116503007771396
0.0027234641976559
-0.000970007330655775
-0.017748977803174
-0.00755210932660455
0.0158167370517928
-0.00576538806226068
-0.00264299013806701
-0.00593284020145679
-0.00171092983956611
0.00426467527137531
0.00988215259799907
0.00334037167577383
0.00415180372215596
0.00144320711165902
0.00568677283192254
0.00910137835315039
0.00690853226982302
0.000800426892309636
0.003427761299724
0.00709783672618447
7.54494440162734e-05
0.00116826076122267
0.000978728435161669
-0.00402379267332531
0.00434205767018181
0.0126315225563909
-0.0103207534704903
0.00675226231442494
-0.00517927928349204
0.0028840781633801
-0.000149421117813686
0.0049305542920568
-0.00490636320191307
0.00358580605264525
-7.43970541937644e-05
0.00197274619261889
-0.00442067681250657
0.00537314179104476
-0.00556710209644373
0.0150780360149434
0.000183792918517112
-0.0111384737386996
0.00156138661710026
0.000296885888725784
-0.00771794805194814
-0.000972286991848925
0.00733639381140305
-0.00326993540558007
0.00857448212699397
-0.0108671653071468
0.00403582576900252
0.00327529039350538
-0.00957110483433088
0.000486830454134557
0.0116806790281538
-0.00444070588444012
0.00460911424231192
-0.00651192907696452
-0.0018994077725446
0.00701494402985059
-0.00407590773536559
0.00316246001623055
0.00823350872986128
0.0045613020880344
0.0114247868676962
-0.0224104927471649
0.00122219470203744
0.00292217119462546
-0.00623295311095995
-0.00378555930441005
0.0039488769051228
0.000408237797626665
0.00337538568155682
0.0093156959330265
-0.00194117496956803
0.00502750458715595
-0.00777743103986273
0.00128801800574152
-0.00305040983572202
0.00401827014604916
-0.0025702661449547
-0.00887172484163579
-0.00713112119785775
0.0204623741462047
0.0155430545845248
0.00480087356893089
0.00607128571299498
0.00717732578513819
0.00563708434827404
-0.012550671867809
0.00371312440591409
-0.000604752239093065
0.00284744812651994
-0.00578508284408441
-0.0116017561203413
0.00180583643083931
0.000865202955058209
-0.00223325052649759
-0.000397057761732822
0.00530885882612986
0.00696940330701623
0.00224760980011185
0.000640700546345574
0.00423322921097946
0.00209007093546187
0.000353405898755321
-0.00904624577003577
0.000748928450031938
-0.00334949739793877
-0.00668582381040439
0.0078825256540791
-0.0117490826699519
0.00317990086012032
0.00471895130140942
0.0124766271253545
-0.00509916087321161
0.0150911914002732
0.00129731761722351
0.00297652407173143
-0.000209580327056202
0.00139693051038559
0.00477749669488414
0.00124938393694896
-0.00589268625923545
0.0135290766004335
-0.00344032736531374
-0.00189877438228292
0.00401218877995602
-0.00155026871141739
6.9071527784903e-05
-0.00593410717403964
0.0079130911756311
0.00592266442722122
0.00177999175401378
0.00700501637461182
0.00380045793822359
0.00398888841889589
0.000505030303030285
0.00992768655415155
0.0170609626712237
-0.00645436404411792
0.00164880461665295
0.0126090106995886
-0.00448655653269148
-0.00130641405722753
-0.0143230057942317
-0.00736514134514343
0.00895719549636897
0.00967266116217269
-0.00643042020067275
-0.000792464678278426
0.000660879035144335
0.00267502322358082
0.0149205567135746
-0.00597139907324284
-0.00297085548694176
-0.0104784467167337
3.31248550042851e-05
-0.00248180003381337
0.00298554972358067
0.00181904411802791
0.00521629921194378
-0.00246321588578768
-0.0116221607090383
0.00379741490483343
0.00318574372052494
0.00496195851651837
0.00608955257759924
0.00736136117836805
0.000357310822162615
0.00172072005062418
-0.00547741929961498
0.00889679304748014
0.00177665877348843
-0.00322445420913076
0.00375247947865831
0.00335163224672197
0.00491439329292742
0.000511423664486976
0.0049837008971334
0.0059762352269408
0.00265435449626872
0.00129216204067428
0.00276983735144798
0.0080353998309477
-0.00548023986573698
