0.0275229577026446
-0.000415303156146019
0.0338595977120815
-0.012256379344987
0.0117982506102523
0.0172898264057166
0.0106719569435556
0.0189675795652635
0.00402991740491432
0.0110856651376148
0.0351606035856105
-0.00346964950583095
0.002015759574858
0.0202999451353327
0.00250939231924385
-0.00268194171285541
0.00555756553527376
0.00338739525762155
-0.00390899082993934
0.00517297529124194
-0.00195201426626501
-0.00391184196615058
0.00517674044983929
0
0.00674832167024819
0.017639795689536
0.00849369056151317
-0.00601577861808178
-0.00449597079384501
-0.0163279312141741
-0.0180116542819768
0.0106096023986766
0.00409250882397671
-0.00584798865851499
0.0233511951283849
-0.00661907333217204
0.00666317739195477
-0.0233408813795506
0.0155163010522561
-0.0338953465735045
-0.00363564819616979
-0.0156905671284333
0.0303984980463672
0.0354380464112249
0.0149408788231258
-0.00496400222403293
0.00946153432889152
-0.00170412406271303
-0.00136568790147873
0.00461538461538469
0.000510447507231504
-0.0192177044084644
-0.00433500968735945
-0.0308254277542817
-0.0319856771972803
0.0139224060501653
0.0192237096159595
-0.0235314720147826
-0.00883002191261917
-0.0105790643916284
-0.0264490522144241
-0.0315993051406819
0.0232789901822121
-0.00466655648454206
0.0109396563965551
0.0239613913043477
-0.0154746927543048
0.00364199745608573
-0.0127960654546205
-0.0203134072415052
0.0165876977999149
-0.0291375291375291
0.0322128851540617
0.0314014150029076
-0.000187897015371141
0.0109022178401839
0.0375604320855418
0.0130824375104379
0.00831418730433731
0.0143859649122806
0.00415083016257345
0.00654491893653253
0.00684464419652042
-0.0154656696125086
0.00397030899361295
0.00601784731774435
-0.0111091612069446
0.0103698235331866
-0.00342115982588365
-0.00257461388858971
-0.0080881430375469
0.0196044590493487
-0.00527481708354605
-0.0073554568483658
0.00516979157625008
0.0101147947843376
0.00220639858134408
-0.0452158856090751
0.00407946072934617
0.0256138486907993
-0.00723393029221608
0.0182165166241588
-0.00511160342667571
-0.00291142323876392
-0.0147715559125464
0.0149930262379181
-0.00446585358183005
-0.0162180644620094
-0.00911960715538418
0.00902651327433635
-0.00806874260897195
0.0175066669762451
-0.00139037189102575
-0.0102680127091545
0.0103745386033856
-0.00748346688972279
-0.00753990895212886
0.00441696128681834
0.00826740574379614
-0.00889740055826937
0.00492869204490964
-0.00910842529339639
0.0330563726356725
-0.00667351140782879
-0.0217053922774401
0.0126782353816124
0.000521700591955998
0.0104274937360533
0.000688011707740133
-0.0147817119284978
-0.0120376657362178
0.0105950730956192
0.0174733531364668
-0.0298814700326292
0.0177022475587805
0.00887107292151423
0.00534484482758613
0.00565937222330004
0.00255801505044362
-0.000340210914437589
0.00493450740173551
-0.00491027760057094
-0.00408373319720956
0.00358795495622677
-0.010895539295351
0.0115318764726982
0.00255228858261014
0.00526140547391063
-0.00405196690866116
-0.00644178652511318
-0.023716088999896
0.0101362808434764
-0.00173006923408425
-0.0119584573317425
-0.00175404321185924
0.00808292040063274
0.0193481091048999
-0.00701094391244861
0.0234200103323574
-0.0018509170452633
0.00792314565070806
0.0227462949866819
0.00719538815387133
-0.00600745250852408
-0.00963737324996128
0.00296882726424497
-0.00888013470021154
0.00431390409822452
-0.00941681826229657
0.0175116580639036
0.0104901494997589
-0.0126521163778713
-0.00837847886279752
0.00927761747386313
-0.0372619184918555
0.00971865269501615
0.0086119383888561
-0.00987780010045192
-0.0101453840065165
-0.00222072083668057
-0.0373223763054271
0.0136937577805443
0.0250877192982457
0.00855724798904678
-0.00661800441201432
-0.000341663813773985
0.00991110731373879
-0.011844264360212
-0.00342467454025086
0.0075601029628849
0.000511579135599849
-0.0114197719931745
-0.000862051724137891
-0.0146678685993465
0.00542910702028387
0.0215990593973177
-0.0235294450629345
-0.0165880914964205
-0.00248579545454541
0.00106803132787459
0.00195583207838435
-0.00266188119474287
-0.00800713508884099
0.0303138834080718
-0.0238509579361239
-0.0185482611021938
0.020897710719566
0.00569597721609116
-0.00230090265486727
0.000709615056051272
-0.0186137032441056
-0.0397399017388024
-0.0466516177577125
-0.0501184096290449
-0.018072268759291
0.0467526972709962
0.0400161479385612
-0.00641270902473212
-0.00664971627909816
-0.0490254371131041
0.0175984061614578
0.00528988788240525
-0.0204411657559198
0.0231404535892374
-0.00686591276252024
0.0113867832452217
0.00381982292642458
-0.00761067494492285
0.0189707975574327
0.00495147534357399
-0.0277887257473896
-0.0350700168226225
0.0142857358943587
-0.0161557376999945
-0.00147368421052629
-0.00548180476491678
0.0173840160010181
-0.0400083750777922
0.0184501410896463
0.0115089732101012
0.00147492628476442
-0.00715337696514562
0.0311506893653462
0.00164410193177145
0.0102585141461422
0.00873265602223183
-0.00402651516112396
-0.000404285417338168
-0.0131446306745272
-0.0063523976711557
0.024334830920403
0.00845584894124629
0.00319425034937115
0.00855721393034825
-0.00453825966850829
0.018632269204514
0.0184861066060733
-0.00515857852502877
-0.0151719032072212
0.0376365061941597
0.0120277957532005
-0.00631383496058802
0.0213045046273408
0.00256173824110739
0.00146008393027786
0.00437401137915083
0.0333877693088773
-0.0198419838482531
0.00071660695091369
-0.00393845320554131
-0.0237239220654911
0.000184131075110505
0.0161972569042055
-0.00416589393526356
0.0158238995998545
-0.00465529112462992
-0.00323799244468437
-0.0117307706190217
-0.000182578531138788
0
0.00328767123287665
0.00109233569998168
0.00927437682217214
-0.0102702702702703
-0.00801015838339714
0.0240410525218921
-0.0220429932265769
-0.0219901227780832
-0.0215476488954027
0.00976635370037604
-0.0400151905935899
-0.00493875948120825
0.0184633714207538
0.0124756337714549
-0.0327300160325379
-0.0312500783738026
0.00678039888146298
0.0163265102040817
0.0186747192504964
-0.00157693672383197
-0.000987245765557976
0.0100791110703204
-0.00547836029195137
-0.0112139283409824
-0.0230799850011932
0.000814684350903816
-0.0451770664464198
-0.033248019320035
-0.0246913354344944
-0.0235081589734104
0.00694442113554583
-0.0395402528735633
-0.00646244630115944
-0.0262587341006377
-0.018060342308775
-0.0375408928581732
0.00968583744277907
0.026445423904589
-0.0267744632482952
0.0155723336509821
-0.00638895971405673
-0.00797327654389723
0.023074902774177
-0.00582866208384869
-0.0438440479225082
0
-0.042655240877379
-0.00362018936229458
-0.0665175256153584
0.0119759573667091
0.0142011838521059
-0.102100294693708
0.0607537667071552
0.0388972717367675
0.0577831107183437
0.00111474355867491
0.00111361364775142
0.0211346501984051
-0.0231482019839815
-0.0103149988936437
0.0253521690140845
0.0304943939288795
-0.0261263410357955
0.0646044364797274
0.00899982023655999
0.0142710747058576
-0.00678391976844028
-0.00227675189164556
-0.0352434086015063
0.00157692513999796
0.000524796627531021
0.0506163112872722
0.00823759340395425
-0.0111413719024851
0.00876319501159717
0.0138991557731658
0.0200734403952725
-0.00479954426683671
-0.0079576077174438
-0.0199319158952824
-0.0260416666666666
0.0152788133435191
-0.00702279927320781
0.00959840868906281
-0.0192644478542796
0.015561224092826
-0.00854056748202536
-0.022548745311661
0.00181441151817463
-0.0331177990624684
0.00401394177184766
0.0197227611940298
0.0263983808885719
0.0437993888464474
0
-0.0070749203671665
0.0078623830992044
0.0185275231594342
0.0342269036435354
0.00763716749912424
0.0183738856597639
-0.0124041271989176
0.0162137242243956
0.00292137078651677
-0.0201658297072411
-0.00640290418477008
0.0156501722520099
-0.0219805342855081
-0.0120482159406857
-0.0415103199228499
0.0134572795071515
0.00434572691191337
0.0334135592987288
-0.00093047215955
0.00209545978823145
-0.0104554133258499
0.01291380605776
0.00324524810489657
0.0413586192550515
-0.0153094963390282
0.00473183855944481
-0.00740080735590942
0.0169453238565442
0.0184403918436078
-0.012434554973822
0.01965981886459
-0.00671581455805892
-0.00305341343744436
0.00743819749372543
-0.0351791321428693
0.0238577987846049
0.000219784558374014
0.0032967472527472
-0.0289156613837608
-0.0290999535709474
-0.00487915880856959
-0.0177446174296233
-0.00142624197765617
-0.00142816002990531
0.00381406427141684
0.0116361194102086
-0.000469389693398603
0.001878769287047
0.0400843647444915
-0.132972687243017
-0.0772030393240698
0.035774647887324
0.0318193908077236
0.0218766742719207
-0.00051586278050042
-0.0425806967741935
0.013746712331359
-0.00319061411351729
0.0370765250959444
0.0172324584045149
0.0465233892926269
-0.0103889830971003
0.0466308605134487
-0.00419874047582791
0.012415132640317
0.0020823692253038
0.00277069954350728
-0.00253281142067696
0.00300094644505999
-0.00529344061465031
0.0111059692016202
-0.00755153300797407
0.00783952058656956
-0.000915145296617403
-0.00915956075839519
-0.0106308990062399
0.0464844184423168
-0.0401785500039855
0.058372046511628
0.0138431339856355
-0.000650151726271253
-0.0212535237203746
0.0117438286783995
-0.00963642137538312
0.0190181552627564
0.000433940953388001
0.00195229943393915
-0.0121237932912707
0.00482132358489329
-0.00436196311284465
0.00591447947800749
-0.000217726490319148
0.0113265083859726
0.00323071290114152
0.0135250530903799
0.0184283630253836
-0.0010399957970052
-0.0122839894291898
0.0130691824002778
-0.0220557839771997
-0.00148936170212766
0.00447472831877271
-0.00360623681812122
0.00617408971313416
-0.0031738680987673
-0.00615582665769832
0.0164459632635627
-0.0279470897247321
0.00497198465075588
-0.00172084311805365
0.0161603102779573
-0.0108142069550465
-0.00750274351542368
-0.0168466310334044
0.0116432117750438
0.011292095793531
-0.0150311573974662
0.0241988450882678
0.00361860366113254
0.0137857258203298
0.0267783059995461
0.00244496730053112
-0.010975629858219
0.0127414508836827
-0.0111606942199816
0.00348865175456603
-0.0134969319633157
0.013681591472571
-0.001636032652923
0
0.00655467021712419
-0.00630844538682229
-0.00716776542421615
0.00598184818481862
-0.0108672954685258
0.0143034405346834
0.0159411199673003
-0.00563264947963493
-0.00687841391867283
-0.00529635363617853
-0.00757737015861681
0.0600495266209147
-0.021218610496761
0.0369928408312021
0.00997316858406516
0.0921002278769465
0.0262563389412742
0.0184683327685529
0.0214606717441246
0.0167752111799606
-0.0152170430882589
0.0185425992192583
-0.00606830095925115
0.015263447452974
0.00727968044436911
0.00785545929755038
0
-0.0155884640502427
0.0026919714111806
0.0123183512318383
0.0319813426515241
-0.0155706571256038
-0.00168920446763487
0.0175357631891782
0.015117157517244
0.019806417876205
-0.00511106870132572
-0.0139438873012132
-0.0020839386722239
-0.0120823088889872
0.0187226022019054
-0.016007143678566
0.00421748763695584
0.015749258009577
0.000885971634879468
-0.00516375044502426
0.00237277176330997
0
-0.014647108427111
-0.00720713234856252
0.00226851169380637
0.0096575679639761
0.0127036010937915
-0.0138725202516967
0.00793172702783607
-0.0123236974706369
0.00962127223186737
0.0069981085766464
-0.0161170493619865
0.0100691011411316
-0.025442627963735
0.0238167633587785
-0.00551738757880649
0.00359871034341852
-0.00343647093978805
0.0164918448197233
0.0178465921306816
0.00927401798945038
-0.00502511112634274
-0.0116883833323933
-0.014308600213421
0.0208857348278557
-0.00565872041957982
0.0141543997395943
-0.00589933812949639
0.00361846887355433
-0.0141331851244988
0.0247220885792556
0.00456816540036398
0.0100895121462479
0.0147720170294876
0.0131707339458227
-0.00574709891223035
-0.0133498754005023
0.00809031920518
-0.007887090406272
-0.000139400284772551
-0.0121356113227618
0.000282349618751843
-0.00959898416707983
0.0309292741773504
-0.0236416279927657
0.00750494162397586
-0.0196767668397254
-0.00716845878136196
0
-0.00259927797833948
-0.000868654987693507
0.00115916530476268
-0.002026328095315
0.000290123290360711
0.00521967514543031
-0.0197606081130648
-0.0135373456965471
-0.0528043100715349
-0.00251968503937006
0.00757814966845594
-0.000156675023503583
-0.00532831836188186
0.0111863713378546
-0.00373949828607056
0.0233031126572274
0.000305624331346399
-0.00336125301885037
-0.00091989877725418
-0.00966697896783741
0.0179732876050001
-0.00136980219344607
-0.00457251936332093
0.000612463653727247
-0.0211170167136041
-0.0115679379151488
0.013601075438874
-0.0121703081398227
0.0082135680269535
0.0192698724966356
-0.00522589933064543
0.0309023481010144
0.00854316533958088
-0.0117402435467344
0.000451112781954865
-0.00901847300493719
0.00439861974821776
-0.00105706733529032
0.000151201809487578
0.0173820122501804
0.00401135058717439
0.0153891827348571
-0.000145759247489385
0.00145748431048709
-0.0123708050119459
-0.0173887560066495
0.0173964607078583
0.0036851417267183
-0.0534586461130061
0.00217221111740318
0.0119214282038351
-0.00367193996829962
0.00583533449775797
-0.00916027480916026
0.0100154234201719
-0.00915340919206376
-0.00123162438329283
0.0016956990120689
0.0272391030822206
-0.0145318501872659
-0.0141380512942848
-0.018812598883966
0.0127298599288095
0.0276225782860775
0.0306553755563972
0.00512817582417591
-0.000728790108710964
-0.00437641118702803
-0.00322345787545786
0.000147023374202915
0.010728924004572
-0.0104695947565622
-0.0301249509129339
-0.00681813636363626
-0.00762776471573923
0.00599537251366455
0.00275062644405155
0.0153915567483287
0.00960528333807376
0.00460836946372978
0.0226398188032015
-0.00217048180913793
0.00580049312355713
0.0121106687988657
0.00612535638712353
-0.00651279937049976
0.00627052889469937
0.0165698623910231
-0.00612988306115758
-0.00308372599291995
-0.0111080000938696
0.0120858520663771
-0.00646247541444245
0.0001414309934753
0.00918979177761381
0.0134491319746062
-0.0114735145962684
0.0117465526011313
0.00635798220754613
0.0034335943808157
0.00725428434859809
-0.00394065791225207
-0.00177360156451833
0.0147601753385314
-0.00377103030303039
0.00500196018653565
-0.00807099855103566
-0.026851044937647
-0.00501672226820726
0.0106442854161264
0.000138497775027835
-0.0142718446521226
-0.0316277766604973
-0.0126288577823902
-0.0139664369582376
0.011480483077382
-0.00191622947619285
0.00428298632820834
0.00264705882352945
-0.00410674684658263
-0.0108983501944522
0.00923161052819488
0.00118031869548996
0.015915133865088
-0.0303162741422608
0.00463733746110218
-0.028886284759602
0.00889300814331495
0.0209725978279971
0.022030425721941
0.00844733420056309
-0.000866522266508296
0.00621568372361936
0.0152276538539342
0.0118862887190119
0.00978879849562864
0.00166186126106993
0.00760396771453165
-0.0015093304682765
0.00233619633102378
0.0161776935514752
-0.0106584048573232
0.00204556110608056
0.0106151193270909
-0.00659850507410431
0.00582892798545176
0.00943403003102561
0.00133508674672655
-0.00400004000000009
0.00843380221287027
-0.000663785990606902
-0.00571202186121178
0.000267267876212784
