0.0205667742489384
0.00134352888490819
0.0138639975910557
-0.00749889722099695
0.0231111111111111
0.00390968722849694
-0.00778887893600699
0.0261666375926732
-0.0144496381449367
0
0.0254419997653299
-0.00546682062797221
0
0.0114164904862581
-0.00250831939799334
-0.0025147526188285
0.0168068074288574
0.00702479309814907
0.00328272452676548
-0.00368098144454065
0.00205250402083323
-0.0110610815239656
0.0161558415971765
-0.0118222987434856
-0.00330033003300323
0.0004139072847682
-0.00620604054613161
-0.0104079933388843
-0.00168279343710553
-0.0252844922039612
-0.0229139223049686
0.000442522123893729
0.0203449349692642
0.000866926744690133
-0.000866175833694194
-0.00216731686172522
0.00217202432667252
-0.0190724317295188
0.00530273996035069
-0.0417582857142857
-0.0105504133280006
-0.0245711172925359
0.028992346530782
0.0212471593533488
0.0275892343921649
-0.00264080117257048
0.00220648720211836
-0.0118889481236878
-0.00133694289942321
0.0111557340473003
-0.000441306266549035
-0.0101545253863133
0.00936659232827841
-0.0326999572558533
-0.0105070356558719
0.0115420129270545
0.0406206754906435
-0.0135964479647566
-0.0168963539350822
-0.000452329242318861
-0.0104071945701358
-0.0105167804976323
0.00924219081525846
0.0141941391941391
0.0117381489841988
0.033913431503793
-0.00561066033664226
0.020833289026333
0.00552721088435359
-0.0380549682875264
0.00571424175824187
-0.00917827837317653
0.00573440670489633
0.0219298255232379
-0.00128751078487166
0.00601633003867641
-0.000854378470738992
0.00769563949104923
-0.00678829019940608
-0.00469888936351992
0.00901291884175626
-0.000425350914504574
0.00936165957446811
0.00505906429422698
0.00461413590604032
0.00668058427220952
-0.00829535428057426
0.0108741112505228
-0.0045511377741001
-0.0120531592707049
-0.00168279343710553
-0.00126418036241049
0.012236244209441
-0.00833676531888283
0.00714577523557058
-0.0229548840966145
-0.00042716787697572
-0.0153845726495726
0.00954856729389908
0.0150473344797937
-0.000847141006050767
0.00805430267062301
-0.0269134555545224
0.0103716512693022
-0.0132591536894421
-0.000866970091027319
0.00867683334823566
-0.00860219354838709
-0.0160520180499791
-0.0189594356261023
-0.0035955056179775
0.00766801984663945
-0.00223809310653533
0.000448541926938439
0.00807179408393699
0.0195729537366549
-0.00305410122164052
0.00175050328227555
0.00480563585869964
0.00304347826086948
0.000866926744690133
-0.00303161541792984
0.00260642919200693
-0.00823227902946266
-0.00786369628063333
0.00748568945335504
-0.00480764881152318
-0.00263509003074225
0.00264205207582791
0.012296837944664
0.00911067284645006
0.0146173688736027
0.00847453389830499
-0.0012604622378346
0.00799322675641556
0.00292161948754677
-0.0108198497370017
-0.0117795540597392
0.00127713920817385
0.0204081632653061
0.000416666666666732
-0.00333194502290723
0.00125361470956964
0.00417362287869882
-0.000415627614947178
0.00873185067492099
0.00247320692497932
0.020970394736842
0.0060410793395087
-0.00240192153722973
-0.0124397672552168
0.00284433145695528
0.0117503646677473
-0.013616340152837
-0.00406000828501873
0.00163061550629373
0.0109890109890109
-0.0229468599033816
0.0123609394313968
-0.000814041514041519
-0.00814659910984106
0.0110883367556467
-0.00568647418007817
-0.0122549019607844
-0.00620343258891654
-0.000416188080891056
-0.00999163197335562
0.0180823373388421
-0.00123911611892258
0.00909842845326714
0.000409836065573765
-0.00327734535026636
-0.011097451705713
0.0211970499250644
-0.0183149776149777
0.0066334988957919
0.00453039520056042
0.00574013963674203
-0.00529967365268347
0.00737704918032778
-0.0162733930024409
0.00744421009098439
0.0164203195229755
0.0169628432956381
0.000794320889594857
-0.011111150352732
0.00240770465489559
-0.00520416333066454
-0.00402414486921532
-0.00727272727272721
-0.0223850223850224
-0.0129059533721898
-0.0130746104206921
-0.000854743589743467
0.0153978193070068
0
0.00421229991575411
-0.0134228187919463
-0.00850340136054417
-0.000428859348198918
-0.0115829262798338
-0.00737847190197616
0.0118057712371766
0.0103716512693022
-0.0175363566097672
0.00740095809320662
-0.00432143493178194
0.0134548171243569
-0.00214137044967888
-0.00643772559818567
-0.0069114470842333
-0.0300130926489778
-0.0394618403346115
-0.0410830532212886
-0.00535545251434022
0.0151737640724425
0.0472516393442624
-0.0101288678696533
-0.00186051162790701
-0.0349487434738464
0.00724297475823166
0.00383509089956413
-0.0296084513080969
0.0295275590551183
-0.00908221797323139
0.00916546068499757
-0.00478011472275341
-0.0235350624399616
0.0108213969503197
0.00389294422836728
-0.0101793024808193
-0.00636625857002948
-0.00887136476730577
0.00745892553660243
-0.00493583415597243
0.00297614087301601
0.00148372905458594
-0.0162962962962963
0.0080321285140561
0.00896414342629503
-0.0325765054294176
0.00408163265306105
0.0203252032520325
0.0114541334661356
0.0315116706800429
0.00763723113903425
-0.00189488385149772
-0.0199335548172759
-0.0150121065375302
-0.0127826941986234
0.0129482071713147
0.0073746312684364
-0.00488047828208882
-0.00539470355050042
-0.0187377209695404
0.0125628140703518
0.00248143920595534
-0.00841584116753269
0.00399400878711909
-0.000994579761582348
-0.00447984071677454
0.000500000000000167
0.00599695152423796
-0.00248380538916093
-0.00547813745019909
-0.0315472724860928
0.00672176835573945
-0.0292757590793919
0.00158730158730158
-0.00739561542525091
-0.0191591793954667
-0.0227889310906131
0.0227651304830649
-0.0168294788273616
0.0132522908198625
-0.0125340054495915
-0.00331136847067492
-0.000553709886695009
-0.002216011203103
-0.00333142698500843
-0.00389983265181981
-0.0111856270238048
0.00339366515837103
0.0146561443066517
-0.00222227777777784
-0.00890868646484888
-0.0151684278184511
0.00627484276812074
-0.0181405339081935
-0.00577372979214774
-0.0342624874716891
-0.0330727019286052
0.0547263059701493
-0.0277122068226537
-0.00788350515463909
0.00611234681464867
0.00911312327540248
0.0144490659573109
0.034421364985163
-0.00573723465289744
-0.0184650894402768
0.00881834215167543
-0.00349650349650343
0.0169590058479532
-0.0212765394638608
0.0023501175088132
-0.015240329146561
-0.0148809532667235
-0.0356494885588814
-0.00375939849624063
-0.0144654088050314
-0.017230376515635
0.0467533116883116
-0.023573261564934
0.0127064803049555
0.0213300501882057
0.0135134512583877
0.0199999999999998
-0.0207961972667854
-0.00849514563106801
-0.00795599755201959
-0.00185064786247058
0.0234857231149568
-0.000603864770764906
-0.0338367996276011
0.0243901813633522
0.00183156299337983
-0.0231565508836077
-0.0361822185787761
-0.0317152103559869
-0.00267379679144386
-0.0207774798927615
0.0116358658453115
0.000676589986468246
0.0297498309668696
-0.0164149704530532
-0.0146862483311082
0.018970189701897
-0.0186170212765957
-0.00948509485094851
0
0.0143638850889194
-0.0256237356709373
0.0560553633217993
0.0203145478374835
0.00128452151573533
0.00641436818473373
0.010197578075207
-0.0264984227129338
-0.015554115359689
-0.0072416063199473
0.0119363395225465
0.00851900393184812
-0.0565302144249513
0.0454545454545454
0.0401844532279314
0.0525649778340722
-0.00361022842297043
-0.013888829341113
-0.0202082057562767
0.00187506249999991
-0.00998134685082053
-0.00189035916824187
0.00568181818181812
0.0150659133709983
0.00371057513914641
-0.0104744916820702
-0.00498125809347816
0.0112640801001251
-0.0389851485148516
-0.00708306503541534
0.0162127107652399
0.0248882578174858
0.0386052950563696
0.0131894484412469
-0.00236680473372775
0.00177924070111257
0.00532865632496482
0.00117785630153122
-0.00235300000000005
0.00294817234364242
-0.00705473251028821
0.0248667865522076
0.00173316012323266
-0.022491291810842
-0.0159292615970937
0.014988009592326
-0.0271707619610159
-0.0151791144613913
0.0221948842290309
0.0235222557297952
-0.0147318806559741
0.0592105298570891
-0.0016939018460701
-0.00622171945701355
-0.00455321570859435
0.0017152658662094
-0.00285393835616432
0.0120206646834953
0.00622177601809959
-0.00562113515339324
-0.012436517103645
0.0177448207066295
0.0067490997328965
-0.000558715083798789
0.00447177218959061
0.007234335405361
-0.000552486187845425
-0.00331669430624659
-0.0260677744832071
0.0130980645272245
0.00843170273008975
0.00334442567756832
-0.0172221666666668
-0.0209158269691448
-0.00461893764434196
-0.0243619489559164
0.00832336504161701
-0.00412735873392445
0.00828904726400514
0.00352313543610494
-0.0035107665301346
0.00704632959211215
0.0483965014577261
-0.094549443826474
-0.0386978477458323
0.0351438338658148
0.0302469117131534
0.0383462529451017
0.0080784189267169
-0.0337721828146641
0.0213270747231677
-0.00406032482598584
0.016889866045428
-0.00286363132094103
0.0103388856978748
0.0113701534963047
0.00393479460737534
-0.00167978713998962
0.00616943353897925
-0.00111488288099859
0.00613844866071411
0.00277310023443711
0.00442477876106206
-0.0011013766519824
-0.00110242563960461
0.00275932655853617
-0.00165112823335178
0.00661527048595767
-0.00985761226725101
-0.0154867809734512
0.0112360118671917
0.036111111111111
0.011260107238606
-0.00265121937162138
-0.000531632138842886
0.0015957979572232
-0.0026552841210834
-0.00638982926571718
0.0139335476956057
-0.00528541226215651
0.000531349628055233
0.00159325544344147
-0.00848356264668282
-0.00320866293001809
0.00214597650997739
-0.00588865096359736
0.0140010770059233
-0.000531067445565525
0.0116897449521784
0.00262599776123951
0.00314300680984791
-0.0135770757180156
0.0074114350138399
-0.00998428744170843
0.0191083333333333
0.0140623951009169
-0.0251668734035374
0.0210747629083246
-0.0190917966507635
-0.00841662283008948
0.0122015915119362
-0.00576525157232688
-0.000527148156412749
-0.00210965201000268
0.0121564482029597
-0.00417754569190587
-0.0120608285264814
-0.0122080148619957
0.00806012852981586
0.00533054371002128
-0.00636272500727875
0.016008591248666
-0.00525210056449055
-0.00422386461331226
0.0233296912338445
0.0129533685468066
0
-0.00204598475938533
-0.0123013839056895
0.0067462376751426
-0.0257731958762887
0.00370365079365098
-0.0179230373180305
0.0177133664902505
-0.00843881901048626
0
-0.00212760649614918
0.00373134328358193
-0.00902814657461493
0.00750262593783502
-0.0047872342971933
0
-0.00213784084114588
-0.00482056775575812
-0.0139935414424111
-0.0120087336244541
-0.0104972375690608
0.0418760469011725
0.00803853161843526
0.0446571528260047
0.027989872773537
0.0287128698656993
-0.000962511984479497
0.00529869942196526
-0.0057499278509856
0.00144583132530118
0.0101058224203165
0.00333487374940455
-0.00142440652537557
0.0128387059991106
0.00234746489894211
-0.0117096018735363
0.0109004739336491
0.0323488045007032
0.0340599455040871
-0.00966187966622745
0.0181818189881073
0.000871123731320811
0.0187119234116624
0.0213583938487825
0.00376411543287336
-0.00500004166666657
-0.0163316170993141
0.00127713920817385
0.00297619047619047
-0.00551085205595592
-0.00341005982140064
0.0218135167584907
-0.00460435347862509
-0.0117746420616214
0.00170217021276597
-0.00212408657076957
-0.01149429544487
-0.000861240347168057
0.00215512921745131
0.00215049462365591
0.0150215027906224
-0.00845661733615211
0.00341151371379467
-0.013174755071196
0.0167959524890591
0.00762388786006407
-0.0189155519581525
0.00514134532990584
-0.0260016635124323
0.0153173304157548
-0.0116379736362943
0.00872215438290458
-0.00951141415959422
0.0205150152771716
0.0269461517085607
0.00999583506872126
-0.0136082474226803
-0.0075250836120403
0.00463352990732946
0.00377362683438154
-0.00877197122924089
0.0261272650653182
0.00246406570841873
-0.0315444899631299
-0.0093062186677757
0.0204953031596924
0.00460251046025117
0.0112453561016241
0.0259472394585158
0.00361300682456833
0.0131999999999999
0.00908010264508508
0.00586854483053778
0
0.000388953729636432
-0.00116632974985742
0.0175164648689581
0.0183627397996458
0.0217881284076586
-0.0238971314743702
0.00451981184632078
-0.00524930633670806
0.0049000752016557
0.00300075018754686
0.000373971578160104
0
0.0067289719626169
-0.00519862606758259
0.00559910393433727
-0.0103935036973458
-0.0120030007501876
-0.00227786636294613
-0.016362290092759
-0.00309477756286269
0.000388086922778363
-0.00232746305944664
-0.00388794727402608
0.0187353232343748
0
0.0065134099616857
-0.0102778835173202
0
0.00115388461538446
0.00115243944861931
0.0115119728131992
-0.00265553859425116
-0.00190190179148342
-0.00228658536585358
-0.00954927425515661
-0.0158118010026996
0.00470215517241379
-0.0167706714809154
0.00952011144466924
0.0137523766698477
-0.0112402717534988
0.0176401019208152
0.00808940709127159
-0.000764233855559904
-0.000382447418738052
-0.0286916613883573
0.0173296974135366
-0.00542001548586912
0.0007784351584883
-0.0143912491011765
0.0165745856353592
0.0131987577639752
-0.0306513793103449
0.0130434787764222
-0.00897382009261893
-0.00393704724409449
0.0027668775797185
-0.000394166322657985
-0.0362776010931546
0.00736497514873258
0.000812266417048457
0.00202930203040985
0.00405022259820886
0
-0.00363049602135956
-0.00323886626563297
-0.00893586478733288
-0.000409877049180274
0.0225503084276468
-0.0180433433021916
-0.00204160881992643
-0.00122753677465059
0.00491605899221614
0.0252751314604511
0.0051690258449304
0.00514236530291279
0.0184966155057065
-0.00347751172633359
-0.000387747173798192
0.0104731570801724
0.00690982752053082
-0.0335493709492947
-0.0142011834319528
0.00160068027210891
-0.00159812218944777
0.0128050820328132
0.0181746747599634
0.0194024058983313
-0.00570989722116488
0.00153135522468029
0.0248470565749237
-0.00261092885531267
-0.00448762154076288
0.00525916584300656
-0.00560534379671151
-0.00225486650676943
0.00150662905863008
0.00451293719443391
-0.000374316749319203
-0.00374535566496792
-0.0011278195488722
0
-0.005645464809936
0.00113554125662363
0.0132324380630457
0.010820933239587
-0.00996677740863783
-0.00745708426547365
-0.0214125461527969
-0.000767677572655612
0.000768267354273267
0.0122841463448808
-0.00341296915385025
-0.00342465740393239
-0.00229102702210648
-0.0160734793751811
-0.00583430594454704
-0.0148669411137301
-0.0182685067513899
0.00768612490639664
-0.00642312324367722
-0.00363636363636366
-0.031224695863747
0.00334868159684731
0.000417229888078019
0.000834028356964112
0.000416666666666732
-0.00083298625572692
0.0100041684035015
-0.00784147750722242
-0.0145590676140156
0.002532671906599
-0.0029473684210527
0.0114020692567567
-0.0354906456997642
-0.0112554112554113
-0.0249562171628722
0.00404135608441858
0.0165473606195277
0.0131984601847777
-0.00477642185078486
0.00654450261780104
-0.00606848721283049
0.0191888791975576
0.0393667077720707
0.00370514599814142
0.00369155060260673
0.00286072753823974
0.00529743254696702
0.00445889744629091
0.00928163804351745
0.00399844062375054
0.00557542789424814
0.00712871287128714
0.00196618167518681
-0.00235478806907374
0
-0.00629425649095205
-0.00554231987331766
0.0027866240928891
0.00317582361350444
0.0023743569449941
-0.00157911567311486
