0.0212063775835671
0.028149509570307
0.00628372148685541
0.00758247035426374
0.015050919077318
0.00654163886391568
-0.00476604065983299
-0.0361340519429381
-0.0149052296341566
-0.000458487234232363
0.0123853556307563
0.00589032309660986
-0.000900865433648756
0.0130748400720069
0.0298175751058474
0.00907518078166913
-0.00728056801940336
0.00172570487761159
-0.00129208572011508
-0.000431203382299183
0.000431389398866999
-0.00905561453842907
0.0178415922769712
0.00085512991834702
0.01879537477144
0.00922428910906348
0.00997099825626435
-0.00329088420394308
-0.004539788669221
0.00331666594322844
-0.0107437549778685
0.0167084448298414
0.0160230304266316
0.0020217560926945
0.00363200201257929
-0.0120627542711607
0.0138380711635839
-0.02368524684229
0.00822368736595935
-0.0191680589220355
-0.00207906208738629
-0.0104166360434014
0.0286316012206451
0.0261972908147097
0.00957322639613456
0.00158038564665053
-0.00157789196883118
-0.00553146216943701
0.00397300810435053
0.00514441746829553
-0.00472440260487317
-0.00316456736125026
-0.00753961143260118
-0.0171931725099619
-0.00122050268580498
0.0114053094768978
0.0398711562194403
-0.0170411305002541
-0.00748622876473093
-0.0174671940650158
-0.0121211942866238
-0.0282208634073292
0.0172558826001672
-0.0194456278012126
0.0168776448297105
0.0215768109405152
0.00121851970609654
0.0279918907922598
-0.00749804555017763
-0.00516896336029182
0.0159872165580721
-0.0228167200038859
0.0128824440501658
0.0321939568128997
0.00577593064694071
-0.0202910360849247
0.017975820322822
0.00614205463911488
0.00419687963967807
-0.00759878721718188
0.0118683114454956
0.000756686008073215
0.0120982951469442
-0.00410908543995114
0.00487619767990566
-0.00149307812227872
-0.00672896213420904
0.0101618645451069
-0.00186294494887018
-0.0212765650155259
-0.0011442064733016
0.0129821080236217
-0.0052770942009186
0.00341037781859832
0.0132175610252521
-0.0320536806855996
0.00462070946171855
0.0019164548346593
0.00153020512776525
0.0282659122656754
-0.0170877118536771
-0.0064247970803204
-0.0171167494945119
0.0143188935786369
0.00228915576336641
0.0186524572180002
-0.00523165317297469
0.00638613784351838
-0.0246360226495563
-0.0107156656738092
0.0139265226197862
0.00915679672763137
0.00945176753770927
-0.023595514046543
0.0210970887759192
0.00939140684328721
-0.0215854080869322
0.00114115991938846
-0.000379924227880801
0.00988213028226492
-0.00451636520659882
-0.000756113867289243
0.00302687320368333
-0.0241419111255957
-0.00850403187209503
0.00467835572353903
0.0225067874833775
0.0189753620621544
-0.0242086290914754
-0.000381664369383472
0.0038182747337181
0.0247242514295232
-0.00593914335973833
-0.0108290177083936
0.0245376267968984
0.00884298107691373
-0.0226442474284753
-0.0242899215809117
0.0107237862735849
0.00227362833479505
0.00642722601940382
-0.0108940627180774
0.00607665192712492
0.0252925989743222
-0.0132548090975643
0.0149253801058145
0.0209558940891819
-0.0158443861807376
0.0175631327652466
-0.0169004245136728
-0.0054865001942801
0.0121368392495245
0.00254354576399551
-0.0188473680417989
0.0107129647838813
0.00402047584788368
0.0101929504483234
-0.0147747666320852
0.00292612511215062
-0.0131291247311049
0.00813005531579925
0.0219941448063314
0.00143474535270061
-0.00608882978426373
-0.0115315281769207
-0.00182287434733541
0.00255663472521928
0.0102003771361079
-0.000721212118973691
-0.00324792009047159
-0.00362058685611688
-0.00690404580086079
0.0029271957340784
-0.00401322471363907
-0.0315017590646288
0.00869889932505052
0.0142579838787171
-0.00715187210769874
-0.00423728813559332
0.00510642553191487
-0.0249788304412011
0.000868345598421971
0.0186551418071645
0.00170357751277672
0.00510199829931968
-0.0101522423922269
-0.00555555555555554
-0.0176192092823377
0.00656163575845858
-0.0165146023468057
0.0198851533312041
0.0311957972270365
-0.0180671436162666
-0.00898592173787238
0.106649352331606
0.0304331264312574
-0.000378644452858845
-0.000378825757575751
0.00189473292515085
0.000756353980470692
-0.00982607746886155
0.00916030499388132
0.0147503398354636
0.00409992545657856
0.00593908663923215
-0.000369003690037006
-0.00184566260612773
0.00665673052305005
0.0146951511644067
0.0264300859366371
-0.00917107583774257
-0.0299038803844784
-0.0264219816513762
-0.0467395383814723
-0.0158166067292762
0.0345520704922488
0.0209709126213593
0
-0.00228227454232499
-0.0224933663743805
0.0218409524898968
0.01488545744712
-0.013538924407672
0.0202058711399162
-0.00597907324364721
0.00939849624060152
0.00968346368715078
-0.000368904449689955
0.014760147601476
0.00181814545454539
0
-0.0105262798739121
0.00110055025678646
-0.02198607467988
-0.00524548500391586
-0.00941619621153278
-0.00418243361910398
-0.0217640312423051
-0.0405933239424933
0.0244100895036616
0.0194598888006354
0.00895987534086462
0.0216215830115831
0.00264557833127643
0.0094232940285226
0
0.00858846121775736
0.00370236949278047
-0.0177057167943299
-0.0180247472033327
0.00879537284894849
0.00151633819243124
0.0049204769114306
0.00451981184632078
0.00674915635545559
0.0290502420856611
-0.0021715165462004
0.00108813928182805
0.0275362681159419
0.0313821921233359
-0.0194871794871795
0.0111576011157601
0.0120689655172415
0.00170357751277672
-0.0129251700680272
0.00792556857339766
-0.0222222222222221
-0.00664335664335669
0.0137275255191833
0.0125000351562512
-0.0168038408779149
-0.0129055109870946
0.0169612020127632
0.0187629944835652
0.0177353342428377
0.00368636058981231
0.00801335532509651
-0.000993739615974154
0.000994728116710863
0.0102682672981693
-0.00819672131147542
-0.0112396694214876
0.0170511534603812
-0.00821827744904668
-0.0218760357971495
0.0172822771941714
-0.00266485676215855
-0.00634605857227588
-0.0151260840336135
-0.00170645057018604
-0.00991456410256408
0.00897790086249661
-0.0140314857642535
0.0215203409066413
-0.036017635066259
-0.0172718358381445
0.00573895286007708
0.00962902961380063
0.00247262460164688
0.00211423545152334
0.00246128683328828
0.00105229743949486
-0.004555045390503
-0.00387191129883846
-0.0176678451472737
-0.00395676273225765
-0.0111954492164879
-0.0456537635373909
-0.0229620368527378
-0.0148844882536432
0.0147117296222665
-0.0384012147335423
0.0167074157820939
-0.00521046071300757
-0.00443195004029007
-0.01821121077342
0.02679307502061
0.0264953833801687
-0.00782162690653121
0.011824950263108
0.00389559797428896
-0.0135816841288319
0.0381588906372934
-0.00454713924013406
-0.0456794822992006
0.00757877941763074
0.00514643705463169
-0.0429302892056042
-0.0345679026571153
0.0822676931912913
0.00472630975684574
-0.0211682085456684
0.0340408904301517
0.0236250968241674
0.0302686341278851
-0.00734480352552336
0.0218275981565816
0.00615495995094295
0.0205109744328544
0.0112834622255478
0.00801952580195264
-0.0058803182289866
-0.0187891092553931
0.0354609916503195
-0.00445208888862714
-0.00344000687994495
0.000690403889899827
-0.0010348740945153
0.00621546982788224
0.00308857251505046
-0.00376322271638729
0.0127060091790518
0.000678195998643716
0.0105049135886139
0.00536552649228716
0.0193461974649767
0.00687176069606532
0.00292495937601567
0.00680489284494845
-0.00418406823302231
-0.00161609561680365
0.0100356753006046
0.00737176258423844
0.00540884505249761
-0.00474680379746839
0.0187599358104948
-0.0112359859164798
-0.00568181818181812
0.00698409523809529
-0.0100882411755436
0.0105095541401274
-0.00819416955562557
0.00985071527965409
0.0135304589826792
-0.00155228194822377
0.00373131218905476
0.00371756517092847
0
0.00987651173601778
-0.0128362465514595
0.00526321997718959
-0.00708343064110184
-0.0204715247846449
0.00348324889170359
-0.01672454980358
-0.0144416238767651
0.0218169984310321
-0.0210325054503666
-0.00130205082363455
0.0101043024771839
0.0229106485963215
0.000630851715115011
0.015132472103798
-0.0189441298464557
-0.00759734093067421
-0.00542264752791077
0.0102629890955741
-0.00507936507936513
-0.00319081046585834
0.00352112676056349
0.0137161403508772
-0.0129011953146257
0.0325150770635936
0.00555730180788205
-0.00614065090574145
0.00772320073287625
0.000613120803590661
-0.00337009814246647
-0.012296280734592
-0.00311241820378416
-0.0140492979721916
0.0110829639012033
0.00250541810209848
-0.00531077821373194
-0.0188442211055276
-0.0124839948783609
-0.014262560777958
-0.00723442946399211
0.0158992707552412
0.0071731007499185
0.0155390746370694
-0.000318775890380096
-0.00478322688829003
0.00865110569212124
-0.0412960609911055
-0.0298210404241219
0.0218578885977498
0.0183823195187165
0.0154250743493625
0.00355520350500305
-0.0161030600999376
0.0121113260920238
0.00905565976714096
0.0326923066444775
0.0180011788329864
0.0182927749479505
0.0104789814084443
0.00800000000000001
0.00176372721928275
-0.00528168983088673
-0.00324486706519966
0.0159810886066563
-0.0285465756745369
0.0131934940445873
0.0130215740449371
0.0473268477943325
0.0164574904578796
0.0118002198627942
-0.0105776786161562
-0.00328944627192984
-0.000550082493121828
0.00605396257567414
-0.00765869782115169
0.0107496970989442
-0.00518129289235314
-0.00685307017543857
0.00165611371791341
-0.00303116552683469
-0.00304035378662237
0.00221796506792349
-0.0177041207355949
-0.00112635883561585
-0.00733019432393023
-0.000283953430387895
0.00511363621836258
0.0093272467685912
-0.0120414453105979
-0.000566921784776464
-0.00113434493104625
0.00681425307171346
-0.00141001132007945
0.00197684269980236
0.00140921645997749
-0.00197016611230394
-0.00423006216102839
-0.000849674289162494
-0.00368472232666439
-0.0537696697712847
0.0129284734172261
-0.0195903834844282
0.0063579475131077
0.0108302039211672
-0.0208332155257867
0.00091179325764168
-0.00242945642271486
0.016438387606599
0.0281522320500818
-0.00174780065553148
0.00175086081120512
0.0142731713211086
-0.00775419299253299
-0.00955131720843161
0.00263004083489049
-0.0102011655435392
-0.00294458194772051
0.0112227108321703
0.0201518095705719
-0.0406527912968794
0.0110415703396938
-0.0191853890441149
0.00993081552813724
-0.00595947538857355
0.00479613294975634
0.0083531921241049
-0.00976325472672335
-0.015835135469521
0.00758955700029018
-0.00301292567077205
0.0142037171350859
-0.0947557182730715
0.00724163947470835
-0.00326797385620925
0.00721308196721315
0.00520833350287542
-0.0291450462806039
-0.0183455637091394
0.000679612640163141
0.0132427499747794
0.0144101876675604
0.00627680872150638
0.0154301055623804
0.0168121888134498
-0.00572340204377098
0.0121522225775503
0.00884676145339647
-0.0172252113999373
0.0277246981429158
0.00651159689922487
0.000924306867661651
0.00215447816839176
-0.00522119148583555
0.0098795927718307
-0.0168143997803243
0.00155469527363206
-0.0173858744919553
-0.0417061611374407
-0.000329706561160492
0.0286939643799471
0.00160304579663206
0.0284891485275289
0.0127606594223262
0.0021511984587832
-0.00643971154738687
0.00833320936214754
-0.00520348975840157
-0.0295384307692308
0.0123652183777674
0.0147197619793298
0.00185175914495317
0.0101664205226868
-0.0231778583965276
0.000936684387658149
0.00561450387977214
-0.0127171828339216
0.0018849827207037
-0.00846654150098913
0.0192915553671233
0.0220291343468819
-0.00850027348209703
-0.00398043478260868
-0.0107592686984096
0.000932224984462549
0.00776156497241742
-0.0126309307649702
0
-0.000624024980468874
0.00218541998705657
-0.00529588818042914
0.001565925461948
0.00156344590368973
0.0277864198497166
0.0212637011703343
0.000594884015314934
-0.00951245569299819
-0.000300090036014389
-0.0108075649712529
0.00940810290111993
-0.007817138173009
0.00696969696969685
-0.00150466445982533
0.0129596443640747
0.00535554878442279
-0.0216040242200644
0.0208711124963366
-0.00740740740740742
-0.0116417611940299
0.00996671670290805
0.00687796073199642
-0.00445494531956891
0.0152147673031024
-0.00528948002613805
0.00768103442723977
-0.00263855166700211
0.0120517342739563
-0.0188789137380193
0.0230906460358393
-0.0066550634648419
-0.0078648699175724
-0.0176160300171452
-0.00627612092875451
0.0171428571428571
-0.00325254287403898
0.00652628319567716
-0.00736811081638666
0
0.0207838776722091
0.00785343199960931
0.000288542551887705
-0.00490473167916905
-0.0191359803342428
0.00266024223114147
0.00854955828712023
-0.00643078066152547
-0.00735510400970263
0.00681680457517486
0
-0.00441569018499599
0.00502667060910689
-0.0170639001433421
-0.00419036216701563
-0.00571079050195378
0.0226723081818436
-0.00975471417353158
0.00208955223880603
0.0116174858504619
-0.0191401065706747
-0.0066046530590016
0.0120883046237532
-0.00328459221949273
0.0101857396589053
0.00622772816643735
0.0120837017388742
0.0200931566686078
0.0533829018950303
0.014905121143354
-0.00534048049825153
-0.00617449664429526
-0.00810370070232302
0.000544689527649966
-0.00272191057583482
0.00409394115976891
0.00353348726465108
0.000270910090515164
0.000541592201462215
-0.00514216494879116
-0.00299227437389971
-0.005184256197312
0.0150849976710092
0.00675493146473549
-0.0110037579712163
0.00461335167508015
-0.000540248514316666
0.00513510810810813
-0.00967994110459647
0.00705940770787916
0.00107848476678352
-0.00350123879608832
-0.000270216216216257
0.007028872288247
0.0045637046979865
0.00587923601706231
-0.0098299418126977
-0.00321969412396039
-0.00403773867899115
0.00108110810810791
0.00485961109990263
0.00537337438545471
0.0192410753202072
0.00734134785897589
0.0044248310476227
-0.000259082663902621
0.0145152143849034
-0.00434333174101509
-0.00538883742907781
0.00154803929556446
0.00231839258114364
0
-0.0169622205088665
0.0133332810457518
-0.0196077925494218
0.00552628947368428
-0.00654279001682256
0.00500534786631568
-0.012319842080218
0.019904458598726
0.00806666666666667
0.00154870926439288
-0.00360822174247999
0.00465597516813254
0.00205968074150342
-0.0046247689940786
-0.00438828062011964
0.0116670987814365
-0.0184521014864173
0
-0.015143551309231
0.00053024919060829
-0.00264978788289394
0.0172689165055502
0.0073125879521394
-0.0114078039927404
0.00524523983096681
-0.0013045394571074
-0.00757567940375337
0.00894972314031484
-0.00313078512231746
-0.0151792204967083
-0.011427052579669
-0.0201612897806105
0.00658430708959368
0.0166257840454016
0.0032171314535423
0.00160347416373452
-0.0269476787620062
-0.00191935832411971
0.00357134595761832
0.0125924722855864
-0.00729929671266294
-0.00653597476753898
-0.00466006030701749
-0.000275461297839175
0.000275537197673259
0.00165238221833164
0.0109981031343993
0.00788689148762578
-0.011063113570882
0.00409268736192692
0.00543480993029366
0.0154054054054054
0.00186316209741832
0.0124867697260034
-0.0157439775454216
-0.00346566267478876
-0.00187265912593204
-0.00160817470897412
0.0037583624161075
0.00347689231016024
0.00533051705756926
0.0098090930591439
0.00315040693095292
0.00497259892626523
0.00442703101942543
0.00544462017111735
0.00593086657892927
0.0148680345997454
-0.00959840868906292
0.00102017345116479
-0.00687898089171979
0.00641354540790151
-0.00739232730053518
-0.0048792759342392
0.00541932903225817
0.0020534394777576
-0.00307384725732962
