-0.0204133712787284
0.0190153690808901
0.0375767136394867
-0.0152746735649175
0.00925691745666946
0.0173525285076845
0.00316756814893848
0.0172456408669246
0.00811843342601648
-0.0267645896076601
0.0491604039912386
0.00231960096683848
-0.00763707492795829
0.016557812113857
-0.00183532920394591
-0.00850376963933663
0.00811318980327269
-0.00252933996186055
0
-0.011295573736847
0.0109583122163279
0.00691879596589495
0.00847455336692615
-0.0199863052461118
0.0020857472961413
0.0124883666749136
0.00639566026486205
0.00136173396818573
0.0210788762710534
0.00221982246880859
-0.00930236946611884
-0.00178846411804146
0.0434490014132587
-0.0122343850611719
0.00586703607127315
-0.021602937532881
0.00264956938287542
-0.0204800704690596
0.00472120053956848
-0.0221525625901222
-0.0130434779623918
-0.000695641068962694
0.0141531561091952
0.0331732105507483
0.00265719663418951
0.00795053021092174
0.00328663460312506
0.00109191960926158
-0.0028359729493892
-0.00415661789885402
-0.00659048769771531
-0.00243255191436209
-0.0053203723050238
-0.0222866062466371
-0.0193754050461683
0.00557875406787534
0.0319001632871088
-0.00268814970179543
-0.0110063117699911
-0.00136266185243372
0.0236524215680596
-0.0122194851019545
0.00854703123137712
0.00936659232827841
0.0201060547992069
0.00801392713943794
-0.000429759337564173
0.00580397678417865
-0.0213720875962367
-0.00174714999460235
0.00306276532624716
-0.0163576888269439
-0.00731702914931387
0.0183158364976548
0.0162316736126342
0.0584933926832121
-0.00815664746825751
-0.0156249592028158
0.0208855467651305
-0.000204623563735185
0.0227133419830845
0.0146058223289316
0.00394401506495767
-0.00392852091926921
-0.0035495958104832
0.00791610939869614
-0.00608680541920281
0.0179770845115979
-0.00349313028319675
0.00233696211633738
-0.00388577804768253
0.0222352252779401
-0.0186987216180118
0.000972195216799587
-0.0116549922299922
-0.00255505105041176
0.0114286108374384
-0.0350672692356413
-0.0102967698424543
0.0136678702570379
-0.0034211914554475
0.0183764135702746
-0.0138806266111442
0.00965210134727545
0.00179247165489871
0.0113320081775747
-0.00963235717775424
-0.0150853907287537
-0.0308343214597807
0.00249530047826996
0.0207425849562868
0.0138183298886065
-0.0198435963087512
-0.0120654596292246
-0.00269097489772352
0.00290577002905779
0.0126241721854305
-0.000204414469650471
0.00981202002502135
0.0121457080102951
-0.00940002000000006
-0.0147385425951654
0.0268443038287767
0.00299335456010086
-0.0210902714321637
0.00833333316395657
-0.00765976602177454
0.0014218769043266
-0.0148072822476122
-0.025530121474161
0.000422480438517558
0.0124604229127951
-0.0066750105689406
0.00084000421755559
0.0195132186319766
0.0051450915826301
-0.0266175061425062
-0.00904501453418138
0.00636805335665347
0.0329044716304578
0.00857663858328284
-0.00607408394561826
0.011611326135669
0.00382597664115991
-0.0118355069944034
-0.00568408468063697
-0.013474887709269
0.00745033112582782
-0.00595729252259647
0.000206716267962648
-0.0132232225940817
0.0154941798783157
0.0078350721649485
0.00511456618014394
-0.000814186834638964
-0.0162965777144023
-0.00559124030666291
-0.0147854852144941
0.00317053470364548
-0.016856279326934
0.00385769395627955
0.0143039709649873
0.00273628721264108
-0.00587737207970984
0.00506750411597334
0.0029412606277841
0.00335148708204924
0.023173193186923
0.0134666400108809
0.0148983698368581
-0.00416582027375512
-0.0143426491166804
-0.00282942603071934
-0.0186461694365627
-0.0251961390002535
0.00487286006625287
-0.0166561458992198
-0.00235849061660587
-0.0163335271079631
-0.00218488092637104
-0.0214582667597226
-0.0114119268608621
0.0151651878678134
0.00222972139262967
0.00600667394868371
-0.00552852707809537
-0.0102291080669533
-0.00381932167240262
-0.00789350473613004
-0.00431923144718194
-0.0390410739507093
0.0137799477310525
-0.0187485127137808
-0.00214951044063805
0.021062733869381
0.0025785278949837
0.00327332242225853
-0.00163132137030975
-0.00116711017740445
0
0.0243047669010339
-0.0136892989418528
0.00763361091834391
0.0197428140554909
-0.0157586004393786
0.00297339883409409
-0.010490285541176
-0.00230463245689416
0.00531298209025244
-0.0135569852941178
-0.00582343349638947
-0.0269447282099344
-0.0166144718664691
-0.017140083251714
-0.0142002743946258
0.0384129390952743
0.0399123874421998
0.0119354551837116
-0.0171138289956601
-0.0508235294117646
0.0185919682697075
0.0158189827208566
-0.0177288443829015
0.0941463658536585
-0.0109229154943621
-0.00383137263537014
-0.00701361975082304
0.000683504230656107
0.00204918042118307
-0.00227216552020759
-0.0132087907082669
-0.0122317788030566
-0.00163549069241808
-0.0173179967236133
-0.015241818754855
-0.00169284167800932
0.00242252912845276
-0.0125664569220286
0.0198237146396547
0.0340773234498357
-0.0208865398004178
0.028205784029528
0.039188588308239
0.00621115766587588
0.0136684079879099
0.0145715963462376
-0.00814580886834682
0.000216101145450454
-0.0047536301805019
0.027138514391261
0.000422764734247183
-0.00824007993914722
0.00617812113715632
0.00359944950243496
-0.00506333311969065
0.0360475190839695
0.00511665973973274
-0.0122175318220823
-0.0119562569349106
0.0131441894429376
-0.0240939451380983
0.0189913909894786
0.0124248910245417
-0.00143176521644028
0.00348222040147483
-0.0220453552951477
-0.0012523898977248
-0.000626917476569178
-0.0138017565872021
-0.00127230703986425
-0.0154989178555803
-0.0157429375834146
0.00679233143716762
0.0028291838339678
0.0195312057495136
0.00425713069391231
0.00423910555320051
-0.0164627054355697
0.0135193568034058
-0.00169379631590083
0.011452746067752
0.0123715666255308
0.00434968940243774
-0.0377397798416259
-0.00492927561080148
0.0202455093689424
-0.014566160324386
-0.0100685732647814
-0.0151482582806375
-0.00351571098728687
-0.0156559874600214
-0.000671998222939174
0.0327280647225272
0.0225743650965922
-0.0142220756904674
-0.00753658500294108
0.0164894337166412
0.00683030978998111
0.00296805185363791
-0.00105692240420785
0.00571309799886133
0.0124132129689294
-0.00789686217574537
-0.0251361740621628
-0.0120326813057009
-0.00739454110482807
-0.0155565077904581
-0.0505230358335189
-0.0264885372714486
-0.000722345309952854
0.00843368674698786
-0.012903154738502
0.0176712656095068
-0.0361560647917205
0.0291214461994076
0.0275778650460943
0.0177363602210669
-0.0107773902596332
0.00139086697707147
0.0243055318447793
-0.0207909152542373
-0.00392342469774187
0.0382298656163114
-0.00848027207140656
-0.0281341435966689
-0.0199166280685502
0.00992443289224942
-0.012166611503668
-0.0236854565683218
0.000970329913383638
-0.0239941359182809
-0.015396026818972
0.0191676661201681
0.0301905716406832
0.0247417481445651
-0.0159399906235349
0.00929011434016203
0.0165211474279241
-0.0188066403529138
0.03360156335076
0.00297621336996334
0.024423647011558
-0.00868981709692929
0.0164081583992737
0.0114993584365466
0.00830776089603158
0.0153946881048284
0.0190048892161057
-0.0220034152974976
0.017998715148863
-0.00862976251861769
0.0320595130386205
-0.0104917298808531
-0.000207858636501301
-0.00124768143065102
0.00832814924689051
0.0140409043981002
-0.0073305028032884
-0.00902562051282052
-0.00724491808642269
0.0033361134974168
-0.00228597261608421
0.0166632583488131
0.000614607649772614
-0.0131039926289926
0.00165970950913463
0.00207129250354798
0.00558083907439366
-0.000205611502338665
-0.0156249592028158
0.0119047616561245
-0.0010319710829314
-0.00206617760057115
0.0190476608498482
0.00101582687899571
-0.0103511670387659
0.0028712880587074
-0.00777100172715739
0.0220527617477329
-0.00322645694696522
0.00566455593768977
-0.00281631468147892
0.0102885212830341
0.00519165314729819
-0.0164879221295193
-0.0185820649800874
0.015641037250463
-0.0111448636735507
-0.00778690589727271
-0.0123915329364532
0.00271854872438304
-0.0079249424833171
0.0161866722724406
-0.000413736036408818
-0.0204883692052981
-0.00359184434431259
0.0167515055131469
-0.00354540138591453
0.0115111555360226
-0.0142769081615183
0.0247691231059848
0.000819356820974892
0.0225132619215462
0.0042033427582735
0.00976683315793636
0.00651405448085285
0.0135320253566573
0.000580476006192043
0.00019342487320495
0.00174013917749138
-0.000965122544583585
0.0202859938286706
0.00340846424146068
-0.0041517643271648
-0.00985408375971197
-0.00650717703349291
0.00558661144288197
-0.00191576624682444
-0.000959673741254274
-0.0161383288403136
0.0128881080431187
0.000771177959729696
-0.00616451550760921
0.0242295018414422
-0.0448523656320969
-0.0463641758200085
0.0255557858808271
0.0068881684179869
0.0213279070155352
-0.00669818781316744
-0.011503332467407
-0.00702243178170159
0.0183875522979369
0.0291666059854521
0.00925388489018486
0.0143266481118107
0.00282489652824469
0.00676058215962438
0.00298449910493392
0.00502140598846923
-0.00610662460942579
0.0117296781182215
-0.00993744939271257
0.00687730496054462
0.00184607723264096
0.0565690068177631
-0.00453432159051281
-0.0068325680857545
-0.0185217854740127
0.00305539185937076
-0.0148719044101074
0.00636598763186624
0.00759078230288157
0.0145291659192825
0.00123762374049474
0.0706339383606933
-0.00461822522483546
0.00695943685035427
-0.00427845976633212
0.0115683527208181
-0.00620808701532571
0.0019726943293541
0.0045939129681063
0.00114321411073015
-0.000489380105862636
0.00212178880365599
-0.00618895745312842
0.00180270403146499
0.00736137727202069
0.000324715806277576
-0.00275970788180868
0.00781377177274933
0.0143756905184946
-0.00175159238457945
-0.00669961727069091
-0.0239280713023929
-0.00197431724209141
-0.0352786020441805
0.0228981715652767
-0.012195121747492
0.0047353119442699
0.0173371317959941
-0.00215086039296597
0.00464266283132719
-0.00643668922264407
0.0152823585501269
0.000981691769988302
-0.00882643020594964
-0.00280339714385547
0.0140565402008179
0.00538163731245933
0.00519057566291736
0.00274323055118231
-0.00514964604360557
-0.00808799741184085
0.0130462981082844
0.00740507094985632
-0.00830937972804791
-0.012085078761117
-0.0264231279330757
-0.0115597086875475
-0.01
0.0101010101010102
-0.00508472881355937
0.00272572397400794
0.0195378352100266
-0.0049991503082536
-0.00351698213895468
0.0191596470588236
0.0044525231604966
-0.00591037596453781
-0.00313786958113749
-0.000994068903345413
0.00414593705051303
-0.00611063593906913
-0.00531736457294785
-0.00384229863277141
0.00989434831637848
0.0333775982501228
0.0278000803470995
0.00547215455710037
-0.0290778892575925
0.0113709643076707
0.00601737114751
0.0261294353239327
0.00705629676157993
-0.00304653456065396
-0.0134453329310313
0.00975680656651701
0.00567489289915146
0.00823548879060554
-0.000453774006144769
-0.00272397086186515
0.00197264030432054
0.00227170986326986
-0.0747960108794199
0.0133921117099463
0.0190169382597412
0.00411200379566656
0.0159079850084114
0.0106977054263566
-0.0101242978946373
-0.0142569039866249
0.02342394240805
-0.000767972373823977
0.0119907604001186
-0.0197478803053962
0.00743844734911581
0.0044608674216009
-0.00199088811680448
0.00322232632261232
0.00030598043618757
0
-0.0111621403314329
0.00139174273671694
-0.00941939439717743
-0.00467660156892902
-0.000469819905084434
-0.0192729551864619
0.0174149225115832
0.0116205716080404
0.00667494587627893
0.0251350046302237
0
-0.00210600171001796
-0.0209526542630483
0.0238645584540982
-0.0121804210526315
0.0188765103097424
0.00149408337068579
0.0129793079662734
0.0135493074065005
-0.0172915286253994
0.0167086359622344
0.00436294344494037
-0.0247610780411548
0.0157387680991468
0.00540849259415332
0.00945043631070708
-0.00374480772000574
0.00650578304194815
0.0600402157408699
-0.0388889279584447
-0.000422924009586989
-0.0033850210610713
0.00169820256449471
0.0158237216137853
-0.00264260076098477
-0.000418337755101472
0.0111607561383926
0.00772624140205957
-0.00451809960955518
0.00165043325059044
0.00411911288976774
-0.00834131033808194
0.015444043661502
-0.00855509245729358
0.00397207221005158
0.00845832161834981
-0.0010822781678107
-0.00419822612124732
-0.000679940169725946
0.00639621639645283
0.00743749861139276
-0.00684566442953016
0.00716311683100734
-0.00536760622789623
0.00215860757587949
0.000942366733203581
-0.0270343248697869
0.0160354446245754
-0.0102040816326531
0.00549830927835049
-0.00451130541322486
0.00933809393023899
0.00244897959183676
0.00271440010857749
-0.0013535192753189
-0.00772567101823907
0.0032782134036089
-0.00585432290759647
0.00684743933911691
0.00734495405379287
-0.0087765867884575
-0.0102165911883072
-0.00701901970718311
0.0012473457727693
0.0107973286488741
0.0152013153328396
0.00984761944614676
0.0102858133811674
-0.0158666805183133
0.0204218325943839
0.0102699938223829
-0.00755898575945568
0.00787915934657502
-0.0152442736156353
0.00767401408642465
-0.00617124442377914
-0.00581321163130644
-0.00318934219269107
0.00213299554371438
0.00385793544919322
0.013119507197449
0.0269457826139614
0.00675071948157635
-0.000506085519912935
0.014303759493671
0.0187195813822381
-0.0403038236054327
0.0127648717265698
0.0105873965509149
0.0115989149413818
0.00295890761978912
0.00381076837887573
0.00134696295141024
-0.00085605971099656
0.00991438224899821
0.00957460890620276
0.00156058817909055
0.0109072995325421
0.00201572217290602
0.00804638485276588
0.0130297097539684
0.00648896848821656
-0.0389131701713888
-0.00479157864908086
0.00541642981664836
-0.0147252007030432
-0.00887002397800651
-0.0041681623145764
0.0169887719935207
-0.0273574987609551
0.00597391427439731
-0.00940247409619022
0.0189833395778694
-0.0158106761029869
-0.0198007962714523
0.0142294881746854
-0.0306902785747142
-0.00258460852615428
-0.017750738533299
0.0280966106871552
-0.0105209004228665
0.0160788116151915
0.00510465792362624
0.00444386733255797
0.0132726960779586
-0.00835835786634942
0.0169832436025472
0.00235035884959722
0.00666421086837232
0.00907193821257812
0.00886894688054807
-0.0260116085499565
-0.00408004466172274
0.00484170062662814
0.0216209532586866
-0.0212843385830369
-0.00284199925861872
-0.00817838939944437
0.00362320085428269
-0.00634883589321955
0.0107742420446004
0.0348289291026276
0.0178465089914124
-0.00423629074242327
-0.0120539466300893
-0.0282296657471212
0.011939943671589
0.0220167622189122
0.00321356831279096
-0.00154225884989612
-0.0298241668334521
-0.000857317798963475
-0.00061293207617219
0.0144732002265815
0.00229721922738757
-0.00253317243587026
-0.00072566209394942
0.0136754815566555
0.000835721087972141
0.0220684475231196
0.0130719304388422
0.0120967161717724
-0.0154809337616604
-0.00427789349700303
0.0147468178792332
-0.00938321328965808
0.0209079011204807
0.000792034423807486
-0.00124365182284858
0.0101879334474952
0.00425823631237643
0.0155099191416006
-0.000329623111094968
-0.029237226998113
0.000679313858695796
0.0148224150765699
-0.0180622361899381
-0.0035199046213239
0.0132178210296761
0.00247414535479407
0.00717971737917567
0.00857656503204018
0.00187739364293549
0.0097001431911361
-0.00327505465666056
0.0027382255398174
-0.000655434167489921
0.00469996731227385
0.000108812012811432
-0.00163168715326878
-0.000217879714729641
