0.0318907229482244
0.00972650755062521
0.0198870841553074
-0.0069059363649091
0.0162601262268196
0.0104654188679245
0.00931133287545349
-0.00740009877750514
-0.0136679922515108
0.0253464302143578
-0.000343974844583816
-9.83481618730409e-05
-0.00019663208710663
-0.00860585172542361
0.00525792643081568
-0.0164807901612396
0.00983339319268639
0.00914147460821479
4.92812142891541e-05
0.00831980484616235
0.00209937010694472
-0.00423870889159561
0.0176631760039343
-0.00826963295664129
-0.00615699798987734
0.00082925853658522
0.0221767463291587
-0.00371923992123191
-0.00335022969895438
0.012101373124727
-0.0092996396208872
0.0091475286042022
0.00374919545230723
0.00151303546099291
0.00382399194236638
0.000705422548431089
-0.0117022559061107
-0.0103190740036785
0.00706323772494821
-0.0203253689646523
0.00521108454477104
-0.0241278882982914
0.0191639412090552
0.0325896435726307
-0.00401002970226905
0.00227364063740154
-0.0112948909840769
0.00277226700728517
0.00171600653993065
0.000142750420444981
-0.00271192320384173
-0.00968464763281984
-0.00183064358964602
0.00820461884466139
-0.00229773103775199
0.030371375399399
0.0114086006984866
-0.00244014275930216
-0.00927675275097384
-4.66318821087386e-05
-0.0052177732648806
-0.0104434787170116
0.0126833552387597
0.00415926262565214
0.00167543634931433
0.0170050786043781
-0.00557358036261857
0.00583453857522431
-0.00561795463946324
0.00105642824217989
0.00729557210887788
-0.0313397031446259
0.0102516250247344
-0.00791321968148562
-0.010744657937769
0.0238095479758973
0.031965134661516
-0.0202011137592277
0.0191972972417598
0.00575409762761203
0.00464849603805484
0.000533856821927081
0.00515809509163634
-0.00181377568926644
-0.00128520209752336
0.0169070241782021
0.00288009682527335
0.0016534243687496
-0.0026063901295359
-0.000609751726226127
-0.00331216759703135
-0.00209880195144907
-0.00232231617596046
-8.78562950691331e-05
0.00672024866447263
-0.0200697690236008
0.00333926972379506
-0.0199689366771084
0.00602212797766466
0.0130525208901235
-0.00195487380527049
0.0218126514503769
-0.00583774523335467
0.0032427914536739
-0.0139337903910737
0.0185603632336655
0.00139163693666489
-0.00807782958563863
-0.012609413641228
0.00235011968162269
0.000265419151531665
0.0134005483463775
-0.0128305927067757
-0.0154287800454745
0.00363700316349069
0.00407117476608487
-0.0115403336487204
0.00293008029084163
0.00355069433343758
0.00474738894996141
-0.00164926008111377
0.0091083358971813
-0.00154856425708083
0.00403262866201137
0.00644388910664606
0.00526245233198464
0.0089865944071299
-8.64239725235638e-05
-0.00933974559018036
0.000392806946912794
-0.00885688929568351
0.0059427125583722
-0.0136531154620495
-0.00887311469937302
0.00689350063277083
0.00426776914494731
-0.0138113992158848
0.000538625552287453
0.00412746982846501
0.0235010045370967
-0.00235729437439069
0.00441940155305764
0.0123284772947705
0.0305533645203251
0.00187905882543937
0.0117534576012763
-0.00061789495365594
-0.00329762151778346
-0.00976013635533335
0.0048863973865152
-0.0114292838559109
0.00563354912287251
-0.00568562298100694
-0.00256474945450302
0.00438396500246951
-0.00692495476686195
0.00169051224939798
-0.0097038349556352
0.00311007156139209
-0.00862178392807544
0.00248479995274442
0.00833332051282043
0.00703540589576712
-0.0104793821367815
-0.00574171073795737
0.00286605633116221
-0.00290055875362083
0.00975358508199831
-0.000804893262304041
-0.000381645103710526
-0.000933160861324223
-0.0212702477239184
-0.00520538326987974
-0.00614836256792961
-0.0159705117231529
0.00236311308348092
0.00431475916831769
-0.00673223494876529
0.00142694643331276
0.0162525334735726
-0.0162554969330149
0.0106003472189498
0.0117232440297024
0.00814599676028926
0.0103703455584514
0.0026087328177844
0.00247398905925622
-0.0023827631285378
0.000383843714548693
-0.00878276688830404
0.0113553268666324
-0.0240292981748544
-0.0122886179586652
-0.00838263904733705
0.00880944137767936
0.000485141561146207
-0.0418338318227772
0.0147681541462634
0.0131930403393423
-0.00255052805710632
0.00219815168098059
-0.0224261196712476
-0.0103026695833265
0.00555194321065966
-0.00837393960382704
-0.00157763081704476
-0.0041360722602124
0.00461993575220276
0.00469153662528576
-0.00360626023044908
0
-0.0232935368032466
-0.037816550956897
-0.0233545451209922
-0.0473205301215289
0.0501485719576675
0.00495222600915768
0.00970487277379384
-0.0160358613142052
-0.00911024892083967
0.00623148945873675
-0.0103045634517767
-0.0110273067085843
0.0133284509215892
-0.0129996059829038
0.0117189262623099
0.012967033914371
-0.00521148555561357
0.0193276180289526
0.0191108274215692
0.00225221302751133
-0.00473864686964309
-0.011927517045649
-0.0115251215371318
-0.0038194542932849
-0.00494398140982755
-0.025400572262204
-0.0414607562078917
0.00276787698816561
0.00140712775002161
0.00562075342171942
0.00252585576567421
0.0169937499676007
-0.030098607291707
0.00532606521739121
0.00708183062129608
0.0196468094773077
0.00347461969162355
0.0068202245064779
-0.0110989784565894
0.0209189641738801
0.00753552000000002
-0.00184417287582994
-0.0283295038748934
-0.0143136691035372
-0.0277569024691057
0.0304233076452458
0.0137996678615873
-0.0414688207781037
0.00401811442165778
0.0210514550506782
-0.0399999838926174
0.010290805196463
0.0151129097382248
-0.00801658417452644
0.0222100502103371
-0.0117780035304076
-0.0033741224489795
0.00835471500150931
-0.00644429207312258
-0.0183680982265868
-0.00116605770684997
0.013675062614237
0.0171647375761534
0.0204335134878912
-0.0206583342176079
0.0233059558518236
0.000105461834343235
0.00052717976584904
-0.0012117808027643
0.00416729424924278
-0.0053057102053703
0.0100342959587758
-0.00658820915032676
0.00163165425465417
0.00126111401059736
-0.00818724182486985
-0.000370367242467418
-0.00979305468650549
0.0182828933848271
-0.00141741393148709
0.00194519208445221
-0.0179977330465135
0.0190756458159438
-0.00367028626431265
0.017787548304651
0.009824245392686
0.0102406552446392
0.016218940452829
-0.00543638902743149
0.00431272244495817
0.000249677929801129
-0.00788738990010118
-0.00759791165346901
-0.0129797599346907
0.00426363594044932
-0.0122761841432225
-0.0273951726340185
-0.028858948180171
-0.103295115430095
0.00281254657023755
-0.0376196523876486
0.0439685958937808
0.00133511956144616
0.026909103030303
0.00330499287883623
0.00264704117647052
-0.00158406573629921
-5.87319333125169e-05
0.00481875189303338
-0.0238026017953505
-0.0407380965820525
0.00537097818420507
-0.0106223881382131
-0.0268098442441177
-0.0169677741935484
0.00945069926661102
0.00357585987355646
-0.0187872115911688
-0.00713060841202773
0.01735603081008
-0.0193477083682688
0.00666533364437338
0.0103290538987557
0.0195295306253236
0.0025069099598356
-0.0108361305728846
0.0140013544045801
-0.0155979550545655
0.00441582555958742
0.00452574519332449
0.00907513706233964
-0.00739892848194246
0.00661868033089186
0.0130227135533756
0.0252693613300226
0.000430282736882948
0.00165871471011325
-0.0260058279075123
0.0193954782230075
-0.00469489730989336
0.0327706005700907
-0.00847349189207303
-0.0466088960964635
-0.00826448172413574
-0.0276281923076923
0.0436416106052924
-0.00915922568579652
-0.00159377788095261
-0.010088768213468
0.0145777850388815
-0.00483180134670114
0.0149491855551598
-0.00717567215886161
-0.00304314976334619
0.00101751351351353
0.0050822881625745
-0.0222489402961723
0.0550779293415484
-0.012009110446273
0.00589145426356597
0.00110979040277059
0.012008849242245
0.0192904397335794
0.00650743880597027
0.0247939266811537
0.00711926822667674
0.0105746896551724
0.0096678630497693
0.00275997532567218
0.00123575240822182
-0.00611498457223014
5.64122814086243e-05
0.00428963712016306
-0.0483335656625355
-0.00891746874248545
0.0036347632854048
-0.00166240581628474
-0.0186737978712029
0.0466032497001165
-0.0222350669757104
0.0198981403535583
-0.0110904830386105
-0.00833773129396675
-0.0094143881189791
-0.00818894187347985
0.0397758469139453
0.00568014841291453
0.0367702390862266
0.00594812388653132
0.00734961288988023
-0.0199681778472613
0.0230619095346849
0.000820670770461884
-0.01831396805504
0.00918858348098173
0.0105948459850189
0.0091187015895966
0.0161246416982268
-0.00708230496605866
0.00380773878229013
-0.0117540045066411
0.0149754229606129
-0.00458080311652265
-0.00754496983237996
-0.00986683555363765
-0.01138094103344
-0.00341509220465286
-0.00652182084592245
-0.0109596717663422
0.0117560806151202
-0.00333569253726829
0.0126066544852645
0.0136065719914427
-0.0376630054347826
-0.0250748394673074
0.0228812888002869
0.038282896836755
0.0180538784346869
0.00776861530464346
-0.00329617214366285
0.0234692185506555
-0.00354392319303942
0.00831587879156714
0.00342343494975905
0.0104419955095683
0.00992481194083572
0.00314064630686106
-0.00449426856786483
0.00284061074789799
0.00136572586796757
0.00237410212469502
-0.00977626476742322
0.000356269720101832
-0.00284891885871486
0.00137750118303925
0.00326064297565032
-0.0176721309940293
0.00578988827760663
-0.0126953229101081
0.00749650179596029
0.0083191236930662
-0.00338220253859889
0.000925586197564332
0.00226036160977383
0.00609936936649813
-0.00326047696175735
0.00495783812801953
-0.0070185639054664
0.00450722176533436
-0.00565980026666835
0.00394853607375345
-0.00689552562516871
-0.00298301198827888
-0.00103178743259891
-0.004647529191248
-0.0191958339818418
-0.0304152335824084
-0.00278237856875541
0.00607254796492041
-0.00473080493955857
0.00868707866845364
-0.0073122686413245
-0.00158240843384283
0.00934531663231652
0.00146193620161417
-0.0103806981365435
-0.0379698277195629
0.0248736731188295
-0.0256552611201015
-0.0462920790785278
0.00757307109552308
-0.0166301531832269
-0.00698124682279133
-0.00121210303030306
0.00970868307569139
0.0103365448438657
-0.00618601612497061
-0.0113718516713928
0.00714377073499461
0.0015628396155154
-0.0132036794263497
0.0141710377590445
-0.00821586206896541
0.00169306440642547
6.03283819793354e-05
-0.00555319617979344
0.00649473141122914
-0.00295504148664039
-0.0102824471023716
-0.00666144329702856
-0.00289150990673415
-0.00660212842466279
-0.002173950310559
0.00902590758889166
-0.00604571846838808
0.00515145249352833
-0.00568075342415719
-0.0047195864417785
-0.0110438881626284
0.000441684542586751
0.0121712361405142
-0.226728965732087
0.0246555231274233
0.0165133760558838
0.0507464825327923
-0.0459398211596875
0.0090284669813554
0.028678496049193
-0.0297375670856281
0.0855872992715998
0.0410079918623372
-0.030239377915812
0.00461443756284985
-0.00570677840202138
-0.00972911771992424
0
-0.0101073864887584
0.00928242036524618
-0.000141521041039039
-0.000424524157298212
0.0127415795925085
0.000279541469512923
-0.0129970022151004
0.0181238796460177
-0.00507611438809696
0.00335473856087876
0.0100306632771059
0.00275857931034484
-0.0259972431635727
0.0121451847247984
0.0203014098033043
0.00164105982905971
0.0101030510579885
-0.0310874229162167
-0.00718420196638758
-0.000351292689371729
-0.00513033267209451
-0.00303753183155597
0.00325934233475023
-0.00882830733323847
0.00598544266739176
0.00630410854319852
-0.00380099932000422
0.0017664099609016
-0.00938074488207608
0.0496973737920408
0.00780037342876372
-0.0139992056266092
0.00286688054607498
-0.000544527641499037
-0.000136127761812266
-0.0246561083463237
0.0103351678142842
0.0172795142449309
0.00849300217047833
0.00882579035087616
-0.0163617731948118
0.0203001299619858
-0.00638802240077208
-0.00676405674157243
0.0188120021416223
-0.0830575943193543
-0.0130638611389998
0.00270583579399464
0.014878513493702
0.00632414687707428
-0.00735555957548784
-0.00115110791366901
0.0070585640178209
0.000786625622182902
0.00721795934056813
-0.00872708232259001
-0.00100207567808641
0.00659165976827669
0.033525459693734
0.0297521149397819
-0.000668846959099967
0.00555482539894037
0.00425956073211298
-0.0121942873099229
-0.000536746047566372
0.0126200240812244
0.00397740123391177
-0.00871569512147286
-0.0077266633009172
0.00798820562537284
0.01578313090615
-0.0150134007409257
-0.0199680504536724
0.00400704278704689
0.0110938170723964
-0.0120425703348995
0.00257333923712788
-0.00634921972949909
0.00781723874775841
0.0038446446730287
-0.00604722830011128
-0.00513753150789376
-0.00794997632601713
0.0021232739726027
-0.00334899191236404
-0.00130298992510669
0.0197074428446253
0.009292962962963
0.0098078526218357
-0.0123555330417364
-0.00816163388176705
-0.0140968371137474
-0.00273649863496606
-0.0069973518008547
0.000621734024179643
-0.00642082315440018
0.010979090793438
-0.000756065682999907
-0.0102490435324997
-0.00479534369862633
0.00712293311011725
-0.0459020590354869
-0.0109739094052074
0.011536542333354
-0.0126398804986232
0.00169214246162652
-0.00844652259037182
0.0076296222222223
0.0202895980319753
-0.0036025652079974
0.00130167046866503
0.005344161151555
-0.00718339163649351
0.0290137746682844
-0.00527351986166835
-0.00424122425785523
0.0115000359018966
0.00519328355697657
0.0172449980379807
-0.00768699398120087
0.00518743940811395
-0.00282119310780726
-0.0198730681737933
-0.00422409905356735
0.0818014199405908
0.0157506246569055
0.0230343716771892
0.0140251320754716
0.00700865240981585
-0.00714464149331961
0.00564518620927768
0.00604524701717812
0.0173523948090597
-0.00132594625513438
0.00120698252034357
-0.0238697537264528
-0.0021613313305997
0.00346554869646742
0.00764727132829868
-0.00991489693319592
0.00234895215802799
0.00752390407118986
0.00330543561564034
-0.0248917204589902
0.0120127508976693
-0.00482225038639883
0.0118034042877342
0.016577712794797
0.00839524032876304
0.00389311195944075
-0.0054889266422713
-0.000419983197312623
-0.0178849843321626
0.00549984114825142
6.08362734038081e-05
0.00437557573304925
-0.0132510555272933
0.00981108033098987
0.000182256505196765
0.00297486478766285
0.00690072046429879
-6.0081761694919e-05
0.00703419699351659
0.00370146268656701
-0.0161193854425228
-0.00338551469958237
0.00133455257502391
0.00514927584633829
0.00494218303932237
0.00533765127331032
-0.00763585850874371
-0.0229636721503935
-0.000123078816975819
-0.00393821930768024
-0.00376845628493405
-0.0102318867118902
-0.0267527408887116
-0.00418433125233264
0.00639983830370627
0.0101490369414392
-0.0190130427004019
-0.0207428334545191
-0.00714901668072343
-0.0060670909371594
0.00120735844905617
-0.0108535177158489
-0.00548629778844678
-0.00565280929438394
0.000958897260273872
0.0146434926416006
-0.00735093746527482
-0.00217410826585895
0.00483425494771761
0.0050819893605909
-0.00755069766667982
-0.00346450632258988
0.0177914182234102
0.000669787699012492
-0.0106418376108202
0.0288864077783464
0.0246564540642107
0.00705856024277596
0.0146553012023027
-0.0180859326147345
0.00844200557404684
-0.038051752069776
-0.0118670100413308
-0.00974117261338503
-0.000336902039306031
0.0121992185818973
0.0159143302130798
0.00943821153524627
0.00324654253770995
0.00239473181006833
0.00690852250424445
-0.0142994295793414
-0.000715586776505295
0.010741449054479
-0.00817976324165159
-0.00246771860290529
0.00071609920762894
-0.0158080144691125
-0.0208209012211404
0.00857300532316052
0.00354727251061449
0.00486858737003359
-0.0232295748752848
