0.0161994091089974
0.00980993285744747
0.00880391647856449
0.0198615407764071
0.00649164964566662
0.00762233926642231
0.010474280200008
0.0161244169306076
-0.0102012181864205
0.0065845977669623
0.00284408418657578
0.00425416927136513
-0.0107314600395368
0.0605196420359591
0.0185732964428913
-0.00211421775898524
0.0037077332472315
-0.00343013174511175
0.00397135292560225
0.00817515865902729
-0.00183102275699709
0.00550311844863738
0.00860052146469958
0.0103358395262056
-0.00434777515845397
0.00179809915232476
-0.00025635897435905
-0.00589905073613473
0.00619200238348827
0.00512823076923086
-0.00561227026499322
-0.00230890200102596
-0.00565700708812056
-0.00672350694199686
0.00234313980734191
-0.00675319480519487
0.00836817424852643
-0.0116701241786794
0.000524796627531021
-0.0236034874481121
-0.0150416868117109
-0.0177256077297849
-0.000555247084952915
0.0161111666666667
0.0196828037352212
0.0053619572483099
0.00213338666666663
0.00133046826341299
0.00345461059116103
-0.0111228289789634
-0.00856989823245846
-0.0186385197190708
0.0126616838611788
-0.0149496870087065
-0.00689845436542746
0.031397525346067
0.0126616652117906
-0.0098430167597765
-0.00940359996228923
-0.00650930313288045
-0.002184056724432
-0.000273543099139406
0.0109468524645089
0.00216570119560644
0.00351166936790914
0.0118438217042358
-0.017291859537111
-0.00974545234827973
-0.0136686706578092
-0.011363746598462
0.00196254566652887
-0.013989926469506
0.0147558447925176
0.00838934610678654
-0.00110929004133964
0.00666290949472526
-0.00965245502771417
-0.00556950710108584
0.00280039212546601
0.0259704265297283
0.00653233497374339
-0.00540835586803678
0.0100598969564953
-0.00565283953416751
0.00135362754070445
-0.000540713677171345
0.000541006206626671
0.000540578505511036
-0.00945685001117824
0.00163668848881637
0.00599123077365915
-0.00135354632792484
-0.00677690449381685
-0.00545851543281983
0.0019209385818042
-0.0353327053044483
0.00567850636915068
-0.0259739709753795
-0.0046376811594202
0.0192195690157251
-0.014000057142857
0.00579545092990164
-0.0100834920796168
0.019208352176707
-0.0102798400913765
0.00230819388343906
0.0161196594058919
-0.00821532601176556
0.0228507011054384
-0.020385338721437
0.0133978612658003
0.0267229543381984
-0.0112328767123286
0.00581875865890824
0.00909096443776769
0.0101009825252256
0
0.0105405135135137
-0.000267397707071404
0.000535072216825361
-0.00401074844862315
0.00590606711409403
0.0021349879334136
-0.00639142493718836
-0.00911283813688446
0.000541006206626671
-0.0124358738883009
0.00821251049035077
-0.000543062691118035
0.000271638134429875
-0.000543210211841449
0
0.0516304905334373
-0.0085271832421917
0.00729744611147898
-0.000776274215975481
-0.00776797016488784
0.00339251043841338
0.0137841088742754
0.0118008978963573
-0.00278897065894956
-0.000508543071012335
0
0.018824675176172
0.00998756579244864
-0.0111248699351083
0.00625000000000009
0.0101863354037266
-0.00860794392523356
-0.00347315793914271
-0.00572564131071152
0.00500751139227629
0.00822127574044029
0.027674795461458
-0.0216398413080068
0.00270336698705731
0.00563725504012869
-0.0148671950979087
-0.00989604205324301
0.000749600199899891
0.00424474417589882
0.00372943799777614
-0.00024765915897107
0.00272547069560303
-0.00889547791214551
0.0157068308225672
0.00122727043557824
0.00147087517845379
0.00465123645783283
0.000243615978469558
0.00121800246572468
-0.000486520704940152
0
0.000730257997552997
-0.00656776923941194
0.00734571498530845
0.0114244533647168
-0.00144200909776471
-0.00697956695498347
0.0126030301794973
-0.0088558881966464
-0.00386380101424766
0.00387878787878781
0.00458821540690657
0.00673084166975202
-0.012894006377889
0.0152395016932754
-0.00190617102915958
-0.00190971596824352
0.00621858392206209
0.00427858331352504
-0.00307694674556214
-0.00213675218748233
0
0.0183202478781883
0.00700932259367582
0.0503480765822775
-0.00309253368676832
0.0079769774434526
0.00241802583345674
0.0151316454005106
0.0112335275170983
-0.0149540693237755
0.00650615904345786
-0.00667963800904969
0.00932757090358227
-0.0111756073753622
0.0104326020618386
-0.0062379218654367
-0.00108222941380454
-0.0203684281530475
-0.026763968740632
-0.0181817954545455
-0.0287037493355613
-0.0154908964606982
0.0215444197157004
0.0132700707755908
0.000935477125139084
-0.0102803273429983
-0.0318697584544437
0.0307242638734095
0.0229477643718947
-0.0154949576551823
0.00845665961945041
-0.0218960633589566
0.00928790143901415
0.00707878699672526
-0.00937209465791944
0.0167928811918847
0.00116303786168692
0.0157992561384932
-0.0198994277241669
0
-0.0200699192564724
0.00690633451267764
-0.00354772950680526
0.0159031090457369
-0.031074720352213
-0.0159151189796211
0.0259739763299687
0.00812037277574329
0.0319829905705518
0.0167584936464991
-0.00880557668084037
0.00979498816423741
0.0221069017772659
-0.00684177870576519
0.00111108888888878
-0.0046614651423188
-0.00223010704727933
0.00536428228143571
0.0193418852823477
0.0124318435084774
-0.0146487727121402
-0.00634020523217282
0.032783233602129
-0.00873455493682485
0.00580270805507643
-0.0042735257323403
-0.00429175984084806
-0.00258627144024703
-0.00259289115369254
0.0060658362218371
-0.000861261861784257
-0.0112069176203915
0
-0.0217959890628598
-0.0109180478850701
0.00450554189019026
-0.00269116393810276
-0.0186643126003078
-0.00847843740784682
0.0182574763115322
-0.00544714013964731
0.0150616157005932
0.00224824640287768
-0.0141319195095595
0.00295792939799933
-0.00226864780995251
-0.00113688040018178
0.0111540632824949
-0.0171093659211782
0.0151168117269813
-0.0103790388086643
-0.0284997713520344
0.044355760517349
-0.0105618202247192
-0.000681330926216805
-0.00795449999999998
0.00756009129163382
-0.0284220100045475
0.0138076293002576
0.0161588180978762
0.018855020445252
-0.0109252401750386
-0.0238954458093903
0.0263279451807841
0.00607560769747106
0.0194588015982733
-0.00504616037533301
-0.00617415683237732
0.0150876414466385
-0.00524594535519118
-0.0147219958128761
-0.023416570026762
0.00822107768392155
-0.00362400889585468
-0.0545578970421505
-0.0144264967540275
0.0168333243799306
0.0105565978886757
-0.0363247634455072
0.0189702143385069
-0.0253868465815559
0.028528850693901
-0.0190545349506642
-0.00835987255273529
0.0314901050587599
-0.0336537756564315
0.0286068898356495
-0.00556224936214023
0.010457198697889
0.0373044292973388
-0.00858464076958898
-0.0182541305874092
-0.0648391164519878
-0.0308437420341574
-0.00841659652814319
-0.0360742961253502
0.0195376719867912
0.0264507429541361
-0.0092032345307187
0.0111464437367303
0.0267716811953638
0.0176380883854317
0.00376784717990852
-0.00375370379764028
-0.00276312477359641
0.00931987382065813
0.0172198153231844
0.0201178616348312
-0.0214045925250316
-0.00393217016299274
0.0197385398405761
-0.00266152902678296
0.0160116444441618
0.00596943634265901
-0.00949444553775358
-0.00838722741433018
0.0137747700876083
-0.00667468398868454
0.0165587480949723
-0.00283283751574981
-0.0142046158047056
0.00192127766381556
-0.0225312075136337
-0.000980799435527202
-0.00122736861917672
-0.0191693049685256
0.000751666249060534
-0.0107661745309507
-0.00177167814587087
0.016734254988191
0.00897758149514138
-0.00840336155223342
0.0279163267177549
-0.000484990277158426
-0.00460946131466633
0.0207165981164172
-0.00859601221117445
0.0192678227360308
-0.00378071833648397
0.00569264705882366
0.0070754477794599
-0.0126463931464545
0.0203984819734346
0.00534635053463495
0.000231167630057927
-0.00208044392420004
-0.0294184864219822
0.00692116912070784
0.00165913727563738
0.00567917679503904
0.0324706117647058
-0.0113947125935572
-0.00968192693218228
0.031424628292007
-0.0144437595476471
0
0.00572475409776763
0.000227732250807522
0.00796719781470512
0.0171635505231154
-0.0142095689562706
0.0101350445885116
-0.0109252401750386
0.00360683039659992
-0.0285265049415994
-0.000231167630057927
0.000693755749595182
0.00207998613357963
-0.00392071024168095
0.0222274374213345
0.00158548124188096
0.00293977831434233
0.0096956261418546
-0.00647603855462342
0.00764216643550619
0.00535351303352605
0.00377195473707559
-0.00265258608962915
0.00465432191166504
-0.00617699068268296
0.00377362938454229
-0.00442284377658464
-0.0188805419813417
-0.00339592498962749
-0.00431617446615185
0.00912612324316098
-0.00429570427311776
0.00431423695925903
0.00565227221342979
-0.00674460431654667
0.0151651878678134
-0.0575250415841713
-0.0210550981783771
0.0113580712576589
0.0267623190806365
0.0591109364879931
-0.0087892115486361
-0.00465526480480449
0.00668149190728329
-0.00066378317115523
0.0205888873406637
-0.00542299372767874
-0.00261718659180754
-0.00284281653181717
0.0017544299015102
-0.0063485332749561
0.00066091651599276
0.0035227654567489
-0.00899526068471868
0.000221430162560488
-0.00110666223992917
0.013959605274549
-0.0111450616759206
-0.0289502983425415
0.00546201651028722
-0.00452693526482573
-0.0113688040018191
-0.0103496090156394
0.00162674881772595
-0.013921067931372
0.0181176470588236
0.00346655881673197
0.00230313230323054
-0.00114887408088238
-0.00759148820815536
0.000695387127848557
-0.00486446628975978
-0.00605209511294458
0.00725988273396072
0.00511513625273818
-0.00393243118204945
0.00325127721200014
0.000231435179828043
-0.0048599630840076
0.0018605116279069
-0.000464275744462617
-0.00046446817314294
0.039498163580433
0.00625833677879606
-0.0237671923589516
0.00546070522273712
0.00520477495371741
-0.0184601539153604
0.000917454170525467
-0.0355178514096666
0.0346875504870514
-0.0197474172157845
-0.0035136566763565
0.0112834741118131
-0.00255695025569513
-0.000932206944768033
-0.000699766752968567
0.00210084033613445
0.0102492196599115
-0.00484203377546777
-0.0101946014828543
0.0102996018188293
0.0055607506950881
-0.00599085225848606
0.0176171306818991
-0.00273355340621639
-0.0141616951612996
-0.00301207136237258
-0.000464815255979745
-0.00744010729784272
0.00819868840943272
-0.0164962589104029
0.00188986525443569
-0.0127328696062249
0.00429902088127587
-0.00142680146080387
0.00309590363915691
0.000237464393102238
-0.000949465916224357
0.00285100974103103
0.00947647499351967
0.00352022991034451
0.0364827425857221
-0.00947648916967503
0.0296127321360942
-0.00575225650990585
-0.0120159548735193
-0.00923423381827781
-0.0154580806793325
-0.0161625486916983
0.0377845567288302
0.0404793523184226
-0.0434688130175532
-0.0474892091565194
-0.0174140991132681
0.00558385544024897
0.0229358050669148
0.00424828898391061
0.0103408463064829
-0.00162837861696297
0.00139799633727833
0.0097720335039555
-0.0207373723162502
0.0183529176470587
-0.00831795305725391
-0.001397879841467
-0.037797455954329
-0.00969936907374525
0.00808026444662091
-0.00340051024534915
-0.00926144307242116
0.0317342419810951
-0.014544516321996
0.0150011848535598
0.0169248863665103
0.00984533520862652
-0.00580315664795006
0.0438943944013825
-0.00760456290772904
0.00495832781064531
-0.00605516932047556
0.0124097247292418
0.00245154897373623
0.000666918630502611
0.000666585232907524
-0.00710479557937826
0.00268334072711673
-0.0113737288135594
0.0117301145170261
-0.00111480495495231
0.00446430813536414
0.00133335555555547
-0.00821131806011277
-0.0116357353241382
0.0203758668949905
-0.00399380962946516
-0.00646025855335852
0.00672654738684075
0.00289525599575691
-0.00977124161161969
0.0136802197802197
-0.0075221237273867
0.00156038783860035
0.00356109503672397
-0.0106453537369706
-0.0091907641965755
0.00520359716733942
-0.00337611973891527
-0.00880758827478734
0.00273408527532659
0.0079528065418224
-0.00789005843349722
-0.00181772332732222
0.0122923059412703
0.00517202596869737
0.00648771797566616
0.000889019742652986
-0.000888230088568309
0.00844625434779944
-0.047828918841281
-0.0162037264767656
0.0581176705882354
-0.00711583261917215
0.00537507254758918
0.0109156161932638
-0.0354782054764609
0.00342695910440938
0.00273230886759146
-0.00590376916658109
-0.00114205119100164
-0.00182936199405437
-0.00962203850529042
-0.00208191071015484
0.0152990267802278
0.00114152970642767
0.00820982933682246
-0.00791671585425746
0.0157318281866889
0.00740745246705843
-0.00289663540782903
-0.00692739664804465
-0.00765078775091788
-0.00226752844750699
0.000454545454545485
-0.00499775102226263
-0.00616438370238326
0.00390539866541251
0.00114414185024847
-0.0107428800000001
-0.00462100287941314
-0.000696448435633767
0.0095238097450363
0.0126552925139276
0.00227227913075545
0.00158691902999508
0.00497967406066091
-0.00765767983523968
0.00748974109192613
-0.00788461382934491
0.00227061756878721
0.0135931810963565
-0.00268223054616756
0.00806815347530598
-0.00088930635838147
0.0100133513576626
0.00264373215782632
-0.00856952355831797
-0.00265955236390847
0.000666644444444309
-0.0215411508225882
-0.00726280056144357
0.0294923854827442
0.000444148355410956
-0.0048833963348146
-0.00535360225948678
-0.00650372280780454
-0.00112864562367143
0.00926553672316377
0.00470217196596523
0.0209494544450513
-0.00654885381906012
-0.0142825099662717
0.00312079796877418
0.0162222222222221
0.00830966542750922
-0.00130127952068348
0.00130297505543919
0.00910860964847959
-0.00193423601835874
-0.00172260985621475
0.00496115174803391
0.00772700150246819
0.00511177837887589
-0.00402625564793935
-0.00404253191489368
-0.00106821189770956
-0.00791272488933814
-0.0165984051864283
-0.00548005272862895
0.00595106911948573
0.00197197637975388
0.00328014432538826
-0.0150392760453514
0.00641737124180941
-0.00989448109058932
-0.00111034868110926
-0.00289021787461086
0.00111491643767736
0
-0.020712716226605
0.0015919945055265
-0.0208901448480893
0.00162337666102452
0.000231581389941615
-0.00185189810528019
-0.00139141932725928
0.00371574538514308
-0.00393341036711226
-0.00139365856895846
0.00581530561454735
0.00115631354503631
0.00762296124687101
0.00160476849162694
0.00251773867058214
0.00776255725485298
-0.00747616691155806
0.00502163878060613
-0.00635927790959057
0.0112000457142856
-0.000452102149543165
0.000452306638346611
-0.00700727816422786
0.0020487138629639
-0.00908680145388463
0.0110041038744637
-0.0156462138615063
0.0016125316747293
0.0117295768169274
-0.00795642155233345
-0.0038954629673571
-0.00460089706462163
0.00739542408134963
0.00252353750860279
0.00366132714733802
0.00752389403730302
-0.017651030044151
-0.010827021423635
0.00395905924450535
0.00765478989434509
-0.00782691086157716
-0.0283061962091042
-0.00955112202600006
-0.00433946480231429
0.0142857146316155
-0.00620668432099991
-0.0233005279053441
0.00541074766355143
-0.00366930030163171
-0.00343726982568116
0.00911552106430147
-0.00805659199356923
0.0137828694614111
-0.00509830068216321
0.00341627623230845
-0.0107003650462151
0.00442480334316619
-0.0036711208107898
-0.00319324498141116
-0.00418930486992097
-0.00544422172729508
-0.00348345368209635
0.0112359803055175
0.00320990123456788
-0.00147676590015344
-0.00123243776189297
0.00345508390918048
0.0108213969503197
-0.00389291989746565
0.00195410361392545
0.00195021940516815
0.000730000035523037
-0.00778020890395792
0.0156824303924914
0.00627256920934705
0.00239755460075641
-0.00310932783761475
