0.00291216626901525
0.0298434899227782
0.017857189849624
-0.00492457656550116
0.0146921890075973
0.0144794541307811
-0.00450715157773884
0.00377301528001772
0.00796871123233478
0.00581740743112458
0.0108261011419248
-0.000146742949134859
-0.00322820239975918
0.0113351538348299
0.000582256211743459
-0.00931044542654769
0.00895743051269982
0.00407508374436172
-0.00710244983627917
0.0128466715328468
-0.00619775178139614
0.00348085584398228
0.0474056786412578
-0.00979714351045746
0.00445930868285083
0.00568806865460414
0.00606983048889043
-0.00191963526669414
0.00947935142905121
0.00530756646811792
0
0.00622714202407693
0.00686121332271727
-0.0120255752017944
0.0148769133114171
-0.00333155645880123
-0.000935953992031724
-0.0199410864568912
0.00737394480237841
-0.0169445580972438
-0.00730831524993036
-0.00902905984245206
0.0186431465457331
0.0269712268328395
-0.00013391398099627
0.0127311305522193
-0.0238190154823341
0.00420231818634864
-0.00634450576823686
0.00108682242783842
-0.00841365155615026
-0.0119064321883126
-0.0044321331481495
-0.00417355331831759
-0.00502935163371465
0.0249929651082146
0.023972602739726
-0.00468224749163881
0.000940846748901825
-0.022559419597698
-0.0140129686218853
0.00181141152897069
0.0119610566909303
-0.00769660506606373
0.0119113716860679
0.0331235295133734
0.0194752774453388
-0.0176738278495319
-0.00436557768834911
-0.0245814237421891
-0.00544887587800702
-0.0220517731255506
0.0190476185140722
0.0278999305140206
-0.0088247625508121
0.0160529211946412
-0.0112851699415826
-0.0114139652019073
0.0169790810793637
-0.0064111657642113
0.00725905373382263
0.004404137194715
0.0373372033660058
0.00550787754579241
-0.00471341401273884
0.00844751088368789
0.005838291587279
-0.00290224605678224
-0.00493545956474795
0.00228921539956306
-0.0154802947717368
0.0159815190607819
-0.0101484584511363
0.00205053187300441
0.00396467568833159
-0.0257324458598727
0.00549161850843549
-0.0133940048532118
0.00237247914699568
0.00933594966459106
-0.00377802230906665
0.0156923889670149
-0.0122311964009579
0.0116006255005132
0.000644285521913757
0.00463550066260621
0.00833121026651673
0.00063560443970001
-0.014227680205441
-0.0127576936277757
0.0100508548485727
0.0134401788617284
-0.00548329521763069
-0.0237209776566477
0.0095876544469089
0.00637437206812641
-0.00232679676413128
-0.0102358253433532
0.00968710576891096
0.0103721383523456
0.00192482997561894
-0.00243343999914336
0.000256836567683161
-0.0114235265602091
-0.0068813168091918
0.0084978561510749
-0.000777767705182453
0.0120653862982516
0.0062812201953284
-0.0113375668789809
-0.0180389380487188
0.00406768146001424
-0.0108467725109817
-0.0163826789170914
0.0154466225163179
0.00396830698328854
-0.0130434515667075
-0.00787617098511983
0.00376746501614655
0.0215817834204231
-0.00249313741625945
-0.0107866355217037
-0.00452122358462326
0.0187015893841627
0.00209803298982347
0.0137398982920673
0.0125209886082229
0.00446199631662414
-0.00482290893739168
-0.00752460107003705
-0.0160627088152147
0.00979495886117276
-0.00142267201241586
-0.0115269914716616
0.004978996331237
0.00234680582842794
-0.00065029919290982
-0.0102824545026042
-0.00762759064140472
-0.0042406573580791
-0.00292788132722754
0.0165510682474923
0.00078777569391919
-0.00918399358194699
-0.00132413935344833
0.00238663490815783
0.00145503972103267
0.0133404043500251
-0.000130370175568717
0.00651805509735448
-0.00777098831460932
-0.0174912411239884
0.00279003598206584
-0.00423952023425322
-0.0247472179485249
0.010913983182238
-0.000269851559240308
-0.00364476232060573
-0.0037935104672403
-0.00095199239700805
-0.00830385254973931
0.00329441326820623
0.0175127523608019
0.0107569580170652
0.00957830276914473
0.000790591656220752
0.0111916528449634
0.00143230463155053
0.0011701468641192
-0.00597401298701294
0.00365820481240897
-0.000260309815152127
-0.0102864709523515
-0.00460463084845075
0.0239227716667845
0.00529231953927578
0.00513613270940416
0.00140521207722544
-0.00497511168484643
-0.00294875641025638
0.0115725991348565
-0.0160161946362323
0.000904262968388414
0.00180691784433717
-0.002963205244916
0
0.00116299264973496
0.001290642696542
0.0149522553505477
-0.00825504211976236
-0.00793949329950028
-0.0126500966483787
-0.0290234155843486
-0.0452402468792344
-0.014525552699165
0.0337721966416227
0.0177187020409386
0.000544083264856443
-0.0172647775221526
-0.0381795817100625
0.0290522656270999
-0.0219426964943664
-0.0142897964722866
0.0263844581160717
-0.017090493626109
0.00603543647279414
-0.00157120406881295
-0.0167381826398232
0.0174595802069151
0.00271704561704555
0.00984020208898162
-0.00677864727520539
-0.00127973833983386
-0.00142367600864679
-0.0121185915614285
-0.0131332657940069
-0.0270546662937116
-0.0302119649813913
0.028673373930876
0.00858820211293354
0.0218105759841476
0.0399122064353157
-0.00365519486806676
-0.0134048957215367
0.0145881583120182
0.0156470393107686
0.00763351807216428
0.00564743817210567
-0.00301329946546225
-0.00810556383973682
0.0170360533394482
0.00926053384175396
0.00175410873358373
-0.00808188329961967
-0.00298752040993366
-0.00476706632435497
0.00848504174079667
-0.0126204366231393
-0.00109953268005669
0.0118327050082554
0.00299158277139533
0.00216914310821203
0.0247565212325898
0.00726076567656775
-0.00183484920701782
0.00013122373260388
-0.00144413815003663
-0.00249796220084042
0.00698561986349211
-0.00445031401962537
-0.0243228904633944
0.00336881826396462
0.0239054394830169
0.00445965384206848
0.0127970223871239
-0.0233367463470021
0.00448839603960405
0.00617692239069112
0
0
-0.00130615207173856
-0.0146482214837591
0.0155296796139994
-0.00522808769499183
0.0073577321329954
0.0191730929743861
-0.00243155877183987
0.00166779993589983
-0.00665988712449062
-0.00154713773974036
-0.0102014460175247
0
0.00587078914883787
0.0190661742948424
-0.0085274023164057
-0.0204108338790544
0.00484867002617428
0.00834637454355747
0.00426800310398345
-0.000257630386152452
-0.0057966896482039
0.0086809795283751
-0.00411045611073746
-0.00786793509438843
-0.0149506114131724
0.00290353713489
0.00276350842909601
-0.0234907227096085
-0.00846667069121509
-0.0105719573132551
0.0471233150684933
-0.0234170585186537
0.0018754051741352
-0.0116326111561357
0.00892862578270082
-0.000134111018125216
0.000402279737159894
0.0176943704475703
-0.00289780039246068
-0.00145311762693989
-0.00132289992448209
-0.0209298455670909
0.0271951547993423
0.0122497368875061
-0.00442415105853355
-0.00470526716232478
0.000656533140997118
-0.022834620321573
-0.0245769812594275
0.00619585596292938
0.0147783520859783
-0.0207659239069081
0.0107408285290211
0.0182560757968371
0.0115065563689205
-0.00833329387125115
0.00546880078072842
0.0172459943186254
-0.0114762258737611
0.00831130573965821
0.01609320947272
-0.00476439584010324
0.00129380254504063
-0.0414782147755293
0.00552704232946866
0.00442421259816128
0.00920986410063684
0.00529031867093877
-0.00749901309040868
0.00145812562412173
0.00953003271224229
0.0141602339383859
0.00232709766844463
-0.00877081141198011
-0.00260242036701153
-0.0150032872797576
0.0100662516556291
-0.0137687250519611
-0.00358990830461237
-0.00587139028899419
-0.00711408053691276
0.000135216978028652
0.0202757493805454
-0.000794978770734645
-0.00556878826753626
0.00493337333333321
0.0123391264824548
-0.0106160546284645
0.0241091541690066
-0.0151338640572722
0.00302080382218017
-0.009296830851244
0.0126883286974184
0.00939693254775786
0.000387988124540328
-0.00348978918871179
0.00687417657261169
0.00618322837240348
0.00729738820512904
-0.00203359176410778
0.00598574908249172
0.00506394493135698
-0.00843932495829869
0.00927332305293027
0.00415358102530838
-0.00789667846448583
0.00252679715661919
0.00113426593911203
-0.00780465740673086
0.00862725196650604
0.00301884276729569
0.00739909725104315
0.0112037965590988
-0.00147731128361528
0.00283559360330909
-0.00774523028007035
0.0146202455039059
-0.0131884358674862
-0.00259868834546928
-0.00744414410531369
0.00649996249999996
-0.00273216602330473
0.0079700993286389
0.00172967626069487
0.00123332508057916
0.00628236018723816
-0.0148120818995696
0.000496943321436127
0.0306756221066427
-0.000602434042714317
0.00458160104698324
0.00480078012481999
0.0127806974106464
0.0116758814521065
-0.000932641652280797
0
-0.00245039681856696
-0.0147385077725701
0.00427392837680429
-0.00531974253787637
0.00392205852058525
0.00142056349685626
-0.00390109960520624
0.0179206618105705
-0.0292642542589806
-0.0105693607838251
0.0213644338928538
0.0155692656949045
0.0154476307354348
0.002996450489678
0.000229851777890921
0.0045949912259049
0.000457415681786699
0.00994402811621953
0.00169761202243546
0.00463219964676997
-0.00191180841007221
0.000901430985915441
-0.00529101642933649
-0.00192393614843878
0.00215438253420142
0.00418650161302891
-0.00912673802816899
-0.00955201251871707
-0.00206659017374478
0.0153014499609168
-0.008725178470255
-0.000685928188639773
0.00240218490968158
0.00490700690084456
-0.0047694641101399
-0.0110680170135556
0.001038467775204
0.00380352688327501
-0.00149267431359168
0.00896962981795801
-0.0051287555306303
0.00584261649853812
-0.00296129830428371
0.00422667347239347
-0.00728025219973827
-0.00160421685358825
-0.00057379779319866
-0.000459359199371456
0.0032169002387763
0.0054970568025654
-0.0130979608280879
-0.0145412922206279
0.0141702660050387
0.00993072771202597
-0.00697462848130148
0.00207255042193566
-0.000574468580655796
0.00390890995945359
-0.00171784241868977
-0.0117012277549898
0.00127684268655037
-0.0161140617641071
0.0156709550251812
-0.0157772743309956
-0.00188585581734346
0.0115730278696267
0.00408589754443622
-0.000232577601846806
0.00430286089784526
0.00903193597693464
0.00780354610745393
-0.0012525734456843
-0.0131114013580139
0.00127079485376158
0.000807661262435921
-0.0154484209234129
0.0117096015993068
-0.000115775460282963
-0.0032410927565818
0.00220650328409588
-0.00405568931440259
0.000116369986609799
0.00244298513777341
-0.0344667641746959
0.00576926703494962
-0.00442163001912066
-0.00720200473417365
-0.00169264903509436
0.0118687537846678
0.00143620581318227
0.00418308842316439
-0.00130912882560563
-0.00726970529044424
-0.00996400924499374
-0.0163695644916992
0.000123200192682527
0.00986075470950665
0.00109846210179421
-0.0134113513805664
0.00210081567228904
0.00628933315029401
0.00661765947592308
0.0220355249821709
0.0046456106484436
-0.0175479614677715
-0.00168959689006043
-0.00785784564968761
-0.0404532715974167
0.0193015492063493
0.00772395693499273
0.0112498950581024
-0.010635733106269
-0.00432470035833454
-0.0866220380585246
0.0296195796092278
-0.003431010866073
-0.0202595214615806
-0.00770374395739259
-0.00558425512351557
-0.0154773999321353
0.00180863947448406
-0.00472162186580682
0.00613929136707925
0.00152544721223902
-0.00207700080203543
0.0177604828638824
0.0049079892272117
-0.00461261707519489
-0.000954068381324613
0.00190994535157119
0.000272290297595346
-0.00490063987068656
-0.00902867329763801
-0.0118718936534542
0.00223520530217369
0.00292722338799067
-0.00250173742189308
0.000557349890929926
-0.00375988034423824
-0.00433321212841475
-0.0087042253809817
0.00934706119038298
-0.0061736357306148
0.0288013686629573
0.0130368733482829
0.0146302086155514
-0.00614152186537986
0.00900052367005566
-0.000266342693831079
0.00972172111981462
-0.00197839620152973
-0.00488958649106874
-0.00411693210689523
-0.00293373790995433
-0.0125718207531827
0.00893940108521196
-0.00604103922784371
0.0122905995098512
-0.00373581068989226
0.0180795371120808
-0.000263049207960386
-0.00105265789473674
0.00553211289599864
-0.00471565390178963
0.00184259008255117
-0.00683138438657183
0.00145503972103267
0.00581168941766874
0.0101115690056057
0.00169013264924933
0.00843600226725494
0.0037323167464216
0.0114117069217003
0.0212981879296976
-0.0116682599719031
0.0140667540542545
0.0035917885457466
-0.00345549800636191
0.00198147368421053
0.0143368674162963
-0.000974801998294028
-0.00158552266338641
-0.0039091130722072
-0.00171693645184046
0.0100736975411868
0.00693261971621739
0.00301968833168642
-0.00180638244452813
-0.00446377131697151
0.00945232705231436
-0.0176470701927827
0.00488819491902248
-0.00985048000059041
-0.00368453705931082
-0.00147932686836805
-0.00172838271604947
0.00173137519501143
0.000370358024691431
-0.0035789337724168
0.00495418639965783
-0.00184866899000091
-0.0053092975752389
0.00583417343183168
-0.00505980507293358
-0.00471353244677997
-0.00024921486164553
0.00186988279892941
-0.000870971723119007
-0.00186800740219151
-0.000623880209011163
-0.00112354559609351
0.00437444058556569
-0.000373307611083784
-0.000124511387414095
0.00871510209163362
-0.00666494717347377
0.00211231353955088
0.0137631738682411
0.0046477127043123
0.0120525689317332
-0.000481186111434662
0.00782286714756864
0.0120611658003622
-0.00778765781710911
-0.0021404686474239
0.00107253004063734
-0.00833329761904755
0.000480108025926462
-0.00539953229659373
0.00144773798344477
0.00493911565018412
0.00863103592977787
-0.00237695510312519
-0.0152489631820596
-0.00314543899610753
0.0100728274254167
0.00913126243669615
0.00738186706469501
0.00106365676558728
0.0103896697894805
-0.00572570680706452
-0.00270296169716588
-0.00683481019520604
0.0213574160104106
-0.00302046926067678
0.0015147634584014
0.000581768490346857
-0.000232523255814021
-0.000465236085185894
0.00663253417192133
0.0129464220796112
-0.00490699548922735
0.00516060797570894
0.000114112946625999
0.00479121584343067
0.0103314711550531
-0.00191030457153185
-0.000337750506642531
0.00337870251854144
0.00123471775663786
-0.000560482081630509
-0.00403814909617162
0.0057439125380796
-0.00660698746001165
0.000450918729014926
0.000676033802816889
0.00101344445475626
-0.018447693623224
0.00802196864492388
-0.00864031387722053
0.000688130757619199
0.00630295653671875
0
0.00865507365118034
-0.0283391893417636
-0.00244015808599007
-0.00232959819055556
0.000233461757537468
-0.00583634891645501
-0.00093932137934305
0.00987194781393574
-0.00221112533457468
-0.0123629347413793
-0.00460556211620222
-0.00379641708629241
-0.00535910437824094
-0.00383141776214391
0.00108177888516048
0.00468242280366882
0.00824573374760984
-0.00640039090670652
0.00143140876938075
-0.0108397383266136
0.00806837658877191
0.00907898708731314
0.00142056349685626
0.000118240932414748
-0.0109929080612979
-0.00310737428247587
0.00131870273019064
-0.0210727378258886
-0.0245841725884498
-0.00639500940438875
-0.00227158006743022
0.00670374416149122
0.00163343393056592
0.00175614649076583
0.009516679069413
-0.00707020564114835
-0.00287324161624347
0.000626447005763087
0.00100155248523026
0.0260162861544573
-0.00572962337839367
0.00907313656383368
-0.00449578355422409
-0.0015866837544245
0.00391198029662654
0.00340963212093404
-0.0146844656629983
-0.0126862664691153
-0.00785934342019246
0.00213753303328956
-0.0179422842387308
0.00127770542778993
-0.0067628809456598
-0.00167005404265441
0.000772075675872896
0.00360043732546367
0.000768712334322297
0.00665722690235282
0.0111917211442853
0.00377305989754584
-0.0360856793906947
0.00467959183673461
0.0122913311904342
-0.00408997965465174
0.00192507705146494
