0.0208942607145373
0.00593527897074142
0.0266531740548299
-0.0101070718395506
0.00920925053654398
0.00753818845277499
0.0135853897442262
0.0128204840401065
0.00326047083242265
0.0133817638650164
0.023203153892994
0.00110615462289121
-0.00257820314320767
0.00516983849519259
-0.00440854896383991
0.00756461928231533
0.00476101092668935
0.00528517816549989
-0.000906468625118007
-0.010161460306169
-0.000366650268257773
-0.000733507772478714
0.00532203571938128
0.000730221707861745
-0.00036484443660334
0.0184306315504685
0.00842145369429814
-0.00852877508399208
0.00125450861024423
-0.00465371931846181
-0.0217586496195832
0.0124999876249998
0.00580975198095746
-0.00397113065641419
0.021203339932556
0.000177449229449733
-0.0026614652794742
-0.0222380565083208
0.00454877520608532
-0.0432892244994245
-0.0215826959136365
-0.0199304142924037
0.0225074536577987
0.0432515503162723
-0.00388669282423981
0.00408771154635357
0.0179496119030329
-0.00272678030515261
0.000182330119203433
0.000364511968654169
0.00018214869228439
-0.0147540752767176
-0.00332777021307651
-0.0333889997383873
-0.03032046158274
0.0132593839209878
0.0152343718926544
-0.0184686214707724
-0.0115640332799896
-0.0122942983402098
-0.0174663929356124
-0.0196158339832482
0.0210504080590934
-0.00510307318758685
0.0108740078477845
0.0190785776901896
-0.0286795800873134
0.00041010400942576
-0.0135273325550086
-0.0268024417964551
0.000640455047179689
-0.00789412130627809
0.0292473061926604
0.0261178434757039
-0.00692327224453504
0.00430597706923663
0.0126581663753238
-0.00100805822239192
0.00968724186781511
0.00759542174673666
-0.00158695892796723
0.0105304812702136
0.0163192978106728
-0.0193461103859148
0.00808836056586792
0.00958906013527105
-0.0141500098563754
0.0104207458017269
-0.00447555517003251
-0.0025410360634609
-0.00391926041667467
0.0194766434175973
0.000771932539782139
-0.008677218067488
0.00641897042042694
0.0173946865081256
-0.00588911443039886
-0.034205971205744
0.00613372583945382
0.0194690726701665
-0.00945220060364216
0.0111003057761458
-0.00616332849690537
0.00116283560194796
-0.0203252053709527
0.019956502049695
-0.00406817378088986
-0.0101147829335968
-0.0113971080576621
0.00536673264038434
-0.00612894148796761
0.0131291634051403
-0.00746131066380862
-0.00553904011930351
0.0165108317193936
0.00136987200702365
-0.00723081537848258
0.00590551907178094
0.00684931612122353
-0.0122448911053726
0.00885479233428921
-0.0159937850785028
0.00792863715048187
0.00294985615231358
-0.00980392631372562
0.00415846542032527
-0.00631041467114868
0.0130978081855591
0.00156717361507774
-0.00919228028923669
-0.00809321662643614
0.0119402908425035
0.0253687849747932
-0.0163022680861652
0.0136478862156824
0.00884782989038602
-0.00648233636127149
-0.00633274359613289
0.00560057399247427
0.00345686761082886
0.020095718520877
-0.00356469717282948
-0.000188337973264008
0.00094163482630627
-0.0107243990945809
0.00912902174761721
0.00716168391683447
-0.00280688956702502
0.00562958074551156
-0.00671772105074642
-0.0140897953305826
0.00552593570003368
0.00227404334721704
-0.0119115074007239
0.00019131538094741
0.0109049515082196
0.021763826860794
-0.00333395463466712
0.0118936584232161
-0.00202015639546926
0.00588884800171074
0.028722973343428
-0.00284542635042662
-0.00535046110557169
-0.00358615498290205
0.0136764064826038
-0.00550325774390159
0.0128525880476076
-0.00898841797057137
0.0197403959752145
0.00627830792308681
-0.00918542702843561
-0.00542245693660248
0.00896942916976284
-0.0331183612393264
0.00937445456226693
0.0085729494964546
-0.00548969338603555
-0.00445155914652406
-0.00447148420155319
-0.0219187325648782
0.010653929782257
0.0170846419084654
0.0114367814029335
0.00141340282121161
0.0139379403733793
0.00400206672903036
-0.00363948020481852
-0.00243524148594942
0.00226677258920538
-0.00260960649851161
-0.0101168469173161
-0.0105726998362553
-0.00979518993901485
0.0120503809482624
0.016882899412253
-0.00681584586316619
-0.0191799615179462
-0.000179451554984444
0.00358872903168095
-0.00750939587250044
0
-0.0106286814173187
0.0262199262581235
-0.0244854606634276
-0.0145507364313963
0.00350686098459052
0.0071730200130995
-0.00474794932772404
-0.00403672954498768
-0.0119749319394737
-0.0320715641448125
-0.0454633483825282
-0.0433904472486872
-0.0170886747573278
0.0472204514283683
0.0329985515874403
-0.00158729611016617
-0.00437203183947077
-0.0421157606180451
0.0179204609762476
0.00225176319365161
-0.0224673164794391
0.0252820402263956
-0.013246391250531
0.00578279557778139
-0.00349077918773466
-0.0070059917064943
0.0232413488130374
0.00567835297955854
-0.0364992776460382
-0.026370921123237
0.0081686040944704
-0.0149253745625816
0.00692633404824017
-0.00193460592063899
0.0172302515556362
-0.0245606341449799
0.00586058053499827
0.0174795448670109
0.0061505349405544
-0.00990727913835121
0.0174579816711962
-0.00523121065516385
0.0136727053742667
0.00892298500242927
-0.00473053860709338
-0.00103328804061142
-0.00951587857499414
-0.0142021574925203
0.0254237344541797
0.00909084228512724
0.00184280003237358
0.00756174777647134
-0.0042595946707682
0.0120187707926553
0.0261674874942626
-0.0143194088693283
-0.0204975003960494
0.0412433939456496
-0.00507314772409895
-0.0119631076543703
0.0136958603278852
0.00646170514168865
-0.0177042438450985
-0.0116855111111112
0.0358717800847559
-0.017218065593435
-0.000590529820563179
-0.00965132164617588
-0.0163086978025671
0.00869386656870375
0.0116255753932735
-0.00376455793354946
0.0159108876751297
-0.00646050568898804
0.00532020355269203
-0.00646803762372627
-0.00335373747187617
0.00257322665864068
0.00612049358875
0.00255100872553138
0.00919945553682511
-0.013576417370936
-0.0157294646703361
0.0201757608733364
-0.0186019123915928
-0.0177573292602853
-0.0130002486268035
0.00576249414205843
-0.0358093182204881
-0.0148556902439787
0.0247738192188169
0.0237545357329181
-0.0252567490716891
-0.0214871873125076
0.00796547515503176
0.00832983197581805
0.0205465031210066
0.00186795066190193
-0.00020712952805868
0.0155408158534831
-0.00571308846078289
-0.0106710646547816
-0.018460960928637
-0.0190194421364513
-0.044161917321648
-0.0419202904121273
-0.0112914484461036
-0.00761363647284419
0.00671311655463613
0.0219098881463042
0.0137497694095092
-0.0096552096625917
-0.00789223361634506
-0.0124006459716565
0.0116086734937042
0.0348945678672181
-0.0269291183641498
0.0118604270629423
-0.00574579543316855
0.0120203654156437
0.019872111477901
-0.00828671735476372
-0.0343270179023365
-0.0189429080414444
-0.0524434030572748
-0.0236477521738786
-0.0427725408303476
0.000269249805711302
-0.00780414977539912
-0.0450230276277366
0.0630503129522775
0.015762705315423
0.0328774330387036
-0.00178254285714297
-0.00229586390437508
0.00255690334209957
-0.02014798266357
0.00364398852137349
0.0223028624121666
0.0169964783089964
-0.0132202325279853
0.0535893943664996
0.00791744922445115
0.00904554786052669
-0.00141548275245984
0.0122844556584956
-0.0249708496022241
0.00526569271980426
0.00595239701275507
0.0473372722924268
-0.00790960549390018
-0.00250574034619944
-0.000456666060016264
0.00708244221020826
0.0147459259219851
-0.00491841356774669
-0.00943611848390802
-0.0154229838442679
-0.0255700993113489
0.0165484654262864
-0.012558180591952
0.0534621126536658
-0.0176615543299593
0.0141101591077255
-0.0197486357350865
-0.0180860339228791
0.00209834134712672
-0.0246625939998061
-0.000715649691376496
0.0128908662587022
0.0172047846226713
0.0278035299951216
0.0110460346037859
-0.00445930571142028
0.00940650599158044
0.0122032369860576
0.0173169208169557
-0.00624860445053721
0.0169123977126868
-0.0140725589000937
0.0103806113347238
0.000642196130651307
-0.0218182073018174
-0.0137765062377606
0.0164079436703268
-0.0229057627184358
-0.0189774569176663
-0.0257168843565488
0.00490545439573054
-0.00232451165420733
0.0230661185283709
-0.0111591348932532
0.00207272828661931
-0.0119511957062288
0.00953705170569297
-0.00253450492538609
0.0388080053101258
-0.0146764931275942
0.00677046361162259
-0.00381082621632944
0.0186769584335587
0.0112657024538885
-0.015290521901315
0.0153061657509102
-0.00480665565372751
0.00504936935349809
-0.00152906199353897
-0.0308466055879086
0.0110608935217722
-0.00535829539162092
0.0015712784929125
-0.0188256608182524
-0.0157605888813643
-0.00440941557159924
-0.0149184415843644
-0.00780878570630361
0.00691631528237857
-0.00118426540386118
0.00829974007222245
0.0049388053507895
-0.00421247597861762
0.0380729013108574
-0.107086271788219
-0.0737829344259291
0.0320283836191817
0.0397878175914843
0.0160713908000178
-0.00853621472788046
-0.0415295408332274
0.0132100459347106
-0.00208604233436271
0.0243010192052275
0.0147958885912378
0.024635488190174
-0.0068694701032681
0.0469367708073773
0.0054270860814678
0.011265027782996
-0.00278487211804346
0.00418894782253698
0.00162225856594977
0.000925455277060339
-0.00346741060680089
0.00417544853128726
-0.00254107455403163
-0.00231589845437341
-0.00789223361634506
-0.00444552449993496
-0.00799064407573036
0.035299753837813
-0.0951944843199475
0.0404653513274433
0.00777823608079142
-0.00434151235106639
-0.0273740282489057
0
-0.00971350211473931
0.0118208450544608
0.00422572599091442
-0.000247478763233722
0.0019806535428879
-0.000494212301528019
-0.00370828632097808
0.00719608492710466
0.0076373118970805
0.0100243978762324
0.0116195585984966
0.014836012820816
0.0212214096018917
0.00207807047704178
-0.00783414523648807
0.00464470497925951
-0.00369852808692073
-0.000232001480310884
0.00881875302762913
0.010121848885577
0.00865406730380203
-0.00722503171189082
-0.0043211670636748
0.0164458853610217
-0.0150562058953156
0.0027378796800781
0.0013651382584785
0.0156782996220892
-0.00223714747143511
-0.00179369056639
-0.0251572702698795
0.00806451717147327
0.00868571613220559
-0.0106503809117519
0.0176362933857894
-0.00135039002316484
0.0112688800452827
0.0249609356724443
0.0252229215699784
0.00148456182771928
0.00762394512512143
-0.00567468348776845
0.00443878951590482
-0.0176767185465755
0.00449867187939978
-0.00469184564888092
0.00278557485396691
0.00106839330634956
-0.00341521458279015
-0.00663950540681935
0.00560581479515432
-0.00750428941288561
0.0131778650261341
0.0168443054961394
-0.0148878037634455
-0.000425729499414551
-0.0036201225254594
-0.0096174274829246
0.0155373516930375
-0.00509992630705913
0.0245621677539627
-0.00187610476481881
0.071010881196935
0.0479718866372214
-0.000930399798198644
0.0150865842720094
-0.000550459376651657
-0.0126675592269031
0.0126441769011443
0.00642667404722608
-0.000547346047204633
0.000547645798967933
0.00985224932040296
0.0018066733802875
-0.0192966802134256
-0.00349388084953939
0.0151318849988751
0.022904974959574
-0.010840649363421
0.000179709493908442
0
0.0195796355569879
0.00757581298449739
0.00349711243430439
-0.0135912730259752
0.00141323247317438
-0.00529192503607279
0.0157828922325509
-0.050803055640094
-0.00827663298720005
0.00667652425791276
0.00552690438474013
-0.00274826280661378
0
0.00496052643920009
-0.0133455234086943
-0.00314989495984386
0.00167288532040066
0.00723691026398665
0.00552690438474013
-0.0137412934760878
0.00650195158804379
-0.00885934781232467
0.00428303133564256
0.00927128209173911
-0.00955349119184612
0.00741976846965753
-0.0139937835706482
0.00952386300226848
-0.000739947141888742
0.00573858754449574
-0.00423338682572905
0.0149722503056362
0.022582442380976
-0.00213713525683101
-0.00749601337556982
-0.012767456583481
-0.0089252750243759
-0.00165413024351202
-0.0526509439052061
0.00602406709551073
0.00212482136208236
-0.00385504738103293
-0.00561149779004233
0.0231562111105772
0.00627622245671788
0.0111509747552341
0.0071027843657121
0.000927982320544807
-0.00519188718034769
-0.0126747311105547
0.00717385232078094
0.00243672745383039
0.00149594408948817
-0.019977611533992
0.00323873021665433
-0.00417777729293656
0.0360411689271558
-0.01656545364621
0.02620253341856
-0.016414391623884
-0.0107546605963407
0.00206189322223449
0.00299286041992941
0.00745991899796072
0.0025916704315907
-0.00498525541667949
-0.0038968731074448
0.0063338657399048
-0.0122176701580903
-0.0043104059146053
-0.0227743198204798
-0.00288904199934359
0.00540850812794402
-0.000768435295831593
-0.00615268454294582
0.015283380753335
-0.00571647046239765
0.0180145944725651
-0.00564757607865551
-0.00795156426703181
-0.00152669088188262
-0.0080275540211262
0.0148362562010769
-0.00113914847165897
0.00342138548592263
-0.000378874255468786
-0.0151601188847996
-0.0163555950266967
0.0152581904848297
-0.0136801205568502
-0.000586030747139699
0.0121188497991398
-0.00984939588167522
0.0146284334059077
0.00672818240571127
-0.00916554243494228
0.00481789695728474
-0.00632909989585029
0.00308817442787768
0.00096208747528248
0.00153786471794404
0.0105566203309375
-0.000569779951396288
0.0083618638044678
-0.0141349369685964
-0.00191168974459643
-0.011492043341821
-0.0133695393728179
0.0170856450896282
0.00115848285497799
-0.036451259972492
-0.00300240547273689
0.0134511377003259
-0.00653731675621372
0.00717851823864213
0.00019794381008098
0.0132620980285558
-0.00273494896949367
-0.00685602466879187
-0.00216957629826042
0.0211504427663902
-0.00425862624895268
-0.00602640935816046
-0.0131038753830006
0.00237812408674909
0.0199683386603191
0.0242295237500367
0.00757001750205299
0.00131483056166948
0
-0.00225100845822956
0.00620415995150703
0.00878178829650444
-0.0116688204397096
-0.0155547968084569
-0.00609169344045413
0.000957664905951061
0.00650588230924432
0.00722433637697528
0.0294451309582426
0.00953422251110858
-0.00217938217126856
0.0222059806111299
-0.00480761834832888
-0.000178969934576556
0.00518971187027617
-0.0021363742749072
-0.00927744861885604
0.000540228963974654
0.00269978734302789
-0.00664149098115185
0.000180687817616487
-0.0106594864613115
0.00346971753423397
-0.00673340895824415
0.00128252949541352
0.000731979263058014
0.0184677009157994
-0.0174147492519362
0.0056642243229228
0.00381537066565341
-0.00452487879150709
0.0129090587586911
-0.00412852106559591
-0.0356885195250048
0.00785047678394268
0.00984159636462012
0.00494541530899273
-0.00943200738158712
-0.032498426154038
0.00149762509637896
0.0164494976191092
0.0042033835980082
0.0035580159807036
-0.0208550569164743
0.00149092648581628
-0.00723096554657598
0.0104969580119965
-0.00254396873198937
0.0116896708116827
0.00819336168879659
-0.00875186460713206
-0.0176581879335717
0.00706186603894721
-0.00488735646223215
0.0207131530765257
-0.0102510043985565
0.0135277951061552
-0.0237747648847807
0.00704973281243904
0.00954605450882595
0.0191216642151713
0.00309282474226813
-0.00616657734155901
0.00392974163101312
0.00741658410761059
0.0116564207911485
0.0133414187721563
0.00638340302446827
0.00178394446414365
0.00613369596094793
0.0121927831737576
0.00757722930683435
-0.0104126685227021
0.0122759353078721
0.00365732427993604
0.0049866322398664
0.00229003808053285
0.00114246001523233
0.0083681624812415
-0.00056578649566208
0.00283066605658933
-0.0054573015705176
-0.00227053934798638
-0.000189626398634402
