0.0149602625039862
-0.000460525124851396
0.0345622103888383
-0.0146993311937937
0.0108499090935847
0.00983895304834737
0.00398582816651927
0.0105866784296427
-0.000873024879965101
0.00393189182751819
0.0117493472584855
-0.00989247311827957
-0.0299739357080799
-0.0273175548589341
0.00690616974706115
0.00320073144944066
0.009115678709404
0.0189701905587258
-0.000886436209505237
0.00488016837266336
0.00309046357615905
-0.0132041819191981
-0.00133813559322049
-0.00893247025156185
0
0.0238845415103859
0.00572187525184309
-0.00175059080962803
0.00043844806832305
-0.000438255915863217
-0.0236737844661896
-0.00449034575662322
-0.00180428506991426
-0.00723000484545888
-0.00273095142152724
-0.0118667275216797
-0.00646651270207843
-0.036727150162715
-0.00868716258142688
-0.0175268248526376
-0.0178394449950445
-0.0489404641775983
-0.0445623342175067
0.0771793448084397
0.047938144329897
-0.00245937038858823
0.0325443770934726
-0.00811848098765611
0.0163698122291767
0.0175271900745055
-0.00139660148975795
-0.00326349635135215
-0.0168381205256372
-0.0275927212178878
-0.0381605167240451
0.0391658189216684
0.0141947626040138
-0.010135087361732
-0.0141394929302779
0.00642932771658389
-0.00589680589680597
0.000494315373207987
-0.0113636363636362
-0.0439780609695153
0.00575018325928811
0.033783731808732
0.0055304678496968
0.0444999500000001
-0.00143599815394913
-0.0258869115106946
-0.00688976377952755
-0.0346878097125867
0.0133470225872689
0.0364741134751774
-0.028836658300912
0.0231504266154792
-0.0181997540580422
-0.0185370249768049
0.0587034201123022
0.000482160077145632
0.0236144578313253
0.0103577683615821
0.0191054062956852
0.0196615445970945
0.00627811687345803
0.00846693366903151
-0.00353513051414633
-0.0297117529805655
0.00411334570901944
-0.000910241279483026
-0.0100228241447461
0.00644275195582145
0.00685866452406669
0.0027247956403269
-0.00679347826086951
-0.0141358413132695
-0.0328400077317295
-0.0420850789096127
-0.0219670982542637
0.00663598774885155
-0.0157200312231254
0.012879958784132
0.105798575788403
0.0358785648574058
0.0146536412078153
-0.0100656017505472
-0.00928386342688481
-0.0147255689424365
-0.0176629981884058
-0.0138313502152443
-0.00420757382924608
-0.00140840382199081
-0.0112834508697697
-0.007132762380753
0.0220307002888265
0
-0.0107778350515464
0.022737990396116
0.0472441408059288
-0.00265378139523309
-0.0243902006381463
-0.0109090909090909
0.0174631893382351
-0.00858166253756376
-0.0236902494901937
0.0186654223051796
-0.00549706825469531
0.0147398440690854
0.00226958682389533
-0.00362318840579701
-0.00363636363636355
0.0200730383211678
-0.0559033964265029
0.00189478910967367
0.011820330969267
-0.00607476635514015
-0.0531265162200282
-0.0278053141909292
0.00868232890704812
0.00911392405063283
-0.029101856497742
-0.0118862532299743
0.0125523005987291
-0.00206616724864839
0.00776392339544518
0.0107858762601887
0.00152433943089436
0.018264891844997
0.00647737917289493
0.0153464843887881
-0.0312042418332522
0.00201303462440694
0.0140633350075339
-0.00693422452034542
-0.023441347802561
0.00970377936670075
-0.003034951947395
0.0289194332277742
0
-0.0547337744214114
0.00938967136150226
0.00930237726098171
0.0148488983692321
-0.0196770938446015
-0.0102933607822954
-0.00728029121164853
0.0172865374541646
0.00411946446961897
0
-0.0210256410256411
0.0151911471974857
-0.0386996923993649
0.000536768681522526
-0.0139484986023871
-0.0435255192342504
0.0381114903299204
0.016438301369863
0
-0.0150942865279939
0.042692884510126
-0.0776902402987002
0.0153671030165055
0.0173766816143497
0.0385674931129478
0.00371352785145884
-0.020084513742072
0.00809061445034431
-0.01284109080572
0.000541896989598945
0.00108347784850915
0.00216450216450204
0.00863930885529163
-0.0305138650963597
-0.0231916055664493
0.0180892584460568
0.0116601332593005
0.0784852403120329
-0.00152666666666668
0.0117226803403325
0.0957178841309823
0.0280460229885058
-0.0165474500649621
0.00954984083674404
0.0180179721613527
-0.0185840707964603
-0.0049594229035167
0.00815586769370191
0.0103370786516854
0.00711739323843408
-0.00706709395172678
-0.0182384341637011
-0.0357951517897599
-0.0324248574988318
-0.0509955803788247
-0.0168885354714158
0.0208225934837374
0.047424780855442
0.0146055981204674
-0.0196737044145874
-0.0274106216348508
0.0196275279503006
0.0113524185587364
-0.000488042947779266
0.0483397949218751
-0.0163017240941652
-0.0189394877396074
0.0115830121420373
0.00190844474754037
-0.019047619047619
0.0286408252427184
-0.0108542703702562
-0.0143129300721818
-0.0125847047434657
-0.0377451470588234
-0.0137543562788771
0.00981394577407291
0.0107417396798846
-0.0592105263157896
-0.0446476600322753
0.0388514076576576
0.0119240643943597
0.0599893411890733
0.0257704888443411
0.00689665058604194
0.0136985316194458
0.0202702712485652
0.00425737957698114
-0.00706547338671704
0.00237186907020881
0.00425934710172027
0.0193213958209895
-0.00369856697635551
-0.0255219965439442
-0.00142861904761893
-0.0338578461544037
0.0103652023692005
0.040058722035111
0.0192578666388978
-0.0350230398606894
0.0391594537173137
0.0477940716911764
0.0171053516274278
0.0254419997653299
0.0151386873364725
-0.00455666961709489
-0.00499379920957965
-0.00292764533667922
-0.0218120805369127
0.00471698113207553
-0.0055484848484848
-0.0214592283888081
-0.0127192549438269
0.00533091959129273
-0.0167918257530635
0.0211235505617977
-0.00836258839624082
-0.0031070571190831
0.00935000041629563
0.0127921923246581
-0.00174211680061476
-0.00654450261780115
-0.00131752305665356
0.0237467458223395
0.00644325573697357
-0.0443875800256082
0.0107190714925893
-0.0136985865531855
-0.0183691756272402
0.0068461433135556
0
-0.0457842269167827
-0.0114014257197826
0.0163383477337022
0.0439716312056737
-0.028532563405797
-0.0130536590650974
0.0212565422768067
0.00555036977102819
0.0349586016559338
0.00044444444444447
0.00533091959129273
0.0136987191205795
-0.0183086740057248
0.00888095026642999
-0.0206865766147262
0.0224719101123596
-0.0158242197802198
-0.0790530629322495
-0.0063046068717455
0.0165934602244997
0.014402256361018
-0.0525319002618032
0.0124875124875126
-0.0202268870251603
-0.0115811675941002
-0.0264899656897589
-0.00470962822032306
0.0168243953732914
-0.0232678903826267
0.0116464802353882
0.0188381989095658
-0.00975850075801254
0.041493721914226
-0.00149407370517918
-0.0478802517646011
-0.0282871136720796
0.0118598928226357
-0.0474161427810335
-0.0564875870518786
-0.0183759325206915
0.0368358114031286
-0.0139778683750729
0.0696988186650915
0.0574267776130988
0.0480417754569191
-0.083208769307424
-0.0184783152173912
0.0387597474396317
-0.0287847014925373
0.0016465972363664
0.00493150684931498
0.0288986368593238
0.00317959707580306
0.0528262017960908
0.0170597089814351
0.00296003946719292
-0.0255780127889816
0.000504846062839182
-0.0247225025227045
0.0372477496120021
0.0144638909957053
0.0231071288102263
0.00624709304406967
-0.0128940299477539
0.0256410740203192
-0.0117924522739409
0.0224343187382188
-0.0210084500466854
0.0128755847818589
-0.0225988700564971
-0.0115606936416186
-0.00341125730994152
0.0376527120952219
0.00329886914697775
0.00704556096545028
0.0223880120154847
-0.0136860857664235
-0.0161887596582442
0.0042313587212035
0.0145130611183024
0.0332256114443932
-0.0147387233023101
0.0267452867971569
0.0198675496688743
-0.0125541558441559
-0.000876720774954931
0.00351031138612057
0.00699606440769296
-0.0104211892999917
-0.0219394461632538
-0.00538362470239451
-0.0184934596301308
0.00367647058823528
0.00412087912087911
-0.0264477884176926
-0.00234196721311486
0.0173709397826733
-0.0106137055837565
0.00139916038250187
0.0186307414359916
0.00640141717414666
-0.00726942298955024
0.0334096109839817
-0.0252435783879538
-0.00318032712403471
-0.0141295344517075
0.0208044854740861
-0.00452898550724623
-0.0127388080072793
-0.00875580604811943
0.0116225011622502
0.0170036305147059
0.024401311540954
0.00573440670489633
-0.0127192549438269
0.0186583740559751
-0.00348887919755769
0.0249452954048139
0.0290350128095644
-0.00165979253112036
0.0141313804709633
0.0102459016393444
0.0129817038539555
0.00480580716082524
-0.021522558788362
-0.0175151941961383
-0.0029022386856451
0.0195426619352459
-0.0146818923327895
0.0186258692052981
-0.0134091827139707
0.0102965399383632
-0.00856098619808443
0.00657894736842102
-0.0641339869281046
-0.0597991706678307
0.0255338428257268
0.0294250792213671
-0.00483733509234818
0.00662845809228707
-0.010096663296898
0.0177384486801972
0.00130714591254266
-0.000870365535248108
0.00130666381997657
0.0121792083514571
-0.00601637301246227
0.00691751002669738
0.00214680111005583
0.00214220222793493
-0.0102607528969968
0.0151187904967602
-0.0140425531914893
0.000863228312472986
0.00560582123303921
0.0295883361921099
-0.00791336942940446
0.0172124265323257
-0.0103177878662815
-0.000834070058381986
-0.00667779660591805
-0.000840252136145136
0.011774515905193
0.0162095601084604
0.00777087902777596
0.01055198906461
-0.0108434136546184
0.0105562326657016
-0.0156689038034915
0.0138775510204081
-0.0140901771336555
-0.00244997958350346
-0.00286528857961521
-0.00821022133783988
0.0028973509933774
0.0033016508460586
-0.0312628560782747
0.00467095561235475
0.0042265426880812
0
0.00210433501683505
0.00335993294245829
0.031812517028569
-0.00283975659229208
0.0056956468673719
0.0182039246846248
0.00516483909415966
-0.0213438348357247
0.0129240710823908
-0.00877188995215306
0.0144810130940864
0.0126884223905004
-0.00391542662821354
-0.0196540872777481
0.00120280668793882
0.00440532656809456
0.0283094497607657
-0.00542849920789079
-0.0113060038986355
0.00828071733908842
0.0305044974579587
-0.0189753320683111
0.00696328820116032
0.00614675350953697
0.00152726225554556
0.0156309187952726
0.00600600623145664
-0.0141790676932487
0.0140045798637396
-0.00895864094965881
-0.00828621500136406
-0.0102545005696922
-0.0118955875631461
0.00893203883495142
-0.0046188991531948
0.00889400584323252
0.00114990417784577
-0.000765735039596538
0.006896590038314
-0.00761038783826529
0.00191713957055217
-0.00574049007808997
0.00346420323325636
0.00383582662063686
0.00878868933893751
-0.0174242045454546
-0.0065536234944632
0.0248350795498642
0.0291556228701249
0.0301692420897719
0.0114285714285713
-0.0158897951977401
-0.0132759593370664
-0.00472723636363637
0.016806685538667
-0.00431192957240378
0.0115482501460935
0.0142703883599578
0.018993985226873
-0.00897480182860899
-0.00835945692648743
0.00702497390323065
0.00209277990931289
0.00487298990602159
-0.0055421542936559
-0.00661786856906543
0.0171809256661992
-0.00137886935539466
0.0227821892572382
0.010799932865337
-0.0434057080665874
0.0216404886561954
-0.00273313973351552
0.0205549838795827
-0.0023498488637177
-0.0252355324776424
-0.00379696250593586
-0.00935554368137415
0.00139905561385101
0.0227035285610733
0.00170761606189829
0.00102287759972741
-0.0119210145803469
-0.00999658738366083
-0.00766013257869547
0.0115789473684209
0.0225459590704129
-0.000678459972862977
-0.0030549220317353
0.00510721807602255
-0.0121951219512195
0.0157750685871056
-0.0199189729939577
-0.0137789178856728
-0.000349214123269936
0.0013975890497
-0.00174455687369157
0.00279622499838417
0.0017427325987196
-0.00835073068893522
0.0178947368421054
0.0203378145467081
-0.00405405405405412
0.0105156377204885
-0.0228264510632276
-0.0106493297612735
-0.00833333362268518
0.00840336163877309
0.00208340285011821
0.00658343705532083
-0.0168674704601538
0.0028011205462577
-0.000698254214324567
-0.00314465397817421
0.0220819831026295
-0.0174897119341564
0.0331588132635254
-0.0925675337837838
-0.00967985816530681
0.0131579323308271
-0.0181818917186682
-0.0105819731890391
0.00802135217723454
0.00303145142218475
-0.00680007581413211
0.0205400905081745
-0.0193813268729034
0.00570125449263603
0.00340136067276497
-0.0305084380605816
-0.00233100233100225
-0.00973520249221183
0.00275265434526162
0.0176470980392156
0.0154142190591824
0.0178368121442125
-0.00111853094705439
0.0294885767268167
-0.0348077955039884
-0.0184072870620853
-0.00382694235847481
-0.00422593145501593
-0.00810189043209886
0.0338390133737461
0.0221971407072989
0.0044166728008832
0.00146570166853421
0.00256128796194655
0.0127737226277373
0.0025225225225225
-0.00790797987059666
0.0300724637681158
-0.0112556806190643
-0.0120953748809899
-0.00216064097947422
-0.00505229177381061
-0.0137830612985129
-0.00257447581557646
0.0232300507658536
0.00972972972972963
0.0157030335474662
-0.00175681664640959
0.0207673354452658
0.0120689655172415
0.0149915161839864
0.0409533051039508
-0.00967433086101266
0.00846629789860964
-0.000322893132802538
0.00484502599628645
-0.0125362258908317
0.00423180352317076
-0.0139384116693679
0.0177514464168309
0.0087209628139846
-0.00800512327889846
0.00548741123305363
0.0170144462279294
0.016414172979798
-0.0326087256953812
-0.00609955056179767
0.00936695766689133
0.01024
-0.00855245486221101
-0.0035143132113199
0.0131452063755946
0.00696202531645573
0.00157137020741671
-0.00470668325363399
0.0170239286577532
0.00805957892495845
-0.0101476322263223
0.00931975797824647
0.0083101256811251
0.000305311373950623
-0.0241074153188893
-0.0121951219512195
0.0158277936055715
0.00810215020255511
0.00710986133600389
0.000920779562874063
0.0165593677841349
0.000904916989145299
-0.00663053044002404
0.00879857429607322
0.0273684210526315
-0.00907499999999994
-0.00354499282392873
-0.000889386302994288
-0.0240356669425618
-0.048646945839068
-0.0233302005966698
0.0137434886696168
-0.021949677211104
0.017821815769697
0.0110246433203631
0.00801796023091716
0.00986318803690733
0.00598613736609965
-0.000626370184779179
-0.00188028831087428
0.0219779905808477
0.00737333355985648
0.0286672452373515
0.00889412985472871
-0.00117534531811181
0.00823765765003515
-0.0116720455208639
-0.0141718338993749
-0.00748727186245202
-0.00633672318457235
-0.0157910719708474
-0.013267510027769
-0.0131332395247029
0.00728776955918153
0.0022019502295707
-0.00973013152133928
-0.00190171162921438
-0.0311209907907272
0.0026220911176662
0.013076168682576
0.0193610842207164
-0.00918015194681865
-0.0252395854709132
0.00655519501802693
0.0130251388155369
0.0157505298697997
-0.00886075949367093
0.00734351851851844
0.00887483387875854
-0.0043983349041784
0.0110444931825657
0.0024968164014727
0.0261519310757141
0.00758495168643658
-0.00210779891923518
0.0190102902537805
0.00651471720461938
-0.0217711667095517
-0.00511272180451128
-0.00997587605949968
-0.004885496183206
-0.0162626265725684
-0.00436684328238157
-0.00751879699248126
0.0277778093434344
0.0159705461925508
-0.000604625114593471
-0.020568662414741
-0.0135886345401904
0.00688788331597112
0.00932832711442799
-0.00369682697772111
0.0077303648732221
-0.0558453513347654
0.00259993500162503
-0.00324149108589955
0.00487804878048781
-0.00291265372168281
0
-0.0123336258465961
0.015445284258955
-0.0268608414239482
-0.0109743930828069
