0.0142078891047226
0.0125186888977256
0.00235496018972725
0.00264318656808182
-0.000732220280202478
0.0115783960906466
0.00202849907397118
0.00882002551648209
-0.00644972078757589
0.00778997403346793
0.0123103347794111
0.00579745466915371
0.00674826402706019
0.0138248427059791
0.00371907723744003
-0.0015095511935137
0.00371078879299658
0.00260169796798149
0.000136602019439991
0.000409654496395406
-0.0098280232097181
-0.000413551138495394
-0.000137939590733938
0.0041379724137931
-0.00618138710790994
0.00207328271107898
0.00137928275862076
0.00358130863860362
-0.000411734828277055
0.0205959077139666
-0.00565045054081925
-0.000270667012817305
-0.00757879290267693
-0.0039547387439044
0.00397044079996633
-0.000954588818911972
-0.000273054865600475
-0.0102403061234382
0.0108980689998088
-0.0109169761315091
-0.00869212160490662
0.000417522628184397
0.0153033673610197
0.017813043937529
0.0270598011181986
0.00367019263769564
0.00274257542118339
-0.00195365983268636
-0.000913467346214447
-0.00822881421705346
-0.00105362834189393
-0.0204350038348056
-0.00471071313415705
-0.0169033137350905
-0.00453911985718514
0.0266685079452049
0.0164198378296163
-0.0117849580952711
-0.0129973608333389
0.00257933735653881
0.000135450240634993
0.000812307056426986
0.00595242169784682
0.0176169578050438
-0.00911847519805686
0.00266733785006656
-0.0133014099494546
0.00188730115934188
-0.0188374865446715
-0.0145364375901383
0.0102977593891211
-0.0166666533516984
0.0172293600956626
0.0110161796605821
0.00367752665969845
0.00312112896943595
0.00568179127926904
-0.007667460730022
0.00732006265365559
-0.00457538701588978
0.00459641740440153
0.00444086945070321
-0.000937821555973106
0.01609222207322
-0.00633490852586416
0.00730502049003823
-0.00606538797813228
0.000398076428684391
0.000662975697494961
-0.00106019084362818
0
0.000265388707829217
-0.00198941639285366
-0.00544855813953493
-0.00146970879047081
-0.0171284082512347
0.00517365575930517
-0.0177435319587285
-0.00468832065726643
0.0105292601828761
-0.0131614885340969
0.00889135834017685
-0.00826226900596516
0.0065259791665917
-0.00124149541292573
0.00662976501022761
0.00439077954407696
0.0262295912389177
0.0115814026258758
0.0113172788871503
0.00624598584895208
0.00892273350775308
-0.0116636251600984
-0.0107638696568035
0.00760359212904538
0.0183449906538513
-0.00498275220324851
0.000256869552781369
-0.000256803587758592
-0.00166919626357975
-0.00270095176848872
0.00322414233654711
-0.00295671676363662
-0.00103139507559036
-0.0130356474044019
0.00261536546861052
-0.00599972625537315
0.00892271367173225
-0.00871372101331414
-0.00498563362653326
-0.00145032971784442
0.00316912703674399
-0.00671320249159923
-0.00212027567082251
0.0114209955609166
0.00485812737089675
-0.00927739460704824
-0.000527578475336132
0.0106887966572815
0.00639778072321606
-0.00220547477411837
0.00728119842510999
-0.00348527167309576
0.0226683946632795
0.00481323640835596
-0.00415986375495103
0.00772153164556966
-0.0050245194696078
0.00214616844017401
-0.0075585540775468
-0.00533127704152425
0.00599797082697839
0.000507433705253524
-0.00469130196432221
-0.00242040764331219
-0.00383087738043353
-0.000128214328208864
-0.010128217948718
-0.00634630237464451
-0.000260740351137434
-0.00221640165122816
0.00757875352905724
0.000389028655310319
-0.00220375942706463
-0.00194882419190823
0.0179640328039574
0.000895140699302077
0.0107321327736858
0.00164324356411027
0.0122413052054846
0.000623401079957731
0.0144529774619244
0.00159672074666473
-0.00110366642169235
-0.0159586915781817
0.00985520160403186
-0.0170475237942258
0.00490133216036193
-0.00712856437129261
0.014989331338825
-0.0117895876944752
-0.00301391446743371
0.00768360004639868
0.00749997499999999
0.00148887100468653
-0.00854809206456764
0.00712231672025876
-0.00732004980943046
0
0.00212470935821263
0.00349213020703409
-0.00447428541479344
-0.00262171042750836
-0.000876192275331089
0.0164118892508145
0.00332805386397328
0.00749385730973318
0
0.000365796845121391
0.00694783024198142
0.0112577168471406
-0.00131674645299562
0.00179793839146569
0.0130413492931003
-0.000708598103427494
0.000709100570747134
-0.00188964218470877
0.00816465487718232
-0.00234738271176227
-0.00294117647058822
-0.0146312448377581
-0.018201460466975
-0.0250030009758019
-0.0327746051344859
-0.0168132824624934
0.0273612349655841
0.0124200003180537
0.0107499430884028
-0.00800799569589583
-0.0210645562697347
0.0202293387420522
0.0113665319525131
-0.0163587033876447
0.0269138260853303
-0.0124861171033023
0.00225339267351243
0.00986759954702987
0.00309214602577979
0.00887795336320463
0.016866255194329
0.000120216350488533
-0.00685013828686609
0.00653437810423996
-0.00853569367636464
0.000970073954528194
0.00726830985093962
0.00336738416434446
-0.0231331655279876
-0.00380365644171776
0.0121935949699816
-0.0425894378194208
0.0119471657346211
0.0257472359050277
-0.00281616267457241
0.00466598711527522
0.0113664140796872
0.00326280362537767
0.00397495798512248
-0.00947810460655329
-0.00968987426574297
0.000611497049620935
0.0105121625843336
-0.000604753855201645
-0.00326803425557853
0.00704313314008842
0.0315929458579525
-0.00444190516276188
0.000587096409230714
-0.00997416087803138
-0.00082967876627893
0.00403316711625745
-0.00779768440214668
0.00678733007427978
0.00496745103604534
0.000941532294438829
0.00952378567229428
-0.0200326342879963
-0.00701207519624525
0.00287250737740852
0.00525124710286118
-0.0223198971036485
-0.00704312099679705
0.0187110927740404
-0.0070828808973753
0.0239391007609613
0.000354221269235344
-0.00637394940540648
0.0114041221192682
0.00164435050087319
0.00515949818432793
0.00361640219766213
-0.00127863537462081
0.0093110220975563
-0.0139529403372585
-0.0113437139201563
0.0227111187282809
0.0108721143982433
-0.0098398281501183
-0.00427551416367555
-0.0114888943133085
-0.0156140173749707
0.00882525960227221
0.0017732829778121
0.0198253485915825
-0.0188613404041041
-0.0130911780505817
0.0113527366156787
0.0106345507728187
0.0155501229457513
-0.00184209069949237
0.00565173029936794
0.000802844344469644
-0.00756364869210069
-0.0120092381526383
-0.0149602504665789
0.00166111772260469
-0.0017768420226687
-0.00688258004803299
-0.000716991260198641
0.00562000498457516
0.0167658030146445
-0.00736761765015514
0.00176722437914312
-0.015523932912195
-0.0290287902165666
-0.0120570375499144
-0.0064757656360237
0.0239408752060777
-0.00918105008737791
0.0226092779192173
-0.00700730966560259
0.0391775388933557
0.029973034540544
0.00227346820196139
-0.00544398333773355
-0.00809669271076097
-0.0132214412547216
0.000699021304928049
0.0230527887187424
0.00421070885817554
0.0256119906077061
-0.00176799999999999
-0.007416405021758
0.0079179102914666
0.00973672304945961
-0.00361606391373948
0.0119872099417133
-0.00532490780237693
0.0146400526017705
0.00032302141736773
0.0129170718424743
-0.00605737526158068
-0.00288674225261143
0.00128667164300511
0.00149925042297872
0.00245939913791915
0.00192000000000014
-0.00692005748961999
0.0034305210487835
0.00288466886505701
-0.0023436773513259
0.00619328337013814
0.000848933433653887
-0.00572580862529537
0.01045113609207
0.0104485277044855
-0.0136828705594917
-0.00307106851636141
-0.00127471851789585
0.0193575734745024
0.00511275063074912
0.0106924008991509
0.0229046320572655
0.00160662723593252
-0.00270673684210532
0.0105548448767137
0.00179051031324473
-0.0160858208329443
0.00524780523757418
-0.00190746911045603
0.00613559658289264
-0.0149955014995051
0.00375523194717586
-0.0220424768039944
-0.0195409323868804
0.00242535057628701
0.00021043551883948
-0.000946613358295822
-0.0132645018057586
-0.0249653678129083
0.00404861586660044
0.0166739207350932
-0.00246546250974966
-0.000644723847941564
0.00397852688172029
0.00439108907386454
0.00575816811429042
-0.00763360899067
0.0119658442727744
0.000844615700542617
0.00738393436548734
0.0156020732984292
0.0102072896217607
-0.00479690738527527
0.0137421389859063
-0.00515935265876277
0.00457601198194069
-0.0244963860259502
-0.0115181173129153
0.00850302312611739
-0.00530864994275004
0.00167437215727029
0.01034264510716
0.000103422604729841
0.00827125715186883
0.00266614036093538
-0.00726118845634283
0.00195737096940363
-0.000822558074798252
0.0133772689853879
-0.00974823284682469
0.00358906901935185
0.00940020406456932
0.0132604209610241
-0.00289710295498713
-0.00851617089502388
0.00424411887878051
0.00311939031352559
0.00782424500302437
-0.00408084996435909
0.00119930044371985
0.00648834098622464
-0.00654571047216668
0.0222621947142296
-0.00810548812293976
0.000787653834793733
0.00363989171392243
0.00676339953234839
0.0385551459308262
-0.00749971889940426
0.0113346270520083
-0.00373589240683647
-0.0071247212360499
0.00991403040641936
-0.00953624728437019
-0.0111383800049391
0.00477281396004559
-0.0038001234315006
0.0015258058218024
-0.00123784044671038
0.00114408428967572
-0.00933247292005568
-0.00201863887358122
0.0042381236755924
0.000959131000208391
-0.00852817163158137
-0.0182661542643651
0.0037408642697212
0.00284426248376102
-0.000684596577017027
-0.00743787433940102
-0.011437547060492
0.0036903550031846
-0.00308056254836231
0.00398725079744811
0.00168782762422737
0.00624440485919719
0.000689509476640371
0.00187029242525028
-0.00579678724500676
-0.00820240126094685
0.00747309677687236
0.00346155668616799
0.00394246012164845
0.0065776359063654
-0.00117034039959374
-0.00751884552216209
0
-0.00334510038710256
0.0088844419876275
-0.00812127225404913
0.00582022277339767
-0.00784616523976223
0.00691970118941465
0.00117810719440303
-0.0136301917935813
-0.00984191310634908
-0.0343373300067736
0.0193387502599294
-0.00703797422441887
-0.00462245515403092
0.0118679151317251
-0.0223355628046233
0.00542453572475976
-0.00155627728438301
0.0024940038711212
0.00756707776959598
-0.00504113184283328
-0.000516957920762673
0.00920752082733212
0.00225519213976866
-0.00388665246660491
0.0259780164901737
-0.0299239197342658
-0.00474568245125362
-0.00663417635913577
-0.00626107677635235
0.0034652419364094
-0.00251149021581187
-0.0121694922366764
0.00265505511235964
0.00211838779288676
-0.00179683963854926
-0.00116476066995441
0.00551251976015021
-0.00674748564570349
-0.00594413550519191
-0.0011745968782787
0.0036347658367033
0.0216234242103779
-0.00490044813260559
-0.00953481748669704
0.00920345931665567
0.00492663511684199
-0.0110566910068836
-0.00010542137127767
0.000632890275330311
-0.0159182266928292
0.00953401198787396
0.0162351340457372
-0.0127387912521287
-0.031517746223657
-0.000546063121109386
0.00426144026206643
0.00163196598272353
-0.0020638171206564
-0.00511593539405886
-0.00218823846415239
0.00745614059614508
0.0104484004282237
-0.0189572821610204
0.0133948284278695
0.000866673861321443
0.00811864066200396
-0.0207237201994113
-0.0265350666623376
0.00304127059068793
0.00606393017190565
0.00881795998740764
0.0170391795874922
-0.00543951273802246
0.0110479328603792
0.0101698907281185
0.00353426142655255
-0.0171825085544026
0.00282334684866314
0.000974596664311767
0.00205533314462714
0.00151138944763218
0.00485074932146423
-0.0038618321834174
0.00204611240527552
0
-0.00279421807219071
0.00948374814652708
-0.00362972143972939
0.00278574943135657
-0.00288488098663886
-0.019609965709387
-0.000983670367989298
-0.0137855905079739
-0.00388282675707596
0.00490034519545213
0.00520884389198129
0.00738705647366222
0.0143372765348384
0.00410010789814397
-0.00053724479985473
0.00322541655251229
-0.00150037512593226
0.00944515422228509
0.0185007755927451
-0.00198353688293629
0.00292885989390923
-0.00417181907087472
0.000733137806876671
-0.0104657244228449
0.00560548898131707
0.00820360731586867
-0.0140830271846126
0.0111098928978965
0.00983677291412266
0.0056995129533679
0.00206076242985787
0.000308473007712085
-0.00442024058820156
0.0019618276089175
-0.00618300694370355
0.0119244501882112
0.00952967556223694
-0.00517656329201877
0.00918275667416069
0.00424626410893669
-0.0184234567920375
0.0094358769230769
0.00650274347699109
0.0030284979412174
0.000704498785180308
-0.00191091219953743
-0.00241835958118419
-0.000505080808080871
0.0105103691918254
0.00330035010101715
0.000598056220095788
0.00278947009731434
0.0120206532080009
-0.00382840864351408
0.00512413268257395
0.000196049019607791
-0.0034306901616552
-0.00304905091077123
-0.00138121545598646
-0.00207467889671331
0.00346499349638663
-0.0289068761946835
-0.00386058112364118
-0.00530345725741588
0.000205106123296384
0.00615068151253673
0.00275085068261127
0.0225564015963504
-0.00556435816339795
-0.00489614298768692
0.00180742049633187
-0.0010022953092802
0.00170560854230173
-0.00651035683134438
0.00927511827250482
0.0057936369414282
-0.00168840000618931
-0.000795811802501323
-0.000398247702145693
0.00677290823161525
-0.00395728128299788
-0.00953515097338109
0.00300838344355814
-0.00119971009397257
-0.00710710696482264
0.00171387233160858
0.000100664250194615
0.0096608530846074
-0.00169438848411463
0.00259578663754856
-0.00697069322785693
0.00250701962989353
0.000700210056014727
-0.00639743096364032
0.00915488915181295
-0.00817465872145662
0.00864408500641445
-0.00239159944975786
0.00879030058145736
0.0126745125789587
0.00254230964727609
0.00955820744716873
0.00647278511307547
0.00287966020349395
-0.00727413838225099
0.00414578669354237
0.0126740179995388
-0.000474096895097142
-0.000189679381325747
-0.00113854836549243
0.00607901791488441
-0.0133118960217503
-0.00105253083814882
0.001340986564349
0.00420893433892355
0.00409602769777018
0.00113836443835069
-0.0350610919649493
0.00324071485336908
-0.0103759392961653
-0.0106825026841246
-0.00309936022093671
0.0052151640278324
0.00179587942344983
-0.0187232837875397
0.00426264086331707
-0.036280910650255
0.0225461511897427
-0.00215361496967248
-0.00565265141872606
-0.0104392971576227
0.000104470442959581
-0.00814620365535257
0.0134779297306735
0.00987009870129874
-0.00267484576156918
0.00753038977655485
-0.00399302762348785
-0.00143914475163598
-0.052192701793213
0.00445316606929524
0.0128675925756621
0.00298920685361814
0.00915381615179833
-0.00116022573906183
0.00580784601292028
0.00283461417322828
-0.00230311983782827
-0.000524690434689723
0.00398946981627302
-0.00470560508330875
-0.00703927295650353
0.00571369155192691
-0.0214623980601032
0.0295667126208641
-0.00584800530810348
0.0192227106897913
0.0103060910059372
-0.0130572173116109
0.0126098294573642
-0.0136776971146504
-0.00558833712889384
0.00145704033539551
0.0111191932520256
-0.00246664946146002
-0.023490614537206
0.00137165015163165
-0.00273945831885114
0.00750130993129816
0.00230705744224968
-0.00470815014211856
0.0106170717108296
0.00135217392710807
0.013192105947609
-0.00932954675692488
0.0100383010464131
0.00450822755139813
0.00642591792711222
-0.00314175540978534
0.00111834077756878
0.00477303742487023
-0.000101091568605383
-0.00283026382290519
-0.0094272780653365
-0.00890301873820076
-0.00815694389585853
0.0074953259940731
0.00516635673864796
-0.00853209301533819
0.0539139985665318
0.00973927182018164
-0.0279618280198931
-0.0169389100011701
0.0172307806437444
-0.0145333972496763
-0.00142392188771345
-0.0137502342635976
0.00640292251568897
0.00861984634027246
0.00742696095811413
-0.00515042431277801
