0.039198394257925
0.0160564014616975
0.0122073580636681
-0.014538204436448
0.0182732602278308
0.0119360961820194
-0.0187911575693485
-0.0308406641309733
-0.0156544223155788
0.00286783696880177
0.013171542232729
0.00487512837624227
-0.00314916168438439
0.0286885238553145
0.0193392674467314
0.00814265952516346
0.00831918275291477
0.00584751700889186
0.0059727641952696
-0.0133787444585179
0.0147637330040213
-0.00545585510037272
0.0136746781179415
0.00541178039215673
0.00351039077134896
0.0122823539512
0.000383988631669663
-0.0224150296333759
-0.0143698549567312
-0.0436583503105087
-0.036404556511125
0.0253306825508892
0.0112985162107677
-0.00283478401142601
-0.013545108922159
-0.0355992871096976
0.00861313946750863
-0.0281457210152366
-0.000717313733679892
-0.036249377377731
-0.0242063672206921
0.0170785233675894
0.0437148601072206
0.0372101377456384
0.0334488729038322
-0.0440214649669384
-0.0194719845720203
-0.000894525441501703
-0.00179070638748857
0.00412592168133319
-0.0093791427256581
-0.00522995482001887
0.00480418781725889
-0.0407757878353774
-0.00959281464134643
0.0233595959236463
0.0384152093833685
-0.0190331956381665
0.00282380217547629
-0.0121718234961149
-0.0192183540229885
-0.0195012368460066
0.0321285134417957
0.00546597173492724
0.0167695477450431
0.00552787504355012
-0.0101838230910583
0.0236729304621155
-0.00764920394912405
-0.0360311642914761
0.0229660058679868
-0.020723496293133
0.0519769640240757
0.0164108087669246
-0.00190967018861987
0.0227865274973076
0.0031462840671137
0.0100873356778222
0.151728771341767
0.0207664740321163
0.0142051970648924
0.0221705655662927
-0.0107415688422935
0.00890929921221262
0.000344967237219107
-0.0121378965517241
0.00132636130527919
-0.00097608594319587
-0.00558299978422094
-0.00603551105216105
0.00494243433797803
0.00716647218202104
-0.00244161831426781
-0.00118879720279719
-0.00259045715059236
-0.0124245747088866
-0.00582846675913762
-0.0160863664862503
0.0092283392395125
0.0331197784802346
-0.011708181346847
0.00394892467313901
-0.000140401774966548
0.000983484328058282
-0.0267388017847286
-0.00129790170958544
0.00808660649819481
0.00766370891217982
-0.00518867715987381
0.0154328943410242
-0.00274415292513897
0.00783179306658566
-0.0212825054965698
-0.0121602071782502
-0.00535847188884264
0.0144146402561542
-0.0253337024640076
0.00279805614900308
0.00602094858622593
0.0111670539072715
-0.00389774092164141
0.00137682608695644
0.0288732248516792
-0.00119565345596828
-0.0124638410134442
-0.00192529941795139
-0.0114310637177176
-0.00816643810675854
0.00728650512654827
0.00209775744727447
-0.0188406916829619
0.00132436729435503
0.00146948560751703
0.0465883408674612
0.0363127109560202
0.00378811467512508
-0.0101758474976469
0.0150462345095916
0.00999400389010674
0.0286226387485371
-0.00716637618417171
-0.0197034661185035
0.0213598739635157
0.00454632068229954
0.00420255387861324
-6.44411508428089e-05
-0.00676069160724602
-0.00492671479731344
0.00703584364820853
-0.0147496375372023
-0.00755094535355993
0.0115117768380459
-0.0119039310085939
-0.0136361415538956
-0.0130863503485118
0.0157759216071798
-0.0101754180554486
0.000946834837367572
0.000675716216216316
0.00384869667054555
-0.00040355822161231
0.0205235379818076
0.00191212575729605
-0.0267193029296342
-0.0120359592402186
-0.00239549652730486
-0.00528258799679571
0.0163459267416399
0.00603962400896019
0.00155140640809437
-0.00235715927686309
-0.0149868421323555
-0.00472896292977953
-0.00234124774589406
-0.0190503168466899
-0.00429214763200625
0.0166066432268619
0.000973161400158684
0.00319449305555541
0.00394567335165652
-0.0029648555675712
0.0150069011753706
0.0417659592078501
0.00300854818869389
-0.00978090760445416
-0.00599238768607679
0.0188141507548358
0.0178165428487924
0.0236376223320618
6.24664560311405e-05
0.00374432714227657
-0.00969906142002153
-0.00910344681757558
-0.0268009627219038
0.0156900319391915
0.00878155274602754
0.000571838843187233
-0.00412773224025054
-0.00191304034312412
0.0569255607736887
0.0284712941987491
-0.0142235689092721
-0.000834718573606397
0.0263754502163092
-0.0058139534883721
0.00941521052631589
-0.00266500780566026
0.0167296259098331
0.000514174715843918
0.00325495098375272
-0.027320865987582
-0.0230557787059265
-0.0318059185110379
-0.0421924773706537
-0.00310044553866984
0.0233251658241587
0.0446372224308318
0.0030910660315453
0.0138972990936557
-0.0243146717941358
0.029501600112988
-0.00379708685024482
-0.00863556051133196
0.0212062829001323
-0.00817694546217573
0.0128706875609481
0.00415759198553389
0.00816427007614351
0.0127833811666074
0.00811010927203393
-0.00328594423222328
-0.0343318037874304
0.0100064571782124
-0.0324610532655996
-0.0275268454998954
-0.0109011770374948
-0.00187865862760783
-0.0417215260789354
-0.028610775546328
0.0241288813145812
0.0313919321762146
0.040581935677757
0.00766494962392761
-0.0303657636418698
0.00251041176127553
0.0207837291603943
0.0123268062348436
-0.0184770271440045
-0.0426490731354382
-0.0216620525971114
-0.0166721515650742
0.0148773688856898
-0.0198098254119146
-0.000404183503042388
-0.0167139164067289
0.0445510642036078
0.00314967860169357
-0.0281266539728332
-0.010499380663624
0.0397224652503751
-0.00771953416381321
0.0228771173532425
0.000773509536842187
-0.0847556041796713
0.0263176762626298
0.0649982558108362
-0.00225330583591965
-0.0182604340756339
0.00926719721066838
0.0146522533817695
-0.0276618834177766
0.0127392277227723
0.0265268017055831
-0.00336507301587308
0.0148436133347545
0.00828620197828855
0.00155646873230197
-0.0059053709798399
0.00656580173293908
-0.0044728893304784
0.0046801872074882
-0.0223602857142857
0.0123252990721208
-0.00866065667530214
-0.0273487453061457
0.01060924896257
-0.0512655747725749
0.00848550686966942
-0.0275982165804823
-0.00560717818600132
-0.0108597150376489
0.00373002332972105
0.0173889432544154
0.017711866945064
-0.0333852039464374
-0.0198262638424316
0.00779069379484842
-0.00822697872340417
0.0223112921141673
-0.00440686184353634
-0.0177053605324898
0.00607972256748024
-0.0239585589660581
-0.00517146941656554
-0.00563775068622419
-0.0193653268443462
-0.0251538607604521
-0.00207967338704962
-0.0264742285655176
-0.0110996117759363
0.0258959025279588
-0.0396999221608308
0.00594078790545538
0.0087371652072068
-0.0441093905828953
-0.018374041138115
0.0117094273504272
0.0441834490787332
-0.0504854134382753
0.0193421607077184
0.00309289483640129
-0.0128333416666667
0.0601047025165009
-0.0148112834080063
-0.0204493936271467
0.000990147685615117
0.0255544147317519
-0.0109316048249625
-0.0422592838132642
0.0935936121102015
0.0193978887570652
-0.0150708701830238
0.0267388497715078
0.0191931580671896
0.0258474255713042
-0.0205169240366588
-0.000587990601028876
0.0299309245456958
-0.0118529379824435
0.0314329505848179
0.0053243307648756
-0.00905925435540067
0.00295357249550432
0.0290281878077476
0.00545109721487802
0.00589587294518656
-0.00390747845686412
0.0459248747003769
-0.0157785955495253
0.0034822536823047
0.00432137116012221
0.0207966817967058
-0.0128368563949821
-0.00873394538954775
0.00535172950429641
0.012139775934682
0.00590082724903285
-0.00433595607554738
-0.00198525784125214
-0.0128336758940882
-0.00110503122998018
0.00143164575299859
0.00214440185940878
0.00395539486476859
0.0302266546505632
0.0159238171877567
-0.0132057942633917
-0.00343945335652651
0.0281124182472865
-0.0114745425164685
0.0260557286836867
-0.0125164706199018
-0.00152346124838043
0.00909362188244289
6.05419150971898e-05
0.00169337157447691
0.0163013760701147
-0.00433669572462791
0.012947481636725
-0.00624372371458515
0.01120264905211
-0.0062134405786598
0.00418784374964543
0.0134507665198238
-0.0143154404787764
-0.004939207181899
0.0171955508407622
0.00609970376495705
-0.0215370111260811
0.0326920380688998
0.0166285942857143
0.024394333665464
0.0307270562414266
-0.00601546427419342
0.000267796699508382
-0.0108154626371374
0.00985118809201624
-0.00182243119066827
-0.00263110675253408
-0.00430711197622724
0.0121119875406945
0.00860134661934731
0.00969332098020681
0.0132724743802455
-0.00750710352080053
0.000678169024697528
-0.0145441743778952
-0.00163984876999024
-0.00439782767758867
-0.00622670589334873
0.00214217859245291
-0.000374108898249625
0.014647733504199
-0.00300319805579774
-0.0195000955345367
-0.0142826026731607
-0.00667068186708231
0.0109539605983813
-0.00201465203060747
-0.00300064390312904
0.00755165788684309
-0.00162930701795849
0.000489593061542948
0.0219672280579146
-0.000159611601377119
-0.0461898312706452
0.0090938961980056
0.0239952016364018
0.036661048233749
-0.0149478906249999
-0.0124781945625181
0.0436365252741548
0.00220607430952269
0.00691062686734689
-0.000864250140278355
0.00712356386874036
-0.00535541877172707
0.00111749380600146
0.002435491449297
0.0121475624587086
-0.00865127764839091
0.000554888000532605
-0.0114444362557771
0.0110669011519084
0.00221943001261038
0.0159544967944589
-0.00168432080806347
0.0207423229308787
-0.0148274333713286
-0.0312854487427223
0.0111558352723329
0.00826195969773291
-0.00834414913732462
-0.000806182290491342
0.0106903082112884
-0.00289371361700341
0.00200147104323833
-0.00853936079900119
-0.0104764081461413
0.0152702834831926
-0.0131856257279686
-0.0149367625368414
0.00201144980149293
-0.0104488316370642
0.0147204265279584
0.000358786135341571
0.00153729443619666
-0.0215912052431497
-0.0154264344595814
0.00706395797250892
-0.00411370178728077
-0.0307154739107613
0.002731792617231
0.00599360325828813
-0.0199317981928236
-0.000276336009002565
-0.00530675528933411
-0.0274536064526664
0.0279428514285713
-0.00772693872770547
-0.00627448179271706
0.00253690938840601
-0.0218186186603091
0.00586377704852725
-0.0012002400342902
0.0237469050053474
0.0168240675909883
-0.00346308820869701
0.0108114461673567
0.00180082946793991
0.00827979073668383
-0.0140464933318263
-0.0185753369863013
-0.012338825233997
-0.00678347677049662
0.000341479800936018
0.015304973125426
-0.0466797542170876
0.006642399677945
-0.0120291854014599
0.00413734258363552
0.0122432280431057
0.00819912770716336
0.02197483498746
0.00575656068901664
-0.00488194246016715
0.00541336992022923
0.00802015129523026
0.00339397993421198
-0.0128091219431989
-5.61422235362263e-05
-0.00634762933720645
0.0250438579062913
0.0223913404106586
0.0404574376832065
-0.0125985479936088
-0.010343927702976
0.0204266027255222
0.0308844274852136
0.0188631206160665
0.11573686737629
0.0360708329387764
-0.0161870458001534
0.00766081205578462
-0.0100216285097192
-0.0363469205621277
0.000996155734765969
-0.00633287626394297
0.0143397324563184
-0.00691144399793509
0.0132863431547647
0.00486128353910775
-0.0399005418303718
0.0100776300363192
0.00434781235697934
0.00660741407984622
0.0106383253229061
0.00129896080627101
0.0080075559454813
0.0200594859090268
0.00378505537215434
0.00190708650352334
-0.0323152875529453
-0.00666102636093679
-0.00175517104079881
-0.00180331817143797
-0.0046068604921754
0.0103906439057608
0.0150889173056512
-0.00261013987909664
-0.00576625867065328
0.00428287765200652
0.0181244768418796
-0.0131768575140551
-0.00588054123783466
-0.0147215667091544
0.00812532392057652
0.0135673620779353
0.000706851914177076
-0.0294897045825586
-0.00218338340945023
0.00547044581751255
0.00630213553048731
-0.00914619971812847
0.00341033106047961
-0.00367062585463018
0.0250159191075416
0.0017749112452301
0.00881469278912772
-0.00171239956092206
0.0314039363502641
0.0319829424307037
-0.00157026859504139
-0.00761524723978235
-0.0186420928294357
-0.0242658282628518
0.00391983439233878
-0.00828635140997824
0.0101492105542536
-0.00142913686840518
-0.0171741129571159
-0.00163266705570264
-0.00411046629834255
0.0221906614799634
0.00464567544060546
-0.0215220840205803
-0.0194779555765565
-0.00211712162162159
-0.017965946002645
0.0111698136818688
-0.00472767532916951
-0.0468621946938687
0.00656512385449437
0.0248035797457238
0.00320543536201412
0.0292660666255995
-0.0146218560377585
-0.00607251381476559
-0.0138270429158248
-0.0221259556310867
0.0043824752568824
-0.0127578938745679
0.0223385564500662
0.00996191447734507
-0.0151677062586607
0.0111022158180396
-0.0170545226230349
0.00751058628869572
-0.00396318005137786
-0.00956849505201796
0.0165000577072085
0.00446980347835058
-0.0292753752101884
-0.000965122539926533
0.0139103801070934
0.0207222086577954
-0.0126476219228521
0.0316222445795258
-0.0175028957617411
0.00736838153046993
-0.00476829324494921
0.0150247049032413
0.014664758248232
-0.00496818562904677
-0.00326813129924319
-0.0309668159928379
-0.012594539631382
0.0122792869816795
-0.00921531798189557
0.00204056379330053
0.0290300666976688
0.00736345920909476
0.017908534048648
0.00309681794440841
-0.0105145682326623
0.00994805362734952
-0.0141482154247178
0.0121712746975677
0.0761879633012061
-0.00366898052110121
-0.00824371675003677
0.00232068776371319
-0.0137234685701099
-0.00192068382536503
0.0018816413253786
-0.00221958341394735
-0.013774820623178
0.0201700752198772
-0.0091840766258422
-0.0354460585995197
0.0200649326855908
-0.00388171669522741
0.0147992688594041
-0.00306340763578705
-0.0157967369150588
0.0093223471382553
-0.00771142773367939
-0.00456618380238372
-0.0115560823414075
0.0172244573701616
-0.00618531302291103
0.00498781719283392
-0.00882815821239069
0.00824212795889689
0.0201292226085756
0.0116755244854787
-0.0115407798280153
0.0149498125244505
-0.0197809829375926
-0.00649575616227049
0.00396654174846622
0.00607820947268523
-0.0111767878337167
-0.00894650872369074
-0.00308246515623711
0.00830427584391669
0.0173478421632656
-0.0298841799919766
0.00892187874496497
-0.0260448654723511
0.00542053018744859
0.00350435345939126
0.0155802067712205
-0.00370303304008179
0.00840705309734502
-0.0138656826818521
-0.0178873538780957
0.0197988174166419
-0.00333200059233196
-0.00476951064936282
0.00228420742089486
-0.014210353982529
0.0151858155434501
0.0037061933963769
-0.000489371832411156
0.0103707750066389
0.00484584140969169
-0.00241123623644268
-0.00791036245339005
0.00332225913621254
-0.000309081677704159
-0.0638607624741657
0.020097159880657
-0.0249733806589905
0.0170279180664239
-0.00191214907109549
-0.0193448908776435
0.00514605244070276
-0.019720332112638
-0.00976831117741761
0.00317426374616847
0.00462465684572733
-0.00610550966965895
-0.0229145189268466
0.000648615325610225
-0.00792857313004902
0.00939939697511027
0.0128472607811432
-0.0168141499551863
-0.0222022356676115
0.0245986149748916
0.0123284298778608
0.0541366513215829
-0.00846584646680293
-0.00202843053850577
-0.0177727124009521
0.00630412887915122
-0.00124334081945709
0.0150825660019374
-0.0365094575471698
0.00435718702529098
-0.00906654182012789
-0.0189384186756306
-0.00120339449254514
0.0160642422098027
-0.0160573127289717
0.0150640225477485
-0.0116249867412808
-0.00555556047714378
-0.0128340780831036
0.00209036403635343
0.0307300580402434
0.0118959674593211
0.00599998048780481
-0.00601266073825657
0.00692716213163647
-0.00213169415955239
0.0191290138411953
-0.0188652609429706
-9.71303728642958e-05
-0.00383622603240708
-0.0068733694397648
0.0110440290785654
-0.00684527151850223
