0.018507383192665
-0.00138257947101361
0.0160205297464293
-0.00603461175850906
0.00215426944468722
0.00898970134804378
0.00251785778582492
0.022990785277851
-0.00132200186360709
0.00888799151119524
0.019119044765475
0.0068052787714783
0.00748995222908477
0.00580233886482917
0.00721106891633183
-0.00125290856010218
0.00591401444290351
0.000356333505142858
-0.00231526260675818
-0.00107106390574796
-0.00339526453529782
0.00143442711135022
0.0010743420259387
-0.0028617420854945
0.00161434977578478
0.0050143087392549
0.00801854967958926
-0.00353546049142661
0.00195141035925861
0.00194759206798878
-0.00194380632620617
0.0100920502832862
0.0078878353705143
0.00869565217391299
0.00396551724137928
0.00566719903829638
-0.00819670409500162
-0.00946974829649638
-0.0031288198006052
-0.0148212385290755
-0.00230090265486727
-0.00549934372005223
0.0165893860758226
0.0147394274525556
0.00276672997521255
0.00638039295118498
0.000514016440815501
-0.0011988183113345
-0.00445814471879291
0.00413362032150144
-0.00411660384419565
-0.0141233032359059
-0.00471699843756113
-0.00702125667858078
-0.0134346650167934
0.0132592364583546
0.0167993106418975
-0.0137391478260869
-0.0107564981618146
0.00196080220894124
-0.00426966739494161
-0.00464538137135284
0.0183091189788029
0.00158646218931779
-0.00404787046814492
0.009895776638982
-0.00874890608052825
-0.00105917030682534
-0.0113094009542323
-0.0277032881554372
0.0047793748242877
-0.0162824734723745
0.0154360795982889
0.00934071462786501
0.00399203404115345
0.00885591871115432
-0.00698674310283054
-0.00234531841962837
0.00343585901330656
0.0108127226234378
0.00784451773934736
-0.00389170358909785
0.00355171366450513
0.00831714770189862
0.00193050193050204
0.000700665615694485
-0.00210052508138403
0.00806881277210358
-0.00348009390151216
-0.00453993364763405
-0.00210487641132706
0.00615227643087124
-0.00401823885331087
-0.00982278582083096
0.00956600514497774
-0.0112301101516017
0.00319433906634736
-0.0159207149464127
0.00161783207589727
0.0134601576909519
-0.00637506629404883
0.0190696663862118
-0.00104933543196917
0.011029429464801
-0.00415587878787871
0.00608595048116656
-0.00293816102768463
-0.0090137113713592
-0.0218646150731018
-0.00572246086274897
0.00035973022876723
0.0167206043998671
-0.00813437680166884
0.00142624353717236
0.00694326177472893
0.00760256351480604
-0.00438673436087966
0.00458226984200683
-0.00280701754385959
0.00492609078113992
0.000700297631307745
0.00472358292512243
0.000174107609263396
-0.00400417834269107
-0.0178290511768756
0.00800854258780115
-0.00105926908649845
-0.00265114872212269
0.00230375686691486
0.00707210029929106
-0.00491571286720005
-0.0128317632770569
0.0089031339031338
0.00688314507589127
-0.0101664857172039
-0.000354170349669447
0.0127545967625404
0.0138184542178925
-0.000517581099337194
-0.0079406007250129
-0.000870071326430022
0.0128875309260721
-0.00515816712517192
0.0108883682874461
0.00529999981877238
0.00476195586329853
0.000338456318941915
-0.00169201359363835
-0.00881355932203398
0.00649796511627909
-0.00237852527389515
-0.00834470353636418
-0.00120212948651899
0.001203576341128
0.00635407865361493
-0.0121160243043011
-0.000690982910537041
-0.00242003465583518
0.00398544453275762
0.0160510876087518
0.00815354184055606
-0.00387529920388541
-0.00507440806959414
0.00357019721183272
0.00304929701930035
0.0106401116473587
-0.00685160427807496
-0.00504793875147236
0.000507339751271152
-0.00997295469912096
-0.00580501963462532
0.0013738794435858
-0.0258961065701233
-0.00176052820000927
0.00917107567599529
-0.000524327149172943
-0.00192336076103095
0.00718290093963203
-0.0210471900835906
0.00568583876485151
0.010070671733946
0.00857096409203995
0.00225461325008669
-0.00173043776206194
0.0149072632155878
-0.0030742955264611
0.00137060135978406
-0.000171120612983411
0.00256675226842495
-0.0025601809182455
-0.00325118075378472
-0.00309012875536485
-0.0120544343034269
0.0101098485290194
0.00327865395550209
-0.00343997253938721
-0.00103551952080638
0.000345559772882531
0.00673573379151171
-0.00789155930877405
-0.000345858538963961
0.0133195119647205
-0.007511146892757
-0.00653596502469844
-0.000519355973662039
0.00744846700155888
0.00240713548830818
-0.000171492284245178
-0.0106365240926998
-0.0169932206344102
-0.0241665024548686
-0.0479031453362256
-0.015188893684788
0.0287256994163427
0.0239879680661925
-0.00933378494388337
-0.00738963592481745
-0.0303369067560022
0.0126679467434914
0.00492801383351082
-0.0194265937382121
0.0436621641214787
-0.0103206233070632
-0.00186225322416667
0.00914182869932212
-0.00240342022554996
0.01204599725808
0.000549313302521393
-0.00732058944583813
-0.021202100988123
0.0107364852137877
-0.0141632128214685
-0.000756162542300154
-0.0126750281370596
0.00881400668354115
-0.0210826392751134
0.00485060138046944
0.00830276099048555
-0.00268094594636259
0.00960061407063684
0.0226321406378038
-0.0143202529291427
0.00320750943396231
0.0109084450219463
-0.00576746046511623
0.00898201738364546
-0.00964384308767963
-0.0117977898203074
0.0147811066894068
0.00765639603466672
-0.00518901047422193
0.0102459016393441
-0.00479437580674891
0.019084657789797
0.00545452727272733
-0.0110307416099592
0.013896544412078
0.0137060051631019
0.00142326990612451
-0.00977081169353677
0.0113024215535551
0.000354798658059208
-0.00336935632859303
0.00177932381175583
-0.00337474251109671
-0.00855462469159463
0.000539259382720481
-0.00197630255120373
-0.0129612423575381
-0.0124019692722244
0.0129269801319674
-0.00382860542674945
0.0172035691289085
0
0.00557749170286104
-0.00286274830672306
-0.00412704109097428
-0.00126126126126125
-0.000721648926574003
-0.00162484205858182
0.0128390418234909
-0.00321364053610573
-0.00859759954871575
0.0272809946623664
-0.00123109389322729
-0.016200070149673
-0.00572758198903855
0.00774079221855617
-0.0194712575919971
0.0014574968383585
0.0263779693218487
0.0161291037266609
-0.0270365069933192
-0.0227680355462178
0.00128424147071149
0.00677902137123421
0.0101910280220014
0.000540497227184078
0
0.0145840292656818
-0.00443655738905258
-0.0115863997000499
-0.0203787372339272
0.00828424153166418
-0.012050374292496
-0.00757715750180821
-0.013966480186844
-0.0145420393854194
0.00939053277117674
-0.00835386399672933
0.0256557533984301
-0.0253873623296621
-0.00114914769486973
-0.0116970465312735
-0.00485060138046955
0.0194969775882827
-0.0137693820277417
0.00698080279232105
-0.00596959368380512
0.00348702060222816
0.0295367380219447
-0.00112510777704444
-0.0172705462737001
0.00936011497077804
0.0251702876608628
0.00886106733841863
0.00640435475189927
0.00509089090909076
0.00416061874386076
-0.010088218702512
0.0205641670506975
0.00748926506814307
0.0153982123893806
0.00226601014931171
-0.00330433043478262
0.00418771585783073
-0.00799303228484849
0.00630585041163068
0.00539594420546674
-0.00450135057137646
-0.00782610434782605
0.0182296409856204
-0.00430366672404892
-0.00155601659751048
0.00450212987012999
-0.00551627324655313
-0.00433350674871735
0.00470055718489837
0.000346577722172503
0.0174952710895548
0.00153217563731101
0.00526936919023058
-0.00372000344470758
0.0157841145887343
-0.000835405207532336
-0.000501655526783495
-0.000669232056215607
-0.00318096433952786
0.00436677856286916
0.00401341143835121
0.00866089259392266
0.00297227538024636
0.000823164279777355
0.00954100987759499
-0.00260713708012272
-0.0125796440545605
0.00496364998285315
-0.00938432632912978
0.00565065666114872
0.00314002654569578
0.0131795549723301
0.0105691382113822
-0.00289623482232548
0.00564787791434762
0.011713719512195
0.00428233155086977
-0.00552746367656343
-0.0114340318971887
-0.00096387148594379
-0.00160795950487147
0.00724755999355753
-0.00495684354082437
0.00932027960790616
0.00541316660701852
0.00791765612295636
-0.00157113899226591
-0.00298974040896527
0.00142045452303585
-0.00362490144011185
0.00316350833338319
0.0152948759159532
-0.00760983083723921
0.00735525798575076
-0.00652480938986433
0.00781854561659823
-0.00636145879106853
0.00702681125816973
-0.00480691594997407
0.000311576815207104
0.00420566997845806
0.0164417245782269
0.00167862050478584
-0.0010664076944914
0.0054903156931525
0.00212346428029697
0.00151351596791294
0.00408045954603176
-0.00406387706008804
0.00196471216456739
0.00452481125830406
-0.000300240249256567
0.000750901148966809
-0.00420229645215209
-0.00813865887381049
-0.00167149374476505
-0.00547946752569861
0.0102541481637066
-0.00227239805264667
0.00926207091919107
0.00406193765515361
0.0010488463005347
0.0164646914074149
-0.0446179770509216
-0.0177249854065191
0.0291855640985408
0.017990563682913
0.025310799399916
-0.00511244529816601
-0.00763478185824717
-0.00710156869960465
-0.00461925190553925
0.00553884705663865
-0.000297692431076246
0.00223381973987147
-0.00371471008701141
-0.00134234147610712
-0.00657111718296166
-0.000901954340136402
-0.00165514597735694
0.00120575738374562
-0.00707513171759766
0.00788362655978814
-0.00361018335092433
0.00603866262194042
-0.00255099043443874
0.00120358054455294
-0.0120210813514163
0.00288976425855525
0.00227470420762188
0.00121050090546237
0.00196471216456739
0.0049772848426568
0.00660367731969114
-0.00134183688683465
0.00253805602248192
0.00327626200219622
0.000296808655329883
-0.000296720586091759
-0.00474988846297053
0.001193049909334
-0.000297869818167928
-0.000894024722187026
0.00372856060871474
-0.00252609201220988
0.000595873704567706
0.00655058825519084
-0.00621208391935968
0.0108646521546465
-0.00294459667092473
-0.00132906081912187
0.00236587323817261
0.00752326290716532
-0.00175699845869692
-0.00146667644470544
-0.00205640416990571
-0.0287018537326509
0.0183360969339625
-0.0159226197584502
-0.00453644357491823
0.0086586659985215
-0.00737948772953345
0.005461887090767
0.00799767653528027
0.0124250593222279
0.00857610565915001
-0.0126081368216997
-0.0050481961410006
0.00582002668795623
-0.00252224028123926
-0.0123456933357566
0.0128011743132177
-0.00431228252788107
-0.00940855748818037
-0.000150791492513402
0.00105547346200252
0.00391629769417534
-0.00330085511475298
-0.0135481107933163
0.00976650404038626
-0.00740513850400903
0.00471982338611432
-0.0100014550689941
-0.00290835748022766
0.010132084896102
-0.00881461965890806
-0.00291324742543309
-0.000922620343266622
-0.0349392021711682
0.00829346079276783
-0.000632726975123066
0.00427352010129778
-0.000945657983519976
-0.00836090879256846
0.00159080493810371
0.0108005084307579
0.00408552803402773
0.0186227537207275
0.00445538512554222
0.023401760021494
0.0133014339679312
-0.000295044234732589
-0.00250808501782374
0.00177491492715709
-0.000443023751231841
0.0202363819897953
0.00231653395106424
-0.000288949864699517
0.00274531141085554
0.000864510061541424
0.00446297155863773
-0.0123261149058098
0.00101580316262928
0.00478392266813898
-0.00591539477464698
-0.00740207525683378
0.00438665015918493
0.00131019067374605
0.00945043631070708
-0.00144027077632169
0.00201931337027794
-0.000143975814826947
-0.00201553414937428
-0.0112521494518175
0.000291756634202445
-0.00145856188618909
0.00321357001480549
-0.00422249563191623
-0.001169776300187
0.00146400238512689
0.00160784963555916
-0.00467016949811028
-0.00703806482572134
0.000442985817439734
-0.00236168265682657
0.00414272845940089
0.00618827142235445
0.000292824713825857
0.00541651311422986
-0.0128130023296448
-0.00427730069569476
-0.0010368833939598
0.00207591927414219
0.00221960632673568
-0.00132886455061865
0.00783558556823749
-0.0105618456964016
0.00800594550063516
-0.0063244596653762
0.00991718501827088
0.0063022274819482
0.00131074854000879
0.00145451636363636
-0.00740743667124
-0.00468245564427594
-0.00896784808737938
0.0317460150276805
0.0139467139922338
-0.00864992946610599
-0.00200267475310112
0.00917309771419372
0.00241440122628012
0.00708415961790432
0.00562747592494439
0.0064353522760765
0.00959125633607849
0.00867417081126964
0.00354893520204924
-0.00802498672572027
0
0.00836419854655146
-0.000407927652870232
-0.000544157242711063
0.000136137197003672
0.0159226857952088
-0.00696590738202518
0.00121413737545395
-0.00538939631649971
-0.0027092522351666
-0.00910086895812812
0.00205621667126321
0.00779753783303816
0.00760153407361286
0.000269392418049685
0.00134677441077447
0.00443849373069249
0.00615960096411361
-0.00146393400936828
-0.011062268573401
0.00323456886393148
0.00228370493595631
-0.000536134559226187
0.000536422153681215
0.00415489875144237
-0.00694068358090461
-0.00389786279844462
-0.00296858719513438
-0.00771415628250327
0.00136385706492104
-0.00054482431339764
-0.00149904612288276
0.00204723633331128
-0.00054482431339764
0.00013630417564614
-0.00912928204291164
-0.00893840746784369
0.0088802414319411
-0.00123773898002666
0.000413095548894571
0.00880934593780203
-0.0192386953303494
0.0159989155258311
0.000410776398887647
0.00492745701964048
0.0113048491229868
-0.00161620202020196
0.00256310545918392
-0.00363289827771784
-0.00189060086871307
0.00635899032017373
0.00174784895460522
-0.00523418319060043
-0.00634108177248716
0.00190086892326224
-0.00149073043107828
-0.00407170195439743
0.00585992119896095
0.00365809520818572
-0.00499464079388112
0.0107176910964277
0.00147652348993277
0.00160839027464954
0.000133748154673707
0.00481669801489693
0.0190412921182768
-0.00209063115236685
0.013355976953412
0.00219665334276575
-0.00270758129725579
0.00193926313999393
-0.00154842580645154
-0.00697856062206881
0.000650741835020341
0.005332344977661
0.0120310473985363
0.00357917664914331
0.00114629980521452
0.0124682445920672
0.00653425467368063
0.00212233463476497
-0.00161950921712384
-0.00424252563317351
-0.00501254367120763
-0.00906803503606957
-0.00788004575495693
0.00115301053428163
-0.00307099160406932
0.0102681935428985
-0.0133400459070009
0.00386292794937271
0.000641393030289761
0.00141008841404711
-0.00576043244647584
0.00849754109688505
-0.0030640366892879
-0.00870779913985398
0.00968867021373621
0.00742059839198572
0.00152404118679295
0.00164845293369953
0.00202562354793323
0.000631648752200897
0.0055555810185195
0.00464594430745779
0.00337454059806186
0.0034877803125033
-0.0042204196678356
-0.0350286333205106
0.0164060965556856
-0.00902388154550093
0.0101321147860445
-0.00152365410046584
-0.00267038406244124
-0.00318755578222618
-0.00230237912509601
-0.0071794615384615
0.000516541825502426
-0.00516263531894812
-0.000778476886910129
0.00973773083891438
0.00437191736036713
0.000512111118779801
-0.0120281890715755
0.00194277945787835
0.00129263183437645
0.00864959990510727
-0.0124151163092967
-0.00362891375692509
0.00104060878150136
0.00623704529933811
-0.00568184386152271
0.00532472727272726
0.00865518622115036
-0.00268953630405899
0.00282513152079877
0.0112691131396652
-0.00164625805183916
0.0394469959130896
-0.00915192223863048
0.0068966135552937
-0.000122333656498719
-0.00672786544342507
0.0014778695127291
0.00159858583374328
0.00392879081382902
0.0100281158136768
-0.00302700099416398
0.00461507187831289
0.00193418759750741
0.0092906012050169
0.00681409427820445
-0.00664921625921133
0.00179289974693275
0.00847153104573528
-0.00153807388327287
-0.0133901767198742
0.00528459031264483
-0.00597371586524664
0.00180289669962375
0.00167966410749054
0.00107802134574242
-0.000119669774595099
0.00394880938135711
