0.00560270176747868
0.0121315421650929
0.00816839229783528
-0.000616468499785139
-0.00590416797926951
0.00416630625239445
-0.00406072567144011
0.00585005318206
-0.0114557892635938
0.0134605277233018
0.0118743862806863
-0.00964882641125842
-0.00473976125691222
0.00379223038885468
0.00606222105078191
-0.000611300312439056
0.0214085718034154
0.0121481650453259
0.00574761230238563
0.00403397771298386
-0.00418515104892314
-0.00495926700042637
0.00802504666392245
0.00192739458765789
-0.000334568423127513
0.0107931813284767
-0.00231768069394378
-0.00879447447767756
0.0116347199160063
-0.00786030938391269
-0.00884001304845261
-0.000252402191878942
0.0171688352129271
0.00190298691127766
-0.00189937243040295
-0.00695022334146755
0.00233299455923164
-0.00789696572160525
0.00603269385894745
-0.0177396352127924
-0.00127184159281257
-0.0101027505721815
0.0154374273659936
0.0100506248302259
0.0127937708100601
0.00759575608663088
0.00516221726350197
-0.0138582948375039
0.00388526904285968
8.23040170898626e-05
-0.00279947310332174
-0.0135414085249657
0.00225995645551214
-0.0202939706078833
-0.00903587092380642
0.00825805591397843
0.0168927823299445
-0.00125850320901921
0.00436825433158372
-0.0142187774208561
-0.00296961646894944
-0.00161690066178377
0.00230136379134005
-0.000170048479294138
0.00603894701029173
0.0145417738801299
-0.0129166916666666
0.00557200520655132
-0.00411382751982348
-0.0107064994763151
0.0097145293517602
-0.00430411856366142
0.00762836054513416
0.012365419221873
-0.0107187371951598
0.015118453134864
-0.00529538304405608
0.00856761762961566
0.00181444123711327
0.00831482663773087
0.00236768446192803
0.0162906251435357
-0.000881566102786779
-0.000802230040037655
0.0072254416702866
-0.00438382754968769
-0.00280206539742012
0.00305077076189431
-0.00568271961449152
-0.0342912492725288
0.00383428353893245
0.00722413850369508
-0.00906847463144755
-0.00282858576111278
-0.00492244280892329
-0.00922276370980368
0.00177709235469403
-0.0113194461391987
-0.0011107057321369
0.013086972437363
-0.0132556482057473
0.00889878474633043
-0.00907478554576258
0.00273885664973839
-0.0151929578288509
0.00320682102288483
-0.0195248552915767
0.000793056670949976
-0.0101250394413621
-0.00160099617539811
0.0042761959910913
0.00576593615454812
-0.00740867897535757
0.0392749063508537
-0.00564292070488126
0.00679271693569938
0.00649075092632168
-0.0060245991688519
0.0186102187007873
0.00687226785115658
-0.00541036295497221
-0.00343121605877006
0.00235135199275538
-0.00360255526472386
-0.0187505507441353
0.00574126835667355
-0.000766839888382664
-0.00349587315395528
0.00530499686904262
0.0082560304409911
-0.00641568467343989
-0.0229396522414524
0
-0.0090434869565218
0.0393120659820294
-0.021276629157774
0.00629748113004625
-0.00300042000856537
0.0243335677300025
0.0139343913523309
-0.0230979466586808
-0.0164406949152544
0.0188695677902735
0.0208879577167018
0.000828354863913638
-0.00413838768415831
-0.00340754654255315
-0.00950718840773279
0.0103561760635558
0.00241667500000009
-0.0196192616209222
0.00534213516492832
0.000337381922020707
-0.0136593172623831
-0.00316295085066809
-0.000257259237996244
-0.007119591574548
-0.0187472829373651
0.00193696950278288
0.00105443758204471
-0.00333564788159502
0.0083670688007127
0.00515332352438325
-0.00834201410597812
-0.0142832540935002
0.00320028452662968
0.00256979180451555
0.01157855764167
-0.0159021410896149
0.0151824473545887
-0.0136434935680774
-0.0572796511551663
0.00921748495109109
-0.0194781355225125
-0.0183442640276044
0.0320487706433847
0.0100385405774854
0.00640900960769053
-0.00599908640515157
0.000928560842949677
-0.0168831164132714
0.00500093399695412
0.0215941785448468
-0.00119472477152316
-0.00809713838792792
-0.00445271787237345
0.00465896384644049
-0.00686327212020033
-0.000747123631917646
-0.0058878224299066
-0.00958921661401102
-0.0123397724222073
-0.0114368281181118
-0.0136107523467748
0.00157701558818268
0.0037393917416042
0.00999997058823543
-0.0109687248389262
0.00382765731502266
0.000977688707251456
0.00371171138049542
-0.0056442388936504
-0.00910158543746331
0.0191605135802471
-0.00639599755022779
0.0070223447480966
0.000677966101694905
-0.00145181958962437
0.00271395759840942
-0.00618655407017554
-0.00447427301768832
-0.0214948318807001
-0.0267598696603122
-0.0402174818896328
-0.0441475667296344
0.0856632092521405
0.0135970330944164
-0.000203302841396247
-0.00742015676215158
-0.0189452018649215
0.0147181206246934
-0.00246886125366585
-0.0125812208664409
-0.00522193211488253
-0.0211023832020998
0.00557704859667618
-0.0135452642161846
-0.0254081419701188
0.00820942986697837
-0.00539170352305363
-0.00320833060303505
-0.022197558761322
-0.0048808173639231
-0.0133454776627234
-0.0245087052023121
-0.00509599449262843
0.00667069708174028
-0.0165660982944954
0.00589576457832086
0.0208133737036693
0.00515588259460431
0.0143390419018308
0.00804501762912269
0.00421848140711978
-0.000227111711464278
0.0135135365322177
0.00504198319327731
-0.00178367898942067
-0.00402056059838551
0.0118860506840097
0.00498674656442266
-0.00793914416277119
0.0095587528113954
0.00407348884567904
0.00460532909885947
-0.00371102367241782
0.000876446109514095
-0.000218968911788853
0.000766455036849356
0.0120336719381393
0.0131877740095605
-0.005441181944697
-0.000750901086130629
0.0268384320592929
-0.00784108713348486
-0.0099051947332941
-0.00500213926141058
0.00834312778571245
-0.0149569963389307
0.0072151409948833
-0.00694966328396951
0.00968994432676396
0.0166346450910071
-0.00975447911703287
0.0182183341502666
-0.00312072203643166
0.0027130751807769
-0.00853365630278513
0.00304399085894791
0.000418585190845366
-0.00177822179452336
-0.00282925704705028
0.0225934626904807
-0.00205525643932292
-0.0057666357144821
0.0134644739472458
-0.00183955036974037
-0.00931704739054062
-0.0015502376694867
-0.00538251728203587
-0.0256009897221766
0.00128167258191825
0.0199466986666665
0.0153732791662848
-0.0139046045485469
-0.00940048066430921
0.00622104623454445
0.019700282929896
0.0232247666884136
-0.00301298583910803
-0.00413010992636587
0.00424841185263602
-0.00392828368179177
-0.00374155125636111
-0.00740962263732103
-0.00521527758241869
-0.0212787831134744
-0.0171200190853904
-0.00844198528655715
-0.00549630342174479
0.00260075858908504
-0.0143752166355993
0.0105274698864464
-0.0138903849399808
-0.000110069326177964
-0.0115562732604417
0.0146976843268609
0.00812033385669908
-0.0495265358813584
0.0135135135135136
-0.0100564858757063
0.0021687250066349
0.0318906025549908
-0.00518764912114011
-0.0307333417530238
0.024496325269044
0.0650279329608938
-0.00776330255979862
-0.0352083096805178
0.00493147397260274
-0.0449290636290861
-0.0215802689751021
0.0156377286582394
0.0104561991319798
0.0193313277386553
0.00312359441235599
-0.0155694064850846
0.0107320835087692
-0.0168771876955719
0.00693498188875608
0.0143388957886419
0.00823693269086956
-0.00651362317258497
0.0277808651579257
-0.0777380814734151
-0.00422041016809804
0.0111843298520289
0.0301548961480369
0.00440777561908545
-0.00168788111777152
0.00304324838770009
0.0220249358809963
-0.0115447502433672
-0.00812017779487917
0.0172703940175034
0.0243633449935328
0.000968618187012771
-0.0182776471717526
-0.0101850949553191
-0.00342992930172381
0.000333052070611739
0.00588234197297099
0.000331093467872412
0.00474290735747163
-0.0367767937985198
0.00148170735084818
-0.00762496844344029
-0.00642199563378421
0.00415513624371111
-0.0103448505747127
0.00615562151348725
0.00161606839256856
0.00749108012531119
0.0265385501381503
-0.0088032206107248
-0.00652044991075151
0.0066764284256049
0.0484487190697924
0.00139385659034597
0.00760170219268308
-0.000318765271291488
0
-0.00191326526544922
0.00106494140436753
0.00287230851063836
-0.00625858723640349
0.0210290563620836
-0.0186095030086879
-0.0236497382449216
-0.0217130164383411
0.00100374744573961
-0.00802229526462395
0.0241491747068312
-0.0092125904803686
0.0839052726989273
0.02062912623834
-0.0166099956651993
-0.00569798540596245
-0.00603769948794819
0.035210605432223
0.00964688186036144
0.0441292664734811
0.031132103773585
0.021774903336462
-0.0184455318767909
-0.00118596055867648
0.0272171253487465
-0.0132479593380639
-0.00558661004901939
0.00579919349583924
-0.0201801621621621
-0.0125045970484627
0.0080074486404571
0.015980010789211
-0.00718248035607749
-0.019688590284485
-0.00280245671735291
0.00833722716627627
0.0117057135981578
0.0041321945981232
-0.00585275730869239
-0.00947474022145833
-0.00482908618127786
0.0185703427185389
-0.0465414741815581
-0.0393004420101855
0.0111021500969548
0.0240379967964388
-0.00106252901069925
-0.02021084923273
-0.0105606000789576
-0.00847878304239402
0.0124748186624786
0.020270280408091
-0.000973880015582518
-0.00243712219853531
-0.0117268149765108
0.0305547719931207
-0.0073882555422351
0.0289029007898378
0.00403984396768409
-0.00102929724817169
-0.00618212802206575
-0.00395851091344968
-0.00397424299772908
0.00722016896788591
0.00688552179453472
-0.0059016112412178
0.00612508463649419
-0.00908489301540394
-0.00170132320317617
-0.011929577392646
0.0197393348051043
0.00479235115189525
-0.00168334424389793
-0.00234192037470726
-0.0052581971830985
-0.000188823858998988
-0.0063255099381706
-0.00256529216152024
0.00438177735620759
-0.0114757110873349
-0.00230264792374602
0.00153864797651027
0.00336051841842488
0.0248803636363637
-0.000933688159359236
-9.3476635514067e-05
0.00383217130259217
0.00130352883978535
-0.000929877246328092
-0.00874908770012872
0.00384980281690139
0.00495742194528415
-0.0127513214305415
0.00471386820024522
0.0138876137749837
-0.0117538543705548
0.00196665107666827
-0.00831853459797238
0.00622058447164164
-0.0237916911991066
-0.0073882555422351
-0.0159496766345967
0.0106089780763563
0.0143857313681686
-0.00153319277948261
-0.00671782169053226
-0.0132367439613527
0.00117500248237534
0.00303176528117355
-0.00750777120724977
0.00402786124346322
0.00264191788577062
-0.00312285543941782
0.0100831911877985
0.00310137623570461
-0.00135264734299523
-0.00377321977773593
0.00349617360885524
-0.00977452802139689
0.00215012705238471
-0.0041934854281892
0.000587572220276611
0.00489380453937183
-0.00175318986565098
0.00361013764484608
-0.00768035186000049
-0.000685803860095979
-0.00588233333333332
-0.000690335292103939
-0.00305936044489563
-0.000395901813380672
-0.00207967908260009
-0.000793837475255632
-0.00903766989695765
-0.0097213971709903
-0.00293493579465498
0.00680070057249393
0.00252041531363201
-0.00502815758189545
-0.0102082270020573
-0.000306320841417351
0.00194069454666601
0.0101947195512171
0.0165506818670171
-0.000694917084436031
0.00546388811985343
0.00108685901676564
0.00424397947098298
0.006584746928747
0.00136692055002752
-0.00516769705865239
0.0035283740422265
0.00312530523610999
0.00769156856870379
0.00396139130434792
0.00346446911887321
0.0146735019087034
-0.0036861908217527
-0.00673566998441633
-0.00105063040259679
0
-0.000669270510345932
-0.0019134807284773
0.0101610141871167
0.00113876450385542
0.000758312796208527
-0.000852472042953689
-0.00265427059729406
0.00114060451611642
-0.000664577980355463
0.00408512247605697
-0.00463624742858848
-0.000950560863609118
0.00104663179917464
0.000950470496630329
-0.00246885390691953
0.00152304612499621
0.0277539970321643
0.00758346455886794
-0.00468100058782006
9.21707839878216e-05
-0.0103272939694042
0.00270195653215399
0.0051105276404797
-0.000647129530315871
0.000185060132933623
0.00425452263444726
-0.00128937186794298
0.00368862036723305
0.0183755978822344
-0.00938283144651142
-0.00364299625747733
-0.00758685543716908
-0.00239478677351013
0.00138492293204551
0.00470221284069905
-0.000917665404077561
-0.00514379521051367
-0.00683222245096893
-0.00213817978990416
0.00177010440730774
0.000371998515502625
0.000929608626940803
-0.000371514820683871
0.0108706311680005
-0.00284931058319915
0.00470091261316097
0.0144036697247705
0.00732564891019272
0.00852940407243863
0.00560844822205198
0.0055771689587214
0.00211291494367161
0.0147588506587217
-0.00554063707833718
0.000870531882897208
-0.00278332606085652
0.00357606622632245
-0.00773509486763579
-0.00332834375629931
0.0023727656000283
0.000701394015454992
-0.00148938147441202
-0.00526452570619873
-0.00758578969077028
0.00222202466941557
0.00931177706080555
-0.00887439607898055
0.00505319135496829
-0.00185233301969656
0.00450683971343802
0.00369488877795177
0.000613620847177643
-0.0022775226952515
-0.00482883222425234
-0.0013233436492871
0.00644878992355458
0.00719740191345553
0.00488015686274501
0.00598388701732522
0.00137934482758628
-0.0019800619152871
0.000603812645561863
0.00232756034482762
-0.0043003355371205
0.00362792615430396
-0.00215164812545576
-0.00155252714244392
-0.00034555113432011
-0.00190114930953034
0.00450213852813852
0.00792971059980285
-0.00171031295176483
-0.00205583351132144
0.000944214592274673
0.00222967153563447
0.000256686910498294
-0.00496152258406302
-0.00335281980742763
0.00232896575519703
-0.00129082619511589
0
-0.000258560958417253
-0.00112047925669223
0.0028475451104284
0.00326963514653555
0.000428850779225609
-0.00711531920933883
-0.000259013987221501
0.00267723462581193
-0.000861309231030338
0.000344836206896515
0.0013788004017683
0.00283994843820867
0.0021453703093226
0.000599409150534358
0.00487804886398036
0.0030659257888932
0.000339624726945376
-0.00118825326769634
0.000169926920462249
0.000424834335382318
0.000594479830148487
-0.00254628246477673
0.0021272975355846
0.00237756650363163
-0.000847149491389754
-0.00288254352393069
0.00229568912256028
-0.000254487620999888
-0.000339414515730496
-0.00458366020853329
-0.00366676056110071
0.00154057690998211
0.00666557870446716
-0.00466895573848158
0.0127931769722816
-0.00631578947368416
0.00305085593220333
0.00033796045675949
-0.00329391886327846
-0.00338955167545885
0.003316036023161
-0.00203388135593219
-0.00399117690232376
-0.00332508309894208
-0.00359280575546961
0.00532275913488767
0.00196416741185601
-0.00562519380166704
0.00677124379482708
-0.00383106592738858
0.00316208011004049
0.00102234625206199
0.000340434042553239
-0.00204184105800709
0.00170500421896835
-0.000255310638297868
-0.005533336123833
0.00676254922102393
0.00212566956784577
0
-0.000169735277704586
-0.00330956392768378
-0.00161766713369937
0.000682193404704101
-0.00340884620449444
-0.00333503500367649
0.00506217061187031
-0.00102443231197225
0.0058109726323099
-0.00509769766604151
-0.00196409055446789
-0.000171173093920451
0.00256742837085877
-0.00324374727710208
-0.00077072023903535
0.00145695920466227
-0.00179716733927537
-0.000428695133990908
0.00248735749163242
0.00273785085740541
8.53412991128621e-05
-0.00162103917431133
0.00444371913631136
0.0013612046846927
-0.00237892104619164
-0.00161808042272327
0.00179134176086304
0.00349111029476989
-0.00212134072331505
0.00569727050505575
0.00718699603924056
0.00243452814553735
0.000251218482498317
-0.000334896176575783
0.00309878554273402
0.00200388249153916
-0.00233313053357009
-0.00317384941517118
0.00259745291323754
0.0013370883724857
0.00425640126856952
-0.00531870680098545
0.00050127829390445
0.000918588726513514
-0.00108458200329897
-0.000668178384661045
-0.000835762627066194
0.00209117518800905
0.000918205319243581
0.0199316063737267
