-0.00342308051720874
0.0255152367769989
0.0198565076520696
0.0042223785075679
-0.00864288697400406
0.0216777102186076
-0.0101476704301736
0.00629079712445457
-0.0108821025904631
0.0135767318919304
0.0233256818320018
-0.0115098620738013
-0.0066210275484252
0.0089635490215374
0.00660585391317303
-0.00362072875358077
0.00181698845825551
0.0158694170059077
0.00803385387114819
0.00509196391817412
-0.00550660768693356
0.0026577628944513
0.0331345261762757
0.0177463758819756
-0.00777306755349028
-0.000423480838450008
-0.0370684184932942
0.00153981525604507
0.00153742590681816
0.00372811419860164
-0.0229407690627048
0.00290690959510487
0.0220736241727371
-0.000218106457242628
0.00327292152420156
-0.0217485863418878
0.00867049799911079
0.0119021602799683
-0.00544543672402531
-0.0232151116951379
-0.00964125603772448
-0.00860305676264694
0.0130166701754586
0.0191613611550641
0.0176951784493515
0.00195609658578988
0.00629069441608232
-0.00582022000043592
-0.00303553779348531
0.00434971726837752
-0.00129928540493718
-0.0101907417647602
0.00262865267782475
-0.0179156434345642
0.0133481198365268
0.00526897925947267
0.0117929894782052
-0.00798625046465562
0.00870326389693776
-0.0196289900856559
0.0011000879845966
-0.0015384615384616
0.0123267004182257
0.0360948016484106
0.0109128222072268
0.0101723483567508
-0.0147965680230168
0.00834378407058378
0.00558545717832004
-0.0187204275103799
0.0109014672766989
0.00974695127028302
0.00821525997566774
0.0209818496638825
-0.0155626299992543
0.00912040940413439
-0.00180759184961643
0.0158953920342979
0.00574365198084159
0.00807404505856724
0.0166048450206064
0.00557265554241648
-0.00611511537874576
0.0126898678211831
0.00664518726581309
0.00113168615616743
-0.00207236239365627
0.00415325648190934
0.00695623250528721
-0.00672143378040635
0.00112776313669616
0.005069489488152
-0.0171865872816475
-0.0134955139042859
-0.0283237368661373
-0.027761273051755
0.00611876414682366
-0.0202716391537953
-0.00993180178225528
-0.00229876707622856
-0.0190615827791544
0.00149476824707384
0.00831554335541385
0.0054979487101301
-0.0256571403923689
0.00366928540171441
0.00795696774193555
0.00106675914373278
-0.00831199950179029
0.00429832375453088
-0.0145517012625722
0.0284473838967945
-0.0274493237447355
-0.0128093787926752
0.00879696483842163
0.000436014834009457
-0.0010895402285801
0.00349040139616053
0
-0.00326091304347831
-0.00501633609667773
-0.000219158268723429
0.00745450542743908
0.00152337319862084
-0.0152107779226424
-0.00706090026478379
-0.00688891111111112
-0.000894987713022766
0.00515115318471882
0.00245100261918441
-0.00866868154395717
-0.00672643527921235
-0.00609480826399122
-0.000681330926216805
0.0222727272727272
-0.00711427301022682
-0.0123152485445589
0.0052142143456313
0.00338299503833994
0.0218025838704168
-0.0101187639709364
-0.00355555555555553
0.0129348349687779
0.0030824087662884
0.0232659784182183
0.00128702276462933
-0.00171383890317056
0.0145922967636178
0.0031726100501821
-0.00843350200295179
-0.0119072509442323
0.00258228959366713
-0.00128785147027277
-0.0146142491857779
-0.0106869579361815
-0.00198414898624
0.00309255577645229
-0.0182778683109447
-0.00605654975071557
-0.00631916031778024
-0.00227115608156148
0.0154791941725472
0.00537989228020863
-0.00691186206964833
-0.00202065554511321
0.00337451061024718
0.00605383435218987
0.00356585699946188
-0.00421938716898473
0.00334527207850122
0.00622356051462303
-0.000662646344157469
0.0214411352148041
0.00735771493957382
-0.0139634159820282
0.0206970797081882
-0.00256132348180682
-0.00171191953777006
-0.00428726669722335
-0.010979590721645
-0.0182847413644915
-0.00864742832139365
0.00738094402551859
0.00710479557937838
0.00815694426461766
-0.00612287338727302
-0.00396041795466617
-0.000220941020543375
-0.00684924908746132
-0.00222476079588962
-0.01449268737983
-0.00542990937941379
-0.0243403099258487
-0.0139892285845007
0.0111136672708996
-0.000935383579765414
0.00257492971500617
0.00256822308810545
-0.00419191905430638
0.0285313858059579
0.013642610277399
0.00134582766505931
-0.00537627700215682
0.0198197513594707
-0.0315812948670781
-0.00684148263815199
-0.00482202077662497
-0.00138442547300432
0.0124769180332005
-0.0052487448653582
-0.0233998623537509
-0.0256048860700024
-0.037126350048216
-0.0425637717216769
-0.0175209718869783
0.0359328719723184
0.0418808089352933
0.0120838967221675
-0.00511693457317397
-0.0396767798345932
0.0122417753695938
0.0171327794692058
-0.0173396338206498
0.0158810444104382
-0.0178659309644151
-0.0032845122140216
-0.00785809866012421
-0.0117526574285299
0.015770449844881
0.0030541867382492
-0.0147170261354985
-0.0476436236083635
-0.0146025148729042
-0.0702524168565427
-0.0560803112136862
0.0146967166979362
-0.00955322004458481
-0.0367143757534032
0.00258404401111245
0.00225515456652214
-0.031179748274518
0.0282017593962096
0.0345272991287513
0.000623861490210098
0.0439526157136771
0.0119437735476995
0.00118031871290403
-0.0250515178308282
0.0108826172380521
0.0565192301590678
-0.0113218787816656
0
-0.0220440881763528
0.0175643442622953
-0.0100689879211158
0.0217959895379249
0.0130830204778158
-0.00645704678430781
-0.0316473306484129
0.00846224102713733
0.00289348949960955
-0.0251009521061742
0.0204202124764661
0.0588746519721579
-0.0857298595305319
-0.0212703109265935
-0.00520348975840157
0.00430766153846163
-0.0269607545024741
0.00283375314861467
-0.00596546310832025
0.0173720467466836
0.0145917731944045
-0.0290697674418604
0.00693353293413179
0.0112676052811391
-0.0324977086815936
-0.00959696097248885
0.0184109179073293
-0.00222017119504692
-0.013032422537585
0.0190016109179263
0.00568903304959023
-0.0348837523570081
0.0104201240775033
-0.00483409588030614
0.0378886022632319
-0.063338504316334
0.0273151232511659
-0.0249675745784695
-0.0232789823744597
-0.0228123928221861
0.0268291976714565
0.0210383787254285
-0.0415420405450315
-0.0104021844660194
-0.0455501385581591
0.0535976872246697
0.0456445628695274
-0.0086637787404199
-0.0258823529411765
-0.00379568668046937
-0.0180118109452091
-0.0268077601410935
0.0300833635375137
-0.00422241379310351
-0.0657243132764775
-0.0344175478662047
-0.0242851929383002
-0.0445604576475311
0.031932774450957
-0.017100977894991
0.0381110206342594
0.0163607348906918
-0.0251275628240112
-0.0362464760370519
0.0288341412452988
-0.0312754252122085
-0.0607966457023061
0.0200892857142858
-0.0122538293216631
0.0190518387239698
0.0478260869565219
-0.00746887966804977
-0.0760869565217391
0.0828054298642533
0.036355996656916
0.00241943558142887
-0.0514883728283037
0.0118745122985582
-0.0184409464190718
0.0567890691716482
-0.0743434343434344
0.0274989524225229
0.0747662670022826
0.0166007911699919
-0.0513218915755014
0.0311475409836066
-0.0310016295707471
0.0242001650615327
0.0180216667209319
0.0550747442958299
-0.00633855331841915
0.0168855534709194
0.0387453874538743
0.0120781527531084
0.0393120744120745
0.0256670035235729
-0.0408298307267094
0.0343288717586292
-0.0222369738545296
-0.0257976247724924
0.0264807656278478
-0.0312287179643149
0.0196215480160635
0.0264605154639175
-0.00502182775286808
0
-0.0191789710356317
-0.0387650085763293
-0.0271234832262669
0.0256786133528979
0.000357653803921831
0.00536296050636254
-0.0398293371326693
-0.00592592592592589
-0.0383755961251863
-0.017047579118465
0.00118245955134166
-0.0255905511811023
0.00848480808080798
-0.00360568924702287
0.0265379965203862
0.0387778676546076
-0.0395927978883861
0.0251276806096459
0.0149367669499514
0.0649056226415095
0.0106307941399997
0.00666195652173918
-0.00557297128432499
-0.00945702309831964
0.0095473122508023
-0.000350192656749293
0.00105112119652695
-0.0203010150507525
0.0189353340478742
-0.0354137447405329
-0.014540130861505
-0.0379933958689268
-0.00345092024539873
-0.0407849172758753
0.0453268752507021
0.000383768241894344
-0.0241656693517454
-0.0235849440414723
0.03864730273752
0.0155039540893005
-0.0370229375182085
0.017439556084027
0.0105181534865602
0.0142636077770391
-0.0133029271494842
0.0204160639605571
-0.0135900717251792
-0.0168388066145736
-0.0179058381508043
0
0.0166468489892984
0.0409357115009747
0.0621722823156448
0.0236248228623122
-0.0347916281504778
-0.0174874732334047
-0.0203415176047396
-0.00222465710881192
-0.0230397250092902
0.00038029667629158
-0.0152090880307638
0.0324324324324323
0.00523556469708319
0.00334821441027588
-0.00852795730544897
0.0471204188481675
-0.0389285714285714
-0.0824971757710888
0.0230862283075648
0.0142518210609659
0.0218578836121046
0.0148968678380443
-0.0414001129092961
-0.00942281152033031
-0.00951248513674208
0.0196078431372551
0.00824179748822607
0.0307512249610267
0.03512084592145
0.028091937249179
0.0180979772888572
0.0205646559580113
-0.0204918367318362
0.0115062761506277
-0.0041365391244399
-0.0211145040191937
0.012376166464775
0.0247991975130701
-0.0156782890252215
-0.0425899945495152
-0.023508137432188
-0.0137037407407407
0.0236575675425297
0.00146731474688178
-0.0315017593956689
0.0313917915509914
0.0385038503850386
-0.00388421610169498
-0.0116979798545898
0.00824971335185487
-0.0330843460304395
0.0459896983075792
-0.0126626802673232
-0.00961884574278593
0.00575539589048191
0.00393422760852036
0.0114000356252226
0.0309968661851661
-0.02835664502904
0.00210966940542656
-0.031578947368421
0.012681195652174
0.0894454350824532
-0.0124795069793265
-0.0299301629531094
0.0109701748371613
-0.0284842319430315
-0.0027923211169284
-0.0112005600280014
-0.0438938053097344
0.00888559792669374
-0.0278899082568808
-0.0249150622876557
0.0046457994579947
-0.015799614034697
-0.0101801092333552
-0.00751586204446741
0.0091669988043046
0.00908368878357035
-0.0285713905507393
-0.0273973005640613
-0.00621371193925901
0.019591454772822
-0.00858540509343442
0.00865975257731955
0.017579722713807
-0.0100441948591481
0.0174513399939666
-0.00877542879936177
-0.0108651911468814
0.0101708706265256
0.00120825614176412
-0.0430410280353569
-0.0231189986078606
-0.00387263339070565
-0.0138228941684665
0.0245290845378887
0.0192390345976501
0.0356544043624161
-0.0153909268776456
0.0082271085243566
0.00367197062423497
0.00894308943089417
-0.0358581788879936
-0.00585035520267441
-0.0109289612892409
0.0335741167201822
0.016858552631579
-0.0234532955923979
0.0144927536231885
0.0248980000000001
0.0426124634562937
0.0225362872421695
0.0545386626821069
-0.0290471130003542
0.0321051076249543
-0.0120183806285479
-0.0264759203407542
0.00441018024293194
0.0340285400658618
0.027954670912951
-0.057831258445138
0.00292290818695995
-0.000728633853237404
-0.00291651476485588
-0.0106033272394881
0.0495196248898604
0.0242957746478873
-0.00928154004812654
0.012144344205413
0.00719914295509083
0.0289312807668918
-0.00165398610651668
0.0410868124585819
-0.0375556970082751
-0.0238095238095237
-0.00474258130081295
0.0122532679459926
-0.00605248823133819
-0.0605547720079422
0.0140439323010444
0.022017080965909
0.0198053849963384
-0.00579216354344125
0.0294722755311858
-0.0326232345997591
0.00929115654821588
0
0.00681899079440851
0.0433456808890729
0.00194748464613692
-0.00226763841050726
-0.00292207801695055
0.000325626842254234
0.0231120124710942
-0.000636334712058484
-0.00509391913403379
-0.01536
-0.00552486187845302
-0.0114379084967321
0.0340496198347107
0.00863164934042038
0.0602219353477633
-0.00568020909775147
-0.0426938690735942
-0.0131909547738693
-0.0143221196690007
0.0129157898907262
0.00988202072419453
-0.00726006944444446
0.0127185687529867
0.00565145996860261
0.00624417752869744
-0.000620570896679884
-0.0117975477118147
0.0323594407791392
0.0270845700826365
0.00800000000000001
-0.00705470311581446
-0.0186500005521018
0.0132729403756899
0.00148850848466808
-0.0151604641843183
-0.0392393890963059
-0.0128809299403078
0.00381925525143223
-0.0110970193057381
-0.00512984914620551
-0.0196584266948621
-0.0065746548323472
-0.0188616485394325
-0.0158516020236087
-0.0174777244688142
0.0115102895012207
0.00655175862068957
-0.00239808145261799
-0.0178571765845749
0.0188810839160838
-0.00514752934617468
0.00620903759917235
0.00274254370929028
-0.0208547350427351
0.00384081717321294
0.00869565217391299
-0.00862068965517238
-0.00382612173913044
0.0185056221545259
0.0106273568735
-0.00440976933514248
-0.00579216354344125
-0.00925291295407815
0.00864752680733316
-0.00548696844993146
0.00655175862068957
-0.0116478584567365
0.00311961871750421
-0.00863856224469373
-0.0188219233592917
-0.0245115808170515
-0.0036415878966346
-0.0116959060052666
-0.00776630888438212
0.0100633619083117
-0.0158671586715867
0.015748031496063
0.0166113325950534
-0.00435733462754773
0.00109412837345002
-0.0189435694373927
-0.00222796138135917
-0.0714551517880478
-0.0529058896630905
-0.0131188748674937
0.00557465694682668
0.00383795292801903
-0.00212408657076957
-0.00127718177948055
0.0102302647156975
-0.0333333741209547
0.0235705368834571
-0.00170579950081884
-0.0256301153353268
0.00175366075202366
0.0350109409190371
-0.0232558139534883
0.00952380952380949
-0.00771873927958833
-0.0103716080540885
0.011353711790393
-0.0094990932642488
-0.013513600108387
0.00707034940655538
-0.0127249226535795
0.00444444444444447
0
-0.0154867256637169
0.0134831011235954
0.0425721083180537
0.0017013611229264
0.00636951194775004
-0.0405063695988874
-0.0180299032541776
0.017017420510524
0.00660510817283622
-0.0279965867018116
-0.0157514858574027
0.0205760850216696
0.0291218189964157
0.0113191559128931
-0.0258287128712871
-0.00220941238221017
0.00132865367581947
0.00973016321405717
0.041173893999124
-0.03786281026504
-0.0205509829230003
0.00892857142857162
0.0530973008849556
-0.00546214308664461
-0.00422475707646819
0.0118795078489606
-0.00545077568134167
0.0101180442714184
0.000417362287870038
0.0237798090855155
-0.00448251815474665
-0.00245595579205904
-0.00861719291681595
0.0024834023178808
-0.0255986385465995
0.0118643644067797
0.0121440959859336
-0.00124124948283
-0.0517812780356784
-0.0279597653106057
0.00314606741573042
0.0116487455197132
-0.027015101860053
-0.0195720536901254
-0.0129991173166611
-0.0305738005644404
-0.0131004845657213
-0.00147497541789565
-0.00738547549903867
0.0203373015873016
-0.0228488089450656
-0.0119402487562189
0
0.00402819717884184
0.0115345530825202
0.000991621219633032
0.00891530416467035
-0.0147275888695341
-0.00647727952167421
-0.00601810401112812
0.0080726538849647
0.00650655655655652
-0.0323223255931215
0.0143885413354852
-0.0106382472137792
-0.00716856082086215
0.0319752981936721
0.0124937531234384
-0.00641663376110568
0.0154000007650272
0.010763159943094
0.0314617134559536
-0.0220553271729389
0.00143958733205363
0.00335409662893649
-0.00382043916807828
0.0191754065591847
0.00611472248353717
0.00327255742274701
-0.00745573194108728
0.0136150710617404
0.00741083835108847
0.000459770114942692
-0.00183828124999996
-0.00368324142188048
-0.0286506020633365
-0.00380585156993341
-0.000955157547509078
0.00860420650095595
0.00616113744075819
0.0259067828544512
