0.0101976295830533
0.0175394321766562
0.053447371031746
-0.0162448035901026
0.0114873519205458
0.0149059745630185
0.00734348991723976
0.0312428148864339
-0.0191875893360056
0.0370666725973379
0.00275785983987076
0.00792079190493311
-0.0108055444050307
0.000882732006680431
0.0266784037041121
0.0102008377579907
0.000212542512488589
0.00563230617709465
0.00401568221527393
-0.0153667821204762
-0.0125067445213578
0.00140727433226395
0.0148091662564227
-0.000852087789776079
0.0144989332836276
0.0184951022070154
-0.00825418919220378
-0.00915526406252054
0.00451490979661728
-0.0583255160097318
0.00777005251504281
0.0368983368212357
0.0199702145740388
0.00676944414786274
-0.0467569679684902
-0.0372219199734798
0.00045085661742883
-0.0416854880197052
-0.0138725608716802
-0.00810684330249989
-0.0219951212497654
0.0102002455401193
0.0307786876291332
-0.00826160706896684
0.0377245992556134
0.00103215601064943
0.0124870890136326
0.00271559182429493
0.0124125476774419
0.014935309519944
-0.00461232164753611
-0.00419238746690198
0.0152891421385077
-0.0278263203841117
-0.00987760735784526
0.00827572837546775
0.0234989425792906
-0.027902889770469
-0.0346931864548126
-0.0533832604397861
-0.0399456096957704
-0.0100476622452058
0.00923877707843257
0.0368746786197702
0.00659037569237442
0.0373070555803363
0.0379897811601815
0.011817323918434
0.00555616270424841
0.00687866486242661
0.00806363534550325
0.0286634145391975
0.0145804736831396
0.0200127523948741
0.00386142767689424
0.011539681639678
0.0162383754886588
0.0130461167687321
0.0200659083571111
-0.0123311998434136
0.00475628229798408
0.0205128398320937
0.00328562028273605
0.0078019456752072
0.00974867647421718
-0.000757236142787887
0.00738844368665337
-0.011001391838296
-0.00494386765544785
0.0227402628419544
-0.0190582959641257
-0.0306666857142857
0.00972684239982002
-0.007395096132922
-0.0025487892844076
-0.0320393316953317
0.0129962232307081
-0.0365840848585381
0.00780274640443723
-0.0123877771779131
0.00553985586996664
0.0193347409286795
-0.00326330824522347
0.0334561496512411
-0.00940504881882898
0.0219868483307386
0.00156460000851566
-0.00702989664186493
0.0135693810646758
-0.0213426848788768
-0.012192664793669
0.0326141488687577
-0.00495628756158817
-0.00615292509034082
-0.0459905651338333
0.0150391220634711
-0.00304446925106561
0.00407168167898386
0.012368207623682
0.00560783096334871
-0.0319657245960113
0.00853821623289797
-0.000102019583843371
0.02009590982548
-0.01279998
0.00617909225731172
0.00684586717314284
0.021197839792064
-0.0043081955215547
0.0143573603233875
-0.00203587005262484
-0.00417719051530629
0.000195063892399538
-0.0386228233419064
0.0414933955564574
-0.0137346965230978
0.00572841481481468
-0.00795449262585679
0.0165314399735277
0.02132628257228
-0.0247902369334522
-0.00928818946594046
0.00937526873827577
0.02375833053888
-0.0120332728488205
0.00792653486424499
-9.58473231360557e-05
0.000671398414129998
-0.00642191112006296
-0.00559523420431285
-0.0256111752888789
0.00517720021550772
0.0179278526148972
0.00671406078482262
0.00086994007345842
-0.00502178638254802
-0.00805592561498458
-0.0182973979764148
0.00588055405401078
-0.00455804606734156
-0.0112482381047183
0.024765911109113
0.022300795755968
-0.0192196813226924
0.000587928680931382
0.00254598506568771
0.00214885724064962
0.0124756337714549
-0.000770061624375429
-0.000192736023401308
0.00578146089384202
-0.00977196799716362
-0.00464398219814244
0.0103033050214485
-0.0215509520578998
0.0287119578647772
0.027910513708459
0.00446341826297192
0.0138863178628519
0.014244029008182
-0.0282679145072394
-0.0109319990562906
0.020794323327195
0.0787299842639022
0.000170159921234481
-0.0217724609325997
0.0168666672532312
0.00171002051983593
-0.0179242568137844
-0.00660519740318433
-0.00139985996850889
-0.0129664972840371
-0.000177560796110088
-0.0330255859374999
0.000918086685973041
0.0238488909869341
-0.0335065752820897
0.013533537514526
-0.0268885504623578
-0.0189849996431392
-0.00977196799716362
0.00909446594427243
-0.0187920222898553
0.0408442462710279
0.0488171817054892
0.0347296449207011
-0.0140137891697888
-0.0233374618937546
0.00377288896873873
-0.00698047265044699
-0.017664023071377
-0.0222018165137615
-0.0921373598773247
-0.0529144470253318
-0.0447402880838061
0.0399817226410784
0.0252635764499121
0.0117849372952621
0.00190597200537956
-0.0264214748167094
0.0162831086347566
0.00363168118710355
-0.0136228182205193
0.0297799093655589
-0.00565800491077117
0.0149630976825479
-0.00602161544850488
-0.0282013584332851
0.0156921754084265
-0.0122751746031746
0.00342841240318892
-0.0158018784624437
0.00173569103927096
-0.00498156833361785
0.00696558569798844
0.00886294893484418
0.0141419333251311
-0.0485950328081542
0.011325827477811
0.0173474084903951
0.0345348139635306
0.00959730857500518
0.0452573474944689
-0.0106761759321402
0.00499600309760195
0.01570890801931
-0.0281911304545367
0.00261887595928445
-0.0198915209965844
-0.00389501853003305
0.0310763119983535
0.0205589429364847
-0.0404850373462735
-0.0350591309608819
-0.0118293409378962
0.0185977558486055
0.0197271345340133
0.00267546820333409
0.00533659677059517
0.0175581870151083
0.0280899277688602
0.0109289027740476
0.0216216027340077
0.0323129830806117
0.00311180664265409
0.0155110039326827
0.00575020644204116
-0.0294800959535448
0.00828424153166418
0.00146061712616397
-0.00255239754065251
-0.0188265220037749
0.00167660208643827
0.00911285103217407
0.0261703290147559
0.00233478807471266
0.00215013434599287
0.00858215626676206
0.0138273178514448
0.0150375942479033
0.00895781238514748
-0.00273177394570601
0.0159219311761687
-0.0224132457027301
-0.0615410984844371
0.0218589643985849
-0.0348733051433884
-0.0178804063676739
-0.0142234022378153
0.00711808387841484
-0.0521489800247938
-0.0328495975987425
0.0243800364917677
0.0109845606183889
0.0325955526640733
-0.0189010522213562
0.0208541021193287
0.00389097261124616
0.0215116481206066
-0.00132802127353482
-0.0197568582780558
0.0108527523586337
0.00268402990797556
-0.00879539213757918
-0.0115740354938273
-0.012490319574929
-0.037154092377632
-0.0149835588057563
-0.0375078750778131
-0.0101753195534816
0.014654374132669
-0.0885966822288573
0.0326395703084099
-0.0513055886394869
-0.00531137157466788
-0.0169903151215943
-0.0219752839506173
0.0812926260718854
-0.0480971726314652
0.0193770174147656
-0.0409047150889146
0.00903161041064715
0.0390353048474561
-0.000478607310873125
-0.0359109408666507
-0.0762353861435312
-0.0607527403023457
-0.0755581017618232
-0.0486067816906124
0.0218027985681744
0.00859872611464985
-0.0265235238395959
0.0291923451183913
0.025527923101166
0.0129071292898857
-0.0482402320461237
0.00701303771077355
0.0566635327635328
-0.0530257623419483
0.0746599153856402
0.00735943457876265
0
0.000876651055620847
0.0110949197080292
0.0023100779003733
0.0751944994294007
-0.00696674705251876
-0.00539665392885458
-0.0458492391250884
0.0537390704429384
-0.0194279811271456
0.0379747110621904
-0.0180275711021325
-0.0110691141720001
0.048047992136282
-0.0226621261438428
0.0189232409381661
0.00496986659691356
0.00390426881334038
-0.0344827067669173
-0.00993563319357493
0.00298348258702141
-0.00865332612222824
-0.00218216039279862
0.0164023501146884
-0.021248009682625
0.00714490264206935
-0.0100955792580858
0.00523710047511328
0.027145543538647
0.033102029714416
-0.0183462269161182
0.0263227151185725
0.0171838411293233
-0.00605148764498231
-0.0385590075372403
0.0137202103577725
-0.00234242594182332
0.0292199045541401
0.0321926481066503
0.0181728384535158
-0.00675347339009835
0.00679939290917919
-0.00217076705669972
-0.00942709715801548
-0.0463640312347485
-0.0127942675130877
-0.0152928970817576
-0.0465912320825883
-0.00358920476009927
-0.00581875865890835
-0.025919731719071
0.0143061512358755
0.0126939629705511
-0.0253481880028865
0.0142897962680884
0.00394474477628948
0.0123491155669628
0.0185750485167728
-0.0174198139673482
0.0146815243590872
-0.0289380554480465
0.00674728703964012
-0.00363029869784137
-0.0316704316143498
0.0162084519886672
-0.00797490720663885
0.0462244303058037
0.00658619666811733
-0.0332606597600872
-0.00479407796937636
0.0385378566580377
0.00627555218141596
0.0018980476708772
-0.0148849522358605
-0.067033045767415
-0.0338633107733602
0.0118866195706608
0.00572283115292693
0.00329442956856618
0.0325373134328359
0.0176351835790689
0.00170446017885073
0.0385706488128559
-0.0352265711421783
-0.0679309896444388
0.0841178560583056
0.0436973937339666
0.0187869306917301
0.0345100377900431
-0.0124777438248028
-0.0587931680967809
-0.0279452054794521
0.0259301578354003
0.00109881862094396
0.0301866638360775
-0.0149174476580328
0.0110870470524609
-0.0224659005741081
0.0134063478360149
0.0132288873318336
0.00719424479600983
-0.0177248152837253
0.0185833283441064
-0.024325700687467
0.0463414338026322
-0.0202019937787621
0.00898746978654663
0.0319623019105215
-0.0149784212992745
-0.000257680419012418
0.0626450099859499
-0.0143134397303872
0.0315037895273493
0.000477213075638305
-0.0214643691867399
-0.00097482332378318
0.0222005356330552
-0.00453467758784354
-0.0119875332531175
0.0223247275497385
0.00189883688823089
0.00663357040117418
-0.0112968693199872
-0.0216615101957397
0.0201946968464572
0.000953994753160048
-0.00166783412752369
-0.00119341283086338
0.0105138117330374
0.00922201444261028
-0.00398317713214613
-0.0141142796572233
0.0097828680505847
0.0153591918714557
0.00279262269507519
0.00835462984451141
-0.0278480776099408
0.0260416180851508
-0.0193816335948317
-0.0148235529411764
0.0446621219169363
-0.00274355268662307
0.00252180198353513
-0.0269837868739995
0.0155111637017902
-0.0120342516092167
-0.0096041229703473
-0.0189214526708007
0.00891991321118613
0.0188769662545742
-0.0680111882741837
0.0213889772828901
0.00911552106430147
0.0102539553284655
0.0215079501810549
0.0021291932812868
-0.0139282574615613
0.016758463011731
-0.0120085233810096
-0.00714964268707463
-0.00240036005760913
0.00216556780159838
0.00480182449931221
0.0210275278866201
-0.00187217411654561
0.00937859276067554
0.0241579796552378
-0.00703109548650505
-0.00205573325846797
0.0130464411317566
-0.0327608916746902
0.000233566918160122
0.0179822512844465
-0.0286763019041064
-0.0316485592820029
0.00439024390243903
0.00121418164157361
0.0332281833616299
-0.0183098130661884
0.041846006695361
0.00573789304567374
0.00319486535828406
-0.00841671993668602
0.00550589584767147
-0.00775724354290475
-0.00298921577423705
-0.00115313650477078
0.0891248420890132
0.0148399624693645
-0.00334238569756384
0.010270425702587
-0.0238589621606025
-0.0227417433101328
0.0226185297955634
0.0153126754572521
0.00125674481538574
0.00439328461073818
-0.0162465743072934
0.0512386618674572
0.0082577841588003
-0.0123851775392494
-0.00707926794254177
0.00305565288246057
-0.0166532080969451
0.00950026887650846
0.0251636656063079
-0.0133706243589976
-0.00121355180448124
-0.0078979139753359
0.0275566022634579
0.00874054429876825
0.00669554956076324
-0.0154537757326638
0.00238424389492375
-0.00198221998053083
0.0512413525815831
-0.0319289249952769
-0.00370809899656122
-0.0133202745018663
-0.0180663096697699
-0.00990695531554697
0.0140902386340567
-0.00825614176399514
-0.0176649543147208
0.00723437355861156
0.00348865175456603
-0.0108385067141715
0.00806282836598782
-0.000820283052513693
0.0281198475344859
-0.00838494709522863
-0.00463054176084321
-0.00728149286572599
-0.0146699464274677
-0.00641029763419565
-0.0070759626862843
0.00398245659154162
0.00542793296751842
0.00436044435215943
-0.00909652696085439
0.0248278531191322
0.0164902487070491
0.00420586821550173
0.00279218194639363
0.0135242643899021
-0.00627943497408623
-0.0134281203283594
0.0012009808086666
0.00719714114354253
-0.0113140132728461
0.0108411361003586
-0.00635549181153894
0.0145912255564908
-0.0228526407743358
0.0280242753235593
0.000980564778169546
0.00450624991171145
-0.00234051102008981
-0.0195503413665555
0.00139579256646893
-0.0187176818256138
0.0119724028403492
0.0224584524254752
-0.019219532487957
0.030993862467261
-0.00737007355760133
-0.00762014458772964
-0.00570980496732021
-0.0245544950495049
0.0062931793054477
-0.00544686302198916
-0.00872210971038756
-0.000818436685460111
0.00409578111424191
0.0310014283296234
-0.00811078156500056
0.00797770259229558
-0.0118718240626864
0.0072086505248028
-0.0170974158468671
0.00809063527691412
0.00361155698234339
0.00239902039184337
0.0057838254045437
-0.00971645845726754
-0.0140167603928066
0.0134037362549255
-0.0192385363030647
-0.015324887930627
0.0072629592708644
0.000412031305891514
0.0335666797041458
-0.00318788609659071
-0.00859486325394487
0.0286290737350434
-0.00156803214425716
-0.00157043583766081
0.0110105581791082
-0.00350050577598238
-0.0327869034821661
0.0221952981800786
0.0134228187919465
0.00233733930658353
0.0171006804722247
0.00324795567443648
0.0030470387753585
0.00607564101293478
-0.00962449482451422
-0.00819361661585361
-0.00211335258623158
0.0161725070499135
0.00378933315250718
0.00188754246885625
0.000941955503317438
-0.0127987951665952
0.00705431826397862
-0.00757292692162059
-0.0072490845955393
0.02094542619244
-0.00809335576711168
0.00189749522016136
0.00549244328584186
-0.00226029384064796
0.00868414180320665
0.0239565599850271
-0.00438673011125446
0.0102808516563089
-0.0305288211980523
-0.00674781656036805
0.0147197201464535
0.00967083875767139
-0.0265242765421941
-0.0211920159391492
-0.0108254784457761
0.00644913060188124
-0.00330093203883497
0.0101304496345043
0.0148505502353153
-0.0153933488292161
0.0100366915646266
0.0147142360132146
-0.0037664031550434
-0.000945255162750347
0.0230842392841717
0.000184982430183167
0.00221891633805793
-0.0081181363815841
0.00148813249583823
-0.000557187964338901
0.00929195299587526
0.0095746822026388
0.0131314421619024
-0.00270021607021087
-0.00108306855295781
0.00397544271774475
0.00827931950541183
-0.00642627632988235
0.00880348544735909
-0.0208370785098103
0.0183703528555839
0.00964452546367123
-0.0058375730733693
-0.00551604972391362
-0.00178919308980496
-0.0159526614814005
-0.00837892501351822
-0.0266347727155543
-0.0147198145038755
-0.000957651809187055
0.00287578604294492
-0.00802909562169563
-0.0159953365965569
-0.0266353304615093
0.00824949681590548
-0.0131710234849126
0.00444887756422885
0.0100664388993936
0.0191350017594181
0.0115392135431409
0.0154678844650447
-0.0207539984767708
0.0174995527902002
0.00229312049328789
0.034890332985885
-0.0458732138149082
0.0111990343464177
0.00496471271653065
0.0150103930265932
0.00617749929530143
0.000372093023255804
-0.0104147480007439
-0.0163502916059066
0.0118456056553304
0.0117070055080628
0.0115714628006174
0.00424352390694605
-0.00110235164431383
0.00662131702448621
0.0146171934953407
-0.00270120660365936
-0.00252797034077346
0.00416363127575559
0.0109969531098439
-0.0033880704925795
0.00447307218595583
0.00302817960506196
-0.00106554784113744
-0.00408888888888881
0.00214207425919311
0.00195940509368375
-0.000533315555555469
0.00586976154625107
-0.00318302392896597
