0.0128358208955224
0.00972584733274395
0.0180969946349674
-0.0243693226958337
0.0205701152092306
-0.00662251655629131
-0.0434782608695652
0.0384848484848486
0.00320983367376715
-0.00785340291293191
0.0378188496681664
-0.0234463828561365
-0.0350014174139428
0.00629493386406077
0.0229371462615431
0.00145599883517766
-0.033149143156416
-0.00360899248120305
-0.0144883484911456
-0.0214395392686346
0.0128325504590749
-0.0166872986190574
0.00754245757385297
0.0221459444121666
0.0155629844369849
0.0165265329485138
-0.00768554491956575
-0.0137026809651476
-0.0184234666740117
-0.110153846153846
0.00242047026279391
0.0255260434632634
0.0269088799192734
-0.0226007526170733
-0.0204423592493297
-0.0677386247006501
0.0194495779816513
-0.0485961465588139
-0.00681044267877406
-0.0304761523809524
-0.0255403526310274
0.0205645169582467
0.0537337437271332
0.0333707911511061
0.0243106322318807
0.00141693234148077
0.0152105058365759
-0.0118466894826937
-0.00352612822545384
0.011323425336164
-0.00559832050384867
-0.00457420830401134
0.0109578999307918
-0.0465034965034966
-0.0150348001466813
0.0122859265716333
0.0202279874870177
-0.00324441240086515
-0.050994575045208
-0.0133384527439024
0.00270374672474882
-0.0188751933310937
0.0443659616947767
-0.0248119924812031
0.0250577862352435
0.0090259496051146
-0.0115542303391725
0.0282805429864252
-0.0110011367803446
-0.0526510957601445
0.000782818034552601
0.040281579976535
0.0488721804511276
0.031899677419355
-0.0281348027740603
0.0142958899213725
-0.0147991548555023
0.0125178831372634
0.00247262460164688
-0.0105707896607045
0.0249288105413106
0.0246698740559459
0.00474733808070549
-0.0205872096046983
-0.000344589937973705
-0.0186143054119269
0.00245879882187561
0.0101611419004504
0.00797776621574764
-0.036476222865665
-0.00499996428571425
-0.00681984900144117
0.00252981568485722
-0.00468633741888957
-0.0097791014205324
-0.0204827724945136
-0.0179238977623637
-0.0182509132414795
-0.001161851278079
-0.00697944912836568
0.0066380317595458
0.00892160554997656
-0.017301076509035
0.0305164722424285
-0.024677258921792
0.0190735298141873
-0.0103132161955691
-0.000385951370127424
0.0196911196911198
-0.00113597122302156
-0.0181955655115833
0.0204633204633204
-0.0121074158153613
0.0202986587399978
0.0161411792845789
0.0306612486147027
0.00931899641577072
-0.00710230823863633
0.028969993883047
0.0142509558567954
-0.00959561343385884
0.0173010380622838
0.0442177210884354
0
-0.00586322456471589
0.014744397116645
-0.0271230231554092
0.00730172609697055
0.00658975288303121
-0.00720127683146576
0.0026376524892846
0.0101939822426833
0.0152995447688653
-0.0028855722062977
-0.0106109324758843
0.0100747481312966
-0.0357143178893178
-0.0053386721834725
-0.0298557205587293
0.0134854426002766
-0.0310473910285702
-0.000352147887323961
-0.00845364594764519
-0.018827673179396
0.00217230260056844
0.00108377890173417
-0.0137134252512965
0.00475664105378715
0.0262199936715219
-0.00319375443577008
-0.0145959416162336
-0.00361271676300579
-0.0130529731689629
-0.00110205735128799
-0.00367785937190657
-0.000369139904023652
0
-0.0158788774002954
0.0112570731707318
-0.0137291646111628
0.00564334085778784
0.0123456416011971
-0.00480410217310068
-0.0163386557742295
-0.00188746696866737
0.0105899390851008
-0.0067364523479212
-0.000376789737121741
-0.0229928751227713
0.00771608796296275
0.0187595704915939
0
0.00751589599714797
0.0350615828072205
-0.0381981621621622
-0.0056200822173067
-0.0282592302841285
-0.00232652181750592
-0.0237076952973184
0.0234871805936632
-0.0381174266090014
0.00202187626364725
-0.0129137202213995
0.0110384714243039
0.0141528507885158
-0.0271132376395534
-0.00532786885245895
-0.0288421920065924
-0.014000848536275
-0.0030120481927709
-0.0358221838584377
-0.0107430617726051
-0.0312217194570137
-0.0336290985520785
0.0246495879821369
0.0264150459238186
0.00459563419117637
-0.0388838500053134
-0.0209424083769634
-0.00291686922702961
-0.0351047781569966
-0.0171803932703187
-0.0539846244737984
0.031521739130435
-0.00526875658587977
0.00953389881005817
-0.0545644834503927
-0.0344062153163153
-0.00229879310344816
0.00691238439444786
-0.0715102974828375
-0.00616149106592723
-0.0247984516304063
-0.0851875397329943
-0.024322446143155
0.0434472934472936
0.0901023890784982
0.0425798371947399
0.0384384984984987
-0.0254482923396013
0.00118700296735885
0
-0.0302311778167647
-0.0024450487503026
-0.0863970588235294
0.00469483568075124
0.00734312416555394
0.0212060967528165
0.00259571706683959
0.0491908737864077
0.0135719317441043
-0.0359099208764455
0.0170455176767677
-0.0279330212332078
-0.0229885057471264
0.00980392156862742
0.0194174757281553
-0.0628571428571428
0.0142276422764229
0.0287241148964597
-0.00584415584415587
0.0881776616590464
0.08343331332533
0.0620499203351756
0
0.0526864893062076
-0.0292368681863231
-0.0321593159775395
-0.0195147162191306
0.0172135556750941
0.0274986779481756
-0.00771996911991768
-0.0518672172268041
0.0153171764049687
-0.0290947752745031
0.0255271920088791
-0.00974031385281393
-0.0387977616829378
-0.0272881750994883
0.0333137911564119
-0.0073529977375566
0.0472934499882309
0.0342764436494256
0.0341925302472381
-0.0132248219735505
-0.0206185567010309
-0.0373683684210526
0.00382722778418665
0.0228758157475044
-0.0788073440464673
-0.00578023154799023
-0.00348848816927394
0.0425905509096003
-0.00895366485989557
0.010728459103809
-0.0145251955307262
-0.0124715993464625
0.00631463834672763
0.0553336534321933
-0.021081027027027
-0.0369961326893357
0.00401370389829703
0.00685316961736149
-0.054452583916766
-0.00719862027594498
-0.0259817538357556
-0.0831266077464883
0.00947225981055477
-0.0281501340482574
0.0165517241379312
-0.0271370420624152
-0.0264993026499302
0.0358166189111748
-0.0470262793914247
-0.0725689404934688
-0.0242566510172143
0.00400962309542896
0.0135782747603834
0.100078802206462
-0.00214899713467054
-0.0681981335247667
0.00385208012326643
-0.0498848810437451
0.0169628432956381
0.0182684670373312
-0.00468018720748831
-0.115987460815047
-0.0540780141843971
-0.0299906279287723
-0.0705314009661836
-0.0446985446985446
-0.0707290533188248
0.0620608899297426
-0.102535832414553
-0.0565110565110566
0.0234375
0.118320610687023
0.0261660978384528
-0.097560975609756
0.0380835380835378
0.0355029585798818
0.048
0.0610687022900764
0.00102774922918814
-0.102669404517454
0.0778032036613272
-0.024416135881104
-0.0794341675734492
-0.0756501182033098
-0.0677749360613811
-0.0219478737997256
-0.00981767180925674
0.0609065155807367
-0.0120160213618158
0.00135135135135123
-0.0647773279352227
-0.0288600288600288
0.112927191679049
-0.0614152202937249
0.027027027027027
0.023545706371191
0.0866035182679297
0.0224159402241595
-0.0304506699147382
0.14321608040201
0.0956043956043957
0.103309929789368
0.00272727272727269
-0.0825022665457843
0.0355731225296443
0.0104961832061068
0.0538243626062322
-0.00627240143369179
0.0198376916140668
0.0185676392572944
-0.00607638888888895
0.0157205240174674
-0.0171969045571798
-0.0104986876640419
-0.0990274093722371
0.00981354268891077
-0.0126336248785227
0.0236220472440944
0.0125
0.0579297245963915
-0.052064631956912
-0.00284090909090917
0.00949667616334304
0.0366886171213545
0.0181488203266789
0.0499108734402851
-0.00933786078098464
0.124250214224507
-0.0152439024390243
0.0147058823529411
-0.00762776506483598
0.026902382782475
0.0441616766467066
0.00788530465949822
-0.0142247510668564
0.0346320346320346
-0.0355648535564853
0.0441070137382502
0.0277008310249307
-0.0330188679245284
-0.0181184668989547
-0.0383250532292405
-0.056088560885609
-0.0484753713838936
-0.00821692686935083
-0.00331400165700091
-0.0490440565253533
0.0437062937062938
0.0435510887772195
-0.0104333868378813
-0.0024330900243309
0.0390243902439023
0.00625978090766832
-0.0155520995334369
0.00631911532385465
0.0290423861852434
0.00610221205186878
-0.0128885519332828
0.0399385560675882
-0.0273264401772525
-0.020501138952164
0.0131782945736434
0.0122417750573833
0.0113378684807257
-0.00448430493273544
0.0480480480480481
0.0472779369627505
-0.00615595075239395
-0.018582243633861
-0.0589060308555399
-0.0104321907600596
-0.00376506024096379
-0.0128495842781557
-0.0298621745788669
0.0386740331491713
0.100303951367781
0.0421270718232043
-0.0225314777998674
0.0352542372881355
-0.0445317616240996
-0.0637422892392049
0.08199121522694
0.0243572395128553
-0.0085865257595773
0.0446369087275149
-0.0612244897959183
0.00815217391304346
-0.00673854447439348
0.0122116689280869
-0.0154155495978553
0.0619469026548674
-0.0198717948717949
-0.00130804447351207
-0.00392927308447932
-0.00197238658777132
-0.0283267457180501
0.00610169491525414
-0.0283018867924528
-0.021497919556172
-0.03756201275691
0.0147275405007363
-0.0471698113207546
0.0167555217060167
0.0217228464419477
-0.0527859237536658
-0.00154798761609909
0.0403100775193799
-0.000745156482861331
0.0343027591349738
0.0273972602739727
0.0119298245614035
-0.0305131761442441
0.0336194563662373
0.0186851211072665
0.0122282608695652
0.0181208053691275
0.034937376400791
0.0624203821656051
0.00719418465227828
-0.0690475636337835
0.0505115089514065
-0.022519841752891
-0.00311326295848458
-0.00374765771392893
0.00250783699059576
-0.0275171982489055
-0.0340836012861737
0.00599201065246335
0.0251489080079419
0.00968366688185918
0.00319693094629159
0.0669216061185467
-0.0639187574671445
-0.0127632418634333
-0.0730446024563672
-0.0230125523012552
0.0178443968593862
-0.00140252454417944
-0.0105337078651686
-0.0156139105748758
0.0562364816149965
0.0150170648464163
-0.0255548083389374
-0.00552104899930983
-0.0242886884108258
0.0796586059743953
0.0474308300395256
-0.00566037735849056
0.010752688172043
-0.0219023779724655
0.031350031989763
-0.00248145145896705
-0.0323383084577114
0.0102827763496145
-0.0407124681933843
-0.00928381962864722
-0.0107095046854083
-0.0135317997293639
-0.0274348422496571
0.00141043723554302
0.0316901408450705
0.00341296928327628
-0.00408163265306116
-0.00341530054644812
-0.0281014393420151
0.00493653032440067
-0.0210526315789474
-0.0164874551971326
-0.0393586005830905
0.00682852807283751
-0.0369253956292389
0.107198748043819
-0.0325088339222616
0.033601168736304
0.00706713780918733
0.0442105263157895
0.01747311827957
-0.0165125495376486
0.00268636668905309
0.0515740120562624
-0.00891719745222919
-0.00642673521850901
0.0103492884864165
0.0550576184379001
0.00424751213592223
0.013897402652411
-0.0297973760549836
-0.045454604087555
-0.0379665379665379
0.208026688963211
-0.00941306807381337
0.0173282290289676
0.0104394499758544
-0.00217504090130716
0.00381471389645771
-0.00217160694896856
-0.00707285130973079
0.0131506849315068
0.0167657652785289
-0.0319147889316377
0.00219774713199183
0.0191885964912282
-0.00430338891877347
-0.0108050243111831
-0.0125613879061383
-0.00221233407079635
0.00110853652391718
0.00442967909355918
-0.0159867153245157
-0.015686274509804
-0.0147980079681275
0.0259965930673942
0.0163287725225225
0.00720227186716182
-0.016501705170517
-0.026845583156912
0.00459770114942537
0.0120137871853545
-0.0141322773243484
0.000573394462534793
-0.000573065869738487
-0.00630739642732825
-0.00346220427005184
0.019687376954256
-0.0107893804208188
0.016073536165327
0.00282480210029368
0
-0.0191549295774648
-0.0505456059735785
0.0133090736050168
-0.00955223880597011
0.0054249547920433
0.0329736211031175
-0.041207196749855
-0.0296609564164649
-0.00935751657158335
0.0107052267002519
0.00872286658709442
-0.00802977096789537
0.0217933388414282
-0.00670329067641684
-0.00797539926229429
0.00371057513914641
0.00924208256315473
-0.0378509791117815
0.0139593908629443
-0.0156445556946183
0.0076287349014621
0.00946372239747628
0.0281250625
-0.0188451052373797
0.00247837685739638
0.0179233003708283
-0.0115360055577418
-0.0866093927144107
0.0806993947545394
0.00560049782202854
-0.0198019801980198
-0.0328282828282828
0.0156657963446476
-0.000642673521850878
-0.0057877813504823
0.00129366106080209
-0.0277777777777778
-0.00199335548172763
-0.0226364846870839
-0.00476839237057225
0.00958247775496246
0.0325423728813559
0.0407091267235717
0
-0.00315457413249209
0.00126582278481013
0.0202274968394438
-0.0099131976402228
0.0206507509386733
-0.00306554279984927
0.0184501230012299
0.00241551946953611
-0.0114457831325302
-0.0304692260816575
0.00691389063482073
-0.0174781523096129
-0.0432020330368488
0.00199203187250996
0.00463883366467854
-0.00065963060686014
0.0303630363036302
-0.0192184497117232
-0.0280862181580666
-0.000672043010752743
-0.00336247478143903
-0.0121457489878543
0.014344262295082
-0.0457912457912458
0.00846859562455893
0.0209937018894333
-0.0130226182316655
0.0208333333333333
-0.0149659863945577
-0.0103591160220995
0.0146545708304255
-0.00756533700137552
-0.00554400554400558
-0.01602787456446
0.0290368271954675
-0.00619408121128695
0.00831024930747937
-0.00206043956043966
-0.0708878183069511
0.00148148148148142
-0.0295857988165681
-0.00762195121951215
0.00614439324116733
-0.0290076335877861
0.0047169811320753
0.0078247261345854
-0.0520186335403726
-0.00982800982800991
0.0372208436724566
0.00637958532695371
0.0309033280507132
-0.0284396617986163
-0.021360759493671
0.0121261115602265
-0.00239616613418525
-0.0344275420336269
-0.037313432835821
-0.0017226528854436
-0.005176876617774
0
-0.01561144839549
0.00881057268722474
0.0227074235807863
0.0119555935098206
0.0244725738396625
-0.0329489291598023
-0.0127768313458263
-0.0103537532355478
0.00435919790758499
0.00607638888888884
-0.0138050043140638
0.00174978127734038
0.017467248908297
-0.00515021459227472
0.00776531492666099
0.0488013698630136
-0.0122448979591837
-0.0206611570247934
0.00253164556962027
0.0387205387205387
-0.0129659643435981
0.00410509031198703
0.0106295993458707
-0.0105177993527508
-0.0261651676206051
0.010915197313182
0.0390365448504983
0.0311750599520384
-0.0426356589147288
0.00161943319838054
-0.0137429264349231
-0.012295081967213
0.00580912863070537
-0.0404290429042903
-0.00859845227859002
-0.0294882914137033
-0.033065236818588
0.00462107208872453
-0.00919963201471941
0.0111420612813371
0.0119375573921028
-0.00272232304900177
0.00545950864422196
-0.011764705882353
-0.00366300366300354
0.00183823529411753
0.0201834862385319
0.0134892086330936
0.00177462289263519
0.0389725420726308
0.0042625745950553
-0.0398981324278437
0.0159151193633953
0.00870322019147074
0.0276100086281277
0.00167926112510486
0.00586756077116513
0.00166666666666671
-0.00166389351081531
0.0349999999999999
0.0249597423510468
0.00471327572662994
0.0312744331508992
0.0159211523881728
0.0246268656716417
-0.0145666423889295
0.00221729490022171
0.00221238938053103
0.0125091979396614
0.0101744186046513
-0.00143884892086332
-0.0237752161383286
0.00221402214022137
0.00294550810014726
0.00440528634361237
-0.00438596491228072
0.00954478707782669
