-0.0284091157572619
0.00203787876982209
0.0175966581517961
-0.00139037189102575
0.00556909163886332
0.00700938918327076
0.00592932011869074
0.0121305742718363
0.00801820540129472
0.00142341120321521
0.0215719234376577
-0.0039286544442626
-0.0035332786409189
0.0128638990565819
0.0130261171859301
0.00088403921883784
0.000963569929632424
0.00152409749641902
0.00616744102791245
-0.00206974999037379
-0.00335034298539927
-0.00184090760619648
0.000400954216991156
-0.00112214650333209
0.0015245947313931
-0.0010415671988071
0.010988153673404
0.00134865526341943
0.00110917444850922
-0.00269075654723994
-0.014442152383165
0.0122383577835352
0.0101813473577685
0.00299210236220482
0.00510285771163899
-0.00132779818267437
-0.000469247610908385
-0.0354460555059611
0.00575976326177718
-0.0171802302666503
-0.00541646295308096
-0.0122122532847224
0.0179600870266485
0.0203511815168951
0.00619273785403696
0.0055151626127794
0.0119236881099281
-0.00534171236429593
0.000947678069475266
0.00615432390964687
-0.00148992318436147
-0.0134296628692426
-0.00183095044186554
-0.0322194834693316
-0.0224145121123117
0.002107392787003
0.020272577900553
-0.0201170993477031
-0.00656287768721719
0.00660623359024304
-0.0297854443379966
-0.00806522431818957
0.00568282931498931
-0.0188646267831404
-0.00513912807780315
0.043195565044492
-0.0163066340725682
0.0145808104966081
-0.00641573983890953
-0.0209212308063499
0.0147731356421639
-0.0194107275665385
0.0211205277087123
0.0237126605699871
0.00253609770448815
0.0073362258988523
0.0183325214995189
-0.00863135209812826
0.00456056392306081
-0.00511764745988197
0.0236455490221983
0.0042146621222563
0.00104920902261174
-0.0187857939110361
-0.0040262778313791
0.00107249402749354
-0.00115377455591814
0.00313535486308636
-0.000164533637694753
-0.00172754198301317
-0.0028842027669419
0.0146280743801652
-0.000325763630995346
-0.00228147961505387
0.00628831375144911
0.00981982624720157
0.000321473921079951
-0.0255483246923087
0.00305056473698939
0.0327140791479836
-0.00334286853981913
0.00622902885937537
0.00555553174603163
0.00292030788288011
-0.00480051152907846
0.0121777717236895
-0.00523435937500005
-0.0102097147536367
-0.0215028090256512
0.00640610606552072
0.00692933682274322
0.015283635950359
0.000945799202690667
-0.00582675590551185
0.00752413262277618
-0.0271204860240585
0.0063025128263976
-0.00232857714526602
0.00362170623742442
-0.00248595034047994
-0.0014470616725385
-0.00764831340188643
0.00584131906796492
-0.0062107112547819
-0.0194789466721772
-0.0132439287019936
0.00234878787307102
0.00845260705419038
-0.00257259751037342
-0.00482570089315759
-0.0103670093606972
0.0174030324219896
-0.00215894710620279
-0.0041607723085757
-0.00317537399808432
0.0203705254390936
-0.0116661024345538
0.00432250197034478
-0.00529713623572248
0.0109835247129306
-0.00205761316872433
0.000412395876288718
0.00593564700901128
0.00639244401882744
-0.01302936450254
0.0108086223797514
0.0125704103735138
-0.00378880281042804
0.000242749631934824
-0.00364045786230516
-0.00868795035115455
0.00147433046029422
-0.00392570550238913
-0.00747191060454955
-0.00852083905991496
0.00976219457258565
0.0133862340122186
-0.00521851765507597
0.0152459098360656
0.000888099459970038
0.00701778650465612
0.0127363349162555
-0.00174010124179391
-0.000633880046223556
-0.00301274089461845
0.00461234194831017
-0.00815324138125151
0.0101356501962733
-0.0074267440941771
0.0110642365135136
0.00897501989391469
-0.00507180071561164
-0.00164692178422199
0.0051845717552732
-0.025789270285943
0.00216585906735567
0.018890586728568
-0.0108413621585249
-0.00214442849195684
-0.00485514171326917
-0.0161560986655691
0.00959271588337995
0.0162653753721655
0.00871562482145327
-0.0010211138327092
0.0062903208051579
0.0221127905427538
0.00313433993019396
0.00594420815466989
-0.00106059848484841
0.01016226292915
-0.00698192958668009
-0.00498981613397387
-0.00668645994463601
0.00826131747147008
0.00265538278818567
0.000453972443887007
-0.00809262586528048
-0.00381242869138065
0.00306168402885665
0.00908051867804982
-0.00468852069387027
-0.00645791697530451
0.0150646244531736
-0.0132590698636782
-0.0154985422354113
0.00442037234014059
0.00733475116322579
0.00337244574712603
0.00198605142506914
-0.00960580940162858
-0.0344084509457792
-0.0251116147144195
-0.0505356116564265
-0.0271294632061885
0.0418732563905211
0.0253207235054682
-0.0136736639375763
-0.00655351217997424
-0.0472766922746396
0.0232578335861904
0.0259391435570178
-0.0101471670869751
0.0263113023459987
0.00224741969575004
-8.3066187756331e-05
0.00523253313567218
0.00611417009100368
0.00845861891579092
-0.0058632001824952
-0.0139253356172127
-0.0170293657674706
0.0146200960936349
-0.0172413795975574
0
0.00898385471622776
0.0181436030707198
-0.0106426945849574
0.00150100069214476
0.0154038220716706
-0.0393603535718003
-0.00418265464476897
0.0138864644647192
-0.00718632911046946
0.0186494337051859
0.0048486372300125
-0.00515802841492585
0.00493390190777898
-0.00765580440469016
-0.0263312285115305
0.0275600462702605
-0.0193613111953953
-0.0305983076923076
0.0183389352554917
-0.00285716017316007
0.0315186686032589
0.0319864890912502
0.0050571208002792
-0.000486909588647055
0.0194867970286847
-0.0202293806981423
-0.0257681602772272
0.00350437219031074
-0.00108088470310674
-0.00482770937928845
0.00869856153727944
0.0253731845003844
-0.000242657278257896
-0.00105150047039149
0.00858297975708489
-0.00409437225585041
-0.0128174442688245
0.00832928309921033
0.00639774846782282
0.00828845276305912
0.00103748600867948
-0.00279038507534091
0
-0.00391754071126404
0.00280926247080071
0.00408191925593204
-0.000956516563328402
0.00654272709578363
-0.00856125234147842
-0.01822978332134
0.0266308084808957
-0.0037283992341488
-0.0161636918915102
-0.0208805037371399
0.0138039259265021
-0.0182633343944014
0.00382027227571546
0.0280466527331849
0.0173828743379547
-0.0132890367550869
-0.0377585303472587
0.00508206285996882
0.00936669437472393
0.0121540858705942
0.000649103448275845
-0.00543256295414629
0.0109244737999519
-0.0109677499999999
-0.0119047538478861
-0.0305330665126259
0.00553280544264201
-0.0202319399026143
-0.0281665375525582
-0.0205370282573694
-0.00943996567922245
0.0124622105505967
-0.0341207083739834
0.0045914354892107
-0.0253707772164049
0.0178007468236339
-0.0152326754157532
-0.0237754695758006
0.0228873635150109
-0.026678150187834
0.0382159245680722
0.0176949564723694
0.00604364464778295
0.0182994737051612
-0.0183335995643493
-0.024038516122836
0.00577870416405291
0.0190261282664808
-0.00360476007755317
-0.0176252406968858
0.0152974029216733
-0.019066183567695
-0.0444676396656144
0.0511014194393871
0.0278485509298594
-0.00321452984610204
-0.0218372341457407
0.00838356223121473
0.0223260059133301
-0.0317068799030177
-0.0105690571806261
0.00419649984161197
0.00911766540870285
-0.0348235011764706
0.0258409938808095
0.0349809895907127
0.00890889995156785
0.00345930821045615
-0.00471744521316941
-0.0172272264809701
0.001669449081803
-0.00194443518518517
0.0327488539498204
0.0022457779374776
-0.00170299363628201
-0.00646429358406253
0.00379539115144079
0.0137738474293509
-0.000799254055596665
-0.000710940296239082
-0.00418001593418693
-0.00643030270223899
0.000719119101123544
-0.00161681484565135
0.00737740877413562
-0.00866304359504289
0.0127927747747749
-0.00213483369747081
-0.0196113121768587
0.00809238021206449
-0.0275999361161738
0.00973938428233723
0.00835932382547022
0.0153047284860544
0.0366083634798124
0.00597249204511807
-0.0121321888475978
0.00871004283093879
0.0176150594528117
0.0204497585142089
-0.0162980123682352
0.00625526611356042
-0.00126009743565103
0.00622422412502499
0.00668731104289844
-0.0107116250103795
-0.00688265072085492
0.00532451825557811
-0.0189995381000303
-0.0220241576480563
0.000876253043911923
0.00411487476698591
-0.00697535082439016
0.0166827817778803
-0.00276362377784245
-0.00311769288024866
-0.0163321864622346
0.00724189683188481
-0.00771595771023348
0.0315454631359098
-0.00788074366765024
0.00492142117078243
-0.00481138418086946
0.0170076920140259
0.0101867314893023
-0.00445377310924377
0.00759687678233423
0.00108902569098546
-0.00192471129707106
0.00679135591828661
-0.0149067369269363
0.0142869387582472
-0.012418777819167
0.00455735512798316
-0.00554478707506334
-0.00692743076132218
0.00119097402319923
-0.0184383122025947
0.00631927821120004
-0.00129033978494619
0.00956073229217447
0.0016210477060068
0.00400341560471174
-0.00458132676894907
0.0263359409130497
-0.0646072008737286
-0.0342684662133209
0.0254642767555091
0.017301657983819
0.0418575949456046
-0.00998054613937538
-0.035711233599883
0.00487281815700857
0.0068770852914315
0.0152364715035851
0.00508881309144704
0.013472916961065
-0.00118542762380069
0.0127161750823683
-0.00334840953748883
-0.00445152871579912
0.00168737030023935
-0.0414385991382482
-0.00948945627782194
0.015523817559022
-0.00978338548785673
0.00961534924474816
0.00419399748870242
-0.000870077438440919
-0.00235133671773335
-0.0155377010394151
-0.00691611107391488
0.0169643035714286
0.000614565397461408
0.028340756090719
0.00452223561063736
-0.00144402442595715
-0.00842121484214386
0.00188728660890458
-0.00410996657153906
0.0153899065495642
-0.0061811601385463
0.000851989413342746
0.00366051754779506
-0.00203560641160971
0.00186973476560492
0.001102858867565
-0.00686386735253175
0.00213310585664939
0.00212856540132567
0.00433306723023952
-0.00219949244733519
0.00322174658469887
-0.00853546846048392
0.000170439822707147
-0.0131241950954216
0.00172708976527391
0.00181033620689641
0.00757247231367764
0.00888206538157199
-0.0168458312921146
-0.0049078612442558
0.000692238470191286
-0.00726332888433501
0.00191621813284937
0.00260804140318194
0.00320814179817663
0.00734663804701752
0.00489060476472059
-0.0252732148580973
0.0120006565521844
0.00155803688702516
-0.0101114684133736
0.0136196698653774
-0.00775194673129975
0.0111111634837977
0.0135645171643755
0.00237165851891685
-0.00430956580394004
0.000509182712226552
-0.0155229537324876
0.00689301235383444
-0.0315762704811203
0.00618542910993058
0.00114162638601134
0.0111403245614035
0.0193459101070332
0.0114893446808511
0.000504888523431113
8.404675522522e-05
0.00109321394371364
0.00957579984269308
0.0148930940195839
0.000737801260752624
0.00540675841730165
0.00130364210941969
-0.00878835551133827
-0.00328375344033738
0.00329457200248506
0.0252031774928689
0.00200192189306336
0.0512266934682337
0.0164969903867942
0.0171265640573934
0.0290440955882352
-0.00785988584194097
-0.0151962614967407
0.0231826743022276
0.0096489955071406
-0.00141580778053962
0.00871965842506262
0.00899581181369502
0.000975134033391667
-0.0208058301743733
0.000497384874236895
0.022373813172929
0.0218840763945525
-0.00632260537963458
0.0080732893247597
0.0106556810277094
0.0159827341083143
0.0146077539973182
0.00436480781758952
-0.00888626203393994
0.00274867795650491
-0.0023495627049368
0.00647654712497348
-0.00883978516061945
0.0110826148900709
0.0184201007195532
-0.00706916298384508
0.000769642722862285
0.00685770048617385
0.00636537213117605
-0.00917148605294815
-0.00651126102181643
0.00514031982457364
0.00198179386225505
0.00612474141493102
-0.0147114270395324
0.00759423968354223
-0.00383233908830283
0.00474474202864084
0.00197828976346437
-0.0105725052726738
0.00463470210615879
-0.0217211113471661
0.0128373466718721
0.0045913541424687
0.0108142448349824
-0.00694132972643025
0.0234063995971991
0.0163544148469055
0.00881632568710855
0.00250557958486897
-0.00481585609431234
-0.00416534762633991
0.000922642514249228
-0.0037487708717503
0.0109801862255245
-0.00268473978085748
-0.00581215672949809
0.00184617230769235
0.010319367131707
0.00504621850793341
0.00901339917746524
0.00851317730491874
0.0054096064355631
-0.00916456544774535
0.00196922064722238
0.000119045914619864
0.000595521968490775
0.0104148069417056
-0.00653787846941856
-0.00426869632144067
-0.00583504624891418
0.0313829188993058
-0.0295570047796352
0.0053255147596194
-0.00619007220374002
-0.00143741389808094
-0.000419792488929316
-0.000780061183725755
-0.0020416561703096
-0.00427225459687997
0.0029007191902517
-0.0133165034151872
0.00451911450381681
-0.0145906068882421
-0.00709478702189625
-0.0365974830794397
-0.00187041595865045
0.00135697859126971
0
-0.00516230880065627
0.0122591945548316
-0.0104447329289342
0.0143107304291594
-0.0121935840921449
-0.00155103086799024
-0.0019418926162893
-0.0117387442539886
0.00649684976713294
-0.00228200437771409
-0.00960659365817296
-0.000461939944666367
-0.0109584700543562
-0.0126152310218488
0.0390726307950275
-0.0121007150822652
-0.00243668083885362
0.0184843086475921
-0.00239820457867657
0.0198817290655129
0.00484165761074307
0.00608638828596675
-0.0109648054576242
-0.0098119976389679
0.00997363721836075
-0.00101939343058255
0.0159438772459717
-0.00131831133738269
-0.00100573891522393
0.00610332248614642
-0.00368978125164898
-6.27393140761878e-05
-0.00546145626877359
-0.00391336885308069
0.0172992524846241
0.0113990412345413
-0.0359672117991996
0.00351372263153205
0.00140056657243992
0.00921803542495803
0.0160630110236222
-0.00551766263761333
0.00492483623402951
-0.00620347406085875
-0.0132958179768256
-0.0101221353143864
0.0142519076228549
-0.00699433535591043
-0.00260170702713902
-0.00833438133567044
0.00545330100254393
0.0150587097048323
0.0269046954123122
-0.00563172743859142
0.0014774131805293
-0.000799053390664883
-0.00639808047250545
0.000990669339070882
0.00612362226911145
-0.00528710794818366
-0.00475898631472826
-0.00956339818396201
-0.0103455323109432
0.00614547658756903
0.00220392925135604
0.0156445711071986
-0.00290752253291138
0.00477729267552451
0.0145724053332339
0.000791211743548237
-0.00516909504780949
0.00929155227805012
-0.00454242623376888
0.00492818809364692
0.000423848161577256
0.00786727160895451
-0.00462344801467607
0.0013271460137021
-0.00307252837301863
-0.0181290794810026
-0.0131708521213897
-0.0139079147787929
0.0141040730244508
0.00723465154633018
-0.0217956904024768
0.00651980646967476
0.00993648858362661
0.015941204706176
0.0092553481797859
0.00157897481892455
-0.00685183733751915
-0.00128207466252228
0.000244485875479983
0.00458379185257884
-0.00833482412650799
-0.0262576625766872
-0.0133568232525401
0.0159003186755944
-0.00370856757077309
0.000630952681388131
-0.0298235234619098
-0.00285956985960778
-0.00612649444623259
0.00727917216607099
-0.0025390558904016
-0.00248028837959635
0.00634692787611169
-0.0117035303308805
-0.0123025986842105
-0.00559523061362721
-0.00957861924476078
0.00770998912680909
-0.0238255234899329
-0.00199376422125341
-0.0185312959897685
0.0112304765127362
0.017005600617483
0.01706251659671
0.00993152570308609
-0.00385383388704319
0.000466962386165504
0.0112006996732883
0.00685705158379446
0.0121144058358926
-0.000905797113170403
-0.0038854488263883
0.00578598335390779
0.0047184730590828
0.0158903883699126
0.00829584552477125
0.0114306744665829
0.00217341042730901
-0.000495699860559418
-0.00384350633988606
0.00547641414554234
0.00315649549981134
-0.00561453596230843
0.0123472484004126
-6.13508197756518e-05
-0.00196133626581674
0.00233375296525495
