0.0141480213245848
0.0171856453130943
0.0345855290283139
-0.0324687422184197
0.0013899721725581
0.0156652984334722
-0.00527137826490875
0.0149165453402051
-0.0166312321916696
0.0298918595827673
0.0225319843905287
0.000746984140933549
0.0029856316476955
-0.00520928372093021
0.000561043565344255
-0.00728970093457948
0.0158162301672713
-0.00815575517783584
0.00541956663874288
0.0172862642618263
-0.0124246482733418
0.0199815359848572
0.0201342459616498
-0.00995736095457456
-0.00826147629310336
0.0103223467888021
0.00304710516137119
0.00375266268321406
0.0436176088167211
-0.000170556127099264
-0.0139907863164854
0.000692178565631085
0.00691679035390647
0
0.00309119010819159
-0.0202020202020202
-0.0111829460073387
-0.0282735112210639
-0.00509188924924919
-0.0254066720052399
0.0225056264066017
-0.017608198826119
0.0317400479510821
0.0284112207170184
0.0119654403672202
-0.00886798848436754
-0.00736838596491229
0.00689287709816622
0.0110583989633422
0.00190973964964392
-0.0133425751748844
-0.0100105375836063
-0.000354816397992175
-0.0111800713817238
-0.0276382084056317
0.035622019195275
0.00962397060017883
-0.014298357835892
-0.0102077363896849
0.00379952958205165
-0.0160418168709444
-0.0338889540208831
0.0618126256422971
-0.0155356964285714
-0.00979504789053054
-0.00274777431764062
-0.00422483475798741
0.0477771637664113
-0.00880281705638764
-0.0188276557518234
-0.00633604249326414
-0.0316997090854384
0.000752530545530261
0.0263207562760059
-0.0250961531416011
0.0202930849249701
-0.00755064470627331
-0.0165151051496587
0.0183019056603775
-0.00389110609799692
0.0139508933761494
0.0245826462881176
0.0121754883500622
0.000353794451685818
0.0118479577691948
0.0113596293016491
-0.00380157255575553
-0.00745882020958122
-0.0125830301890418
0.0132743362831858
0.0013974148471616
0.00976795709862355
-0.0423216452292563
0.00306641419672449
0.0194209311379081
-0.02204974461192
0.00541130962141612
-0.00771440589471095
0.066714860482465
0.0559321864406779
-0.0407704821953528
0.025267771929979
0.0236657581197977
0.0357142532571069
-0.0157019706850672
-0.0137628716572236
0.00348870911054999
-0.003002512689673
-0.0294816928197814
0.0106157275845173
-0.00404007750420043
-0.0264481741611524
-0.0108333666666667
-0.0237573554762377
0.00276146017883083
0.00654048215285652
0.018638850889193
0.147557512170556
0.0254534373105115
0.00199714698993292
-0.0239179961252278
0.000875218811996037
-0.0269601562098444
0.000898682083211533
0.0447403547885574
-0.0253508593526208
0.0884643164527119
-0.0225462130417172
0.01781767906581
0.0321617035646165
-0.0570601776771017
0.0138036529029051
0.0246183609492279
-0.0300670872483222
0.022557389356286
-0.011368196120831
-0.00219033529676926
-0.0252434630984149
-0.00928928884070557
0.0130700243368378
0.00448743526819362
-0.0181487512836278
0.0073936582569698
0.00959775609309133
-0.0120229415912615
0.010046682044621
-0.000420271802477168
-0.0126138896317839
-0.00723910605702349
-0.00400340280230482
0.0127763271446266
0.0211197439637245
0.00888393935474818
-0.00068798844248763
0.00950024822388462
-0.0141844108019639
0.00152185945658356
0.0262467471508046
-0.00201914117621294
-0.00660907751023843
0.00203667340022617
0.00352296733646451
0.000675168800301718
-0.00553237072551116
-0.00149255094270895
-0.0209266623686186
-0.0113809849529084
0.0186718369224272
-0.0129547274794577
-0.00279258575289354
-0.00560068623916798
-0.0022528302838426
-0.00705616699045775
-0.0184764494247236
-0.0207066469941107
0.00340091690378164
0.0271145884598498
0.00602591130671071
0.00898455466409498
0.0104593356890459
-0.035389551976208
0.0201565983201364
0.012366780735374
-0.00224660204652349
0.0050661414316393
-0.0190422856074571
-0.0231229809626884
0.000438325527810424
-0.0217613258104086
0.00343380098086876
0.0102663742042313
-0.019734962599854
-0.00931484402989291
-0.145131979219534
-0.000354816397992175
0.0157942152899455
-0.0155486367732831
-0.00638857165531759
-0.0141096797960464
-0.00960150344924815
-0.0012804097779554
0.0146520884487944
0.017147941619208
0.0209405686225579
-0.00695285949857216
-0.0309819704011558
-0.0205924851771587
0.00258207298815782
0.0207873616485033
0.00468549271272334
-0.0118385650224214
-0.0373933744781269
-0.0288515751244874
-0.0328155145631068
-0.0140534026489982
0.041132151473587
0.00704089561821042
-0.0217518538841773
-0.0154853884352866
-0.0262149425287358
0.00683367142609925
-0.0246812222270922
0.0132855551786399
0.0139438504462821
-0.0238095233208226
0.00504621520087856
0.0177824899117676
0.00842752277790249
0.0101916019121158
-0.0110977197115067
0.007345460409935
0.00445616780344693
-0.0288364589635008
-0.0313537790697673
-0.026580963490634
0.00330325919401031
-0.0428007014310645
-0.0630589299917695
-0.0259422901139919
0.0115577641094917
0.0285643829391147
0.0543347017628593
0.00549706825469554
-0.0239180854707023
-0.014469032180585
0.0104190859578499
-0.00281225698674747
0.00822568761987519
-0.0344989261305862
0.0197972969482036
0.0116003308901358
0.0191902410484437
0.00436287036424488
-0.0272062859073485
-0.0390129268863202
-0.04230860949642
0.0459652451481105
0.0217284917414182
0.053524542581818
0.0181446813336357
0.0198262423663675
-0.0369156626674455
0.0390111363120889
0.0165902419430202
0.000214773459308537
-0.0384285299086077
0.00379544532718379
0.00400355880790837
0.0066459903997782
-0.0209066245798114
-0.0289953010116745
0.129166617380402
0.0250102711154219
0.0131999999999999
0.0268456375838928
-0.0153786812764322
0.012690316034941
-0.0190861387909416
-0.00963054226355065
0.0279817429645115
-0.00115824326560321
-0.00850411640880877
0.0346979149063922
-0.0188394868560856
-0.0193932788251429
0.00665752888192661
-0.00622446994748094
0.00332742219612459
-0.010924639521055
0.0439842003158935
-0.00699034573965618
0.0154109205591531
0.011617069732379
0.0074087235632998
-0.0261077041019986
0.00377566539974183
0.00883959032686077
0.0102535423238914
0.0110721906453624
0.000547526910977814
-0.00893830718715793
0.0174856794593896
-0.0119392187398556
-0.0100695534615444
-0.0146107083410395
0.015202721756808
-0.0134960066555742
-0.0327961013344059
-0.0424336941981458
0.00161881835770217
0.0119191919191919
-0.0239568975843482
0.037021927531641
-0.0195266662815252
0.010259545569494
0.0234966343389758
0.000778151720694398
0.0324650472874231
-0.00922617192193231
0.0248954964822405
-0.0500648989430744
-0.0156158500878391
0.0448145746579418
-0.0064528564519426
-0.0292263239436991
0.0283352617079891
0.000956812129996543
-0.0175874972741827
-0.0182914578379346
0.00574828531717952
-0.00394168293489627
-0.18045118360801
0.00989869675995636
0.0315562977979298
0.0723058599162985
-0.0337151718175924
0.0140908301071534
0.0324217247463607
-0.0021363383435945
-0.00235497757129055
0.0175965672788225
-0.00590466072984641
-0.0439117319455183
0.021965853117373
0.0013026052691576
-0.00845617971500834
-0.0207741307675486
0.0303707018841159
-0.0301256833577305
0.040223441340782
0.0158969283758739
0.0277013527658838
-0.0150205561736855
-0.0407353465789712
0.01045304923576
-0.046982778147294
0.0187697417736377
0.00910099909214224
0.0164980206004843
-0.0173122488057186
0.0103501651618587
-0.0148212725627447
0.040044180529996
-0.0129758780249257
-0.00107767236734169
0.0248112632065269
-0.00568421052631585
-0.0277366504340461
0.0527003942813762
-0.00558543649151844
-0.0222592053255669
-0.0306382765957447
0.0151448416342221
0.0209729945945947
0.00783564151131633
-0.0147089934860265
0.0151418002802686
0.00357147073829722
0.00334938245760941
0.0181514500312956
-0.01045077890268
-0.0677159025115778
-0.000666326077299106
-0.0113358963620406
-0.0422662320143884
-0.0208919962860091
0.023975066506235
0.0229454465686125
-0.0400549333956267
-0.0128754652569257
-0.0422705293589116
0.0282471108072075
0.000981138091733946
-0.028669492068868
-0.0257315849074569
0.0139824187980946
0.0329418028600614
0.0140914458815464
0.0248659434422231
-0.0218839671293062
0.00948441170925141
-0.00722715043252953
0.0298471252086174
0.00565506610874333
0.0042174554826615
0.00466635546742067
0.00650253120059152
0.0258421550530687
0.0112460641305907
-0.00978645484400475
0.0449236298292901
0.00193467325881325
-0.00214552666497458
-0.0161255650881774
-0.0268793499510207
0.00538964754973392
0.00223361626088892
-0.00289719195224414
0.00692885530045362
-0.000887924548011565
0.00822046248480168
-0.0110180693914044
0.00267377445022787
0.0257777777777777
-0.0563258015597919
-0.0401744710703749
0.0241568757675945
0.00934145259224661
0.000462771854169874
0.00555036977102819
-0.0186293008279668
0.0203891033695385
0.0036747817254299
0.0192219675235248
0.000224472379333873
0.0136925031131874
0.00310006643046945
0.00176604860410712
0.00154252971479663
0.00176013197447444
-0.0131781026395366
0.0505230580903628
-0.00720338967789436
-0.00576186500721576
0.0148100236102167
-0.016920452980551
0.00968158347676429
-0.0044747283187726
0.00149828763916315
-0.00106858300772428
-0.00449300365883598
0.0404040627638955
0.00289194381326174
-0.00185375904951091
0.00144449033108707
0.0286420570501145
-0.0226361587594616
-0.00163972122074751
-0.00513241644698037
0.00598433772150919
-0.00451284102564109
0.00762421198483865
0.00858891580413434
-0.01338199513382
-0.015618536785861
-0.0475992255699698
-0.0541428551982213
-0.00695258368701812
0.00420072364997526
0.00441557063480302
-0.0108746179806891
-0.00912278362573105
-0.0103872282722561
-0.046517106226961
0.0107580933010234
-0.00222774741446796
0.00644998743612035
-0.0167611782105003
0.0360993491125432
-0.0101621577468107
-0.00171107308726459
0.0159158178256609
0.00723063353913544
-0.0071787267963932
-0.00554360060045289
0.0157538059017839
0.0162252445717015
-0.0124442122563982
-0.0209225149566686
0.00315689655172413
-0.0263858623484419
-0.0435106901165915
-0.0090980501924085
0.00209868840762573
-0.00602094225076055
0.0015801421759245
-0.0312910605125178
-0.0244299945711184
0.0815247657630709
-0.0144069466016709
-0.0323675533185186
0.0218505799838145
-0.0366947983977087
-0.00137032056068387
0.026070253185243
-0.00508151925866596
0.0110215050800671
-0.015687343374439
0.0145867368989734
0.0298189289185589
-0.0155118407445708
-0.00157568269035269
-0.0218306417674908
-0.0185533481729859
0.0180821917808218
-0.0131862755651238
-0.068993704335626
0.0251904225304751
0.0454285714285716
0.0142115605356654
0.0487738332316403
-0.0164439628182921
-0.00914312981042653
0.0134457948853151
0.00572323115825246
-0.0196585100879461
-0.00897100216511859
-0.0290202335191631
0.00575812981195134
-0.00981461286804797
0.0145924559471364
-0.00461324312690603
0.00163582333696821
-0.0185084638808675
0.015252356759502
-0.0158427201354078
-0.00111010272301149
-0.00944706810519202
0.00589057470459609
-0.0379252917477609
0.045217420289855
0.012479117790374
0.0169817319628447
0.0315108529084069
-0.0159268933662374
0.00185723008376848
0.00158903610111416
-0.00872548915917515
-0.00533478232409801
0.00616784644226764
-0.00559698827292121
0.00509244156814681
0.00213338666666663
-0.00984574189219034
0.0045687182093177
0.0205992771375261
0.0251637994671663
0.0132958319280023
-0.0118597271799212
-0.0168539325842696
0.0116883376623376
0
-0.0428755316334909
-0.0136802310536541
-0.00108784335055767
0.00925673836101293
0.0032370919881306
-0.00645329406973094
0.00324760478355612
-0.0280550579983816
-0.00610596741898317
0.0187098291340455
-0.010416721491228
0.0155125216350427
-0.00872885979268945
0.0470555586130985
0.0160315641532605
0.00879461976202811
0.0053845897435898
0.0196378734924221
-0.0147574037018507
-0.00507743094890667
0.00280683855082509
0.000254503823269747
0.0119561940484305
0.024384138370642
0.0414723680981595
-0.0103675544384438
0.00119045238095228
0.00594530335185017
-0.00709217510856208
0.00785719047619038
-0.0040161113150905
0.00664134250474402
-0.0139020031550896
0.0721625124092002
0.00913750856112117
-0.00220845852933871
-0.0252323815847721
-0.0161216844659017
0.0032309945427651
-0.00552107187667206
0.00393250057830219
-0.00967746499182198
-0.00488599348534191
0.00140289922843118
-0.00793836059125108
-0.0108261468191976
0.00333093036714094
-0.0118567707781252
0.00072001443340608
-0.00215827332953789
-0.0156212925830017
0.0183105473220349
0.000239798615195408
-0.0328380385225783
-0.018835143436686
-0.0151552917403386
0.000512849422269923
-0.0079466038424304
0.00310074927388237
0.00360636269963943
0.0164270794770809
-0.00883833377971377
-0.0203821401273885
-0.0106631986823617
-0.0097266821838411
-0.0031855324229112
-0.0138482027655981
-0.00189035921929115
0.00324683450343155
-0.00674217870862037
0.0173771101071349
-0.0165466502122592
0.0160108828228431
0.00747868609718716
-0.00980919910367983
0.00133879525241221
0.0205881272412767
-0.0256745887175577
0.0220489115904521
-0.00289387018647047
-0.013720342283887
0.0168538518765691
0.00526179980330443
0.0319288414532541
-0.0124271113365457
-0.00667691337126131
0.0121510341261635
-0.0127713914293032
-0.0129366099385971
-0.00550466550434259
0.0184501849881442
0.0245859478412513
-0.0103561505430665
0.0165901480347117
-0.00276176235190739
-0.00906344388057811
-0.00965449670593255
0.0148794510005132
-0.0121334425648776
-0.0112590321771221
-0.00232919260686326
0.0204928928791932
0.00940516014234882
0.00956940341398638
-0.030182065352956
-0.0285494077019185
0.0029123907863382
-0.0237592654762603
-0.00703080043266613
0.0138888612775363
0.00510335750738666
0.0227151802627035
0.0193362424875883
0.000512714714827611
0
-0.0153727649339678
0.0166536559979182
-0.00793452777066794
0.00154803929556446
-0.000257573415765044
-0.00876062847821102
-0.0213152840833044
-0.00106244350265916
0.00292475397700742
-0.00185575286702677
0.024701193906975
0.0121823995758217
0.00409731124448953
-0.0117316758921622
-0.0165161032258065
0.00603513497677444
0.0299948356807509
-0.00810341817658045
-0.0104671948157873
0.00154803929556446
0.00953114374034003
-0.0178616233187453
0.00649519321926761
0.00645327793220041
-0.0102590915486487
-0.0432755117906194
-0.0601299328347742
-0.0512969149482158
-0.0279464780040387
-0.00656246874999999
0.00912239669322434
0.00654610308316061
-0.0436668304841488
-0.0404792759222563
0.0168747896346537
0.0112844344933434
0.00295372507232439
0.00523560226556286
-0.00911451852586331
0.00952690507467469
-0.0133420110641067
-0.00362800131926122
0.0105925855873084
0.00982636718551033
-0.0107038598767434
0.00295081967213107
0.0290944753187317
0.00285895806861491
0.000633512828634775
0.0205761949984171
-0.0102357934096902
0.00595418364149158
0.0292835843790396
0.0169490612303553
-0.00119038697561824
-0.0205602496853322
-0.0255552183010411
-0.0165469564953779
-0.0165079365079365
0.0132343124596515
-0.00477856020320366
0.00192058258642769
0.00575083085465922
-0.0111182020330368
0.0256987158913817
-0.0335107735671781
0.0165262470341461
0.0325150770635936
0.00432232183767578
0.162004308699794
0.00317457680356026
0.00975746359480278
-0.00104468526913848
0.00522878431372553
-0.0041612482662875
-0.0138418121221776
0.00503185937668738
