0.010823055625472
0.0144422808764941
0.0110455811956023
-0.00631218757737773
0.00903979965795254
-0.0101694433455071
0.0026908267443535
0.0202487914004006
0.0145863223338116
0.00801319820881452
0.0114565817161563
0.00624135488864308
0.00367562608949301
0.00114449533404648
0.00365797879936092
-0.000455603623890521
0.00341836819921659
0.00545085181582694
-0.00542130110684447
-0.00545078368046292
-0.000228408307184069
-0.00114205119100164
0.00594562085524819
-0.000227369846448333
0.00409276944065473
-0.00135874094202892
0.012244921190246
-0.00134401884731228
0.00560789566586384
0.00178447460252174
-0.0142507236695611
0.0180709283939462
0.0104282449522963
0.00878344293404831
-0.00565953429820498
0.0126969789842382
0.00324258552713275
-0.0133591682826977
0.0257698181749331
-0.0183095589033521
0.00759050081130996
-0.0154971376559867
0.0172714684183879
0.0285837530321029
0.0173422060730839
0.0123229002325507
-0.00304325414803697
-0.0081399472555953
-0.000820701648719613
0.00308002047063605
-0.00450352116698138
-0.0137775444421644
-0.00208502923446696
-0.00522356863302198
-0.000630098705521887
0.0142916345400743
0.0155408211993711
-0.0104059992004081
-0.023711381443299
-0.0135163469278288
-0.0224791055979258
0.00219005694261942
0.0115822338978249
-0.00734499876117944
-0.00544069629073562
0.0183807435802901
0.000429737850671685
0.000214755150026669
-0.0105217522009877
-0.0225694651662559
0.00288625659666408
0.00951959307148953
0.0265351546725945
0.00512706675652486
0.0116896708116827
0.0147059039792397
0.0194617602373035
-0.0152315184715062
0.00123730661013388
0.0129763339438997
0.0115900772671818
-0.00542713567839204
0.00889244139046075
-0.00020028045674203
0.00781404528150675
0.0127236583046453
-0.00294460154975673
-0.00275642837652235
0.00276404727486468
-0.00295337659079775
-0.00947865342572396
0.0151514752791069
-0.00628436788233966
0.00830043511068923
-0.00470405723245804
-0.0116187477672065
0.0101614267814589
-0.020907336865733
-0.00604349327243137
0.0131739359546006
0.00520099999195844
0.0111442985074628
0.00255851205356206
-0.0278759133858639
0.0179725363489498
0.000595100178536034
-0.00218074944846847
-0.00317909782717674
-0.0201315136588206
0.00793325874694872
0.00302728563122678
0.0201207239412329
0.00473368826955256
-0.00942285059722903
-0.00693614758097805
0.00937938516504921
-0.0112693550308677
-0.00179964014395684
0.0044070714906681
0.00877548880685053
-0.00514041102647644
-0.0121224364069952
-0.00402335554261424
0.00585742297949587
-0.0224899402106413
-0.00698438783894817
0.00786100537856838
0.00246303361118572
0.0188369778869779
-0.0239147517650624
-0.00638258184064233
0.021964402070634
-0.00729929034874288
-0.0067401553664248
0.00863660274241007
0.0116207953439509
-0.0038290810928876
-0.00930606918875165
0.0187869712316322
0.0132291042940289
0.00514346202064209
-0.00610118074982913
0.00495049504950495
0.0137931231527093
-0.00505348872587974
0.0115256888362119
0.00946313266634102
-0.00841779223263828
0.00848925300060777
0.00669598239908153
-0.013112866079682
0.00250338917773929
0.00537839021555153
-0.0112724493695071
-0.00502411594202901
0.00213625938488016
0.00678300413887611
-0.0119345329752737
-0.015585485463258
-0.00989511201059001
0.00219868083547237
0.0123653572470155
0.0065012216903555
-0.00685061655901364
-0.00788336586979232
0.0049662296384585
0.00909268630164051
0.00450538696386649
-0.0173556945662185
0.00456439778853723
-0.00158036352391089
-0.0158290262004546
0.0044229391064361
-0.00520412340280474
-0.0231388727738657
0.0053553451154551
-0.00204880143313246
0.00862250069025872
-0.00753110100689791
0.00164073017394295
-0.0200654995904997
0.0284162133636396
0.0255993290207368
0.00396196513470692
0.00947119179163369
0.00136825645035188
0.0124926605504587
-0.000578349731604866
-0.00173611111111116
-0.0104348019323671
0.0101542864704995
-0.00386624782524647
0.00698622175405061
-0.0138755254167572
-0.0103576122867934
0.00691159176365685
0
0.000784408676822501
-0.000783793862116244
0.00764853862920045
0.0212144799296521
0.00590809975399065
0.00284200460102335
0.0117135650859626
-0.00448175545250706
-0.00506471571816336
0.0111236800316048
0.0117471002844098
-0.00165868048870921
0.00258451181777786
-0.00515562502015054
-0.0179529523959457
-0.028458386195658
-0.0370514071202989
-0.0161160156348915
0.0174037469287469
0.0324008861420988
0.0037037622554339
-0.00582643209064149
-0.0228560074791171
0.0151939024390242
0.00728639242391482
-0.0166178488125963
0.0330019887276738
-0.01943799113622
0.0074583119242726
0.00818231022083338
-0.00734301449275365
0.00700800091508658
0.00212642567175725
-0.0171681905864198
-0.00942100079644737
0.0138695658040506
-0.00254049257535638
0.0184169079463772
-0.000769545979222741
0.0296496155111592
-0.0272999252056843
-0.00403688965782401
0.0293379843787303
-0.0133133878374878
0.000190079821172251
0.01938060004977
-0.0050326372774413
-0.00224808912985963
0.00976344385142469
-0.0128300299894017
0.0195893953663588
-0.00960650268600594
0.00111913819960585
0.0231041931471656
0.00109271535239497
0.00855008170729343
0.00703468627407444
-0.0102096360304625
0.0694896876398727
-0.00642972949000775
-0.00544957415787517
0.00941779077336324
0.00559793035457279
-0.00101211202786955
-0.0224586622347406
0.030747953545482
-0.00620075435564782
-0.019224266766008
0.00790919876203589
-0.0064823781385599
-0.00961541862584414
0.0154299583911235
-0.00136585282567869
-0.0133356637601071
-0.0194073647445393
0.0114861636331507
0.00559047849089866
0.0196316535852736
0.0114159483969321
0.0102762801503322
-0.0123395195541185
-0.0124936349822725
-0.000683894659466722
0.0071855944022996
-0.0042466452224672
0.00170593656953155
-0.0035763453069424
-0.0261493428866637
0.0343980168480169
-0.011197828489953
-0.00617709344847439
-0.0252071659256617
-0.00885582729110568
-0.0196568623955838
0.0222384429048772
0.0123038155383803
0.0021137748810991
-0.0142379506809273
-0.0026747859245797
0.00965494367959963
0.0272710637989895
-0.00051711775614971
0.000172507761297069
0.0193136568610568
0.00456775495571393
-0.00606266409459977
-0.0144019315486277
-0.0280212662204321
0.0152104878809607
-0.0029617072138779
-0.00227157085444696
-0.0225918922098737
0.0263393293972527
0.0052374826333359
-0.0321292451500784
0.0315808720617261
-0.0173943288434744
0.0173481849053574
-0.0203584823323738
-0.00923623462231327
0.0349587851373034
-0.0195739130434782
0.0340989588020832
-0.0039296088147891
0.0101200687842209
0.0528103422110773
-0.00419351612903229
0.00939420118580503
-0.0115533055198973
-0.028409091831464
-0.00751873040998263
0.0136363126721781
0.0212589772672143
-0.00992032818603583
-0.0149474373366058
0.0223445052135316
0.00570867712104572
0.0210833441453131
-0.00127061628447622
0.000795149478448609
0.00985220085809635
-0.00645161300474606
0.00823568274050812
0.0133522148916116
-0.0102310336310329
-0.00877050928020395
0.0154842152712245
0.00342307468911196
0.0110094436659773
-0.00398765355771391
-0.010779242045604
0.00980705198652077
0.00770772278213094
-0.00611904515286621
0.0155456669917551
0.0128826759829035
0.00314228630428603
-0.00641408104990937
-0.0114097431104977
-0.0203492185375617
-0.00372043082559503
0.0178932791921556
0.00336290135624884
-0.0246801039713606
0.0103093256939704
0.0137600494743351
-0.00610038127192292
0.0185668104516437
-0.00436880104107273
-0.00817057092876805
-0.00869565177594278
-0.000461772831866436
-0.0106234800903839
-0.00949268566782802
0.00989783158215785
-0.0175792939884769
0.0126682339614177
-0.00437846748430859
0.0120936708683421
-0.0046555398927518
0.000467711263918202
-0.000623359844892035
-0.00498980219818201
0.00282089009840325
0.00281287692411714
0.00374015906935199
-0.00434725947230186
-0.0198034626447902
-0.0182946544973805
0.0210662618873159
-0.0117441362242227
0.00497835233659871
0.00990730233597636
0.0131328795390369
0.00734032496236647
0.00139528682170531
-0.015017759096935
0.00880227929585486
-0.00779058896852614
0.00078517587939686
-0.0188294523772163
0.0083160084490006
-0.000158572563974224
0.00920047574237826
-0.000785900672522821
0.0322479628755701
-0.00182875639307722
-0.00732829007633584
0.00999693986451589
0.00517746323062163
-0.006211240532912
-0.00685969533108821
-0.00122796619407639
0.000922037805440423
-0.00368490727859239
0.00508556025713602
0.00674644270551306
-0.00121842819260276
-0.00716683418216424
-0.00337892791615824
-0.00138690093060412
0.00138882709619637
-0.015564771391043
-0.0123669534695217
-0.00190202884767787
0.00190565345552396
0.0209225550800443
-0.0218910714552976
-0.0249206349206349
0.0190460361386944
0.0238018857444693
0.00904980552659129
0.00154629663047157
-0.00277907994962556
0.002322372028015
0.00278035226383544
0.0147874157359031
0.00834855836438497
0.0132469968387774
-0.00207992874996055
0.00297759425271971
0.00207806135914823
0.00133307654175452
0.00695269251339314
-0.00484798002056697
-0.00546198717041602
0.00623419892084631
0.00958844948239501
0.000876651055620847
0.0341605255474453
0.000423588392071572
-0.00155215176158519
0.0093272467685912
-0.0030803837322988
0.00463485974585098
-0.00139800085835307
-0.00349993000139992
-0.00955324529362189
-0.00382974468085107
0.0012814608593994
-0.00412401877133095
0.00171359419839479
-0.000855395556510485
-0.0115565279815396
0.0134237877226295
0.0015667426515702
0.00170651308304914
0.000567873351281056
0.00113500278937262
-0.00396823990839668
0.00483784867441428
-0.00184090901270562
0.00865370999159332
0.00337549939171589
-0.00182221765193258
0.00603847782668843
0.000418746516174684
-0.00237195485899144
-0.00839158041958044
-0.00973205896383478
-0.0175188152331408
0.00724847750441526
-0.00604497671078108
-0.00535760224030102
0.0120831995317163
-0.000719159985004159
0.00475028062832483
-0.00257879645076819
0.0150818005566591
-0.00325450695498819
-0.0139125918820958
-0.00892604389470253
-0.00421256561374572
-0.00495994143136669
-0.010702184587336
0.000889122663495057
-0.00725493030419111
-0.00387773286154813
0.00119781402608443
0.00717803168036357
-0.00475128447665274
-0.0091004178591737
-0.0072266789288371
0.00788591119545301
0.00571767989343486
0.00598447073515684
-0.0127900212013689
-0.00256098233930335
0.00286970250520624
-0.0100903460816162
0.0068461430010891
0.00181328195829544
0.000904947168705261
-0.025165747058985
-0.0114391865376663
0.00218913210024807
-0.00187228908549153
-0.00703456296647553
0.00377830604534002
0.00627362002112974
0.00810467530519499
0.0120593537414964
-0.0012221509505369
0.0237076028008996
0.00253993724787072
-0.00983600625442627
-0.0257374916996542
-0.00386219663855103
0.00356693531791552
0.00231806524985423
0.0152635982845575
0.00182236907585009
-0.00591176283292771
-0.00365974371272504
0.00535668842097881
-0.0168975485797673
0.00603900569715066
-0.0135447896945545
-0.00842560514436608
0.00519279315802978
0.0153412646314768
0.0255935241197423
0.0163861101797704
0.00236645463146812
0.0125425119909626
0.00247738257895458
0.00683240286622455
-0.014438347836028
0.00512743905281443
-0.00801636775956327
-0.00528946533321961
0.00457909916894095
-0.00764599301143976
-0.00414874808560528
-0.000595164418913163
0.00535955055410309
-0.00281360880813875
-0.00490041609150083
0.00164156091205614
-0.00655546752582814
0.0155968956208756
-0.00118136442437433
0.0121230043187905
-0.0100789075384006
-0.00841080161181074
0.00773815510735809
-0.00472532479732235
0.00459936188132448
-0.0106335993299896
0.00388120626604582
-0.00282530855018592
0.00447365059569504
-0.000593839064818358
0.00935824420677367
0.00573949988548206
0.00717012040796705
-0.00682843217119178
-0.00263313337283289
0.0346142710472279
0.0029770200882191
-0.00113077031802111
-0.00466961948973044
-0.00852996920841453
-0.0054487670045531
-0.0069204727952642
0.00319397516814646
0.00969607842825115
0.0133295118244019
0.00113157006216014
0.00664030809042537
0.00126310175438604
0.0023830391019366
-0.0019577541055027
-0.00182156360565089
0.00294776819056053
0
-0.00419867057517154
-0.000562206589959091
0.0150470958367728
-0.0128844555278471
-0.00224567017543864
0.00379807307908697
-0.00602579868237374
-0.00281963908078398
0.00494838095793648
-0.00168828076285077
-0.00253664039651402
-0.000988979951808244
0.00155566400163565
0.00480096018073994
-0.00393489297724037
-0.00155191880157668
-0.0145541761150563
-0.000573573288602636
0.000430502170609914
0.00172085178312709
-0.012025712584845
0.00188374143214776
-0.00679781612377517
0.0104849427838922
0.000864649097343184
-0.00777527751369078
-0.00406337227900899
0.00670259391093952
0.000578969493644221
0.00130195289897084
0.00202253680984499
-0.00519032576138512
-0.0046376811594202
-0.00829934478742012
0.0142416823632112
0.000289461485539766
0.00101302463134667
0.0137343505489185
-0.00299485155469825
0.00772411627955272
0.00113558557000371
-0.0140365520209351
-0.0125108281203504
0.00291255287352699
-0.00624366169985491
-0.00116892164906734
-0.00804568449318777
0.00221207792986511
-0.000735653336310316
-0.0129584000613517
-0.00417721921792069
0
0.00674152808988748
0.00520842285156653
0.00325675781243118
-0.00590222838581511
-0.00949977692594139
0.000149782699695011
0.0104885229394225
0.00696918721918172
0.00029444851748206
-0.00382749889592227
0.00768440986210761
-0.00894559293311081
-0.00236762348719655
0.00341151003890561
0.00325204720614791
-0.00545164260564412
0.00548152592592599
0.00574626466422878
0.0196307641479412
0.00876438243575817
0.00470021371172513
-0.00198467533336155
0.0154828972874177
-0.00615463718435127
-0.00140754392367881
0.00295992965299208
-0.000281127021859007
-0.0122294350889716
-0.0072576493777281
-0.00329706125868512
0.0047461815726475
0.00629833944605873
0.0054053625004824
0.0134408177702319
-0.00125640100194335
-0.000698951625678679
0.00223813126977568
0.000418674098571659
-0.00585934709821434
0.00519218340746042
-0.00404859712614536
-0.00196241951008802
0.00182591299828272
0.00294404870477938
-0.00670957496911428
0.0060512244877915
0.0029374598667633
0.00153418416461015
0.0029243699463688
0.00999723729508073
-0.00137474570730667
0.0013766382348106
0.0235083729312173
-0.00161175291921101
0.000538154162837312
0
0.00551292165471606
-0.00147099493809832
0.00562472226127553
0.000266413651160535
-0.00133136731019345
0.00319954664179312
0.0132890365448506
-0.00432789508196707
-0.00553211289599886
0.017218582781457
0.00260412750244288
0.00155848051948038
-0.0108921676260826
-0.017960081514946
0.00507271365250506
0.0152742858908981
-0.00981161669775987
-0.0099088384222793
0.0108086199410562
-0.00158419801980192
-0.00555332562025634
-0.00172845368605845
0.00399567117752619
-0.000132581591904324
-0.0131352787660098
-0.00255438300165567
-0.00633509889917527
0.00854580834853769
-0.00242098190775997
0.011594998290279
-0.00386513399793598
-0.000535202048038586
0.000669384230363557
0.00454844147157196
0.0163803977296788
0.00550311844863738
-0.00833984905759311
0.0042049935402102
0.00915997145145164
-0.00972510335612931
0.00995147270061003
0.00648256216060794
-0.000772858460886039
0.00283616088694094
-0.000514217759169378
-0.00231511254019301
0.00103135232693052
-0.0482936239975885
0.00811905255428824
0.000805342281879007
0.0143508453420294
-0.00951993955520058
-0.00760923734565544
