0.00942483636848546
0.00933683819628661
0.0040996532355615
0.0105737231126588
0.0131565732223824
0.00572595074460258
-0.00274506910588579
0.0106025185279852
-0.00534650475173526
0.0132860651782163
0.00310276236201523
0.00588701850042894
0.00148795757341458
0.0388272388948816
-0.00886727714151259
0.00750366544022119
0.00840253962372173
-0.00766970923520771
-0.0163168602199373
-0.00795420537216818
-0.00410676652312802
0.01335298013457
0.00125953881658303
0.00358044333580199
-0.00626748632019569
0.00659809832327007
-0.00501250250650676
-0.0035846056618426
0.0034030044414779
0.0115310274669873
0.00402336434546746
0.00286235097533361
-0.00684998566406625
-0.00862152513288172
-0.00541113161486384
0.0071893325561061
0.00887429360228209
-0.0301175458501786
0.0102523755865067
-0.0162959109202993
-0.00148788813585721
0.0041724417177651
0.0201820435262754
0.022594976068804
0.00398298731103797
0.000661178785458238
0.00358691705518366
0.015613271256584
0.0121318574143772
0.0110714519986141
-0.0241628778280544
-0.0142817487845358
0.00376329848750312
-0.0105914704172563
0.00388407548094127
0.0091535433693164
0.00607811845748785
-0.00882978934212431
-0.00253184548510743
0.00394846280111505
0.0061803164511629
-0.00381569112561253
0.0110239161899857
0.00656070036443634
0.00881298999357383
-0.00309396672212181
-0.000638977618284575
0.00246617640300939
0.0133940865603643
-0.0116885720941505
0.01582974919632
-0.0216729886558127
0.00759796791647682
0.00154445352957211
-0.00725685789653219
0.00246707780579158
-0.0356393768629967
-0.0120983550444701
0.0316686289227504
-0.0256886205009993
0.00266512474138825
-0.0163280146697556
-0.00193017751601487
0.0296847810807344
-0.00995396769563273
0.00161242530589001
0.00369318188812851
0.000849174466443392
-0.0216817774946874
-0.00289069187599444
-0.000193312711828986
-0.0185578776199291
0.00393934406205099
-0.00539535990984186
0.00729853049904849
-0.0335846480050324
0.00233032428562296
-0.00950168806226637
-0.000102000206184338
0.0259235958586366
0.000895384029905966
0.0234569125985795
0.00301056615508832
0.0350503779536249
-0.0132834328665401
0.00483499227810991
-0.00235871313064839
-0.00851146223778065
-0.0135444301237859
-0.00676848785087014
0.00798286596589892
0.011589694692006
-0.00658769346167065
0.00682363267207209
-9.54753704567324e-05
0.00754177565632452
-0.0118438505605093
-0.00239716173749005
-0.000288341019912153
0.00855686936723643
-0.0109628405917476
0.00587952771084344
-0.00172480833916422
-0.00403146477250915
-0.00587895131305027
0.0130877166633501
-0.0105262966507177
-0.00106383943783672
0.00958464508098911
0.0073840046738014
-0.011708738361483
0.00269695627046818
-0.0134486169730762
-0.017234635362258
0.00941243436044781
0.00863766220958961
-0.0253989874387118
-0.00119823262709462
0.00569828057281097
0.00606362835116547
-0.0118565063912311
-0.000999879992003239
0.00290254217185293
0.00878248529288883
0.0104867132867688
0.00156651656125439
0.00205277608838395
9.75026807628065e-05
-0.00351144177267193
0.000685189871370673
-0.0117382760910218
-0.00197958034227053
0.0142814139783516
0.000684452938822355
0.0116279367452781
-0.0126533180010946
-0.0195656425399565
0.00149672718522531
-0.0159410775348885
-0.00658088508395926
0.000713401934975488
0.00947144292755997
0.00554877908952456
-0.00431423706861123
-0.00120913948426327
0.00413635984252347
0.0117552296971288
0.0154916092003459
-0.0127127222234946
-0.00198095287223599
-0.0145891323027166
-0.00765436592149893
-0.00548057449995509
0.00724562725269151
-0.00536979752897049
-0.00142608742846262
0.00408039379863712
0.0181855227064918
0.00239471161050986
0.0240891700586221
-0.00903965811740848
-0.00755269271856862
0.00454634315082036
0.00324677295598952
0.000196106696125353
0.00764779895377599
0.0161526033711961
-0.00746909891793557
-0.0048239265832335
-0.00988856015727457
0.00656032526858885
-0.00710119629082118
0.00205740178309011
0.0119280505663673
0.0057004444444444
0.00480353558664759
0.00286837184695954
0.00295545812713738
0.0238593352811598
-0.0108624826929948
-0.00544398342928498
-0.00198187053588017
0.011820330969267
-0.00439253271028039
0.000938683947607988
0.0165995034211621
0.00479701098160512
0.00110175360084019
0.00449374537331493
-0.000182570986785091
-0.0040179160986592
-0.0075181076372971
-0.0119168683602772
-0.0366491963037509
-0.024553561485311
0.0114416672680993
0.00590200645673788
-0.00430277715034666
-0.033490434099391
-0.0310944606810503
-0.00325114846882324
0.00136781353779658
-0.00577907966332003
0.0261043428628933
-0.0184364308759473
0.000524606489256785
0.00524383859976596
0.00292122071823098
0.00104032043192515
0.0133014544330836
0.0122038249983831
-0.0142856741930802
0.00781171746518949
-0.0101988778113551
-0.000721277669615383
0.00556809634250066
0.0111772357827287
-0.0107493965039103
-0.00779089673631272
0.00785207141386435
-0.0102511529394828
0.020611060985674
0.0221229955132636
-0.0086378374837387
0.000801221848797606
0.00920642449714792
0.00198319290001381
0.00395837692355139
-0.00206997541853049
-0.00306201112331106
0.0224908055087683
0.00445743230011919
0.00106109392008125
0.00163828664271826
0.00250139498746593
0.0144913823749919
-0.0108788289743528
-0.00679035973202669
0.00240731829383378
-0.0110470799432677
-0.0113647210693945
0.00864614864065771
-0.00418859325195431
0.000782500221583549
0.00889456570999059
-0.0108506393058454
-0.0319295011151715
0.000708296265006014
0.000909877629769351
0.00727273737373735
0.0101283793609268
-0.00297828840529257
0.0168276710146369
-0.0134156184856359
-0.0104218660049629
0.0129388268687711
0.000297049218676237
-0.00524647610116247
-0.0107472785500503
-0.0053315257888934
0.00495556244808526
0.00493104543833001
0.00710994385029085
-0.0256537933777468
-0.0160220433926327
0.0178386334336991
0.00438150605646515
0.0078116668357513
-0.00583847416301486
-0.011745686274895
-0.0019466598759561
0.00585154477562688
0.00755254110371895
0.0499392316659317
-0.00231546546424577
-0.0125713465788088
0.0018607579878489
0.00596286395025802
0.010397424530272
-0.000480890542001511
0.000577292408351804
0.0063468026992366
0.00248449111353088
-0.00972266667724075
-0.00308017136471439
0.00975187795693744
-0.00325113782269759
0.00441288381452187
0.00448902591659106
0.00389848823616012
-0.00189434548410017
-0.00721193795441089
0.0102274801120013
-0.00406850214649446
0.0242256883103611
-0.0231889439419153
-0.00256383064407606
0.0148514564465778
-0.00168855537877211
0.00131554221604091
0.00159539229721095
0.0147100155145692
0.0314865734583589
0.0113687584940361
0.00823155403881515
0.00737420744889095
-0.0107189803921568
0.000792847096357852
0.00492911711179378
0.0103354648390201
-0.0139575208315131
-0.0161772114678602
-0.0020554423225122
0.00608937057561332
-0.00818867838342097
0.0260253253163421
0.0036735589316268
0.00827884095860565
0.0036301297397614
-0.00103343951859869
-0.00137934482758617
-0.0286602133515267
0.00266621940987077
-0.00195002659102994
-0.00213141211601087
-0.00658595579756183
0.0239204258039665
0.00139991249103222
0.00873744015912914
0.00701606774402941
-0.00490280397552367
0.00112367531984292
0.000172647211189814
-0.00207180601076673
0.0131488324074192
0.010331275350121
0.00143664326144455
-0.0078481012658228
-0.00450794420345313
0.00555366536608282
0.00671255830210615
-0.00759622701900176
0.0121619320945412
-0.00428537090521186
-0.00135024472573841
0.00312660987414604
8.42557500146945e-05
-0.0199629631067809
0.003094121239263
-0.00445546229505145
0.00533605292476014
-0.00496528559139253
0.00705497701828328
-0.00486971367271138
-0.00283311290780097
0.011020215049157
0.00289531635868179
0.00280208039743779
-0.0219305338176212
-0.0225088559863413
0.0135505973412242
0.000262137359976489
0.00917267398294164
0.0118594359035518
-0.00359310465902229
0.00953035966746496
0.00408229283751838
0.00304929701930035
0.0087823088799579
-0.00510632014989387
-0.00302902823776241
0.00337582080134724
0.00597189844370338
0.000752541818604513
0.012198178424293
-0.00321914976113657
0.00596224733417938
-0.0139941056800928
-0.0146936217623445
0.00330458405281941
0.00776959689993761
-0.0112293972809956
0.0161030683295715
-0.00658938198840087
0.00604535694450625
0.000166883658821559
0.00233650708733335
0.000249741918504576
-0.00282982933283682
0.0166096739272128
-0.000410533651628908
-0.00525666529774127
0.014945066345099
0.00862353577324315
-0.00120988059663141
-0.00193818942197865
0.011246921635955
-0.00912151522351934
0.00815570116781972
0.00200240291553699
-0.00687450050958438
0.000241460081156886
-0.00506959053036748
0.00137495148313604
-8.07285369635036e-05
0.0329563319962116
0.00453558033786927
-0.00552706649003987
0.0207435929549902
-0.00513802170880462
0.00878747425537574
0.000152853983069301
-0.01955838505278
0.012467785981956
-0.00184707929600214
-0.0181972392906586
0.00659699981784345
-0.007255988253975
0.00267214716554776
0.00525159107616258
-0.00124759454191026
-0.00687014620564141
0.00825403669722546
0.0120848515548437
-0.00246508747346263
-0.00818605266097561
-0.00981075347407356
0.00196587248511237
0.00682777439692006
0.00163697101456695
-0.00677045136186771
0.00360416054855817
-0.00499647919420665
-0.0114554651578376
0
0.000634986913802482
0.0023796541603871
0.00514357825883738
-0.00181070701804531
-0.0115939820838081
-0.0106128471113948
0.0145979920090007
0.00922095367517595
-0.014807789971706
-0.000319803320757761
-0.00615806137109676
-0.000965599122047189
0.00289971803625111
-0.0232109786649911
0.00592002123203361
-0.0091547738811435
-0.00230984159124026
0.000496097230095804
0.0176032809917355
0.0175424677383855
-0.00183576501048965
0.00255876383429987
-0.0360503757230111
0.0201059074954004
-0.0141941762170965
0.00460751189231923
0.00515974619426274
0.00480727601709585
0.0115147421342849
0.00264551872126839
0.0221475653633965
0.00148625630432586
-0.00999764906660672
-0.00410254043392511
0.0044363304023689
-0.00244497198166282
-0.0219798065627813
-0.0111559986537429
-0.00972860529758002
-0.0184099319345314
-0.00302776277497452
-0.00430236203557988
0.0314326783989891
0.00854280447745692
-0.0132757534881557
0.0151052494411019
0.0134167666266849
-0.00481423424891847
0.000241868904634845
0.00846367094089429
-0.00423626405374267
-0.00361217685644277
-0.00338353347418519
0.00541587588243386
0.00916546090606518
0.00541746348193417
-0.0085577973508193
0.00487531957619924
0.0180545370702012
-0.0164843828125
-0.0175550005366193
0.00129362871927552
-0.00532942523673852
0.0120149699626562
0.00409107960561284
-0.061356556065456
-0.0206826116381413
-0.0132104730264291
0.0079267305977917
0.00515551371626155
-0.00643308707670254
0.00428732168792267
-0.00601152645070158
0.00227892023065723
-0.00454740716305047
-0.0036018975032609
0.0118145302735766
0.0134193183440343
0.00834044690437374
-0.0259230329817439
-0.0112055148943663
0.0129261358014909
0.00515685673780775
-0.00217391304347825
0.0255337690631809
-0.00688304724677102
-0.00325151869808715
0.00824104229102995
0.0133673907203251
-0.0251218120934753
0.00861846081718909
0.01597883462342
0.00269132880250078
0.000671045121028113
-0.00586760253476271
0.00252954473068367
0.00277544991126244
0.000167717852024296
-0.00503142976939208
0.0128950524585749
-0.00599102180063249
-0.00619452541599297
0.00294810475953411
-0.000587889476778347
-0.00294115966386554
-0.00252847867630046
0.0019434220860739
0.00699951076067618
0.000753672196510458
-0.00376566527196653
0.00982778639661186
-0.0015804524905968
-0.00624843794258467
-0.000167647553384054
-0.00402484480924292
0.000252559355552684
0.0017675195988136
-0.00226850114943289
0.0220631831578948
0.00889836016564982
0.0103716131573282
-0.00889102805616693
0.00685039944094612
0.00607484210331144
-0.00281779247095881
0.00379461485714017
0.0158449366066931
-0.0130641406239713
0.00657841144679638
0.00422410931518202
0
-0.00563491269841265
0.00718334258772968
0.00530944598923133
0.0110357400990404
0.00140345397643271
0.00568355643594587
0.0138577767880743
-0.00832324329365686
0.00870104753603806
-0.0121373740458016
0.0118228726737386
-0.00106918434291747
-0.00122327214319728
7.65079613940234e-05
-0.00926132457380746
-0.00533067049859903
0.0101747417475728
0.00307557285984261
0.000843170275163452
0.0101860069594695
-0.0151630029642003
0.00254043121818781
-0.00261074261263139
0.0150897452851626
0.00424723530160453
-0.00241679624146807
0.00537517617912564
-0.0128011819397323
0.0012203584491064
-0.00540905094503474
-0.0185369432737584
0.00187301951638874
0.00272654057515553
0.00637035420781285
0.00849163238722705
-0.00673609925548135
-0.00639643982723648
0.00387807358370051
-0.000849772123529324
0.00920188629436125
0.00199225354349286
0.00107058190500608
0.00786798539857969
-0.00333486428172092
-0.00479091254752861
0.0164285862469851
-0.00202979996903319
0.00128058757062144
-0.000677068923819801
0.00519462463005915
0.0002995356411164
-0.00389341874653215
0.00736628872191836
-0.00492466035145012
0.00734849274633698
-7.43933325709767e-05
0.00461546185341377
-0.00874392757489273
0.00299016212932157
0.00350302606399389
0.00675879387075762
0.0042788785478669
-0.00168964219166834
0.00404711570480276
0.00359109571838245
0.00255579812245088
0.00772097788656745
0.0044091143732945
0.0085635214454185
0.00392438832355579
7.11442801237805e-05
-0.00042650129354338
0.00561683635763255
0.00325220583636576
0.00570833709830887
-0.00602621370483136
0.000493422608667249
0.00465053557850248
-0.00792541018480286
-0.00855420307997601
-0.00584716893014947
0.00380145608666549
0.00857446963718056
0.00510096373082369
0.006837252655151
-0.00315035713106593
-0.00301981882870861
-0.00633987711764472
0.00375725228636403
0.010947122281153
0.00761490154823896
-0.0135893507200818
-0.00878611066883783
-0.00744577343793018
0.00114313066269123
-0.00363954886036022
-0.00572975238969164
0.00540267945671546
0.00651994665300837
0.0039151695306141
-0.00198538610214416
0.000213136767317934
-0.00142063504347656
0.00768247250416154
-0.00487083849016401
0.00368875644684152
0.00219095334684605
0.0118476231626032
0.00620294831901158
-0.00845051632785609
-0.000279378286246912
0.0166305917362126
-0.00577366809493207
0.00324922930864413
0.00668413060515904
0.00328572122077397
0.00115984165846417
0.00545173758171824
-0.00535443295025784
0.00231683816013639
0.00176769329710225
-0.00074652864282887
0.0032599564228486
-0.00365561871340636
0.0059791075000255
0.00668651231509543
0.00623946985093315
-0.0091345181793443
0.00888225550849686
0.003468312040807
0.00259221673497279
-0.00795542980523567
-0.00220529939992842
0.00529105894167925
0.00519652877295695
-0.00106047186305447
-0.000663521757805818
-0.000730314723486614
-0.00232536716249321
0.000665896359459461
-0.013376780692692
0.00836428330522754
-0.00822804173429514
0.0211790038169095
-0.014993322919154
-0.00637036121604106
0.00924558013712429
0.00361078561797168
-0.0119261313059134
-0.00256240723069989
-0.00797723780391069
0.000272550079305267
-0.00286141165595721
0.00314297620153736
0.00599366542735558
-0.00981717690894734
0.00505986324786312
-0.00299341441617063
0.00129649946168886
0.00102217524116877
0.0114371843654244
-0.00545205601289367
-0.00196260158238371
0.00291579980392087
0.00764033161488853
0.00563642223469363
0.0055381465783062
-0.00099531521556695
