-0.0140844636480839
0.0200892857142858
0.00218818380743979
-0.0135371179039301
-0.0261177512173528
-0.00227268181818185
-0.014578678151313
0.0101711054170646
-0.047597299771167
-0.0230657867883609
-0.0772257747171666
0.0191898187633261
-0.0240586284488165
-0.0444801714898179
0.0207515984296132
0.054395601406835
-0.0588849370044325
0.0354375434904508
-0.0128343308644743
-0.0119176062793936
0.0498903508771931
0.00469973890339426
0.0343035343035343
-0.0396984422110552
0.0245943995502669
0.00561802860061289
-0.0264093942910413
0.0281689619196661
-0.00913231908332424
-0.0578597512616615
0.0684782608695653
-0.0244150559511699
0.0234618873826904
-0.0183392266092323
-0.0124545407368968
0.00262737768642252
0.0487421383647801
-0.0279859570214893
0.00616961407868311
-0.0265713336739908
-0.0593175359221803
-0.00781244419642879
0.0404948796122115
0.0481080540540539
-0.013924601027571
-0.0502092546961687
-0.00660787444933919
0.0293791003670121
0.0150780829294561
-0.0137931034482759
0.0360408821947285
-0.0186915887850468
0.0232804232804233
0.00620470527404349
0.041623897308525
-0.00888011840157865
-0.00547536087605771
0.0370369869869871
0.0226834953032573
-0.0391694176890317
-0.0294695958020826
0.0885627530364372
0.0362622501162249
0.0574248067552801
0.0318201103097158
-0.00123351151315787
-0.00576372969272421
0.0140786749482402
0.0265414046549612
-0.0350039393398544
-0.00370981038746909
0.0405461315680595
-0.00159041749502975
-0.0195141370165617
0.00812343590075404
0
-0.0310234085414988
0.0232849074130939
-0.00812681803629345
-0.0110610815239656
0.0153272997235834
0.0110159526723785
-0.0238095228486875
0.0227366257653316
-0.0113177445432497
0.0457890860911319
0.0148553166536358
-0.0057781204074776
0.00929872178607982
0.00998080652517497
0.000760205274048076
-0.0167110140524116
-0.0104286601169818
-0.0167837620302981
0.00436673265713639
-0.0790513865237702
-0.0377681990458454
-0.028991971454059
0.0215893431327514
0.00224824640287768
0.000448541926938439
0
-0.00807165955478295
0.0339059659174519
-0.00218631385280643
0.00569680105170911
0.00827877959569578
-0.0121001733837586
-0.0166229651521013
-0.0142348754448399
0.00315884476534301
-0.00944669365722006
-0.0140781562216167
0.0465223420784129
-0.0167253088347408
0.0107430617726052
-0.0181576616474755
-0.00405953991880936
0.00679347826086962
0.00449842555105695
0.0107478728168384
0.0110766504209128
0.0319894390885189
0.00297248420265328
-0.00211689237439061
-0.0021213406873144
-0.000425170068027114
-0.0314759676733306
0.0298638998682477
0.0652451571324026
0.0244195356285029
0.0296991012114107
0.00493358633776086
0.000377643504531733
0
-0.0166100792751982
-0.0038386949650171
-0.0115607317317638
0.00662768031189098
0.00852056545313706
0.0122887860104153
0.0110014790970607
0.0247654409005629
-0.00402775554843493
0.0180147052200474
-0.00505604893260925
-0.0181488209854381
0.0225508695952263
-0.0238611713665944
0.000370370370370354
-0.0170307663828212
0.0180791720557127
0.0162781348028809
-0.00837273419631368
-0.00256975036710705
-0.00809712918660288
-0.0211503517198385
0.015921152991704
-0.0332089191495866
-0.00270165959089153
-0.0553405572755418
-0.0290863990167964
-0.00168780583595751
-0.00464923922231619
0.0203822513962739
-0.00374531819619983
0.0246449446681309
0.0191601704378244
-0.014
-0.0283975253549695
0.00751557379893231
-0.000414339014270237
-0.00746268625776592
-0.00459486196345604
-0.0125891313470415
-0.0072248190724683
-0.0098459756059085
0.0233463477451945
0.00802708069286018
-0.060771204494082
0.00490852298081212
0.00310834813499117
-0.00309871624612656
-0.000888099467140302
-0.0155555555555557
-0.0158013995485327
-0.0192660559296355
-0.0322730604430806
-0.122281337734106
0.0319383259911894
-0.0117395944503734
-0.0496760259179264
0.0113635795454545
-0.0325842714934983
0.0243902453188294
0.001700737057865
-0.0215053197509905
-0.00694048542854331
-0.0436808386721025
-0.00121802679658967
-0.00304878048780466
0.000611681957186416
-0.0134475541902473
0.050186000631103
0.00471976373334715
0.0651789744463316
-0.0358323614020045
-0.0080045740423097
0.0288184438040346
-0.0173668907563026
0.0222348333959617
0.0345788622420524
-0.0221024270675163
-0.0689084933246138
-0.0426287177400069
-0.0222634508348795
0.0562935483870968
0.0281436510093622
-0.00582411182294706
-0.0199179847685999
-0.0310819485953377
-0.00123368298788917
-0.0302656559440607
0.0165605095541401
-0.0213032581453635
-0.00384122919334173
0.0437017994858611
-0.0215517241379309
0.00503461296412833
0.0607389480275515
0.0177095030868062
-0.0150812064965196
-0.0206125441696112
-0.062537526310134
-0.00256574727389347
0.0790997427652731
-0.0113230624956457
-0.0343580470162749
-0.0124843945068663
0.015802781289507
-0.014312383322962
0.0776515151515151
0.0515524897480961
0.0222840656109156
0.0321526430517709
-0.0147835789449007
0.0144694533762058
-0.0253565240359218
-0.0043360431254178
0.059880127388126
-0.00873138206119073
-0.0160621251845662
-0.0231701421800947
0.015633477931724
-0.0222929936305731
0.0331162323561345
0.0273251693470746
-0.0383631733178094
-0.00159569157423889
0.0202450719232818
0.0386422454308095
-0.0216189050587685
0.00873586889701294
-0.0208863994338462
-0.0109260671657683
-0.079431877958969
0.00228577142857134
0.0182440126428727
-0.0223965273014263
0.0189004592726494
-0.0258572779169604
0.00980957876514732
0.00742851428571445
-0.0425411254986457
0.0444312822530379
0.0238230302792415
-0.020498560692441
-0.00678738687782798
0.0250570059827451
-0.005
-0.0290341150195422
0.0586544599571284
-0.00108642042368279
-0.0293637318849228
0.0492997198879552
0.0923651361452216
-0.0347018101027278
-0.0187342278481012
0.0113519613700703
-0.00867346938775515
-0.0154400926402469
-0.0407736038041612
0.0027247956403269
0.0369565217391303
-0.0770439727463311
0.00567847781496433
-0.00338786015741732
0.00849852691218134
0.0191011246686026
0.0220508281174658
-0.0339806346288762
0.00670022333891662
-0.0144204650903791
0.012380416432189
0.0250139521956643
-0.00108465286959569
0.00760038002171548
0.0161639017329689
-0.0450689795827688
-0.0555247084952804
0
0.0276308054085832
-0.0120137299771168
0.0248987261146498
-0.078531182003888
0.015328020559658
0.00785036279289608
-0.000599221054570331
0.0593525179856116
0.0469722693831351
0.0508108648648649
0.00462962939148004
0.0220173055802713
0.0295591197173908
-0.0233576167083999
0.11310413552566
0.0465532229185319
0.0440547923034555
0.0319541581319132
-0.0353315587403112
0.000411522650680007
0.0300288782405955
0.0295527144747318
-0.0473235823381076
0.0114006926466079
0.0092592592592593
-0.00917431192660556
0.0112721819645731
0.0107483275975984
0.00748330080674675
0.0105551211884285
-0.0193423597678917
0.0189349112426034
-0.0170344947735191
0.0334777878486723
0.0221036585365855
-0.0264727442207308
0.0160857902686407
-0.0241237080993701
0.00965623830267437
0.0462892519620985
-0.0244972577696527
-0.0206147301349324
0.0091849218976241
0.0447477419511664
-0.00326678777737888
0.0120175532417173
0
-0.0143937382370012
-0.0879882836067281
0.0168134507606084
0.011811062992126
0.0486381304031855
-0.00742118710867579
-0.00635514018691596
0.00150492851768247
-0.0120211114943234
0.0380228151339475
0.0161172533376284
0.00793074981975495
0.0407725694124668
0.0690721993127148
-0.015429186260714
-0.0375448592081247
-0.0271370420624152
0.0240586122733613
0.00306428317792706
0.0492193159952246
-0.0148818828857975
0.0571427895848016
-0.0298228962355668
-0.00384242715337813
0.027643779246423
0.0040662810155232
0.0277259830358867
0.0600181533787116
-0.0180154698880335
-0.0148514269073967
-0.0437482681792334
0.0157651632621429
0.0386488119705171
-0.0673894208207027
0.0377002513352183
0.0257342423776641
-0.0197757373147657
0.0258958454048732
0.0396242442031112
0.00367027124055741
-0.0571026457694133
0.0184963902147972
-0.0120093442299165
0.00296477912837245
-0.0617795411303849
0.0201638626339005
0.00216182822230304
-0.015100215251149
0.0140801318548225
0.00771366862079614
-0.00949179424372315
0.0942814277762862
0.0008474010820676
-0.013547812588202
0.012303290062853
0.014697597097298
-0.00306409453681933
0.00279402059809963
-0.0206184736867784
0.031009955561311
-0.0173841325946946
0.0011233080279891
-0.00897615657917772
-0.0141522777156933
0.0255526542892535
-0.00923857756890878
0.0508618268115801
0.0134444746825619
-0.0137967899654229
0.0139898043578048
0.0379410994412603
0.0311861204290931
0.000991596430341968
0.0257552494860018
-0.0111057224097403
0.0043945313572884
-0.0019445309174656
-0.0267901113787112
0.0230230736492261
0.0181017118859659
-0.00696773202709589
0.0072586253443685
-0.00576512116826511
-0.0507368458742897
0.0313056494959114
0.0185093780848964
-0.027622946450206
0.0249190125861198
0.0289326275484409
0.00827027410207948
0.0311694882198026
0.00363636363636366
0.0384963994565217
-0.0183166371932699
-0.00244335850733024
-0.0106880427521709
0.00495165428764355
0.0078387006567211
0.0126666666666666
-0.00307219662058378
-0.00572313449262607
-0.00553464713458696
-0.014024867053645
-0.00654777587383659
0.00977272727272727
-0.00585194688273694
-0.0192437862460396
-0.00392423822714683
-0.0764774935584013
0.00777922247323559
-0.00572709163346607
0.0245429501627847
-0.0564654607675384
-0.00932632172675252
0.0311191929330967
0.0276439259447123
0.0365251727541953
0.00214285714285722
-0.0118793062485151
-0.0550613368598222
0.0269720617550142
-0.0332012132507131
-0.0107637621732446
0.0155441199763793
-0.0239796677556207
0.00444333530806773
-0.00728592245641424
0.0754913984014993
-0.00633680249419444
-0.0296786607799854
-0.00758349323600871
-0.0198674997385381
0.0189708679833682
-0.00408059178986475
0.00614601808312454
-0.0302876805729783
-0.101049821577418
0.0099270072992701
-0.0156114773055798
-0.00234942738177457
0.00264939644835449
-0.0061656780338909
0.0197932655712418
0.00840095596755486
-0.0166619070191927
0.0233712825007304
0.0325435064956754
0.022394305910661
0.000811195240670859
-0.0178330190669019
-0.0140302070993236
0.0209263392857142
-0.0112052473353377
-0.0384189883913766
0.0169588957470856
0.0469191620429856
0.0245680338939516
-0.0202898808882772
0.0153308230231308
0.00132447682119197
-0.0346560062078309
-0.0117840771836625
0.027176926589658
-0.06371492808545
-0.0891003460207612
0.0319720797720797
0.0401841128947307
-0.00442353288115582
-0.0313980172629158
-0.000305871550279169
0.0116243809001033
0.00393108557605082
-0.0512048478552757
0.0133333333333334
0.0479323621553884
0.00298947674171957
-0.0330849488251848
-0.00524041323182523
0.0405950418345211
-0.00297802245515066
-0.0137395459976103
0.0181707752877043
0.00743605019143523
-0.0318865672242861
-0.00579454084188646
0.038957088279576
-0.0646589626412448
-0.0243055555555556
0.0242639922355226
0.0037903032217308
-0.00377599107061066
-0.00347444725205304
-0.00348646603760594
0.0324426834464797
0.0040049600740899
0.00582997852101852
0.0759609846235811
-0.0340232492203006
0.0164367772233636
0.00952925181838737
0.046052661500362
-0.0314465955701395
-0.00169387361343165
-0.00791852353171585
-0.0202395370444962
0.00290957238608014
0.00174058596633042
0.0176657983685435
0.0034148834210268
-0.00935899088820147
0.00314918408245046
0.0239726020555766
0.00445930868285083
-0.0302441723017709
-0.0217454071031357
0.00555723912129968
0.0171611396986289
0.0374606223202565
-0.0113009925937428
0.0225815729741168
0.00218097055616151
0.0321001377638812
-0.0163415660606633
0.0142014469453375
-0.0171729731663394
0.0120968007500859
-0.00717134092051308
-0.00775818598827749
-0.00161771366945285
0.0145827981253794
-0.0149055629491615
0.011618509139071
-0.0384615127794208
-0.0038888611111112
0.00613499704029574
-0.0584811774677839
0.00794821878280172
0.00525689221630321
-0.023823359896767
0.0139881555945331
-0.0311124743175814
-0.000908754977810289
-0.00272895694360198
-0.00881730035929773
0.0104294791674526
0.00242868859832091
-0.0187764385221079
0.0524690091068511
-0.037829826265679
0.000914324873077632
0.0219245127892813
0.0140047075683936
-0.0055832796233698
-0.00650121158392447
-0.00416415836300299
0.0128434886499402
-0.0268357416691241
0.00575754545454554
-0.00783365495130028
0.000910993015487582
0.0282160202735442
0.00885216904255426
0.00350985678589821
-0.00408053033866129
0.00409724928868882
0.00874380621556958
0.0150245589417928
-0.00142325643543251
-0.0165336934701429
0.00260869565217403
-0.00780572419774506
-0.0233100233100232
0.00447488066825774
0.0136621035736326
-0.0123059474859083
-0.0243251267969483
0.00273642452831924
-0.00212249848392965
0.0273473412336678
-0.0334220930664865
0.010097858017136
-0.00969400240496843
-0.0125420621762639
0.0139405518568945
-0.00152765047357151
0.00244791921664644
0.00579984772892828
0.0160849464010637
0.00806451612903225
0.0035555259259259
-0.00354292895018982
0.015111051851852
-0.0277290442340365
0.00960672441889154
0.00148673798731069
-0.0187054928741093
0.0184569143254738
-0.00683303624480081
0.0203410409811546
-0.00410436810013559
0.00529882233444723
-0.00380679333488754
0.000293915343915208
-0.0055832796233698
0.0460993498817965
0.0031072314628684
-0.013798874333927
-0.0205597087378642
0.00233241989307342
0.00290863865885282
-0.0220417343387469
-0.0201660729488118
-0.00605329884826555
0.00121805724725932
-0.00121657538879016
0.00943976857490858
0.0105580084127899
0.00925376119402976
-0.00118311147047867
-0.020728457210542
-0.000907136377381379
-0.0245157680231305
0.00496428793049963
-0.0154368637059854
0.0247726881396264
-0.0122399326805387
-0.00774473382108842
0.0156103657699147
0.0129112208088296
0.00667669175488039
-0.00693394675513692
0.0109289620804178
0.0129129433307189
-0.000592973613993242
0.0050430734216278
0.00118054896161301
0.0138561623735947
-0.0142482411819785
0.0690265446002039
0.019867465790979
-0.0140692644499261
0.0170143253845862
0.00296807871106108
-0.00511159564765118
-0.00297460789616
-0.00759422315145697
-0.0120250888220826
0.000553139665109725
-0.0118881952937903
0.0100726351386327
0.00941831077109767
0.00246981345965458
-0.0139611008475525
-0.00694058856191004
0.0100643276488677
-0.00221428169902349
-0.00610255218037592
0.0217694378024316
-0.00300467077288513
0.0131506849315068
-0.00432666306111407
0.00461711026615963
0.0354148940029795
-0.0067884597072706
0.000525762341594183
0.00735677857706851
0.00834637454355747
0.00232798758406627
-0.00954836129032255
0.0317873102713051
-0.007323156935513
-0.0277283127008823
0.00340128196228973
-0.0122554634813801
0.00475184781542115
-0.00551768246143769
-0.00184937922585893
0.00820542636859267
-0.0120766342872146
-0.00531493475113121
0.0122895805503607
0.0195302723549819
-0.0170851665263999
-0.0200158540949209
0.0110185436984289
-0.00292400326751729
0.00986411676161647
0.00923967768638656
-0.00392356787862924
-0.00341389162742167
0.0028985506482595
0.00578029412032843
-0.00992677664385511
0.00474934011876837
0.00814067709345201
0.0052097162075988
