-0.0127453993966377
0.00596488853711685
0.0188464119845178
0.023661813034991
0.0223942833213322
0.00516915195231804
-0.0145966235899346
0.0179757376757244
-0.0210242865671157
0.00240678919647297
0.0363051045440861
-0.0111006413990261
-0.0144949972555805
-0.00626993563503941
0.00767649981597329
0.00224372561744968
0.00809559023149431
-0.0121878660632354
0.00342435486095671
-0.0115927994279351
0.017474521473392
-0.0126930034143586
-0.000288565888874492
-0.04705666933748
0.0138804350271515
-0.0213505520586085
-0.010575094459102
-0.020983563716534
0.00621796342577619
-0.0130140278677187
-0.0137914484270509
0.0307188191391021
0.00797591861808389
-0.0127281647688623
0.000912755318323022
-0.0326000089205518
0.0126663956266455
-0.0275176080711317
0.000927324159435639
-0.000448307073380283
-0.0222434381067552
-0.0324119427994021
0.0543863314627366
0.00230772355185516
0.0170444417335485
-0.010114086502237
-0.000742518146764737
0.0168534526273334
-0.00599241736925682
0.00552856937681434
0.00380196253451159
-0.00471981481152151
0.0214571991025672
-0.0508970246931045
-0.0171206204133175
0.00519192669076585
0.0221882020524247
-0.0154577441493876
-0.0317653197092572
0.0155568926805549
0.00138979586392285
-0.00148041882556138
0.0419446950253015
0.0339716425507945
0.173394496904196
0.0468139370124165
0.0210531157098648
0.0208018857916066
0.0170414481485293
-0.0257833396772131
0.00302854492583693
-0.00450657714490288
-0.0016523517615703
0.035935344736878
-0.0179681633888161
0.000445731120642057
-0.0101356156308569
-0.0029030403276622
0.0245558960823808
0.0020707016829824
0.00404503962904368
0.0205153644495752
0.00828150590135568
0.0108519507218849
-0.000968265051064288
0.00758527990035618
-0.0132998391185679
0.0064427770487594
0.00726502106515459
0.00982591756191087
-0.0168106074799294
0.011244219188753
-0.0115356506625987
-0.0104063052526826
-0.00451284451627421
-0.028931950750656
-0.0186954359094805
-0.0237192598406916
0.0117914748475287
0.018469320276123
-0.0221270697032581
-0.0374771763513493
-0.00817596742771309
0.0109911141878791
0.00493952317180879
0.00726700450475293
-0.00770487032798428
0.0312470111030045
-0.0377155914366877
-0.00827507053941912
-0.00834406850233049
0.0188055910958016
-0.0139148545412338
-0.00856750354317359
0.00232376548624202
0.0198754325236117
0.00272308958318956
0.0422471801716942
-0.00419168920208868
0.0342889313051205
0.0442397189910315
0.00848992541552596
-0.00678909747162137
0.182118290986544
0.0169024755303877
-0.00727844440224268
-0.0122490804689322
-0.00492473045460451
0.0024745517275564
-0.00118053159606701
0.0137535078191087
-0.00533491578582179
-0.000372937173388488
-0.0112818708158802
0.000952377358490519
-0.0038238174023798
0.0191925764529215
-0.00885861761982076
0.00838481483748277
0.0165593390733978
0.0267142215096228
-0.0106958148270475
-0.00604827625182269
0.0116185207856239
0.0449858864448656
0.00753366677647516
-0.00224964798056282
0.00819166219486722
0.0023972519157871
-0.00184581723464528
-0.00951963769790543
0.0211867306186744
-0.00389506053720379
-0.00397412984065715
-0.0016665464965967
0.00142853847617674
-0.00360626063972602
0.00608050545031302
0.0124392251059142
-0.00945957339663461
0.0317586482414467
0.037008459827208
-0.00810611678688966
-0.00710571625945466
-0.0104549771252098
0.0197089037289349
-0.0105111468368042
0.00500075150020773
-0.00919784360740039
0.0270887002263489
0.00931993645256979
-0.00378753644469543
-0.0211756375566778
-0.018999145402241
-0.00920778995745664
0.0175335240926004
-0.00226812188468895
0.0043634740557108
0.00560519948212912
-0.00507547596881963
-0.00620981096567652
0.0237415129610261
0.0156844440211115
0.0396855989930285
-0.00708016844436876
-0.0223313747979019
0.180169179053373
-0.00898023502254086
-0.0367691392376702
0.017729524620637
-0.0089769974406364
-0.012556071748879
-0.00690283391285806
-0.0266141952300785
0.00441606689843077
0.00168381661957295
0.0418378400852104
0.024650412776092
-0.015309247052913
0.0763148911925178
0.0211308044386165
0.0221485572884048
-0.0231712144682771
-0.0039669528165549
-0.00235715681018578
-0.0181684539378923
0.0267197821472114
-0.00274795111740189
0.0159656537479995
-0.0104498882382746
-0.01604195849959
-0.0784040648599715
-0.0758289550329622
-0.0681031364765595
0.0478943037126642
0.0848108772107232
0.0683738055490912
-0.000255031437870756
-0.0221031885259676
-0.0803268545625215
-0.00330843176757312
-0.0415402495914218
-0.0224618745787031
-0.0388703711016261
0.0445497960363286
0.00302483363581363
-0.0198029849275336
-0.0186647519502665
0.036262952528729
0.0496167587891585
0.00124901035263236
-0.0152576145788084
-0.0226076781541313
-0.0182452836018361
-0.00406216102303081
0.058019802182115
-0.0146492287076093
-0.0270930854282685
-0.011259706330957
0.0499237834249879
0.0263412836269361
0.00122662763087478
0.0484402879234729
-0.0262471730337079
-0.00212317913554538
0.0631822583382473
-0.0139215000435049
0.00105881053456613
-0.0327897232117159
0.00455663889847879
-0.0829175973078763
-0.0207735491452586
0.0272755233311552
-0.0265513221250601
-0.0104050815315705
-0.00653326874778759
0.0279490443896426
0.0299880044983207
0.000291139360528492
0.0264868827010771
-0.00642722098977644
0.0310121185974472
-0.0068278097479556
0.0195094669222358
0.0392746954487826
-0.00482247247288548
0.00493390308370034
-0.0368226992253673
0.0258510465515105
0.00141973384435845
-0.0349105348669986
-0.0483840993092931
0.0742884307903824
0.0516389771286749
0.0301451670392001
-0.00339878977200014
0.0301114204781949
0.0096091976617958
-0.0137567065004937
0.00689324477971365
0.0103092619101397
-0.016820790548138
0.016540995434347
0.0283958675505496
-0.0164429932141547
0.0324895123805617
-0.0425417574107714
0.0129227982376932
-0.0218932582636654
-0.0103864173201228
-0.0325441369280242
0.0148010591270353
-0.01715422254337
0.0340640899504905
-0.00105998859311796
-0.0366501095967658
-0.0117776651019572
-0.00334389959728798
0.0165176017983071
-0.0070243904189442
-0.00187506175956598
0.0171633676273302
-0.0202317321969846
-0.0199640306740128
-0.0386431029544441
-0.0209166516998603
0.0930707377644162
-0.0265125934738274
-0.027671081139509
0.0321393485244577
0.014003661703021
-0.0859495953688524
0.00469219228025897
-0.0282084537307762
0.0370049784986064
-0.00139031422180291
-0.0500278457402608
-0.0159257159926862
-0.0158856034959729
-0.0130145375399152
-0.0682817117799915
0.0357652433183711
-0.0272217762007509
0.024499129986896
-0.0276330971466935
-0.00819761740512881
-0.0113511023000022
-0.0771374214372691
0.00640172718442167
0.0337253600576093
0.0269360278742374
-0.0237422167464856
0.0121598613123304
0.0188787295451092
0.0641212667898505
-0.0450612485212907
-0.0139241355713148
0.0302588469037708
-0.0305667029261396
0.0279398329912535
0.0318742273564652
0.00275047077912283
-0.0145584659293336
0.0523498425286439
-0.00701934871761911
0.00327834234936653
0.0372715408965587
-0.059952784801087
0.00774955508952879
0.0183934006528088
-0.00653060204081635
0.00308137835783295
0.00481254332121472
-0.0027514114771654
0.0152258020107725
0.00372423761900831
0.0140393299835606
-0.000593403858977326
-0.0120720564431438
-0.00250400651057714
-0.0123505879044317
0.0289751725399028
0.0288508845850302
-0.0186305104762463
0.000391437510687043
0.0339430098617917
-0.0127719871174641
0.00565408731488426
-0.00104821800937271
-0.00362496415863844
-0.00612732425449469
-0.010885252112229
0.041877707440592
0.0249579260153883
0.00702230721345543
0.00987143651279543
-0.0278898748472806
-0.129704850005446
0.0257579086605007
-0.0184974067943807
0.00968623890230869
-0.0244004583023889
-0.0120777899118808
-0.0150383966244726
-0.00834800078703868
-0.00276916263590121
0.034210841210828
-0.0168617762124178
-0.00819313952159562
-0.0156404668395147
0.0164483937636211
-0.00330245501111637
0.0259553564617256
-0.0308967814715985
-0.0253276946898811
0.00159561207193093
0.0141102189614322
-0.0054982718077331
0.0210989852566508
-0.0104972044198894
0.032830763835932
0.0259487625894423
0.0316155551861688
0.0235978958381642
0.0260479149515342
0.00476612206528793
-0.00706682457695584
-0.0103343862727893
-0.00256134365951444
-0.0163951012345679
0.0115473646569881
-0.00843755228186516
-0.0203223347714721
-0.00786843441785778
-0.0344010313894749
0.00106664533333323
0.00287698461112385
0.00180618353783957
0.0121964257906839
-0.0103730613920148
-0.00688188481361196
-0.0299574084235371
-0.0107703706071078
0.0183313183350446
-0.0351298479105455
-0.0351650828773162
0.0309386960989406
0.0351255765019258
0.00461239851992978
0.0567336557695566
0.0128272062237964
-0.0338066169418194
0.00528541237389879
0.0206098847657179
-0.0246239444595907
0.0137319428273357
0.00479315406071534
0.0164886135020221
0.00377476036853985
0.00426871637634618
-0.131262040912095
0.0241147261936032
-0.0218405859701701
-0.00116291431940718
0.0206078125580138
0.0427789165969008
0.00689199182181421
-0.00423727722471456
-0.00436445162325261
0.0341918136986301
-0.00858328890802307
-0.00491663114400653
0.00365203015364202
0.0384203437838111
-0.0197876741192176
-0.0117758699213976
-0.000638344518317679
0.0208665921430853
0.00730000007612897
-0.0132518692722589
-0.00199344249278022
0.0131412947915908
-0.0021790909355891
-0.00301581726223721
-0.00636279316690957
0.0071383580277482
-0.00792163835894022
0.0224837150661903
0.00267161939991789
-0.0028694301522969
0.00154156213129819
0
-0.00071831710779835
0
0.0278291136114945
-0.00939148803642675
0.00514374170158871
-0.0317078454060669
0.0264249015544042
-0.0298839667879667
0.00957442021331745
0.00340164924437381
0.0219848683782564
-0.0142742758059627
0.00193760966627798
-0.0343002849872773
0.0100127005695414
0.0011478659887747
-0.0143840313866161
0.0265440149438243
0.00422378695786541
-0.00830944783618837
0.0194476573796971
0.041400242270921
-0.00282569432404844
0.0384991513972699
-0.0113850113980525
-0.00237936613686118
-0.0142148254149972
-0.0265170419719918
-0.0108360278690139
0.00733671356783927
0.0123715251210759
-0.016458046551118
0.190280535362308
0.0259281250448007
0.0121440466363163
0.03364411890789
-0.00133331764705891
-0.00643995906008066
0.00363606823751361
-0.00393793806459841
0.000790693438833756
-0.0134312791340759
-0.012573075696971
-0.00778594466052041
-0.00163476382654126
-0.000900605869499027
0.0208965256158036
-0.00192652108000446
-0.0172912503551954
-0.0554055478287004
-0.00554495764243557
-0.0121972644380316
0.00185216974383939
0.0140858003023436
-0.00138903548243707
0.00156480919381718
0.0238694559835904
0.000678212959293045
-0.00296508808060747
-0.00237911458273243
-0.00408827172853166
0.00496024972205578
-0.00434007311139351
0.00188035042735035
0.0306261471538463
-0.0136577603452985
0.0454011062302415
0.00658263626876465
-0.0171465110227811
-0.0029211376650623
-0.000406860361495731
0.00773424232297915
-0.00274678464006128
0.012637702322785
-0.00623999200000003
0.00990175487118217
-0.00263048232675522
0.0110293875232723
-0.00727271146245068
7.95827348369915e-05
0.0219763523202916
-0.019166395675899
-0.00444830411032104
-0.0122077633095385
0.0298060978237618
0.0150600520050208
0.0185456605039593
-0.00561407337249187
-0.00091561756001135
-0.00809467754321525
0.0046962892039133
-0.0101149961685824
0.034989969383262
-0.0060583247432684
0.00278422757757735
0.0386463244276722
0.00137274759416961
-0.00873020885727827
0.0197976710080625
-0.0042109556476273
-0.00401373985052356
0.0251150678194771
-0.00863458073642498
-0.00361134397669349
0.00049742020125132
-0.0112231993978066
0.00754312516256728
0.0051336969696969
0.0214939276335822
0.00513892361111101
-0.00414540541158614
0.00471769116635001
-0.0111863687453074
-0.0166200422476265
0.0102968110206101
-0.00182757427911506
0.00147881140338035
0.0026719518867111
0.00883586919344181
-0.00750731261290627
0.0032917845867193
0.00111695636998244
-0.00892545125373523
0.00365854486531525
-0.0218716798543993
-0.00279509784845633
0.020123638207012
-0.00359313084975155
-0.00784830697120942
0.0014965221602361
0.00256173060956177
0.0186670808337503
-0.00229934497493467
0.0143864653343604
-0.00592083304647173
0.00498650879552964
0.00496176000991144
-0.0233834187288842
0.00161491365840361
-0.00567821965698767
0.00126909197036351
0.0143641314078544
0.00770512297244363
0.00895503904326023
0.0108554447268694
-0.00168850468308124
-0.00602124356973477
-0.00966511039565898
-0.0129209965635739
0.000835607883150402
-0.00438294126955108
0.00517088250177555
0.00347584274692347
-0.00360238294690474
-0.00632694144021506
0.030296683883245
-0.0264176502546688
-0.0251116488203708
0.0101602608099691
0.011970548829819
0.00671944448517703
0.0579156078993865
-0.0130783776793276
0.0193780651179074
-0.00574866075583147
0.0206965115774609
0.00708072711628982
-0.00549697038345087
0.0106690921182362
-0.00413350715421301
-0.001404859460861
0.00690626656521709
0.0179092586983056
-0.0108560394987275
0.0143181853174423
-0.00491259256156451
-0.00381202340177433
-0.0389561937405133
0.0163185381785615
0.00847788712545716
0.000891606142106482
0.00502667968880943
-0.00126620451914283
0.0335974833597465
-0.00380257582699961
0.00486368302681628
-0.000918968258062924
-0.000490599108148748
0.013436333105211
-0.000726449964191467
0.000666424338621407
0.00266394021509897
0.00163036047563336
-0.0473234010331746
-0.0417009241390934
0.00845218557247507
-0.00340495021343012
-0.00289094618050478
0.00408546402495613
0.00669371942860875
-0.00880046318645877
0.0195987894850618
-0.000903051028207869
0.0202079218813864
-0.00329074792328188
-0.0410793714285714
0.0157584917947327
-0.021641404819988
-0.00453056178374489
-0.0216853350730115
0.0098515633830687
-0.00921347463441868
0.0268717470085469
0.0165801379415433
0.0108731513836793
0.0286399140978433
-0.00340153070866145
0.0183931980990304
0.00359981391508857
0.135436050750205
0.00141609472496418
-0.00141409223640765
0.0269062463973995
-0.00334140778291014
-0.00500241062205498
0.0112852382131614
-0.0338481538624059
0.00744471235008204
-0.0129319120328375
0.00203674442283952
-0.00708671102063796
-0.00835459200081357
0.00580264477604508
0.0058800575607687
-0.0163789828888878
-0.0144651378422004
-0.0377744910557203
0.0133616827087719
-0.00233368736290618
-0.0146198830409356
0.00878335905044514
-0.0228850458379819
0.00270935643830095
0.00132101602766377
0.0154713425123334
-0.00165346643801745
-0.00550096421981505
-0.0129662043369356
0.0070503044359802
0.010112512270001
0.0348320838200589
0.000114517143345205
0.000171701670185431
-0.0012590190780869
0.0271028872999568
-0.00139470013946996
-0.0144134189944134
0.0301553512091073
0.0187630070770604
-0.00815552281357357
-0.00549985844859413
-0.00153314894778656
0.0124485271472927
0.00574151245102139
-0.000915542903968114
0.0176271041352785
-0.00757491793397025
-0.0469709245699197
0.00464856895017807
0.0144385992184579
-0.00697919433434524
0.00359717216818778
-0.0239316837960293
0.0123157282728581
0.0293542884161584
0.0538899547935476
0.0186738259101489
-0.00580753952514823
-0.00909225908193878
-0.000666418898232379
0.00466788414467123
0.0185336668103049
