0.00160845588235303
0.0197293186510668
0.0195725304933063
-0.00860547219770524
0.00567551747162254
0.00586477800454177
0.00814079190009265
0.00883889131383664
-0.00540832906039279
0.0114192935908339
-0.000322559139784961
0.00516289114417789
0.00535045501767595
0.0077701333803144
-0.000844972539079114
-0.00866807629319388
0.0125826618166487
-0.000842481044650345
0.0098018551813206
0.0032356122165873
-0.00645029116832518
0.00586385340314122
0.00426820745925904
0.00497557779671243
0.00361019096896098
0.00123323735937375
0.00544034090413348
-0.00673809113784951
0.00524210093534783
0.0152351323012216
-0.0161143921845101
0.00358274125124902
0.00469196246430026
0.00558379695431466
0.00282683481769452
-0.0162085972775879
-0.00706103137410896
0.00649289923720286
-0.00747495361560702
-0.00784073042401734
-0.0076946866526918
-0.023263124803521
0.0138397167685871
0.0273016084656084
-0.0230738149346144
0.0114930835720408
0.000416991556343005
0.0033343544162896
0.00560807975906097
0.00485388815751553
-0.00431660825008806
-0.00753505383020348
-0.0116485072980029
-0.0161001581837349
-0.00588239572192517
0.020656332249869
0.0230841778626714
-0.0110241090258418
-0.00135428693310313
-0.00886707698727307
-0.0136827909970995
-0.00960411909081205
0.00193944622216247
0.00666740524072273
-0.00106824057258836
0.0250240182863006
0.00323428280092397
0.00197581106589806
-0.0192008099470848
-0.0125926137566138
0.0167185085568216
-0.0276167591943342
-0.00357725745257442
0.0155570064307442
-0.00867700072152111
0.00864486708450385
-0.0166059145749267
-0.00675457021462034
0.017330284464852
-0.0155256280323451
0.00755669713189566
0.000434782608695672
-0.00195567144719699
0.0191596124537339
0.000854454158204287
0.0131270443170564
0.000842747287475021
0.00431529303620071
0.0146719977923284
0.00175581491427401
0.0013403856344032
0.0167833398520729
-0.00789871392405073
-0.00459330397890556
0.00963908981292394
-0.0157423928498882
0.0053657618257863
-0.00944265626603724
-0.0121231579707148
0.0178309636178295
-0.0126752061005773
0.00657555592475867
0.00103689338372259
0.0100476693598508
0.00830681964297364
0.0372254271765664
-0.00509907805063436
-0.00798342203824165
-0.0164928362346183
0.00343473085028245
0.00553705817905858
0.0101121547879888
-0.00555057983942919
-0.00777432457342109
0.00110497233129192
0.000702388091415207
-0.00120328883171406
0.0123481176588696
-0.00118994451368293
-0.00744638587278823
-0.00700216050810909
0.00261913982549178
0.00301420683239617
0.000701192012397378
-0.013513493222953
0.0146118106702462
0.00300032009201567
-0.00139593179778652
0.00958560140617859
-0.00158247453268723
-9.89995086279061e-05
-0.0106994450029831
0.00310432605647915
-0.0132774486029241
0.0196277021298139
0.000496169884821596
-0.00406628971404743
-0.00199159533940652
0.0122729392881074
0.00975856125218577
0.00341661453696585
-0.00408598112656877
-0.00205136266383976
0.0125293456331501
0.0148878767423071
-0.00219093152254013
-0.00105011933174226
-0.000286697247706469
-0.00200743714750018
0.000287337159246448
-0.0096715694723738
-0.00560821902162489
-0.00525079755934643
-0.00615841618148905
0.000885256238521759
0.00343944568711785
0.00391736362746054
-0.00546294009437243
0.000784718029807507
-0.00578257386616821
-0.00088726338944678
0.0196349091195838
0.00522548888041374
-0.00096264922916145
-0.00414338030725347
0.0117077892928454
0.00181715764761203
0.0119331742243436
0.00499998113207556
0.00244064587328729
0.0038392733402004
-0.00914173541573648
-0.00941442271861381
0.0426724759043438
-0.018594494576611
0.00325065483887155
0.0130531758212618
0.00402085351366166
-0.000273104573166427
0.0132010565623109
-0.0181508131907628
0.0015558342291877
0.00986836604772723
0.0171010502027162
-0.000622791544425239
-0.00391662823274441
0.00393202852668395
0.0040947838381622
0.00292547861966397
-0.00123751438588371
0.00973535728357122
-0.00078881587479418
-0.00885966666666671
-0.0111513764253718
0.0155732385009133
0.0127786725517112
0.000783188318537853
0.00182592814840565
-0.00338482896398495
0.00818596171408248
0.00846509487656877
-0.0139614389721627
-0.00529881853198721
0.00742291489960856
-0.00780166435506247
-0.01223136466888
0.00477622509775744
0.00669015856848865
0.00542151101783839
-0.00139158109613569
0.00121929977355872
-0.0231384481558803
-0.048352642979425
-0.0280714881992797
-0.00327336086890606
0.0505167980395402
0.0354909886816663
-0.00106554784113744
-0.00666666666666671
-0.0279194809843401
0.0190554914674674
0.00135503166594519
-0.0104645558947145
0.0187801801662835
-0.0169127516778523
0.00473327871836893
0.0130458599935832
0.000626006081202002
0.0174277951559567
0.0152846632215271
-0.00268217680079286
-0.00190849316937602
0.013124675771415
-0.00506173653160147
-0.00465639381466931
-0.00554448583557132
0.0889450300548829
-0.02288
-0.0202227116423775
0.027575867428359
0.00699357555511781
0.0111442944174385
-0.00750741953518075
-0.0086907060011493
-0.00884815311554266
0.0230139725309415
0.000240156905286781
0.0119257081491002
-0.00490391520999778
0.000238438919615946
0.0234424514762381
0.0130445537562489
0.0210010267340994
-0.00630590768083894
0.000755503535710744
-0.000452917634892192
-0.0141983682743486
0.00651195903642021
-0.00426241424075469
0.00359261558828217
-0.00129482830199557
-0.000686378910505603
0.00122112495186011
0.00160067075843173
-0.00791471877844974
0.0115065971156796
-0.00060671924768696
-0.00986494171900054
-0.00367869416550259
-0.0198461692307692
-0.0113011616904908
-0.0327036344593226
0.0131298211061874
-0.00712779847723954
0.0261053674970573
0
0.0546191454065692
-0.00143225034748207
0.00037738183403091
0.0122255684352381
0.00149107577749708
-0.0152609541388974
0.00778651357403248
-0.00495089648114777
-0.026611369466025
0.0248606420340969
-0.00551648144008943
0.000759802396969489
-0.0217160219200005
-0.00155228194822377
-0.0182680348258705
0.012431704806398
0.00586579070858773
0.0180389705310628
-0.00542266893287524
-0.0130548147280783
0.00995953906132785
0.0157935434270096
-0.0238149401373559
-0.0182581453690555
0.0099715257993036
0.00705220173872112
-0.0157174287047175
-0.0118577075098815
-0.0156799999999999
0.0139792100130038
-0.0142673771358228
-0.0266710675989245
-0.0163742528445866
0.0115508750051108
0.00654911849788609
-0.0193526863422204
-0.00459341620608045
-0.0162364900439751
0.0132035960180057
0.012345696159122
0.02574525701651
0.00528401576479509
-0.00295663595669127
0.00675453036648221
-0.0250368020776173
0.0271903146293953
0.0132352448817772
0.0185454287548921
-0.00965802723242559
-0.000959184667612911
-0.0371260029724435
-0.0498587352454292
-0.0372572516094893
0.011627888596877
0.0310704022988506
-0.0245601811531092
0.00749996428571431
0.02428222347686
0.00657548007310127
0.00739212677985646
0.0121160925636892
0.0145000334766476
0.000664799756184165
0.00315567186772414
0.0327814393118728
0.0035267232522167
-0.0161341538701008
0.0215943822049034
-0.0111251910720022
-0.0120540017349083
-0.00341634938317315
-0.0328109380610819
0.00945149367088605
-0.0247450087820597
0.00942909276773207
0.0203804514201689
0.0121504489963233
0.00970236787202161
0.00749184014684556
0.0213384897940756
-0.00300724912947137
0.0274646601852784
0.00278122678026538
-0.0379045134698147
-0.0126520982167216
-0.00502841832835621
0.00244541897619821
0.00894452727453166
-0.00918762074165658
0.0019521554912616
-0.0263029550251664
-0.00500255119222037
0.010725708420503
-0.000165843141007427
-0.0145937150015542
-0.0252440264302938
0.0108770894639878
0.0175918534174526
-0.00151057396741949
0.000168061853486057
0.00117647058823533
-0.000167852946113878
0.00100735391189799
0.00771558214886925
-0.0108189410513002
-0.00370185091704522
0.00557341674672207
-0.00453478326276802
-0.0123165007592375
0.0068329004640777
0.0110281813883302
-0.00117469374056045
-0.00688842405913992
-0.0155642359065431
0.00412443725939915
0.00496322094814317
0.00817438678177118
-0.0369932932940321
0.0171900374386962
-0.0117261765226357
-0.00296635834991521
-0.000700052514876703
-0.0171628552421316
0.0163934785529842
-0.00981768916869408
-0.00867560198300288
0.0107161632178545
-0.0106025446191907
-0.00267908545529238
0.00626789040114617
-0.0172628228735152
-0.00525173840543758
-0.00728201347169133
-0.0198055752760971
0.0159026751000435
-0.0138121549505001
0.0106442579018535
0.0151515154314767
0.00309432113386099
-0.0036291235051874
-0.0143871972318339
0.00351075394513578
-0.0154667645835617
0.00448846073520737
0.0121020668795766
0.00754229198781675
-0.00365163410626257
-0.00824630749496058
-0.0282704920227363
-0.0133105343221145
0.0231258628469042
0.0384253343379166
0.00126972607890941
0.00742753609732727
-0.00737277454823271
0.0108695287885954
0.00215051975180147
0.014306205804943
0.001939368795145
0.0216434797943523
-0.00120563208395408
0.00862217593991454
-0.0106001535099964
-0.00224636257553767
0.000346311037537017
0
-0.0133309561402687
-0.00456223882918971
0.00722719901286806
-0.0134756740195253
-0.0102891256038519
-0.0060942820201777
0.000901695204658326
-0.00162162162162172
-0.00884320519761772
-0.00309537520376457
0.000730611872145959
0.019346540986557
0.00232769927762577
-0.00375133976420139
-0.0114756858526089
0.0290222922361274
-0.00493564251718659
0.00566871557717064
0.00193766073630441
-0.000351617434043328
0.00615543429202559
0.0295403431137973
-0.00407473670374414
0.0163654790317083
0.0100637707155951
-0.0162736463587905
-0.00405135030211501
-0.0062711694915254
-0.0107453690816072
-0.00620691379310334
0.0156141918045487
-0.00888283209971241
-0.0105136159944847
0.00539977355861354
-0.0268538283635859
-0.0149545314208486
0.012289824243997
-0.0114265135306736
-0.00433444111133174
0.00616724095470267
-0.00522806913235863
-0.00416815875317145
-0.00145590534202178
0.00856571912822535
0.0012649078424285
-0.00469225771521375
-0.013599274212175
0.017279374364729
-0.0377665341525119
-0.0204694835680752
0.00939421012269936
0.000379791058697343
-0.0100626356583495
-0.000383582669420512
-0.00172678437695295
-0.00461268507808354
0
0.000579243085938597
0.0119644731763797
-0.00781845934055037
-0.00788006934230379
-0.011429678640637
0.00372333928519186
0.0113236624107054
0.00173745177099338
-0.00231256508600053
0.00193160131350201
-0.0158087529556343
0.0180215870327443
-0.00153938807890341
0.00250531899220108
-0.0353710111495579
-0.0111598445595855
0.00201535675161946
0.000201106190645284
0.0046249547556807
0.0190152325663575
0.0033392653702613
0.00078302659424323
-0.0142801254749633
0.00754119880018256
-0.011030155603703
-0.00159326830498452
0.0109714540001704
0.0179558011049725
-0.00949800348904839
0.00352252459970726
0.00838533557693721
-0.00715526991211124
0.00350603817686013
-0.00989910714285713
-0.0074494611821001
-0.0110606555192444
0.0115838226482925
-0.00375129304042277
0.0275465522700464
-0.024686558329279
0.0302550524026102
-0.010556603092384
0.00329780801741641
-0.0034802783549831
0.0147457893918164
-0.00975139597995023
-0.00965437324475049
-0.00721394019859734
-0.00137470547426177
0.0184858021036696
0.0098474220921525
-0.00305927348105683
-0.00441118151920195
-0.0119437295318821
-0.0052642034458138
0.000784025872206939
-0.0045044848314828
0.0226243941520994
0.0209696036937284
-0.000188411531938937
0.0160195813038149
-0.00983118159896113
-0.0050580740903321
-0.00790815274132639
-0.00550383384900044
0.00992358740749655
0.0137944827586729
-0.00708298202859337
-0.00638257931293418
0.00510109578688844
0.000751898482107105
0.00394438377368966
0.00767072015583303
-0.00389897876162304
-0.00857414693106628
-0.00206800154292164
-0.00339110763409545
0.00226839310894555
-0.00414939645416834
-0.00833329561237306
0.00840332298694957
0.000189431821769448
0.0202613137613838
0.0265404597895238
0.0164527207294753
-0.00231236210757091
0.006418274202175
0.00336577496251955
-0.0061793433294377
0.0081719486912073
0.0107489162995593
0.0153417187004581
-0.0145948312295729
0.00818961505819149
-0.00293816102768463
-0.00918701697325397
0.0138208712386285
-0.00258847277673047
-0.0190311075956939
0.00123455024277686
-0.00387530385767132
-0.000707356334347486
-0.00265434445777202
0.00124199784879364
0.00425302144249518
0.0107640907275133
0.00663409578620988
-0.00104061741241757
0.00347223970389732
0.0152249310592549
-0.0114178936605316
-0.0705050877609064
0.0268917109381199
0.017879754702542
-0.00762954209315925
0.0123368317539783
0.00105971390073667
-0.0112914431898378
-0.00553178077209526
-0.0030504037322806
-0.0093592510914462
-0.00109013442786821
0.00291013095671167
-0.000544033379471176
-0.00381054248211676
0.000364225851940736
0.0118354337886175
-0.0041389238797912
0.0162631369714492
-0.0023115397471003
-0.0044555336935389
0.00966704243345795
-0.00975184362582115
-0.00680388565098955
-0.000360555248592909
-0.00522995482001887
0.00562003263234234
-0.00108168377354112
-0.00757982313661798
0.00145477354228873
-0.00980571999273661
-0.00110027509811605
-0.00954653920421267
0.00648745122358751
0.0108655618943934
-0.00601198772111478
-0.00586508420335263
-0.000737481536228546
-0.00793359763960144
-0.0184117723637718
-0.0185676396090875
-0.00231658305630467
0.00174148606811153
-0.00386324125941673
0.0122164242776808
-0.0036399041448294
0.00653720463515484
0.0045845656001744
0.00627491918615708
0.00132282695853458
-0.0130213809012499
0.0130019314149508
0.000566213665534221
-0.00999807621196303
0.0142911585365855
-0.000563573173022691
0.00488718035926361
0.010662177528286
0.00518234323861466
0.00644446683033562
-0.0321990120746432
-0.0340265393562745
0.018003953737924
-0.00884273356401388
0.0199767063619725
-0.00361281612473863
0.00858770959588884
0.00813625385567662
-0.00619365627240342
0.00774315377255608
-0.00356077579533776
0.109648339651997
-0.00593216949152542
-0.0185848416509858
-0.00694928757906044
0.0143456962911126
0.0129354949982752
-0.00936489017537878
0.000687538673083576
-0.0048093781379358
0.0010355712985084
-0.00362067241379316
-0.00242254711156686
0.0020814916884131
0.0230222953089838
0.0143824539554129
-0.0166805668610415
0.00746391844844929
-0.0173429536511696
-0.00359833784101538
0.00894232127455474
0.00647692198660033
0.0133785099640731
-0.000835544786096376
0.00585378816100057
-0.00631860668970086
0.00050205824973415
-0.0055193509697381
0.00739998330642422
-0.0138564603052935
-0.0016928897917724
0.0137357637148419
-0.020408130150688
-0.000341530048812766
-0.0184489576622999
-0.0436825277355122
-0.0243858048337434
0.00969968271405186
-0.00960650268600594
0.00429022562413328
0.00111445022288259
-0.00315402585699354
-0.0186115764005211
-0.00322395220936844
0.0047564687070687
0.0104146939894965
-0.00655927648876908
-0.00471609148145979
-0.00701286986402083
-0.00362660820054617
0.0159003445229817
0.00697723943008199
0.00224715347388948
0.00392376681614337
0.00260560208449667
-0.00686836842154015
-0.00317753271028032
0.00431275063518655
-0.00690817761560536
0.000940082739990133
-0.000187866258908098
0.00882962615066707
-0.0191806886558531
-0.000759388675123929
-0.0148205013334505
0.000385747362998901
-0.00771154824969245
0.0118515832164059
0.00192008441167113
0.00459942506707556
-0.0171689819599
0.000194079968943939
-0.00970308576951462
-0.00391920446637661
0.00295097371823827
