0.0105794421735992
0.00285517494302123
0.0241991922088165
-0.010887121190045
-0.0206089222339831
0.011477737924438
-0.00283685585902738
-0.00308205310573728
-0.00309158152417555
-0.0124044853246414
0.0263285011435506
-0.00706055509246617
-0.00829578118738517
0.0105162284894835
0.0250709797793516
0
-0.00738347946469775
-0.000697303579730524
0.00186085127421021
-0.0155560250754585
-0.0181604000867736
-0.0019217390842724
0.00625756934434585
-0.00310932783761475
-0.00983685220729358
-0.00266537436394487
0
0
0.0133624635568514
0.00143852796544053
0.0117308594685182
-0.0123046858639229
0.0483947269576079
-0.0217092560196187
0.0168184532394662
0.00482432816044853
0.0326930940698174
-0.03099397967651
-0.0162211331962532
0.00673471884034549
0.00138412924494236
0.00184293941488134
0.00712800611046194
0.0164383793707394
-0.00561545372866123
0.00768016715608755
0.0130015240304524
0.00464711229579806
0.00726867809389065
-0.00524815219768204
-0.0043965924644277
-0.0123647822396824
0.00201207243460777
-0.0274431057563587
-0.0215645331498051
0.00328250863856927
0.0112175505674796
-0.0127108620291195
0.001872612315716
0.004439322533629
-0.00441970205072328
-0.0140186451873515
0.0118483409514611
0.0142857139511543
0.01269914540062
0.0289557676936669
-0.00598271646393278
-0.00356665172611115
-0.0118568901150584
-0.0083767040243018
0.0123287902358171
-0.0175913170951737
0.00367309449786291
0.00983533829287864
-0.00906006753974775
0.00525714285714285
-0.0113688040018191
-0.00114995400183981
0.0101312226571495
-0.0036471393582661
-0.00320290558688874
0.0463621758090429
-0.0100899100679974
0.0124085527939608
-0.00306412788496668
-0.0059275522706379
0.00772972631911939
0.0111768132549461
0.00736889916274142
-0.0148450731497418
-0.0126665644755062
-0.00575089594671307
-0.00266961061914106
-0.00356912765696515
0.00268643396849932
-0.0154052910157335
0.00113387760244343
-0.0217441213252946
-0.0120398474656135
0.0117178350934068
-0.0134352102587542
0.0147922282225874
-0.00277656171271268
0.0125290261034352
-0.00549947308660581
0.0110598842829546
-0.00524154500361107
-0.00870565824945435
-0.0046221400508436
-0.000928743905270535
0.00697194996448891
0.0336948749736961
-0.0049118328887735
0.00875025802109053
0.0126779362250429
0.00834616754549011
-0.00500980178610322
-0.00153237740805612
0.00460423142722588
0.00414661719773024
-0.0110845038506632
0.0109890109890109
-0.0126087391304348
-0.0107881554728382
-0.016024949922101
0.019000226622941
0.0173141624265074
0.0058912500156556
0.00455537980717491
-0.00777369881723822
-0.00935801938285041
0.00373460017574678
-0.00590941137906353
-0.0105680101527085
-0.00222516693869967
0.0207404103479036
-0.0146384531352415
-0.0079821733029789
0.00558784060850059
0.00555679015084287
-0.00729447359440882
-0.0102426853707414
-0.00247471310518077
0.0157871222372574
0.0117672954758594
0.00768044766293619
-0.00544425110819913
0.00240860531677711
-0.000873678481294826
0.00218622640200161
-0.0113438045375219
0.00353045013239184
-0.00835536499560241
-0.0024389358066047
-0.0035563456965394
-0.00245373622780554
0.0140875891304206
-0.00948180857692649
-0.00356188795912227
-0.0102770111830658
0.00474038385418485
0.0159515396967667
-0.00353825732998114
-0.00266316017170087
-0.00400536279495678
0.00134052731637735
0.00446229361892025
0.0133273878276321
-0.00175357303273949
0.00790516012505149
-0.00392159024306793
-0.0024059492037195
-0.000877022563538166
0.0142637919684003
-0.0322371477231255
0.000894254415381379
0.00781771275407639
-0.00288113924825228
-0.00422322719612234
0.00357142865114812
-0.0177935724598216
0.00679345561594213
0.0182186463836853
0.0114866578307928
-0.00414944301923026
-0.000877127231452945
0.00548726941423894
-0.00633051721609867
0.0024165421792619
-0.00657459989974574
-0.000441230953398208
0.000220679756771647
-0.00330984112974408
-0.00819125562060019
0.0531250235072549
0.0241627808393388
0.0153145902317882
-0.0122299630609465
-0.0105241025696267
0
0.00208546398153353
-0.0312174824394897
-0.00214818479373113
0.0333691919619119
-0.0027083541666667
-0.000835533754659168
0.00585404533330358
0.00831421724559944
-0.00309208423385232
-0.000206844495309166
-0.00268866608846596
-0.0163832638659631
-0.0318364326375712
-0.04943371295443
-0.0194731491650333
0.0334112390983934
0.0253221342979879
-0.00198456458586826
-0.000662792782271104
-0.036701304443953
0.0413128069772779
0.00308571750244035
-0.0120852345456047
0.0286921936986697
-0.000432432432432517
-0.00216307592472409
-0.00541946660699189
-0.00414128151392146
0.0188224998647955
0.0148228359790081
-0.00127015235943462
-0.00932594319626967
0.0173298452148121
-0.00925337558892492
0.00297174691208357
-0.00169316402116404
-0.0089039223618369
-0.0260962780748664
-0.00636936100086449
-0.0170203573377382
0.00966946234159072
0.018708239701192
0.0128989937516837
-0.000647593324084039
0.0079913392654718
-0.00107133066515241
-0.00257398117919305
0.0105376774193549
-0.00106411998024591
-0.00255643379966841
0.0192225758222981
0.000419132430445446
0.00921654758204671
0.00726440431714392
-0.0552235947913372
0.0342420952777358
0.0179249691237862
0.00227886886264761
-0.0126085363247511
0.0121414695415532
-0.00827294760177655
-0.00917628760841938
0.00442018541023725
0.00167640398834012
-0.00439328461073807
0.00525320445471733
0.00438961120401338
-0.00374609789273872
-0.00793810336198264
0.000631669798624168
-0.00715488215488225
-0.0154726367104705
0.0081808609648899
-0.00405729216069639
0.0265866643779302
-0.00438602747731776
0.000839123173447698
-0.0094320060664852
-0.00698260715118959
-0.00362245898146163
0.00727117225283025
-0.00891715536803206
0.0167094901456728
-0.017277707907242
-0.0207976205145288
0.0267134016515613
-0.00447854562760819
-0.0229220008568981
-0.011401030225805
0.0135285207363052
-0.0052516847866152
-0.0149582053444394
0.029030884971659
0.0195312057495136
-0.0155385270327798
-0.0131892108108107
0.0118317487254984
0.00173230835859695
0.00713363627901575
-0.00257563854904486
0.0105443940059309
0.00809201465272613
-0.0063371144909169
-0.00935380507326089
-0.0199570824015916
0.0159843230122323
-0.00581898681814719
-0.0214611311194205
-0.0179441076194974
0.0148883367972779
0.0066681259538508
-0.0147935964938485
0.0242044380144428
-0.0221006997352144
0.00738422482399259
-0.0239893602843182
-0.00113791536499575
0.0323536576065995
-0.0128007280335307
0.0187793427230047
0.00746104893570321
0.020692681333043
0.0277421889086173
-0.00269935631229234
-0.0170726632744671
-0.0108027538827103
0
-0.0229122050768265
-0.0199430195059604
0.00916815721895881
0.00642581417181876
0.0420520494078402
-0.00084515103126348
0.0148023046140346
0.0087517812564375
-0.0115678991943813
0.00501571598811767
0.0282803285506341
-0.0147623859502045
0.0149835793312072
0.00424669354405061
0.00181232380185259
0.011859296482412
0.00516483909415966
0.00355733215641618
0.00886177646439101
0.00975990630489942
0.00251306785230998
-0.0142692245609481
-0.00938967154518133
-0.00493680894424975
0.00555663833214193
0.00710481575310107
0.000587928680931382
0.0142969053212514
0.0202741645052296
-0.0107872823618471
-0.004974210828391
-0.00403766598875865
0.00250967186312101
0.00134796841902562
0.00423078846153846
0.00306396010984367
0.00801828927036485
-0.00265149626233896
0.0150019179642993
-0.00823204848957804
-0.012827693372107
0.0055416967115729
-0.00627134181435474
0.00420724795931848
0.00285663693988325
0.00455757690846958
0.00548198466986816
-0.00432412115668579
-0.00490932788726073
0.0106261288306237
0.0131430909929813
-0.0203854340323469
-0.0189178959720413
0.00115690317861739
-0.005585458612691
0.00677898495489071
-0.00808001154290106
0.00426683467286981
0.00695249144365584
0.00709626020514498
-0.0180917355967144
-0.00446080286150496
-0.00681866328390179
0.0058846410357003
0.00819036677438323
0.0133461892969791
-0.00668062620119547
0.00499611827447888
-0.00458887198066682
0.00537839021555153
-0.00668700802445565
-0.000384708583007765
-0.00731192981889683
0.0118240162822252
0.000383141755112337
0.0151282455931014
-0.00113180536245261
0.00774315377255608
0.00674662656022074
-0.00614300063024942
0.00374603865416812
0.00242584437395044
-0.000372300812131465
0.0111731469055281
-0.00736642739164695
0.0146567155971533
0.00530263311944834
-0.0103674063295744
-0.00937324021319608
0.0083487195417915
-0.00404778303763687
-0.00443380741855148
-0.00890701445364672
0.00355734881108405
-0.00130595154126689
-0.00112082946237291
0.00411441922359401
-0.048239915221455
-0.018199609322881
0.0171417387738384
0.0178326478117314
0.000577628043466172
0.00307869919032711
-0.00901594074398737
0.0100658149438637
0.00134151015714834
0.0118660095693779
0.00983544561822303
0.00992693406868206
-0.00278186212098885
0.00483539148223899
0.00277625398438386
-0.00276856773717249
0.00647791979415002
0.0130562520585464
0.00599016155382093
0.00703722508254145
-0.0105715819643148
-0.0186526979599295
-0.00258350253890949
0.00185019429880096
-0.00535551226757114
-0.00686964339269136
-0.00542159261837372
0.00281949242820501
-0.00731019708754244
-0.000944089896980693
0
-0.0043470043470043
0.00360666287015943
-0.00208059394894256
0.00379076966606395
-0.00056644638531822
-0.00321182694124311
0.00549660748660363
0.00188507072356403
0
0.00602067710176191
-0.0108472412409344
-0.00775191922389729
0.00228654725609756
-0.00209117878673692
0.00342914827856178
0.0079742171245194
0.00357880956865686
-0.0110735737814108
-0.000379597653816677
0.00702492906872698
0.00622168163232129
-0.0189244522938815
-0.0068754964309492
0.013653826923077
-0.0151773670115229
-0.000770583702562111
0.0125313478413602
-0.00647372429550652
0.0024913951705634
0.00191166121369402
-0.00152638809387518
0.00745268459955351
0.0115705802054138
-0.00337521082410608
0.00639698941121392
0.00299121319905726
-0.00335509773140352
0.00187018885599044
0.00149341049094653
-0.00354152829295318
-0.00505050514497773
-0.0118442942629121
-0.00380517496565502
0.00324671498764872
-0.0148486391556946
0.00579708212560393
0.00960614811923444
0.0186489061588755
-0.00112082946237291
0.00785483433972622
0.00797923562774594
-0.00497056332842416
0.0101757448691164
0.00604399289538438
-0.168942253777535
0.00284768881280661
0.0037134557386076
-0.0280740146229813
0.00806090461262898
0.00621943580630813
-0.0136865124434109
-0.0196956356311548
-0.00684929239381948
0.0264368275862068
0
0.0107502570772562
-0.0057611786890942
-0.0173835305857706
-0.0231344976185077
0.011841235198514
0.0240935968750071
-0.0203898718263528
-0.0247026984285751
-0.00117258445526702
0.00751350082178903
0.00466094150547658
0.00672700053985165
0.00046073730595686
-0.000460525124851396
-0.00691253424366201
-0.0229697690473212
-0.000949916861792466
0.00808176848110276
-0.000235746286253113
0.0235849045478818
-0.032488477765508
0.0173850670452458
-0.0128746017585534
-0.00308268926168798
0.0256897710349722
-0.00974021358395671
0.0103044025689836
0.00347709790164785
0
-0.000693069977059868
-0.0113268151330012
-0.000467617488894123
-0.001169567251462
-0.0107728100521591
-0.00331448847942761
-0.00356287427852131
0.00762810470493203
0.00544121126094144
0.000470588235294223
-0.000235230479774251
-0.00352851110461139
-0.014400400982049
-0.00383233532934124
0.0100985333012744
0.00833142148685639
0.000236024545891889
-0.0113287706237614
-0.0105036526737564
-0.012062725885097
-0.0100122097677117
0.00394671919223688
0.00737098261987756
-0.00707319512195115
0.00442151816314218
0.00440207885551658
-0.00389578767957155
0.0100219995111221
0.00798649564375609
0.0194477061489697
-0.0110691712451526
-0.00309599889992862
0.00477783075064919
0.0266286013640371
0.0261695460861511
0.0151207173297061
-0.00466874166296116
0.000893477775295803
0.00089259091960292
0.00512829454306774
0.00931672540742112
-0.0136263516483517
0.00735289644935611
-0.00110592791652142
-0.00974311337466771
-0.0080500892654275
0.016005387375893
0.000665586864876833
-0.00731702914931387
-0.00826441813714551
0.00225220710575647
-0.00247193258426959
-0.00157690924931098
-0.0139891471119133
-0.00594970238101367
0.00460405167136413
0.00962424403355278
-0.000907875603543329
-0.0313494093593821
0.000469066615128133
-0.0236755274261602
-0.008643480977504
-0.000726640815532864
0.000484755234355427
-0.00605620169709786
0.00755547179028704
-0.00532174649250128
-0.000972689712370856
0.00559880693287207
0.0135559909572502
-0.00358246963416442
0.00287629427429792
0.00382409177820264
-0.00761904761904764
-0.00479846449136279
-0.00265190453230468
-0.00894365503852201
0.000731682926829125
0.00511827943256837
-0.000484990277158426
0.0131003635832032
-0.0150861357799874
-0.00316073418038576
0.014390243902439
-0.038711228660736
-0.0142571285642822
0.0200456990611522
0.0231343277827281
-0.0145879403212269
-0.00715511984098494
-0.00124261922253377
-0.00746454360449222
0.00777142160369571
0.00696514908046875
0.00765812747035577
-0.0139740128959545
0.0109398057946342
-0.00639444171175596
0.0178217070385294
-0.0143482493761735
-0.00789538632853148
-0.0290971904774234
0.0133196717899675
0.00126390290030565
-0.0126230746623813
-0.00767067226615503
-0.0105642615159943
0.00364580710178086
0.0101193303030793
-0.0115592088363731
0.0129937629937631
0.00179576706003082
-0.0133162615445906
0.00467168452301303
-0.0219580992497573
-0.0169043841282517
0.0120901931195541
0.0148659949490839
0.0159560554538323
-0.00463439752832151
-0.00543194516295908
-0.00260085818983469
0.0109518128266917
-0.015991694609234
-0.0241153853674766
-0.00241743217835066
0.00861604762024903
0.0347036581608025
0.00464398888771855
0.00102724707311874
-0.0105182144689584
0.0023334197562872
-0.00543194516295908
-0.0124837447988622
-0.0126415324561094
0.000266684434959474
0
-0.00906666666666678
0.0191065392895589
0.0105624771735537
0.00992950091455436
0.00931425566291044
-0.000512586542557814
-0.0102590915486487
0.00829230370562306
0.0131071189925469
0.0104009137697065
-0.0303791850173646
0.0328845166464142
0.0330910010802457
0.0143169137179546
0.0289473451901279
-0.00116249714775618
0.00675048898394981
-0.00601151445086712
-0.0144220277077446
0.0167572106857967
-0.0264624639525318
0.0104912258104728
-0.0285512735122398
-0.00922994944036681
0.00269676384661044
0.000977921712571161
-0.0114801663771412
-0.011366518127835
-0.00874776349651418
-0.0078164901664145
0.00889461290442761
-0.0161209063949393
0.00537631834674057
0.00560229182582117
-0.00329199780744505
-0.00736791139817294
-0.00460714102892235
-0.00102856778165517
0.0169884178629818
-0.0177169586290539
0.00438028847255101
-0.0110313237557721
-0.00181579771247209
0.0135135135135136
0.0128205128205128
-0.0113924303797468
0.00819462248897884
0.0121919992936754
0.0100376918463083
-0.00198762732919255
0.0062235502227308
0.00247407236388297
0.00913126850937807
0.00586945477792744
-0.00048626305649746
-0.00291897341476588
0.00683088524855413
0.00436154591713112
0
-0.00289503008697156
0.00411318634826108
-0.0115662650602409
0.00316923451974649
-0.0184690878022314
-0.00519928212922227
-0.0114484569437531
0.00377638459777474
-0.00426380748090815
