0.0233552964367647
0.00184824812201456
0.0117109089871004
-0.00808686295298977
0.0326911994829253
0.0123064708739893
0
0.0260723616676086
0.0108793370539344
0.012015251009428
0.00488028286227671
-0.00724847745187485
0.011755256408537
-0.00526817466351137
0.00195882913403445
-0.0144812105243559
-0.00337967082962565
0.00884638446795671
-0.00606504905816374
0.00867514310615669
-0.00823607889729028
-0.00117588735039909
0.0159664331994283
-0.0039108414844895
0.00661628650802659
0.00491157829349764
0.0114281315522125
0.00596927937770553
-0.000777062740563217
-0.00367623903166292
-0.0153977017511098
0.0101614517930761
0.00570737683823053
-0.00801592531733031
0.056135628035916
-0.00758341786737871
0.00668619740190102
-0.0218908568914092
0.00970062314367826
-0.0285479204738681
0.00240178019782111
0.0133192324165992
-0.00118226586185333
0.0343267523439199
0.00908778843982927
0.0156104809450492
-0.00604307652249481
0.00290766573913781
-0.00138371116841429
-0.00310129324114894
-0.00211812943979184
-0.0223533836015318
-0.00630973611717034
-0.0210979916176025
0.00551028128305364
0.0316314988448529
0.0231979355621441
0.00374585665697391
-0.00504127258605236
0.00019740080149111
0.000723690789473652
0.00131481821501001
0.00669689457943523
0.0026087131988688
0.0033175633465834
0.0146524567345547
-0.00198081789137383
-0.00416165562248971
-0.0167159001993784
-0.00510002608735427
0.0379205365951489
-0.00620525576797815
0.0142720932960578
0.00810348629809066
0.00847457648241723
0.00735295989503104
-0.00484569714068395
0.00449948210985318
0.0117812970989672
0.00849047248766133
0.0060135909681589
-0.00089661071358893
0.00275222569553812
0.000477249386255929
0.0146112362969864
0.0121671189041579
-0.00975605708053529
-0.00193526854479786
-0.00904875716494791
-0.0138748655988685
-0.00360766644949406
0.00838814158036949
-0.0207660136170192
0.00183333124019636
-0.00396507062621543
-0.0175771375402815
0.00536126163303385
-0.0181683383600585
-0.00195779340552726
0.0124659938775296
-0.0152500124999999
0.0239908482354767
-0.00111560682076639
0.0104243730348879
-0.00196507005563928
0.000615253492117773
0.00061496742759104
-0.00387171211976567
-0.0178912583846323
0.000753791057807929
0.00734415927869136
0.0137088550276385
-0.0105728182567602
-0.00254724143991858
0.0067268886939853
0.00699121428598604
0.00092165768375696
0.00797988440292463
0.00219231462550273
0.00473961819786517
-0.0107045898746445
-0.00207847533832417
0
0.000857632906835715
-0.0197086601876406
0.015796690414668
-0.00122931340304488
-0.00252325058393588
0.00462734446412449
-0.00644846150649803
-0.0101989987031709
0.00237300935574192
-0.00853526909648217
-0.0320472918942269
0.0127888995684386
-0.00115372736214747
-0.0163640054371559
0.000130506263899433
0.00104373122549761
0.0185715552586936
0.000255952917356028
-0.00582030038425463
-0.00141534352270534
0.0157840290182707
0.00215638361332382
6.33440941504304e-05
0.00575869495611459
0.00434154678406107
0.0097731991534018
-0.0073209644574187
-0.00956249375000007
0.00536382908207345
0.00728087464871874
-0.00810071680211166
0.00477452590414429
0.00256348627530967
-0.000561340795958598
-0.0133533013026739
-0.00524919065422425
-0.00400527069767254
0.00357460095558282
0.0085230695298113
0.0139379794896315
0.00180378175520857
-0.00682969709213588
0.00956487830111197
0.00854535858117034
0.0140603491760407
-0.000666026866891989
0.00254467126547087
-0.00664776692664681
-0.00705717609835055
-0.0066172535609289
-0.00222044648675612
-0.0191012605773317
-0.000315023961464322
0.00926685339258482
-0.00374769505005523
-0.00156739811912221
0.0134379843014127
-0.00452317370669297
0.012635366298136
0.0164730036698875
0.0116708475440179
0.00711298253832071
0.000593453599814442
0.0075330982272519
-0.00512184148638983
0.00497069042633624
-0.018018006029347
-0.00293820824037394
-0.00469087686246616
-0.00422958912386706
-0.0135922631020826
0.00479821610234032
0.0618342490959776
0.0113584062343357
-0.0136822811998795
-0.00491295893049426
-0.000232394278987136
0.00906343275224941
-0.00466373809676512
-0.00127263843560588
0.0150594039406686
-0.011298122681883
-0.00986902499292375
0.00757754147327505
0.00763619109316083
0.00304290975600163
0.00452173870040551
0.000683732193732078
-0.0172531550294144
-0.0419490710226333
-0.0322346646906079
-0.00206225466661036
0.0299955785585124
0.0158074298591302
-0.00921719524518561
-0.010873432862837
-0.0266887129996118
0.0328795015648964
0.000242956076526468
-0.0142726455246636
0.0351817122270786
-0.010416046973872
-0.00336820652496717
0.0170187510624999
-0.00409448127000989
0.0148960255628192
0.00369873182999192
-0.00140387219333693
-0.0101921566881903
0.0072790331939645
-0.0151577574401955
-0.00125280077394274
-0.00382271537238932
-0.00725501863086109
-0.0176361229482827
0.00553340936489688
0.0146743745397546
-0.00138593554780242
0.0109220250366762
0.0170119143855543
-0.0115623954817939
0.0165666702317755
0.0148948775974569
0.0115107913669066
0.00819346799431009
-0.00107230655147228
-0.0180790790960452
0.0014959435875268
0.00471105945893435
-0.00171547913668002
-0.000744672920785061
-0.00183429065923102
0.0308389987124849
0.00183845125348192
0.00255792134173483
0.00171952416682375
0.0548172407037462
-0.00225718110236217
-0.0122060657366104
0.00953391744340881
-0.015300169394857
-0.00251822225952758
0.00134285869197903
-0.0129278136780153
-0.0127709964885332
-0.000935808632922752
0.00115704443338349
-0.00764996710484256
-0.008263496292646
0.0435633245445517
-0.0025186324284947
0.0107446008958021
0.000637801640468894
0.00648040493148838
-0.00870801158344969
0.000905063079326363
-0.00122338297872338
0.0034084251284352
-0.0108805422030561
0.00509764431692616
-0.00864874281830919
-0.0141634119859614
0.0267125480903807
0.000212865127100725
5.31677202733061e-05
-0.00771274999999993
0.00487807014401387
-0.00768165446617097
0.00564457035491728
0.00411604731484294
0.0101682497906355
-0.0075889433465085
-0.0183208381745084
0.022449388605164
0.001904661179426
0.00332684700128971
0.000578952631578922
-0.000683840930598922
0.00789556812076153
-0.00731143737855511
-0.00668141827986724
-0.00688524449854611
0.0260253006779718
-0.00997971833244826
-0.0123904026230356
-0.0108446865618804
0.010963583185118
0.00430597520436993
-0.0214905623702155
0.00373256516427256
-0.00722175143268533
0.0137885723005267
-0.022436423025435
-0.00734003623291013
0.0159474670789788
-0.0123838954299935
0.00368474945075348
-0.0236164273972603
0.0109994499017965
0.0272550883348905
0.0193450828849571
-0.00636130728563034
0.012430655010343
-0.0180218049634441
0.000751269093063556
-0.00466518299465968
0.009158560746648
0.00539181594200988
-0.0234694310681313
-0.0144636177594776
0.016386212413793
0.0317012103370904
0.0137850943258453
-0.010379904881977
0.0083386357162285
-0.00499300972605166
-0.00674295130147884
0.0153141192439927
-0.0036800498925017
0
0.00863595875228418
-0.002888374177626
-0.00620738649155961
-0.00546527184742007
-0.0229759451466394
0.000964259731893291
-0.000642170605575587
5.35236142893414e-05
0.0168139170013386
-0.00695135081863885
0.0164394701433086
-0.000521683106606941
-0.00344523138217567
0.016133261408344
0.000979370045379291
0.000823993231887865
0.00319034173490462
-0.00389828668810011
0.00350158604791329
0.0092363913886393
0.0104230377921561
-0.00417653105573457
0.0121778881913459
0.00434324301675648
0.00541808846767378
-0.000840450865863374
-0.00766948517557198
9.97456978346634e-05
-0.005284997571945
0.0034584833707203
0.00464539467500602
-0.00497190859215657
0.00874431597600767
0.004507568741144
-0.00591743696149738
-4.95758728027429e-05
-0.00783808901837402
0.00374999999999992
-9.96463262764591e-05
0.0141484135734253
0.0168492060817191
-0.0067149710144927
0.00316129564145085
0.00993892683843023
0.00619273204543935
0.00453242830536937
0.0065542150574085
0.0102392916136227
0.00247547400816051
0.0130456503507046
-0.014303390057139
0.0170772157542902
-0.0183503077043822
0.00817833457665817
-0.00987340675610082
0.00252805704509185
-0.0143363781373698
0.00781728310645291
-0.00263255451940325
0.0118777759826967
-0.00163029164995354
-0.00177299023213751
0.00219677965220999
-0.00816155217014791
0.00705318105095398
-0.00368862589240904
0.00843559826517004
0.00120833259809605
0.00116041588228355
0.00913348779142753
0.00422676643890907
-0.0055814849887319
-0.0106275211141539
0.00864915588957227
0.00129084871530405
-0.00207190476475061
-0.0111654422080502
0.00391935877456362
-0.00144077892841077
0.000186143816072182
-0.000884182609168338
-0.00926870064185426
0.00676971911340307
0.00924590733353003
0.00513579778059969
0.0232001191493252
-0.00215942056037166
-0.00112714155373572
0.000812426077917872
-0.0055472693013533
0.00666667120181397
-4.5024102153346e-05
-0.00671294806726153
0.00594184240059037
-0.00293080531576695
0.00149234383637786
-0.00293510782739204
0.00335132016984119
0.00451365374163415
-0.0195012174410082
0.00637000575321922
-0.00214025950436447
-0.00355952622736444
-0.00247313022743856
-0.00266288051662356
-0.00276200806080196
0.000276956093870684
0.00918358475994663
-9.1407539051902e-05
-0.0014634958115155
0.00279381245385735
-0.0131536425643339
0.0031008375910313
0.00203002671334263
0.00372968056960943
0.00100922975803397
0.00733234475355671
-0.0123287931607188
0.00667893578961953
-0.00187601919181857
-0.00330063722059515
0.00386347625667804
-0.0172271377537602
-0.00233100233100236
-0.00261681308411221
-0.00707462980627216
0.00552075231748828
-0.00225251518763459
-0.00258671814943834
-0.00113172533634143
0.00665629507948551
0.00712807148921235
-0.00884705738608349
-0.000610753544063036
-0.0164057305768952
0.00492257204830415
-0.00908357332793885
0.00215970914686259
0.0123557349969419
-0.00184492644801038
0.000758312796208527
0.00449894384355121
0.0176323840571762
0.00296501729075693
0.00258671526198184
-0.000230375486334422
0.00483872350230419
-0.000687956881156304
-0.0196878986605203
0.00159166704933433
0.00537512977857157
-0.0105532493569526
-0.0016445331800542
0.00814199469393806
0.00569528014627263
0.00552384551207785
-0.00646290292823615
0.00757366876882415
0.00700940261906191
0.00251867478405177
0.00100493788603084
0.00136900155776676
-0.0058330203624406
-0.00366704705414278
-0.00690099371134989
0.00277960713990733
0.014182721522318
0.0388102037936056
-0.0118394955688731
0.0134457462583781
0.00271475167013846
-0.00253275982532752
0.00109447509933003
-0.0136878691012189
-0.00137446576935918
0.0214447546320606
-0.000825884559035872
0.0540740778282089
0.0118447996882607
0.00950361797531207
0.0146262424242425
-0.0146145192460679
-0.00832490614255299
-0.00297483598750903
0.00326985607341035
0.0033813492069199
0.0072273094749733
-0.00193498200691389
0.00399857028149064
0.00152870302092922
0.0114074386252729
-0.00853855827793626
-0.00232320053650792
0.00722683562617799
-0.0134730739720388
0.00141416215980117
-0.00282439078154284
-0.0381160396460145
0.00298667338471037
-0.0266744377247874
-0.00219765150435836
0.00233204355097638
-0.000473937945525083
-0.00125008833893514
0.00794128624870027
0.00685110065923467
-0.00846306459327661
0.00244480812639436
-0.00312337838814236
0.00107300740218452
-0.00553081792293741
0.00293170083550387
-0.000214946476917333
0.00993205340156456
0.00153263655980518
0.00314561105207223
0.00313568788644258
-0.00388627556940435
-0.011449883477799
-0.00669211099184031
-0.0103649707143386
0.0044512503892975
-0.0073424078493497
0.00770312075810775
0.0093380557388365
-0.00120486252078333
-0.00180948256512226
0.00388447491143795
-0.00752396934561195
-0.0168081314643587
0.0126453776501692
-0.00152289081910206
-0.00174304517592894
-0.0011349528449891
0.004501350268729
0.00656947992422507
0.00631053766290401
0.000687178915856679
-0.00240363125424725
0.0104121763222802
0.00600410502476745
0.0119788444444444
0.0022586288919304
0.00822135481640429
0.00803014624827414
0.000205325833389391
0.00221690202630009
-0.00466983050691927
0.0036217178964808
0.00487985727515849
0.014486851485572
-0.00607405455975729
-0.00469465789298895
-0.0116292688220423
-0.000576023351165689
-4.11435404766847e-05
0.0035402643136857
-0.000861399626144066
0.00225802842794187
-0.00217105935955786
0.00340737310082306
-0.00265933231862636
0.000287123103136278
-0.0145997254691557
0.0165223947749391
-0.00515862845445247
-0.0134573601082892
0.00592356913931424
-0.00680102432943941
-0.0109394363256784
-0.00443263668455263
0.00576686591386277
-0.00282473120431104
0.0107390240023841
-0.00510332975071803
-0.000126126810059302
-0.000714852198939187
-0.00648036107759775
0.00241419731264214
0.00904212624364842
0.00221932919240686
0.00714467714790135
-0.00701100177957681
0.00350934156287863
0.0120733098926726
0.000329029197967179
0.00230287036812271
0.00455403699528123
0.00604450056660411
0.0114074492639349
-0.00405392150619688
-0.000282138389510744
0.00137062002233823
-0.00982281424692788
-0.00658648135426332
0.00405175581651385
0.000733677082022766
0.000977577308003186
0.0128586124109866
0.000924008662986475
0.00140485671271118
-0.00553129974084532
-0.00237796540898005
-0.000282833705836594
0.00323298852171749
-0.00350451158106746
-0.00428489764158591
0.00227345722672045
0.0121516523786525
-0.00172085797741206
0.00481057131461893
0.0108917257743881
0.0123923906308234
0.00183221978853254
-0.00303513378089149
0.0117482147680963
-0.00621100221352144
0.00353248729858047
-0.0112563365457981
-0.00946754426873941
0.00584539669145379
0.005772242555246
0.00214721233619031
-0.00272701310742907
0.00625020887045946
0.00803605742514946
-0.00392817139446711
-0.00019339234882132
0.0103638696061545
-0.00424842135236592
0.00049971170818397
-0.0130623300258904
0.00198520366780297
-0.00563324410955501
-0.00242232860819291
0.00873377974594614
-0.0104053153471448
0.00717979427221049
0.00385657370070969
0.010011590531086
-0.00514829032253061
0.0117787440196282
-0.000801522989485215
0.00328526244665484
0.00502579928652525
-0.000378868023222512
0.00367619970872068
-7.54786126240248e-05
-0.00215251691516583
0.00257350524422906
-0.000566299232364842
0.0020017336632514
-0.000113075768401361
-0.00459909168239914
-0.000719572083449527
-0.0117485605102265
0.0128086971618078
-0.00367285489573232
0.00573864618746178
0.00827528671353805
0.00730806916390536
0.00171140338459486
0.00126280275080992
0.000890347991596041
0.0121562482948125
-0.00933730481133721
-0.00469410111376534
0.0078728275693436
-0.000957918223093213
-0.00424144330006038
-0.00688908873991956
-0.00193943232873173
0.000336411214252763
0.0191258676521835
-0.00751417765340046
-0.00823569852861361
0.00294175159575571
-0.00530944591773219
0.0105263421543789
0.00107125073481362
0.00442781061850805
-0.0124168991284379
-0.00282699117193363
-0.0104450998876572
0.00226186913288551
0.0059428180302934
0.0069170907346976
-0.00126252140791028
-0.008402658669036
-0.0037870639465889
0.00504346038583714
0.0334793919540106
0.00855160340416861
0.00614386548295265
0.00135696324734802
0.00402958044224899
-0.000639293225613513
0.0119770944304134
0.00737517058984238
-0.00773950993919259
0.0108917365415595
0.00757678643272341
0.00407034503077641
0.00377905060164796
0.00171127391326897
0.0022208350947992
0.00180683197589326
-0.00180357322212477
0.00634103256548402
0.0118228631605213
-0.00763358461709895
