0.00462959401709417
0.00815320837125877
0.00597749627364652
0.0199230681606757
0.0054832076764908
0.0129515678254943
-0.0326379216903743
0.0170434782608695
-0.00068402872777007
0.0181382963086343
0.0077310924369749
0.0150100066711141
-0.016102497535327
0.0778222752898372
0.0111559033157731
0.0334048411460361
-0.0163108832648019
-0.000301416961195011
-0.0217129372738237
-0.0274352659505323
-0.00760697329974558
0.0118173430794424
0.00189393939393945
-0.0138626654064272
-0.00479230047259749
0.00513640449438202
-0.0099009584765557
-0.00838709677419358
0.0058555627846455
0.0109961190168175
-0.0127958733205374
-0.000324076463898981
-0.0495948136142625
-0.0269440313778991
-0.00911324889192955
-0.0212239122744958
0.00614383809179619
-0.0319683548850574
-0.00111320960618888
-0.00965824665676085
-0.0202550262565642
-0.0111026412288422
0.0356174990321332
0.0377570093457944
-0.0266570605187321
-0.0155440414507771
0.0203007142857141
0.0221076279332213
0.00576784426820476
0.00931899641577072
-0.0163351917613637
-0.0270758112969021
0.0204081254022959
-0.0381817818181818
-0.0128544418580552
0.00459590177725389
0.0221120472741136
0.012308840444194
-0.0165806196234569
0.00711869587415914
0.00334821441027588
-0.0148312575020859
-0.0101618742943169
-0.0615969224941796
0.0320096839546191
-0.0149194744766186
-0.00199278597050612
0.0199680503207649
-0.00783089241069335
-0.0288081689029203
-0.00731414029605282
0.0094146541137945
0.0227087996755881
0.032513958466057
0
0.011520698482308
-0.0402429384965832
0.0296677203454225
0.0199768720715763
-0.02862516115349
-0.0127957342847719
-0.00353487837921762
-0.0153725260002945
0.0376301040832667
-0.0223765432098766
0.00197312549329132
-0.00196923993577158
0.021310142067877
-0.0193199389227179
-0.0240346345167312
-0.031893419459023
-0.0246038782318599
0.0320649864072247
0.0103562556071357
0.0278803209463026
-0.0231352213801357
-0.0314414454879541
-0.0139123108732003
-0.0115433095999705
0.0069204149255877
0.00816142576626189
0.0132084368644412
0.0231286365379042
0.0415125359638306
-0.0284135359116022
0.0337124275502669
0.0110019249115156
-0.0171006218422075
-0.0209569386731143
-0.00403877221324722
-0.0186536496350365
0.0297520235639661
0.0108347110754412
-0.0631203230202332
0.0165254237288135
0.0212588578574406
0.0159183265306122
0.00120534355987734
-0.0124397672552168
-0.00162539611436829
0.000814000814000737
-0.00976006506710037
0.032854209445585
-0.00198807157057646
-0.00557772908366538
0.0380609390248774
-0.016981898880741
-0.0157047120418027
-0.0143598324690866
0.0331850276481191
-0.00861739096680791
0.0118531020092099
0.00195232323497363
-0.0163678877630554
0
0.0110935023771792
-0.0160657915360501
-0.0207089199239777
0.0154533956893046
0.0572687648085206
-0.0151515151515151
0.0165384615384616
-0.0139992811199394
-0.0103606297145292
0.0120201236130235
-0.00191574712643683
-0.00959692935112977
-0.00271313964004416
0.0143801010493587
-0.00498088122605367
-0.0261839825253748
0.00237243960567657
0.00276134122287974
-0.00865456333595604
-0.00238103165154635
-0.0167064445786175
-0.000404530760701127
-0.012950223106039
-0.000410004116851215
-0.0143559480867904
-0.00707448992615511
0.0318524714227799
-0.00365556443316151
-0.0142682831525364
-0.00992551695616217
0.0112781114754339
0.00826109079971471
0.0229413764850472
-0.00200236291559319
0.00682182985553759
-0.00398565165404552
-0.00400164065626241
-0.0212936127478349
-0.00656814422955077
-0.0314049573799605
-0.023890869287932
-0.0187936197025184
0.00668146963556926
0.00707964601769917
0.0149384885764499
-0.0432900432900433
-0.00950230769230775
-0.00593873942159606
0.0215992647058822
-0.00674763832658576
-0.00860511775362316
0.0164459121263552
-0.000449438202247299
-0.0301258992805754
-0.0236439962911451
0.043684759909058
-0.0150136487716106
-0.0115473441108545
0.00700929906542069
0.0283063122183904
-0.00722021660649819
0.0163636818181818
0.00402504454270813
-0.00801786155822448
-0.100134665469241
-0.000499001971107749
-0.0299551158285014
0.00874935666495125
0.0127551020408163
-0.0312342569269521
0.0676027561102444
-0.00974188944267462
0.0226267092966062
0.0216449725038492
-0.0117702448210922
-0.00142929966650784
-0.031488551120637
-0.0354679327816716
-0.0183861593462715
-0.016649272458339
0.00899470899470911
0.0393287886733089
0.0201815842583251
-0.0148367465300072
-0.0341365461847392
-0.029106029106029
0.0117773019271947
-0.0513227513227512
0.026770775237033
-0.022270505160239
0.0194444444444446
0.0054496457765667
-0.00162607037257068
0.0342019001085776
-0.00419947528606157
0.0105430158430688
-0.06207616066771
-0.0878754171301447
-0.0634146341463414
0.00455729166666674
0.00324044069993534
-0.0264857881136951
-0.0119442601194426
-0.0282068502350571
0.0262612301313061
-0.00740740740740742
0.00881953867028495
0.0618695359784802
-0.000633312222925841
-0.0240811153358681
0.00324675324675328
0.000647249190938615
-0.035575679172057
0.00804828973843064
0.0113107119095144
0.0118421052631581
-0.023407022106632
-0.0146471371504659
0.0304054054054053
-0.0295081967213114
0.00810810810810803
-0.0603217158176944
-0.0620542082738944
-0.0380228136882129
0.0300395256916994
-0.0107444359171143
0
0.0364623739332814
0.00898203592814384
0.0445103857566764
-0.0355113636363636
-0.00515463917525771
-0.0155440414507771
0.0210526315789472
-0.0405007363770251
-0.0399079048349962
0.0079936051159073
0.00872323552735943
-0.0550314465408805
0.00915141430948418
-0.0164880461665293
0.00586756077116513
0.0125
0.0386831275720163
-0.03486529318542
-0.0459770114942529
0.0636833046471601
-0.000809061488673102
-0.126315789473684
0.0166821130676553
-0.179580674567001
0.0611111111111111
0.0565445026178009
0.045589692765114
-0.00758293838862556
-0.0315186246418339
-0.0927021696252467
0.00869565217391299
0.038793103448276
-0.0124481327800831
0.0892857142857142
0.0675024108003859
-0.0153568202348691
0.058715596330275
-0.00346620450606583
-0.011304347826087
0.015831134564644
-0.0398268398268399
0.0613165013525698
-0.0203908241291419
0.0381613183000868
-0.078529657477026
0.0208522212148685
0.00710479573712264
-0.0978835978835978
-0.032258064516129
-0.00808080808080813
0.0672097759674135
-0.0353053435114504
-0.00791295746785359
-0.044865403788634
0.0323590814196242
0.00404448938321522
-0.0956696878147029
0.076837416481069
0.0227507755946226
0.0212335692618806
0.0534653465346535
0.0028195488721805
0.0037488284910967
0.0625583566760037
0.0263620386643233
-0.00941780821917804
-0.0371650821089023
-0.0269299820466787
-0.0129151291512916
-0.103738317757009
-0.00104275286757038
0.0125260960334028
0.0515463917525774
0.0225490196078433
-0.0402684563758389
0.055944055944056
-0.0236518448438978
0.0494186046511629
0.00646352723915045
0.0165137614678899
-0.0270758122743683
0.0445269016697589
0.0799289520426287
0.0296052631578947
0.0439297124600639
0.043611323641928
-0.0828445747800587
-0.0119904076738609
0.0428802588996764
0.0659425911559348
-0.00509461426491997
-0.0270665691294806
0.0413533834586466
0.00794223826714813
-0.018624641833811
-0.0102189781021897
0.0154867256637168
-0.0566448801742919
0.0115473441108545
-0.0190258751902588
0.0256012412723041
-0.0211800302571862
0.00540958268933545
-0.0184473481936972
0.00313234142521535
-0.0468384074941451
-0.0147420147420149
0.0174563591022445
0.0351307189542482
0.0347277032359905
0.0129672006102213
0.0112951807228916
-0.00893521965748323
0.0255447032306537
0.00952380952380949
0.0384615384615385
-0.016072676450035
-0.00639204545454541
0.0150107219442459
-0.00140845070422535
0.0260930888575459
0.0295532646048109
0.00133511348464621
0.0066666666666666
-0.0132450331125827
-0.0583892617449665
0.0420527441197434
0.0164158686730507
0.044414535666218
0.00837628865979378
0.0191693290734825
-0.0112852664576802
-0.00887761572606205
-0.0115163147792707
0.0200647249190939
0.00190355329949243
-0.0303989867004433
0.0117570215545395
0.0154938670109748
0.010807374443738
0.00754716981132075
-0.0106117353308365
-0.0126182965299684
0.0345048562300319
0.0117355150256016
0.0286935914953352
0.0178041543026703
0.0139941107871722
0.027602186751132
0.00167873521663475
-0.00670385474860336
-0.0669291863369411
-0.101868595539482
-0.00134228187919461
-0.0436827956989247
-0.0196767392832046
0.0014336917562725
0.0300644237652112
-0.00972897845726206
0.0056140350877194
-0.0132588974180041
0.0275813295615275
-0.0371644872677219
-0.047891350964975
0.0653153153153152
0.0366455250176181
0.0190346702923181
0.00200133422281512
-0.0346205059920106
0.00896551724137939
-0.00478468899521534
0.0350274725274724
0.0192435301924352
0.02734375
0.00570342205323193
-0.03528670447385
0.0104506858262574
0.00387847446670975
-0.0573084352865421
0.00204918032786883
-0.00681663258350373
0.0150995195607411
0
-0.00135226504394859
-0.0534867975626269
0.00786838340486407
-0.0177430801987225
-0.0130057803468208
0.00805270863836016
0.0268700072621642
-0.024045261669024
-0.0130434782608697
-0.0073421439060205
-0.0510355029585798
-0.00623538581449723
0.0172549019607844
-0.0192752505782575
-0.0086477987421385
-0.0245836637589214
0.00650406504065049
0.0153473344103392
-0.0159108989657917
0.00970088924818113
0.0056044835868696
-0.0286624203821657
0.0122950819672132
-0.00728744939271253
0.0212071778140293
-0.0263578274760383
-0.00656275635767023
-0.0421139554087531
0.0327586206896553
0.0141903171953255
0.0123456790123457
0.00975609756097562
-0.0660225442834139
0.0327586206896553
-0.0834724540901502
-0.00819672131147542
0.0238751147842056
0.00986547085201783
-0.00355239786856121
0.0187165775401068
0.0393700787401576
-0.0101010101010102
-0.0195578231292517
-0.0199479618386816
-0.00973451327433639
0.0205540661304737
-0.0280210157618214
0.00990990990991003
0.00624442462087416
-0.0203900709219857
-0.00723981900452486
0
0.000911577028258836
0.0400728597449909
-0.0253940455341506
0.000898472596585709
0.0116696588868941
-0.0141969831410825
-0.0126012601260125
0.0665451230628986
0.0341880341880343
-0.0380165289256198
-0.0103092783505155
-0.0355902777777778
-0.0144014401440145
-0.0383561643835616
-0.0056980056980056
-0.0162368672397326
0.0320388349514562
0
-0.0696142991533396
0.0242669362992922
0.0888450148075024
0.0317316409791479
0.00790861159929701
0.0488230165649519
-0.0798004987531171
0
0.0551038843721769
-0.0171232876712328
-0.0252613240418119
0.00536193029490617
-0.00355555555555553
0.0276538804638715
-0.0529513888888888
0.0109990834097158
-0.00725294650951946
0.0547945205479454
-0.0207792207792208
0.00265251989389914
-0.0202821869488536
0.0117011701170118
0.041814946619217
0.00939368061485912
0.0109983079526226
0.0426778242677825
0.0321027287319422
-0.0202177293934681
0.015079365079365
-0.0242376856919467
0.00801282051282048
-0.0222575516693163
0.0447154471544715
-0.0272373540856031
-0.0104000000000001
-0.019401778496362
0.0173124484748557
0.0210696920583469
-0.0134920634920634
-0.00321802091713586
-0.0104923325262309
0.00326264274061994
0.0593495934959349
0.0191864927091328
0.00602409638554224
0.00823353293413187
0.0111358574610243
0.0352422907488987
0.0198581560283688
0.015299026425591
0.0506849315068494
-0.00521512385919165
0.0196592398427262
0.0353471079691516
0.00620720011128495
0.00987057432884475
0.0042761145830108
0.00121642328367266
-0.000607411944557157
-0.0115502120638168
0.0172202337023368
-0.0120919581564717
0.0226437576499388
0.0221424908523333
-0.0222481850117094
-0.0257485613324215
0.00553171481253845
0.00366742031372747
0.0146163215590742
0.00540216086434575
0.00238811940298511
0.0416914209832386
-0.0217266437964551
-0.00058451194713538
0.00116964912280682
-0.0169393097582179
0.0124777777777778
0.0246477685065862
-0.0395188453332672
-0.0125224209898628
0.0175121387386556
0.0106825519287832
0.0158542562622281
0.00346832389990315
-0.0149770152663009
0.00409356725146193
0.0401864298194525
0
-0.0296753062891767
-0.0184650894402768
0.0264549676660786
0.0246277219145317
0.00950251590287965
0.0149502223117508
-0.0049099836333879
-0.0126096491228068
0.00721815657967784
0.00110259101998844
0.00110132158590304
-0.00385033003300328
0.0342351720466498
-0.019220448478377
0.017964070878385
0.00160422451314313
0.00800848905499207
-0.0100634539228526
0.0112359009504601
-0.0206349206349205
0.0135062128579146
-0.00266529850746278
0.00106900059160875
-0.0181527495995729
0.00326275167279788
-0.00054200539067728
-0.0303688703704516
-0.0357941295186875
-0.00986078886310893
0.0134738722905683
-0.0167629489458351
0.0158730746619633
-0.0254630193597789
0.00356294536817092
-0.0136094674556211
-0.0539892021595683
-0.0500951173113506
-0.0253671562082778
0.0294520547945205
-0.0159680638722555
-0.00473292765382005
0.0278532608695652
0.00925313945803041
-0.0130975769482645
0.00066357000663575
-0.0106100795755968
0.00871313672922258
0.0126245847176079
0.0308398950131235
0.0159134309357098
-0.0050125313283208
0.0554156171284634
-0.0184963603818616
0.00121568381667592
-0.0157862790398471
-0.00925354776394482
0.0435866154163522
0.00954653937947492
-0.0130023049645391
0.00479041887482512
-0.0226460653965396
0
0.0176829878048781
0.00119820244468527
0.0137643335586075
-0.0277450987163459
0.00850042553129482
0.0180613474978117
0.00236552335895923
-0.0112094978637464
0.00119337708830525
0.0268175788547331
0.00928607080673238
0.014376079032552
-0.0243764186154433
0.00639169124879091
-0.0173210161662818
0.0117508225616922
-0.0029035425611813
-0.0215492719860223
-0.026190358701807
-0.00733502400152675
-0.00738910098522172
0.0111661283395703
0.293865110053074
0.0526316263632054
0.0468467996915856
-0.0137693631669534
0.0218150087260034
0.0247651579846284
0.00458337499999995
0.0157610528510554
0.032258105349122
-0.0106804188813124
-0.0135945621751299
-0.00243206323469802
0.0227549360928512
-0.0218513706793804
-0.00365556443316151
-0.00244606594186425
-0.0200244797721488
0.0195997080900752
0.00204494879161765
-0.0102040816326531
0.00329896907216498
0.00246605014385537
0.0114801562722493
0.0324280097284151
0
0.00785241491371869
-0.016361511492014
0.0205940594059406
-0.00194027939464492
0.00544331280883803
-0.00966743968803407
-0.00702854326323532
-0.0334250884781755
-0.000406834825060987
0.0154660561660562
-0.00400805595158082
0.00241448692152901
-0.00401449217181848
-0.0165255548780958
-0.0188524180327869
0.00793642406280615
-0.00870281842945786
-0.00167228260869567
0
-0.0134003355695284
-0.0195245763804999
-0.00735930735930745
0.0396860008722197
0.0327181627516777
-0.0194964248782931
0.00207133397147197
-0.0103348486839666
-0.0229741845040022
0.0303548965521547
0.0331950207468878
0
0.0277108433734941
-0.000390777647518603
0.0121188037529321
-0.00463495576033046
-0.00776096235933255
-0.00312866640594456
0.0098077677520596
-0.00194246309246304
-0.00856372095898317
0.00824503369631069
0.014797468847352
