0.00860422270886629
0.00489734604893122
0.0292406849671327
-0.0545287757059908
0.0155088686426859
0.0124084948710073
0
0.00848524526218175
0.0143346525397319
0.0019970046696467
0.0164034945698226
-0.00769233751015064
0.00182403098002681
0.00576539185159208
0.0081460400038309
0.00104743375587524
0.00493275022622575
0.00520599411545453
0.00414322272437939
-0.00501037422619544
0.00399887458525816
0.000590072273342956
0.00427540898495038
0.000293540797407177
0.00249484887723561
-0.00570926674598915
-0.00265017675648349
0.0016238559676367
-0.0035371703327095
0.00177491492715709
-0.0140263392576551
0.0133273287410502
0.00251216203671234
-0.00456953151942985
0.0122908635020118
0.00453477173003569
-0.00422311065161241
-0.0188651807048194
-0.00342815641247018
-0.0143583455824356
-0.00379362659199922
-0.0140136934040003
0.0251814911857797
0.0251657319896665
-0.0107305014071807
0.0083209208772248
0.0123783670442328
-0.00538566253503625
-0.00263427476557065
0.0023477035261128
-0.00336694490900147
-0.00998824882525695
0.0022255340585895
-0.0367135883028756
-0.0281235285077608
0.016129031747975
0.0155617797833247
-0.0176218351939371
-0.0120106221804612
0.00189452162930226
-0.0190671134425956
-0.00738954216867471
0.00825373024350662
0.00224719104730653
0.0621396710784698
0.0253317249698433
-0.0164706323529411
0.0109151320685614
-0.0192279689509249
-0.0221686328508107
0.0242135733629596
-0.0155098168643386
0.0188131547329375
0.0229694937251241
-0.00572349582805254
0.0112177416974171
0.0160560351465178
-0.00962503936754711
0.0139251519023744
0.00972818284039523
0.000141598182442859
-0.00722473479103192
0.00185497996989215
-0.0146702608555797
0.00650472679965297
0.00646280366779273
0.000856121550909972
0.0135442973131492
0.000281403870102892
-0.0130783432276986
-0.00498714733542338
0.00973793470605955
-0.00482206765502569
-0.0114008126379027
0.00158569980168521
0.0126654859240578
0.00213190730341228
-0.0160261660466269
0.00634192878388262
0.0154683758235463
-0.000423117054355049
0.0141103422840267
0.00306098498423601
-0.0108197814298673
-0.00532881798706519
0.00592130269279556
-0.00882967088520459
-0.0154129522707444
-0.0112020541951194
0.011183805698876
-0.00416548387681059
0.00865423312695146
-0.00400397540397546
0.00574301491046625
0.00927900031638806
-0.00367744004288983
0.0079499997742758
0.00253521126760581
0.000421452655240184
-0.00491501200554711
0.00846737216388127
-0.00167930313013298
-0.00266321854012996
-0.00196767387300989
-0.0166173773660787
0.00572821120640965
0.0236365645605912
0.0272638618342449
-0.000812417083613126
-0.0093509010794024
-0.00123113546460019
0.00725926565513579
0.00271956754528735
-0.00800103086522996
0.00751872843421109
0.0115333247571232
0.00013407108783059
-0.00442589872387067
0.00552331918941196
0.00817257513628844
-0.00265776744186041
-0.00546307772965715
0.00120584138807378
0.00374680836022456
-0.00386616440831455
0.0131155779829286
0.00594458411933618
0.000131346024127454
-0.00170699833471644
-0.00618178358781785
-0.0101905375910676
0.00962696871738244
0.00185405901591684
-0.0145406341165728
-0.00402418494872503
0.002020228956229
0.0094085481341788
-0.0110519443688932
0.0131951398893957
0.00544855813953493
0.0029076525028997
0.0181866770500794
0.00310636802727493
0.00116123870967733
-0.00451086503471398
0.00116525119537148
-0.00581928085298622
0.010665973361055
-0.00180178900135608
0.00838062167046472
0.00242939524906527
-0.00880105844895263
-0.000257328532458079
0.0122280470529528
-0.0300101733215943
0.00235972735133361
0.00640855357583781
-0.00350873308026234
-0.0089984611371936
-0.00157908939542284
-0.0239884002640673
0.00931796045977196
0.0219427220214805
0.0102121894558336
0.00103672882132044
0.00608494319225628
0.0122250033744049
-0.00940765271255251
0.00539011820816526
-0.00370172344660313
-0.00102500956982676
0.000384750540146861
-0.0132051153846154
-0.015590541566967
0.00963445993009593
0.00326797385620914
0.00664497719869717
-0.00996639891363194
0.00169963398351758
0.00756974650601361
0.000129559590526851
-0.000777062566727826
0.00661052478002522
0.0112026133812715
-0.0109512417031865
-0.0137762331344466
0.00509138394494468
0.00922196413097698
-0.000900900935684623
-0.000386435671252183
-0.00335054132346757
-0.0298680775726959
-0.0334533124543958
-0.0739105518716445
-0.0284396052150324
0.042452061302682
0.030138240082545
0.000998986727558382
-0.00427720279836341
-0.0263458777975875
0.0136764705882353
0.007253735673872
-0.0165634595995967
0.0332455189403269
-0.0124734934454928
0.0033013349591311
0.00185975674221006
-0.000142824505823591
0.0109969156382568
0
-0.0193530580681868
-0.0329876269947459
0.0187695822480076
-0.0153531658919897
0.00222753205984749
-0.00548221975054741
0.0287544683214631
-0.0275163058284009
0.00148917344782795
0.0135316579925651
0.000733494675264401
-0.01202169787453
0.020626205974569
-0.0062518320187821
0.00950990517951444
0.00173917391304346
-0.00925925885738166
0.00467289699154949
-0.00523257244625408
-0.0111046460811033
0.0261524379432623
-0.00489555096741034
-0.0111417304132292
0.0179983036580804
-0.0434094724737673
0.0232906826465507
0.0157121884203286
-0.003903368625224
0.000435384602746502
0.0364137820977803
-0.00587912917471645
-0.00887071285007235
0.0127859356838462
0.00617200159668951
0.00613404407636797
0.0153803662291911
0.0230622546815262
-0.0124049618193282
0.0105348323806747
0.0017374632451217
-0.0133422286861465
-0.00973622757550618
0.0106513582964076
-0.000405337105652381
0.0240605424144145
-0.00475184781542115
0.00318298400045136
-0.00581705454543968
-0.00132977398921963
-0.00133153132707142
0.00720001333333342
-0.00794279841219481
0.00106745393468222
-0.0109304189921523
-0.0192722379759664
0.0379277465134429
-0.0121805641755669
-0.0038868917854592
-0.0247577637244348
-0.00482900090387683
-0.0280049366978347
-0.00114109255254458
0.0378409401376687
0.0188497936158503
-0.0280891548377116
-0.0265388769412411
0.0155581506011462
0.012508769852178
0.0147140059034701
-0.00191517105103067
-0.000822327313902416
0.00932784610897541
-0.0101929869477307
-0.0101607301891876
-0.0208073253326301
0.00141671632903906
-0.0237657370557156
-0.0265179241698905
-0.0186067281929145
-0.00060671924768696
0.00637424505045137
-0.0235258339172321
0.0152895444015444
-0.0298144061397752
0.00235185014662664
-0.0391052713905834
-0.0393944652449942
0.0238942560208186
-0.0269777731538489
0.018030225922262
-0.00066828740746161
-0.000668801192629909
0.0386481847080475
-0.013369877146589
-0.032816293877551
0.00371365618792519
0.0147998825227023
-0.00530328140536962
-0.0383205431522826
0.00467777192172947
-0.0187963435490138
-0.042179295529726
0.0431192293577982
0.024626245369437
0.0233476566523605
-0.00889110872519527
0.00507784342999851
0.0255978608016527
-0.0190476184220816
-0.0170740034457982
0.0136239609396465
0.0120968077956989
-0.0142762445459413
0.0525429260265591
0.0116799999999999
0.0189783330697455
0.0190905478814216
0.00350281733153723
-0.0292912434252731
-0.00500312703256922
-0.000628551235520969
0.0331761173954754
-0.00395681028697015
-0.00687543194234208
-0.00476919999999992
0.00726545038598081
0.0135051710555452
0.00136274982794138
-0.000302374125315752
-0.00726068662440338
-0.00624708241263527
-0.00245328116446986
-0.00138329238805079
0.00784980748268738
-0.00473434614839574
0.0104342492077412
-0.00258159461143781
-0.0170524056029234
0.00960350091708517
-0.0331389996931575
0.00380828308473502
0.0098008697376184
0.0200376170939633
0.0375997061019211
0.00547259273077061
-0.00588409800452649
0.0105060517754942
0.0519841111145978
0.00570718294583417
-0.00650520415224909
0.00808027316913162
-0.00953569638563145
0.0111623136922647
-0.00275981781758206
-0.00913236512241733
-0.00740118688170388
0.0109735365511106
-0.0219872248540602
-0.0135173166408271
-0.00490413948062474
0.000434831147552828
-0.00434650844739981
0.0227007854671015
-0.0122367816197606
0.00057621724506518
-0.0142527787827926
0.00759452303790686
-0.000869662295105322
0.0377194109966632
-0.00740946466390979
0.0123943239436619
-0.00779072097067579
0.0183678771733036
0.0196888483968958
-0.00391575759966922
0.00637116740021004
-0.00188577591287109
-0.00107963565667024
0.00445826821635764
-0.0273032690599401
0.0136891316371681
-0.00954845204060706
0.000964040752457818
-0.0111447028068246
-0.0123834696375343
-0.0043674977021344
-0.0175463143496906
0.00432094195592669
-0.00645352044513736
0
0.00303116343867149
0.000575636798838319
-0.00201351937312699
0.0309843209538021
-0.0844283046627299
-0.0584733129770992
0.0308091788814393
0.0267421267893662
0.0151678419718633
-0.0155448078616116
-0.0257550808329718
-0.00125881984671627
0.000787757983492066
0.0159004880352644
0.00774833422824006
0.0193757038194018
-0.00633576698844829
0.01381502897457
0.00359386049107302
0.00596838283952783
-0.00459799776321579
-0.00953658158938187
0.00391156907008328
0.00524500201206335
0.000447212270506592
0.0144538963723155
0.00587545517404653
-0.0108061473069736
-0.00221437857143136
-0.0073975444531762
-0.0131166649644755
0.0120828124465007
-0.00343236820079484
0.0353399226615743
0.000867775540465354
-0.000144436422446548
-0.0119959672786252
0.00394961960284368
-0.0116566375487385
0.00751870831435331
-0.00234117660761923
0.00205338809034883
-0.000585494730679037
0.00424723204814326
0.00087497447863516
0.000582850091046971
-0.00422311065161241
0.00658094500940076
0.00755478693724299
0.00778660440624668
0.0133066391945433
-0.00324772663089512
-0.00254982306557994
0.00340857813330042
-0.0111818963572005
-0.00243342395600576
0.00200889648417557
-0.0126021047514792
0.0111675711893069
-0.0134825299271008
-0.00465251533370925
0.0134384752182075
-0.0147015861070159
0.00219428024876711
0.00175149608082048
0.00772267263832171
0.00347018487737505
-0.00129688757069502
-0.026691661425239
0.00133418323946333
0.000592050306792657
-0.0131676143315648
0.0193403456974668
0.0023533461495322
0.024651503311768
0.0296434188846222
0.0019471348554343
-0.00124936144850984
0.00166786664355234
-0.0138753989177189
0.000562839454059327
-0.0182815775800651
0.0111731560284531
-0.00453320609339591
0.00967696070913449
0.0025369979931078
-0.00210873058240124
0
0
-0.00929843578620315
0.0162115898748578
0.0131542543122622
0
0.000276187837674469
0.00414254361067501
-0.00962601746938907
0.00499861170502403
-0.0041447224707678
0.0266370414362642
-0.000270229729729787
0.0428494035070532
0.0177575497664926
0.0173204285782129
0.0368052467503222
0.00181116879980681
-0.0232614195099261
0.00567619686974097
0
0.00478526380368094
0.000244291125220286
0.00134285184505667
0.0015850402920643
-0.0189897256484547
0.00682470563716131
0.012447658521662
0.0398051846669463
-0.0106531962222711
0.0105312978220022
0.0114753510193126
0.0339199016179637
0.00515058795544943
-0.00445576488099919
-0.00626614055277586
0.00213942128452715
-0.0056179775280899
0.0176270960451976
-0.0177659231127231
0.0023739430519325
0.0166911473258406
-0.000776483621154123
-0.00421852788147137
-0.00189518400987232
0.0034624930577738
-0.00701243352682257
-0.00650153577515444
0.00473886961769843
0.00662544615523486
0.00948236289025384
-0.0043098685890125
-0.00288570483653061
-0.00901599550382881
0.00269569810957759
0.0084014789425837
-0.00255494343106899
0.00445485015642233
-0.022618915120991
-0.0471923301828172
-0.00559591631374956
-0.00191566098834994
-0.0082773871367875
0.00991895512081653
0.00694696387464266
-0.001427417628167
-0.00321616449849293
-0.00633362810707461
-0.00228506308394316
0.00421888867187659
-0.00588162299559769
0.0190775416566047
0.00177726299106018
-0.00224721458614263
-0.00426743712343003
0.0179762142857143
-0.00163722367823127
0.0106594350242672
0.0150672579400468
0.0123316051077507
-0.0148884270296221
-0.00160291969786674
0.0098623971282934
-0.00635927790959057
0.00217145142857156
-0.00729842610791598
0.00551402623156716
-0.00205644924090542
0.0235833548616682
-0.0119674304007413
0.00418839729175446
-0.0112726864082142
0.00775282188750226
0.00599614216535982
0.00539815576694003
-0.00111855702195618
0.00571103004330231
-0.0010020821957929
-0.00211772177755543
0.00513793147702368
-0.0145571511180609
-0.00744252368064957
-0.0192001256259985
0.00278000688567115
0.00196370567171078
-0.0114133966200921
-0.00793002915451901
0.0131656518161516
-0.000812147562080479
0.0124245118755977
-0.00699621500180736
-0.00415801561196538
0.000695871019533056
-0.00614277939432994
0.00758019825072886
-0.00358803232435112
-0.00662096673810963
0.0130963755763462
-0.0100415744464633
-0.00862770229547749
0.0163471600181955
-0.00763707492795829
0.00291511187231541
0.01674218075242
-0.00102911381460657
0.0231226645704823
0.0134258787231778
0.0121439387912579
-0.00174523342059341
-0.0166083593730887
0.00144441111111115
-0.0056584269053066
0.00658330707710419
0.00365815323864505
-0.000110470509051552
0.00441843592641589
-0.00153963488397668
0.00022025553232452
-0.00550600166294468
-0.00719736479232336
0.0054650677909851
0.00499163605121167
-0.053421590583258
0.0114271918976867
0.00230578746381815
0.00851159400709478
0.0104926779197079
-0.00214440185427545
-0.00147047838613379
0.00464434758319388
-0.00665242966168844
-0.00749144171376703
0.0178407818426169
-0.00550559550561802
0.00248560609003268
-0.0125098609542479
0.0180323435962448
0.00997756760014235
0.0184260636441809
0.00174391280653952
0.0089217600295175
0.00679389603815705
0.00567692795975883
0.00702954528735278
0.00793231069490297
-0.006925540180728
-0.00264158920796265
-0.000529748919692263
-0.00349792255662174
0.00202100836036578
0.0129511787564072
0.0129952423599924
0.00351744243668772
0.00216493814432983
0.0121386689860989
0.00599658507974965
-0.0145484133800238
0.0060487594212757
0.00428009796025974
-0.00659564667897583
0.000817170565532654
0.00214328427811949
-0.000814757086979312
-0.000815431650031173
-0.0067325921323329
-0.0838040849192538
-0.0191682436853294
0.00388566857142858
0.000683128446408388
0.002844141004684
-0.00283607480803005
-0.00273035261136856
-0.00456310725242492
0.00286500108033461
0.0068563476892618
0
-0.00147540572607641
0.0114798245687717
-0.00786601883056559
0.00566315544610774
0.0050681044591947
-0.0228597158865916
-0.000573337175688193
0.0170969244498698
0.000564113273512135
0.00890744144982647
-0.022910180277933
0.00571886080292816
-0.000682326850904191
0.013542676219096
0.00168426906993657
0.00605314433419069
-0.000222807799442948
-0.00858134374519082
-0.00472120059263936
-0.00259772981028106
0.00215153441629568
0.00519772881355918
-0.0275404342124599
0.000924679206457446
0.00288716955247348
0.0186550331024888
0.0177481349508042
0.00599801184047544
-0.0253947554377828
-0.00521127241003538
0.00170824511350065
0.00659392913362811
0.000451784499076124
0.0124181302231177
0.0129348349687779
-0.0046234920573972
-0.0113912743063764
0.00536977296531793
0.0201401684608824
0.0027268760907504
0
0.00620036984662242
-0.0011892
-0.00790123398529319
0.0142919151520002
0.00322680431077993
-0.00664731446276345
0.00669179694135358
0.00493198257527538
-0.00405425144390525
-0.00385645428722992
