0.0425399763071621
0.0099009294988941
0.0273322043969104
-0.0159052333195355
0.0135175731271693
0.0115974768572065
0.00716537710419529
-0.00085367105445866
-0.00227861001769836
-0.00228369975117604
-0.0463519013919341
0.0213020989317672
-0.0070505873369392
0.0207100893701211
0.00637684057971022
0.00230408979538899
0.00172419545184455
0.000573723448831887
-0.00774082546614618
0.00780121329670003
-0.00143345752771051
0.0226815088899506
-0.00393034822937544
0.00281854565952666
0.00252939839632393
0.00756941449786463
0.00500834738476197
-0.00609072552853618
0.00278545945484909
0.00861113888888898
-0.00798680782189998
-0.000277679067184899
0.00888653201258149
-0.00385364691144252
0.0121581103110835
0.0038219764176366
-0.0114224095730215
-0.0112792028214141
-0.0161379525914845
-0.022058794625034
0.00578360290436053
-0.00201265100668901
0.0334197647196703
0.0303875113015755
0.00892862578270082
0.00938584045626611
0.0098299418126977
0.000789344950767878
0.00972657703137281
-0.000260296797708781
-0.000260494778099196
-0.00781450919027116
-0.0060383040168025
-0.0116218433274737
-0.0173703376467309
0.00598319282023363
0.0232494175047626
-0.0105679530022696
-0.0045394391311232
0.00697430276218625
0.00239744266389352
0.00398612798336084
0.0100582586039772
-0.00550311844863727
-0.00527011843820502
0.00927147019867558
-0.0181101846777001
0.0165730820636194
-0.0170917175149018
-0.00294277680730926
0.0187818889187015
-0.0289702915730764
0.0189856528067711
0.0146393132818738
-0.0120671304319815
0.00770050451407345
0.00131749667147574
-0.00921047368421046
0.0103585386263723
0.0168243686428926
0.014736297828335
0.00815286624203826
0.00833970179428856
0.00776934798148643
-0.0109425270067776
0.00880057832537084
-0.00324020446760243
-0.00375098755934034
-0.00702808734939764
0.000505586438180439
-0.00732695768939085
0.00916266202182081
-0.00655745238045635
-0.00812386413109589
0.00691067315075511
-0.0200813675648196
0.00440990932321439
-0.0183368538652672
-0.00473549090952341
0.0158603745249604
0.00442357533177207
0.00984461190904717
-0.00282198563365821
0.0138924881371876
-0.00405988327835571
0.0119745477707007
-0.00654587093288339
-0.00228079073190046
-0.00736593871897229
-0.00255890467968767
0.00205236018471022
0.0104966715182624
-0.0101343042783304
0.0232915280266188
0.00575285142571302
0.00994782417179363
-0.0125585566964157
-0.000997431471193577
-0.00174735392542813
0.00125028750936296
-0.0104895601775833
0
0.000252448264827176
-0.00807469068698741
-0.0152633422726191
0.0098166109485045
0.00972118188795079
0.00050673928282885
0.00329189651598405
-0.00201913180260316
-0.0042994940743678
-0.00533398540345409
-0.00766085291113383
-0.0187853829442772
0.0388145806762501
-0.0108558694557972
-0.0038285094435937
-0.00512418665447556
0.0115888997378881
0.0193483202481752
0.000749225755513949
-0.00424252558023464
-0.00902258100137454
0.0121395798649577
0.00149930034982493
-0.00174660669927107
0.00574866312165256
-0.00447318566236643
0.00449328496022749
-0.00422470157928911
-0.0137259795358122
0.0113866649797572
-0.00325246426688852
-0.00778114959839371
0.00202383005372697
0.000252411000948971
0.0148914693309306
-0.00124344693467926
-0.00348605577689232
0.00399800099950021
0.00622200099552006
0.0160772198862231
0.00413821790953173
-0.00242419393939397
-0.0133658316711626
0.012069015372858
0.00316381114626441
0.0097039784157209
0.00144163866990965
0.00335892514395386
-0.0043041846006695
-0.00312202216911672
-0.00385449307899277
0.000483700144314314
-0.0161952626588171
0.0100737098261987
0.00486499623291192
-0.00919876520942231
-0.00732956266796969
0.0091065466624034
-0.0139024390243903
0.00717291615137294
0.0272593559120982
0.0160171639484981
-0.00588235294117645
-0.00804733727810658
0.00286325459317593
-0.00737563662563956
0.00743044085737177
-0.00261720206084226
0.000715720453994262
0.000953539905755862
-0.010478756347761
-0.0091456319890646
0.0179743025491523
0.00954428537341934
0.0115811389368674
0.0112149535330597
0.00439006479644344
0.00897170441748996
0.00341990416279292
-0.0174959335376477
0
0.00971318178939962
-0.0109940448923499
-0.00625289485873093
0.00722444651596388
0.00647845889684251
0.0108046206896553
0.011143916053129
-0.00764732360880183
-0.0206255671039339
-0.0273084940362995
-0.0490125636215217
-0.0140105325491487
0.0398376046688658
0.0212298194241094
-0.00453997632210168
0.0112818290926548
-0.0341799659582254
0.0221184817428972
0.00889634527530658
-0.00548138716590552
0.044092978672418
-0.025935299518017
-0.00706880318258252
0.00949221664670641
-0.00681713665215933
0.00591715976331364
0.00988230588235295
-0.000465890049668682
-0.020046642422068
0.00309222162007083
-0.0187336266888132
-0.00845824049158439
-0.0136485014294052
0.00518900407242384
-0.0353981809242871
-0.01732928046232
0.0298235988116287
0.0146059434551986
0.00794241727618727
0.0241319619765585
-0.0156287809569609
0.0175867371174092
0.0182428708593376
-0.00471468669093278
0.00781615329663299
-0.00681553482527686
0.00165650741393786
0.00212605706940439
0.00942956197216227
-0.0023353339560952
-0.00538387159681963
-0.00353028931370714
0.0134624468587623
0.000932206944768144
0.0102444235100252
-0.00299610516239002
0.0106334494051525
-0.0100640894312881
-0.0196395337254974
0.0301673108649541
0.00594834147674073
-0.00113720716085508
-0.00159380699425349
0.0091220528675966
-0.0101695141242938
0.00867582211588624
0.0181077410593027
-0.0168963761671853
-0.0348258924734082
0.0131209465791939
0.00439403309925845
0.0154270780566428
-0.00385483010679499
0.0109264739358068
0.00765593334834502
-0.00134080446927376
-0.00335641090526773
0.00179609335886632
0.000896481418567463
0.0190326466636812
-0.0191166565201782
-0.0188172047226077
0.0235160507652066
0.0742805677322966
-0.0251245639534883
-0.00915870055040036
0.015047312983663
-0.0410843278042287
-0.0691253769683166
0.0469750630142318
0.0237933146659117
-0.00796812749003983
-0.00245428380187407
0.00201297253439869
-0.00825890643435057
-0.00360117038037355
-0.0149084933363453
0.0174271493366855
-0.0029298400480019
-0.011075994074322
0.00754290285714276
-0.0145191236606568
-0.000460428187394779
-0.0276369658054797
-0.0447654892286715
-0.023555689384791
-0.000761884185833339
0.0157561126178458
-0.0500375268942325
-0.012904950937452
-0.00933828708644602
-0.0250471310248551
-0.00359118774609979
0.0216245633490435
0.00325652663536102
0.00432783326135144
0.0282789919666309
-0.0269774227344159
0.00969033595206814
0.0338576664280279
0.00593086657892927
-0.0451165878039779
-0.0273825503355706
0.0356058515042783
-0.0290511727078893
-0.0595663464177875
0.000291943975011311
0.0175079953311934
-0.0318325503823501
0.0305095693429838
0.0347800794831827
0.0397222222222222
0.00187015762757148
-0.0010666933333332
0.0173518958182566
-0.00629761201003376
-0.003432717281033
0.00344454141788342
0.0211248751287265
-0.0170674950642613
0.0394633012082768
0.0202481154263787
0.024063457601998
-0.0072674178117107
-0.0339189848706685
-0.0224803990906796
0.0297156839866748
-0.00125468011315832
0.0341708802555496
0.00267249757045684
0.00242304337290999
0.0190959878920953
0.011148031309298
0.00821015697372363
0.00442061423918116
0.00231646987799272
-0.00415992604575921
-0.00255279647249962
0.0193113308515589
0.026021455694557
-0.0129032700132754
-0.00180297502373172
0.0282230745490388
-0.0039525690831671
-0.0130070764328245
-0.00312707169979909
-0.0177011199260335
0
-0.00182486313868613
0.00114266458604484
0.0168910747114568
-0.00808080826219548
0.00316820554804709
0.0117301145170261
0.000445953197143911
-0.00557165156165929
-0.00313758411334797
-0.00269781924460433
-0.0072137058788615
0.00794727502390402
0.00405498995393083
-0.0258021539151896
0.0488254974125055
0.0360122741323612
-0.0120813692242476
0.00150180215615103
0.00492716366752344
0.00277128544020466
0.0165816110420576
0.0282308239230447
-0.015456539168458
0.0026854162363148
-0.0216316229577334
0.00947561552008369
-0.0091781186728852
-0.00800002105263153
0.00106109934340193
-0.000635976283060224
0.00763684784974217
0.00821050526315803
-0.000208770102500977
-0.00334168748242081
0.000838160083022732
-0.00146564076489286
0.00503252264693899
0.00146046317546422
-0.000833354166666633
0.00208511263730426
0.0166458589961327
0.00245597620843263
-0.000408350347080311
-0.0206290445389919
-0.00458813337668129
0.00691391158600463
0.00832288788341895
0.00536529107233363
-0.00718394894942642
0.00496179460330359
-0.00205725155200043
0.00144308395972303
0.0181143878915444
-0.0596441783187258
-0.0307459914317778
0.0417035695783687
0.0187393743343138
0.0152591973244147
0.00432363598929375
-0.0155801356207489
0.00312365680966264
-0.00124552631287222
0.0155892742550556
-0.00552601298555011
0.0144062770117306
-0.00649218895329284
-0.00510516632417468
-0.000615804585061497
-0.00780443638949346
-0.00558890487292685
0.0164446499491122
-0.00430069611711259
0.00740438106549512
-0.000204144548795249
0.0120481925250522
-0.0080710450348862
0.00467858014646061
0.0621583329046027
0.0287838739760555
-0.00277934032278415
-0.00575997770345593
-0.0042982434796579
0.00882134025565584
0.0076279069767442
-0.000184601181683841
0.000738633398388311
0.00516704198499807
0.00771062956286706
0
-0.00910912751155268
-0.00808968575270619
0.000926765506454652
-0.00370372222222226
0.000929349459653395
0.0113277812935111
-0.0113844842340155
-0.00260027860326906
0.00316569826507074
0.000742546885883488
-0.0066778148766462
-0.00877678821245165
0.00263750932036522
0.00657645609589519
0.00877358596229216
-0.00758697247248374
-0.0216296844745536
-0.0394510951124244
0.00277775782627931
-0.0172141468695262
0.00785188274016035
0.015381561818187
0.00314774726941769
0.00294169433450908
0.00919049685550433
0.0172447003052763
-0.00266664761904767
-0.00744843377676774
-0.0119300170881275
0.0204479852170589
-0.00496188912359197
-0.0024933065303665
0.0124976355507647
-0.00778579567033799
-0.0124402296650717
0.0187984891007167
-0.00475556400989152
-0.00783639143730896
-0.010980543247929
-0.0194779898714452
0.0214540723083034
0.013613399984963
0.00249426328653612
0.00306220095693766
0.00515168860904414
-0.00132875854214132
-0.00266109099674783
0.000571736219330266
-0.000380952380952482
-0.0161966272865853
-0.0149138095116442
-0.0129767988010853
-0.0159362347423061
-0.0279352620269124
0.00291545189504361
-0.0105896594684385
-0.000839475305793314
-0.00147027932219534
0.034076545349673
0.0254271765663141
-0.0160682801031541
-0.0391128644803574
-0.00440618967687778
-0.0198103894665882
0.0116104283642411
-0.00255045701488754
0.0134242701896441
-0.0172413579217545
0.0177577656072845
0.0111414336766871
0.00145530151581297
0.00602036562260189
-0.017952930622223
-0.00252151712544657
-0.00969039372887315
-0.0333971296914329
0.00528171226412222
0.000437850262696937
-0.000437658633749227
-0.000656698774080589
-0.0100767355935713
0.00752378861526415
0.020865385918414
0.0176419750430292
-0.0139534886670927
0.000857654392316665
-0.0107112253641817
-0.010394088349935
-0.00196936538360259
0.0122779431642634
-0.0136451597853654
-0.00329385148674011
0.00220319458478047
-0.00263800823750227
-0.00154286977171858
-0.0143487199635479
0.00604694261827809
0.0353962615937784
0.00365517108816027
0.00385606255355597
0.00170717025806311
0.000639156383450246
-0.00191611662942059
0.00511941115359615
-0.0025466681355405
0.0151063617021276
-0.00335359470453989
-0.033228139500066
0.00239288661316306
0.00737838509642419
0.0163722971293536
-0.00551085205595592
-0.0121483381137399
-0.00474642954677151
0.00325163660846206
0.0226880514841845
0.00253536858080006
0.00758693345443762
-0.0192428776564969
-0.0567284934256451
0.029165724621298
0.0142793936731107
0.00346554054431625
0.0142456285669921
0.00148965731050632
0.00998720760758154
-0.00547020840459078
-0.00825045483393283
-0.00511949647782639
-0.00321605924562751
0.016347557911484
-0.00550260317460327
0.0357522010746032
0.016848243963355
-0.00929486727440421
0.0116255152279323
-0.00544346796143014
0.000202675848259615
-0.00729631130928265
-0.00918744385463455
0.00453329908372768
-0.00635899487179492
0.00474812148530379
-0.00246556410378318
-0.0125643668911301
0.0212765961884982
-0.0112336399353278
0.000206527576946947
0.00309793486567256
-0.00185299567634345
-0.00804455445544539
-0.0041588895820337
-0.0045938819084127
0.000839123173447698
-0.000209557749100031
0.000628909840064695
-0.00775191703331235
-0.00401188758420845
-0.0040279416590181
-0.0170285227756491
-0.00606318752706803
0.00435721113911924
0.00260310206521064
0.011899588665089
-0.010690613641223
-0.0021612708018155
-0.00324881972054658
0.00977837896566713
-0.00430387337413662
0.000864512643181214
0.0170588854014493
0.00530785585171367
0.0137276035365408
0.0108333333333335
0.0111294517724649
-0.0083570931847311
-0.0187050352022596
-0.0364474639108728
-0.000652152173913012
-0.010659147038087
0.00813540017590153
0.0117775577656514
0.119422313417165
0.0182938763720393
0.00378216709942958
0.00715894848685195
-0.0144032924504919
0.00588348843961839
0.00132075471698112
-0.0169587714339552
-0.00575041233469087
0.0179294393277316
-0.000189356064192459
0.000947130120342532
-0.000567732778198438
0.00889979153759146
-0.00168918922089312
0.00282009781575665
-0.007311567304087
0.0011330877972977
0.00641388441478519
-0.00487343973283738
-0.00678093802976087
0.00417221695429548
0.00151082150121207
0.00396007927512887
-0.00920364353104264
0.0195260473933649
0.018594273309674
-0.00346840093954714
0.00476274042864988
-0.00565172308666273
-0.0218189031569691
-0.0146203941750851
-0.00722847631729118
0.0174362716504364
0.00451981184632078
-0.00449947506561688
0.00508476478662012
-0.00655797276668479
0.0113164654847226
-0.00317042154364833
0.00467726838770322
-0.0121043200725452
0.00414705003104721
0.00244043551717654
-0.00786520569793248
0.00075500188750488
0.00811016597510372
0.00673526647829248
0.00167257012316346
-0.000927717961865748
-0.00167130925427328
-0.0122767861710115
-0.0037664031550434
-0.00567115290468234
0.00665404968266348
-0.00377716706747555
-0.0115639999999999
-0.00134252016383818
0.0124832149030152
-0.000948463563193114
-0.00398707058997794
0.00190625241910491
-0.0355784239806236
0.0122312490083103
-0.0107192163180818
-0.000393932245623896
-0.0106425104200824
-0.00398408358597446
0.00199996000000002
0.002195628830165
0.0105557261612372
-0.0116279065184112
-0.00977072742689034
-0.0239629279097864
0.00598302030156761
-0.00143558250351039
-0.0110905116264225
-0.000623115238915228
0.00124690360030977
-0.0122457451224574
-0.00189115360369829
0.0164210315789473
0.0130489025072267
-0.0038846657125331
-0.0346880534752043
-0.0482670858657682
-0.0160857245793444
-0.00045415530303905
0.00749654702407998
-0.00293116134977045
-0.0214835137611146
-0.00161772590709508
-0.00486108785043782
-0.00744368423151032
-0.00632753720775892
-0.0216981593538605
-0.00216974445515894
-0.0103889830971003
0.00683601090908215
0.00824442249057133
0.00889848442046737
0.0171632177076706
0.0060933211199119
0.00395988819007687
0.00394436213198901
0.0122486480240351
0.00228317356810903
-0.0205011835762559
-0.00720932558139531
0.0112438278576676
-0.0090340286788988
0.00748010770173235
