0.00753424657534252
0.0129163834126444
0.034228187919463
-0.00973393900064901
0.0163826998689385
0.0141843971631206
-0.0171646535282899
0.00452781371280708
0
-0.00257566001287823
-0.00064557779212393
0.00516795865633068
-0.0263496143958869
0.00990099009900991
0.00196078431372548
-0.0117416829745597
0.00594059405940595
0
0.00196850393700787
-0.0183366077275704
0.0140093395597065
-0.0105263157894737
-0.0019946808510638
0.0119920053297802
-0.00329163923633957
0.00198150594451785
0.019116677653263
-0.000646830530401155
0.0148867313915857
-0.0102040816326531
0.00257731958762886
0.0115681233933163
0.00317662007623887
-0.00506649778340706
0.00700190961171221
-0.0202275600505689
0.012258064516129
-0.0223072020395156
-0.000651890482398998
-0.0182648401826484
-0.0192691029900333
-0.00880758807588067
0.0177717019822283
0.00873069173942231
0.0133155792276964
0.0105124835742445
0.0149544863459037
-0.00832799487507996
0.0058139534883721
0.0109184328837508
0.00190597204574328
-0.00507292327203557
-0.0063734862970044
-0.0301475304682489
-0.0138888888888888
-0.00268276324614358
0.031607262945528
0.00456323337679265
-0.0084360804672291
-0.00327225130890041
-0.00853578463558768
-0.00596026490066226
0.00333111259160557
-0.00863213811420993
0.00133958472873408
0.0167224080267558
-0.00131578947368416
0.0237154150197627
-0.00579150579150578
-0.0200647249190937
-0.0138705416116249
-0.00267916945746816
0.00335795836131614
0.0448460508701471
-0.00128122998078151
0.00898011545862731
0.0336935791481248
0.028290221402214
0.00299049060947909
-0.000596302921884173
0.00477326968973735
0.0029690617577196
0.0130255780358544
-0.00876691941747987
0.00471709933473474
0.0058684268856557
0.0105018092474802
-0.00173204387990766
0.00867553448955838
-0.00630739642732825
-0.00346220427005184
0.00984371742906776
-0.0131881873171911
-0.00697263259573688
0.00058513750731426
-0.0157894736842107
-0.00891265597147939
-0.026978417266187
0.0104744300677757
0.0213414634146343
-0.00298501492537306
0.0131735920255336
-0.0100472813238772
0.00835814925373124
-0.0118412085163534
0.00898735716073351
0.00237523752969127
-0.00651652882206932
-0.0208706022659509
-0.0146163215590744
-0.00185414091470959
0.00433430340557295
-0.0129469181841503
0.0062461586508431
0.00434506490719633
0.00432632880098893
-0.00799993846153857
-0.00372220820581814
-0.00747191827346949
-0.00125470514429105
0.00942211055276387
-0.00560049782202865
-0.00187734668335426
-0.0037617554858933
-0.0188797986154815
0.00384862091084037
-0.00830670926517574
0.00257731958762886
0
-0.00192802056555275
0.00257566001287834
0.0256904303147079
-0.0112711333750783
-0.000633312222925841
0.0171102027883396
0.00747669828515263
-0.00927643784786658
-0.064294631710362
-0.00133422281521012
0.0113560454241817
0.0376486129458389
-0.0229153405474221
-0.00586319218241038
0.00851900393184812
0.0103963612735543
0.00836012861736335
0
-0.00318877551020402
0
-0.00575815738963537
-0.0128700128700128
0.00651890482398954
-0.00582901554404147
-0.0130293159609121
0.00528052805280521
-0.00459619172685488
0.00395778364116106
-0.0144546649145861
0
-0.0106666666666667
-0.0188679245283019
0.00618131868131866
-0.00477815699658701
-0.0116598079561042
-0.0145732130464955
0
0.00140845070422535
0.022503516174402
0.0295735900962861
0.00534402137608558
-0.00398671096345515
-0.0106737825216812
-0.00539447066756571
0.0305084745762711
-0.0493421052631579
0.00968858131487904
0.00342700479780667
-0.00273224043715858
-0.0205479452054794
0.00349650349650332
-0.0132404181184669
0.00141242937853114
0.00493653032440067
0.0126315789473683
0
0
0.015939015939016
0.010231923601637
0.00607697501688054
-0.0214765100671142
0.00205761316872421
0.00752908966461341
0.00951086956521729
-0.00201884253028262
-0.00269723533378297
0.00270453008789739
-0.00202292650033709
-0.00472972972972974
-0.012898845892736
0.00137551581843209
0.00274725274725274
-0.0397260273972603
0.00641940085592019
0.0170092133238837
-0.0271777003484319
0.0114613180515759
0.0757790368271956
-0.000658327847267937
0.00461133069828734
-0.00786885245901636
-0.00660938532716471
-0.051230871590153
-0.0245441795231416
-0.0625449317038103
-0.00766871165644167
0.0216383307573416
0.0302571860816943
0.0132158590308371
-0.0123188405797101
-0.0410858400586941
0.00459066564651889
0.0144706778370145
-0.0375375375375375
0.0413416536661466
-0.0097378277153557
-0.0158850226928896
0.00307455803228285
-0.0183908045977011
0.0101483216237315
0.00772797527047908
0.013036809815951
-0.0219530658591977
0.000773993808049545
-0.0108275328692963
-0.00312744331508985
0.00627450980392164
-0.00623538581449723
-0.0360784313725491
-0.00244100895036614
0.029363784665579
0.00871632329635519
0.0243519245875883
0.0283742331288344
0.00671140939597303
0.00962962962962965
0.0308143800440206
-0.00640569395017787
-0.00358166189111753
0
0.00503235082674336
0.0221745350500715
0.0209937018894333
-0.000685400959561377
-0.000685871056241405
-0.0226492793411118
0.0316011235955056
0.0211027910142956
-0.0193333333333333
-0.00135961930659423
0.0211027910142956
0.00800000000000001
0.0185185185185186
0.014935064935065
-0.0140754958413308
0.0019467878001298
-0.00582901554404147
-0.0306188925081432
-0.0309139784946237
0.0013869625520111
-0.00415512465373957
-0.0187760778859528
-0.0233876683203402
0.0261248185776488
0
0.00919377652050923
-0.00560616678346182
0.00493305144467948
0.00420757363253865
0.00768156424581012
0
-0.0124740124740125
0.00701754385964914
0.0195121951219512
-0.0150375939849624
-0.0437196391394865
0.0203193033381714
-0.0135135135135136
-0.026676279740447
0
0.0185185185185186
-0.0312727272727272
-0.00450450450450457
0.015082956259427
0.0156017830609212
-0.0226773957571325
-0.0134730538922155
0.0136570561456753
-0.00374251497005984
0.0293012772351615
-0.00583941605839422
-0.0073421439060205
0.0147928994082842
-0.0145772594752187
-0.0118343195266273
-0.0112275449101795
-0.0333080999242998
-0.00469851213782291
-0.0228166797797011
0.0128824476650564
-0.0294117647058822
0.0180180180180178
-0.0193081255028158
0.0426579163248566
-0.0157356412273801
-0.0127897681854516
-0.0161943319838056
0.0181069958847735
0.0266774454324981
-0.015748031496063
0.024
-0.00781250000000011
0.0110236220472442
0.0101246105919004
-0.0208172706245182
-0.0456692913385827
0.00990099009900991
-0.00245098039215685
-0.0909090909090911
-0.0486486486486486
-0.00662878787878796
0.0104861773117253
-0.0188679245283018
0.033653846153846
0.0176744186046511
0.00548446069469843
-0.0136363636363637
0.00645161290322593
0.0164835164835164
-0.0189189189189188
-0.00918273645546386
0.00741427247451343
0.0045998160073597
-0.00915750915750912
-0.00462107208872464
0.0111420612813371
0.00183654729109262
0.00824931255728689
0.0281818181818183
-0.0344827586206897
0.0155677655677655
0
0.0595130748422001
-0.0161702127659574
0.000865051903114145
0.0423509075194468
0.0315091210613598
-0.0104501607717041
0.00568643379366374
0.0210016155088852
-0.00791139240506344
-0.00318979266347685
0.028
0.000778210116731515
-0.00855365474339032
0.0015686274509803
0.0203602192638999
-0.0207214121258633
-0.0117554858934169
0.0126883425852498
-0.0140955364134691
-0.0142970611596505
-0.00966962127316684
0.0146460537021971
0.0184442662389734
0.00236220472440962
-0.00235663786331508
-0.0188976377952754
0.0064205457463884
0
0.0159489633173844
0.00470957613814771
-0.0140625000000001
0.0134706814580032
-0.00938232994526966
-0.01026045777427
-0.00956937799043056
0.0152979066022545
-0.0301348136399682
-0.00654129190515129
0.00164609053497933
0.0435497124075594
-0.0330708661417323
0.00325732899022801
-0.00974025974025983
-0.021311475409836
-0.02428810720268
0.00858369098712441
-0.00510638297872346
-0.00684345594525237
-0.00775193798449614
0.0286458333333333
-0.0126582278481013
0.00940170940170959
0.0186282811176968
-0.0141313383208646
0.00421585160202365
0.00419815281276237
0.00501672240802664
0.00998336106489184
-0.014003294892916
0.0158730158730158
-0.0238486842105264
-0.00589721988205549
-0.00932203389830522
-0.0153977758768178
0.00347523892267598
-0.00865800865800881
0.0192139737991266
-0.0231362467866324
-0.0105263157894737
0.0115248226950355
0.0122699386503069
0.00952380952380949
0.0171526586620925
-0.0615514333895446
-0.0458221024258761
0.0103578154425614
0.0465983224603914
0.0106856634016028
0.0114537444933922
-0.0209059233449478
-0.000889679715302516
0.0115761353517363
0.0272887323943662
0.0154241645244215
0.0236286919831226
0.0107172300082439
0.00570962479608483
-0.0024330900243309
0.0113821138211381
0.00482315112540199
-0.00159999999999993
-0.00641025641025639
0.0177419354838708
-0.00079239302694134
0.0150674068199843
-0.00468750000000007
0.00313971742543173
0.0148669796557122
-0.00848111025443343
-0.0139968895800933
-0.00157728706624605
0.00631911532385465
0.00706436420722123
0.000779423226812126
0.0373831775700935
-0.0127627627627628
0.0182509505703423
0.00896191187453321
0.0103626943005182
0.00219780219780219
0.00584795321637421
-0.000726744186046457
-0.000727272727272688
0.00582241630276559
0.00217076700434138
-0.00072202166064983
0.00361271676300579
0.00647948164146861
0.0042918454935621
-0.00213675213675213
0.00356887937187733
-0.00640113798008535
-0.00214745884037226
-0.0129124820659972
0.00145348837209291
0.00217706821480412
-0.0325850832729907
0.0404191616766467
-0.018705035971223
0.00513196480938416
-0.00510576221735959
0
-0.00146627565982416
0.00660792951541866
0.0160466812545585
0.0150753768844221
-0.00636492220650631
-0.0163701067615659
0.0101302460202606
0.00429799426934085
-0.00927246790299563
0.00647948164146861
0.0321888412017166
-0.0103950103950105
0.0238095238095237
-0.00683994528043774
-0.028236914600551
-0.0134656272147413
-0.0179597701149425
-0.0146305779078273
0.00519673348181127
-0.0125553914327917
0.000747943156320208
0.0097159940209266
0.0103626943005182
-0.0102564102564103
-0.00740192450037003
-0.0328113348247576
-0.0246723207401697
0.0205533596837943
-0.0534469403563129
-0.00409165302782333
-0.00410846343467552
-0.00577557755775571
-0.0174273858921162
-0.000844594594594628
0.00507185122569753
0.0277544154751892
-0.046644844517185
0.0283261802575108
-0.00250417362270461
0.014225941422594
0.0041254125412542
-0.0131470829909613
0.000832639467110763
-0.00166389351081531
-0.0108333333333334
-0.0117944397641111
-0.00426257459505552
0.0102739726027399
0
0.00338983050847452
-0.0253378378378379
0.00173310225303314
0.0173010380622838
-0.00850340136054417
0.0128644939965694
-0.00169348010160897
0.00339270568278205
0.00760777683854608
0.0109060402684564
-0.0033195020746889
-0.0108243130724396
0
-0.0159932659932661
-0.00684345594525237
0.0103359173126616
-0.0068201193520887
0.00600858369098711
0.00170648464163814
-0.000851788756388361
0.0153452685421995
-0.0184718723761546
-0.00256629597946956
-0.0171526586620926
0.0200698080279231
0.0153977758768178
0.00168491996630182
0.00336417157275015
0.00586756077116513
0
0.00333333333333319
-0.00166112956810627
0.00249584026622296
0.0149377593360995
-0.00735895339329518
-0.00823723228995066
-0.00581395348837199
-0.000835421888053411
0.0125418060200668
0.0165152766308836
-0.00731112916328192
0.011456628477905
-0.00242718446601942
-0.00324412003244123
0.00569568755085448
-0.0113268608414239
0.00409165302782322
-0.00407497962510184
-0.00163666121112938
-0.00327868852459012
0.0189144736842106
0.0726392251815979
-0.0158013544018059
0
0.00152905198776754
-0.00381679389312972
0.00229885057471257
0.0191131498470949
-0.00300075018754697
-0.00376222723852515
-0.0105740181268883
-0.00305343511450373
-0.0183767228177641
0.0210608424336973
-0.0190985485103132
0.00467289719626174
0.00387596899224807
-0.0223938223938224
-0.0134281200631912
-0.0064051240992794
-0.0024174053182916
-0.00807754442649444
0.00977198697068404
0.0161290322580645
0.00317460317460316
0.000791139240506222
-0.00158102766798418
-0.00870942201108482
0
0.00239616613418536
0
0.00239043824701191
0.0206677265500794
0.0124610591900312
0.0184615384615385
-0.0181268882175227
-0.0161538461538462
-0.00156372165754493
-0.0109631949882536
-0.00475059382422804
-0.00477326968973746
0.00159872102318137
-0.00239425379090175
-0.000800000000000023
-0.0128102481985588
0.00648824006488247
-0.00644641418211123
0.00811030008110292
0.0410297666934836
-0.00386398763523943
0.0116369278510473
0.00230061349693256
-0.009946442234124
0.00154559505409591
-0.0185185185185185
0.0015723270440251
-0.0094191522762952
-0.0039619651347067
0
0.00954653937947492
0.0078802206461781
0.0250195465207192
-0.0305110602593439
-0.00236034618410708
0.00236593059936907
0.014162077104642
0.00310318076027927
-0.0208816705336426
0.00315955766192721
0.00944881889763782
0.0234009360374414
0.0022865853658538
0.00532319391634983
-0.000756429652042367
0.0158970476911431
-0.0096870342771983
0.00677200902934549
0.014200298953662
0.000736919675755399
-0.0103092783505155
0.00297619047619047
-0.0089020771513354
0.0112275449101797
0.0103626943005182
0.00146520146520146
-0.00804681784930505
0.00147492625368728
0.00220913107511045
0.0088170462894932
0.00364166059723225
-0.0210449927431059
0.00296515937731656
-0.00591278640059123
0.0104089219330856
0.00515084621044881
0
0.0139092240117129
-0.0180505415162455
0.00735294117647056
0.0138686131386863
-0.0115190784737221
-0.0356882738528769
0.0060422960725075
-0.0127627627627628
0.00912547528517105
-0.00527505651846272
0.00227272727272743
0.0256991685563115
0.00810611643330872
-0.0036549707602338
0.0220102714600146
0.00215362526920315
-0.00214899713467054
0.00358937544867199
0.0100143061516451
0.00779036827195467
0.00281096275474346
0.00840925017519267
-0.00555941626129253
0.00838574423480076
-0.0110880110880111
-0.00140154169586537
-0.00912280701754387
0.0155807365439093
-0.00697350069735003
-0.00491573033707871
-0.0345800988002823
-0.0182748538011696
-0.00446760982874161
-0.00448765893792058
-0.00450788880540953
-0.00150943396226411
0.00302343159486007
0.00301431801055019
0.00601051840721256
-0.0156833457804332
0.00151745068285281
0.0166666666666666
0.000745156482861331
-0.00521221146686524
-0.00449101796407181
0.00526315789473664
0.005983545250561
-0.0126394052044609
0.00828313253012047
0.0104555638536221
-0.0288248337028824
0.0152207001522069
-0.00599700149925042
-0.0196078431372548
0.00384615384615383
0.00306513409961684
0
-0.00305576776165006
0.00919540229885052
-0.00683371298405466
-0.00382262996941907
0.0130468150422103
-0.00681818181818183
0.0114416475972541
0
0
0.00150829562594268
0.00677710843373491
-0.000747943156320097
0.00523952095808378
-0.0104244229337305
-0.00827689992475544
0.0242792109256449
-0.00148148148148142
0.00445103857566753
0.0103397341211227
