0.0143236430472793
0.023361226928849
0.0410562173584972
-0.0219276874173181
0.0115442362389158
0.00909690719644241
-0.0098344209091763
-0.00877336533686468
-0.0085170673260343
-0.0117904836077225
0.00460202845072533
-0.00933152374162738
-0.0323685396877641
0
-0.00973449557522121
0.0234137082499783
-0.0186866754693216
0.00106782347513468
0.00373331555555567
-0.0143463870766275
0.00485167996939162
0.00304009309871578
0.00695311107149221
0.00619691926345611
0.00915002607249593
0.0186573676951132
-0.00650457057530207
-0.003962784218422
-0.00605435035366975
-0.0574312401223677
-0.0408050036927621
0.0103946292513064
0.0139073913542622
-0.00244270946180558
-0.0111132039932191
-0.0792380952380952
0.0016549027720314
-0.0778603088748578
0.02284425429589
-0.0177358667718794
-0.0120374718671985
-0.000451286101083026
0.0720090986909503
0.0364286992449485
0.00650142205401405
0.00484452957520132
0.0120530737656304
0.006550178512303
-0.0167619407762166
0.00701961478099467
-0.00497908793027457
-0.00340268221382489
0.00261090575194012
-0.0572916088658497
-0.0416490216394173
-0.00731702914931387
0.0109447844538753
-0.0340255649149609
-0.0599268742011237
-0.0211678355799434
0.0519512801391997
-0.000472613421550139
0.013947990873475
0.0186523669538905
0.0384527360598017
-0.0191756451217907
-0.00988761797752813
0.0220153876074582
-0.00755052204198348
-0.0563884774309349
0.0203936694519169
0.0232396008189542
0.0263456740028543
0.0351847761713824
-0.0280033781103756
0.0384869136026631
-0.00720033868698988
-0.0145051191445154
-0.00151515148235604
-0.0099718835904643
0.035252924688107
0.000846044857149897
0.0251478867286561
-0.00597808723884097
-0.0149315840951559
0.00357890526315785
-0.00524438872432931
-0.0489245064919657
0.0064301776687441
-0.0312843805085785
0.00659533758027431
-0.00429277018946095
0.026321760835035
-0.00442186601812955
0.0213191876819718
0.0247879745689075
-0.00297048582706383
-0.0131943599406529
-0.00560703052851053
0.00498805020628845
-0.0317220759602935
0.00579456219733809
0.0144027916152716
0.0360419623425505
-0.0212945814885094
0.0204653390980327
0.0263880098456408
-0.0343479645073624
0.0023429179479677
0.00212492558170574
-0.00233250636132309
0.021041488226174
0.00416321806487896
0.00207292694556704
-0.00558543649151844
0.016642375702101
-0.00859418883966012
-0.0160991327946516
0.00860088141811954
0.00353573196606782
-0.0124351917098445
0.0325288338917593
0.0380081089835751
-0.0142941061288427
-0.0158919149781487
-0.00827614032547141
-0.0217789533527589
0.0183104032810986
0.00653859841721705
-0.000608972822126463
-0.0134064594759292
-0.00679427630224427
0.0072553479579045
-0.0100844206626879
0.0116424537065469
-0.0110974311549527
-0.00353279309087262
-0.064859247865292
-0.0205174397859055
0.0188980427549199
-0.0306145027932961
-0.000461041944189944
0.0265220704215392
0.00292071457743037
0.0235215059032594
0.00350183855333408
-0.016139520878496
0.000886743496192777
-0.00132894789240534
-0.0208471501441562
-0.0113250277995457
-0.0126003201557701
-0.020649629728521
-0.00687043370932094
-0.0145514558469206
0.00629385121535098
-0.0211691363964397
-0.0231014751315182
0.00352198742138365
-0.0107796442912922
-0.000506842384866868
-0.0030425710710591
0.00152596642929814
-0.013966454698668
0.00489307211470158
-0.0017939261916966
0.00667517312772348
0.00153024742489793
-0.00585686274509822
0.0448258185239288
-0.00367742084634892
-0.00688971473645972
-0.026015856639845
0.0155176032684405
-0.0202905070285826
0.00946047022601704
-0.0172239361702127
0.0108247940934225
-0.0328914066065426
0.0313735565515423
-0.0155930729957329
0.0163594139890633
0.0102197754271787
0.0419828011638139
0.00485439308605851
-0.0185990570725093
0.00861429956647042
-0.0143972913616397
-0.0321861607374637
0.00997697620874893
-0.0298885764944274
0.00966054855510579
-0.0256011908767102
0.00504243630573242
0.0235014265513978
0.0319917973163981
-0.0522500000000001
-0.00316536533896072
-0.0322836985370811
-0.0240634673229423
-0.0243765487356836
0.0140724009190121
-0.0280374107041231
0.0402098193473193
0.009523809257036
0.0477246657124124
-0.037605881229125
-0.00165110071546526
0.00854468050012924
-0.0265100027329872
-0.0176866091433636
-0.00314378375857183
-0.0215022929615168
-0.0574275693692479
-0.0167857952617839
0.0294025301739655
0.0589680264444707
0.0333526972157774
0.0106650853026919
-0.0297139422223796
0.0114482258571331
0.00933780418788888
-0.0075692743240412
0.0290959870567238
-0.0161954433159482
0.00892857142857117
-0.0268252488938052
-0.0196078152772895
0.0101448695652173
0.0350072329989803
0.00582198502910991
-0.0148841514576667
0.020984889704259
0.00602896650978546
-0.0375918561043819
-0.0141522777156933
0.0103358305865155
-0.0622335624391465
-0.0648484545454545
0.0434219039720705
0.0180123596890571
0.0555216307358644
0.0676300906144562
0.024363860973575
0.0272198467230442
0.00591713418876094
0.0122763177634946
-0.0197069974882771
-0.017267990135773
-0.00839234176783787
0.0211584231378359
0.00569803145045245
-0.0128766411085943
-0.00521787084696734
-0.0191450034318121
-0.0192513893448455
-0.01226826608506
-0.0449903947005243
-0.0384392507768352
0.0111211000901714
-0.0107015460969546
0.0192307397605391
0.0141510621551335
-0.00959308083761157
-0.0149691517464045
-0.0652562555048792
0.00733181360115354
-0.0253164873417722
-0.000649285735366489
-0.0415854762317909
-0.0433898644067796
0.00956771826958591
0.0431730080730082
-0.0423956945624393
0.0295151099618802
-0.0109214679495381
-0.0131124913733609
0.017132867132867
0.0409075627363356
0.00429322971290524
-0.0312397566589938
0.000678920593310206
-0.00915878561736772
-0.0760013377610866
-0.00741011485735454
-0.0742815201835939
-0.128225730976844
-0.00740064720626044
0.0344828534241777
0.00450441421151293
-0.0892376721631243
0.0142787303928473
0.0359223300970872
-0.0215558106841611
-0.0488504812667856
-0.0468278425565034
0.154252509244585
0.0581236155606406
0.0506055341433593
-0.00699876463570348
0
-0.0029022386856451
-0.0253637432583678
0.0520477366873833
0.0279805352798055
0.000788994082840055
-0.0453292059389354
-0.0594549157495837
0.0118524138782963
-0.0190888511535293
-0.0336134881197041
-0.0402746453089244
0.0863138810831605
-0.0368744496543262
-0.0524156767358397
-0.0360750343398252
0.128742508545783
0.109637439892244
-0.0589641035856575
0.0287890758345015
-0.0481481501295534
0.0337224830835487
0.0418235048097031
-0.0590124046567644
-0.0136518765506879
0.0657438552878955
0.034496795231201
0.00196159278148311
-0.0931871929057482
-0.109240112262522
0.0135725164116585
-0.0616929220468676
0.0285422513485092
0.042120961347869
0.0332857330819909
-0.0248503911642891
-0.025011844029644
0.0358180058083253
-0.00420565420560737
0.00985457577919169
-0.0069702137546469
0.0767430474149253
0.0430247718383312
0.00833337500000009
0.0566115265863005
0.040281579976535
-0.00902251879699256
0.0481789814803117
-0.0510314893605317
0.00953470669468759
0.0362675117592561
0.0320816259569814
-0.00459198179413578
-0.016323669268985
0.0645743529788727
0.0240596069129109
0.0198544348065663
-0.0366644711226477
0.0175142466313827
-0.058589806639848
0.00843878310693458
-0.0122036262203626
0.00458873985174724
0.0203795509620361
0.0282369136282055
-0.0378433008089987
-0.0125304211625479
0.00211487479327199
0.027787513190292
-0.00924017827652912
0.0359239711252515
0.00200063354451485
0.0765390707666911
-0.0151467397308649
-0.00408038279722589
-0.00189095493224078
0.0154720555730974
0.0693407649253734
0.011922070715966
0.000287413801362435
0.0287273763652003
-0.0120078187096392
0.0243075459494757
0.0229028133055844
-0.0407337199892096
0.0165917036953964
-0.00470268300400101
-0.00528068371317403
0.066498936392877
0.0206969096513969
0.0207905806157747
-0.0133265778224794
0.0214067267376796
-0.00024955088575096
0.00549041677065132
0.0186150404910639
0.0187621827786992
0.00502269779902664
-0.044978557829605
0.0351358077464288
0.0120365909476026
-0.00880121292099867
0.00072001443340608
0.0328536922577052
-0.0116090085906664
0.00375851538642236
0.0121694359934472
0.0120231213872832
-0.000913867946081948
0.00686025611708208
0.0243015903770518
0.0146341469904279
-0.00218527107453126
0.0190538545773105
-0.0287986251622313
-0.00464702378063786
0.0155624722098711
-0.0144483362521891
-0.0026654375832964
0.0149220037896658
0.0103138248847925
0.016724586952116
-0.00875879066954088
0.00991377112440639
-0.0221937895391849
-0.0261894587516368
0.0284625734751811
0.0313794515445511
0.00253536858080006
0.00252895674333065
-0.00924950599117091
0.00594099287203487
-0.00885884834423112
0.00787399413177292
0.00168914692379341
0.0227656202100679
-0.0243198680956307
0.00316861005492175
0.0132658869965936
-0.00872813816974516
-0.00398329132110498
-0.00568293014872379
-0.0203218238644444
-0.00496974945915618
-0.0134636050697852
-0.00242130750605329
-0.0300088481906442
0.00272982262806698
0.0161070546230919
-0.0401875186383676
0.0220980915516125
0.0434683441845323
-0.0185386703833662
-0.00200000000000011
0.0149187708750835
-0.00702071053002584
-0.0059654443643592
0.0248943976486153
0.0160485140739859
-0.00170753475805907
0.00726963865725883
0.0178306088339926
0.0348279033403982
0.00181378480076155
-0.0329913303760075
0.00436860827959218
-0.0240265125109054
-0.00212221990921513
-0.000850701829009037
0.00808856960408688
-0.00422299399866988
-0.00572521204410503
0.00682448297770288
0.022241029914023
0.0207210949324945
0.0133982953064675
0.021634656315491
-0.0429411568627451
0.0100388852686153
-0.0476673031981197
-0.00532481351810832
0.00278374726373132
-0.0160153740757901
0.0284287531063909
-0.00780753339961038
0.040833666524883
0.014303228735252
-0.0205479456194188
0.00452490753856249
-0.000819021294021338
0.0500000625000012
-0.00585485925625051
0.00883392243490233
-0.00544849203052145
-0.0307180584872225
0.00080744851014436
0.00181516733299047
-0.00624113171899066
0.0200566649097111
-0.0105262764856515
0.00782816138097164
-0.00816570420565044
0.00662654631780213
-0.0135647314269952
0.011728978529242
0.0201879276471701
-0.00254704148614726
-0.00549988214496167
-0.00513533468032124
-0.0238237249121248
0.00122029697865744
-0.0146252691448303
-0.00680268014028784
0.0051888750518887
0.00268430724757374
-0.0405683887856592
-0.00321959647993142
0.00452202852114625
0.0306538036161284
0.0295340669910953
-0.0022222424242424
-0.00688398475164986
-0.0230377374727367
-0.00229542997894117
0.0443421659832217
-0.00480674944922888
0.00281752873450447
0.0118401761252187
0.0456168800324031
0.0140363806138775
0.0091657689705531
-0.00370715470422323
-0.0173023255813953
-0.00719426353653918
0.0474828575034869
-0.00928458037502278
0.00496142980380121
0.0316328219351403
-0.0053172458460562
0.0172844087185391
0.0143632860395866
-0.015541391814885
0.00350817412763282
0.00978851616480547
-0.00709709191621954
0.0062761505181983
0.0121274599423515
-0.00547757636006763
0.00981067159417104
-0.0022157321362104
-0.0107618891226189
0.0134691590398897
0.00579315055023244
-0.0230391499752524
0.0053754466924032
-0.00983097619868922
0.0233408813795506
-0.00255322553191495
0.00392498306911215
-0.0158082605538582
-0.00725392030210992
-0.0245302713987473
0.0212234349919744
-0.0120502623838723
-0.00459605798126217
0
0.00443970867626153
-0.0106082388506322
0.0112580595292719
-0.0123696942922777
0.00697799261009102
-0.0129708602162555
-0.0111610983107309
-0.000364099763335179
-0.0207612456747404
0.0249209782406545
-0.020141552891643
0.0288889074074075
0.016018718214206
-0.0201948623526154
-0.0169951542759871
0.00055183006348769
0.0132352384839987
0.00344706102044734
-0.00524319281787744
-0.00127224645583435
-0.00837122823710235
-0.00844197069399999
-0.00721821223798269
0.0108128637362577
-0.0129103833841685
0.0209267376681614
-0.0270863657958706
0.00357407825432654
0.0131209189548611
0.024791859848138
-0.00252751403732654
0.0211764343891403
0.00336765343380541
-0.000529924032327767
-0.0319901367271072
-0.00474716085448235
-0.00330207313528064
-0.00644214958799383
-0.032975157465728
0.0275861680539049
-0.00745706576169036
-0.00788884267885637
0.00795157137447933
-0.0180316108928771
0.0080337032906217
-0.00853891824404329
0.0162679043062202
-0.00018828625944578
-0.000565059333207829
0.0314737838018511
0.00347155125159881
0.0094683361059118
-0.00234484131213641
0.0113903089605802
-0.000178745087213938
0.00715183264795272
-0.00248540733231295
-0.00462714014285714
-0.00375467548721609
-0.00699926405241813
-0.0128321520754689
-0.00384472727654217
0.00753537952582262
-0.0164174024078804
-0.00241092367993045
-0.0048336492873462
0.00635157867273639
0.015964377500731
-0.0042024483829709
-0.0273394862385321
-0.00754568977723802
0.00779317605411189
-0.0135798000754432
-0.00305927348105683
-0.0537015545397306
0.0263477705715445
0.00789893380527107
-0.0109718062113674
0.0126782686212361
0.00293429191968486
-0.005266237565828
0.00549017647058814
-0.00760530436047768
-0.0224012384044261
0.00140703517587948
0.0323163388197512
0.00447209799727788
0.0110336817653891
0.010530327398047
-0.0212201406066719
0.000580700735578921
-0.0355968472740733
-0.00341019070853321
0.0154992149758455
-0.0178394842846485
-0.00464175589589821
0.013787510137875
-0.0226000200000001
-0.00777567030439275
0.0197978750341155
0.0109201413362963
0.00440081998796482
-0.00836482789015802
-0.0162683467309028
0.0406288485095958
-0.0149107707492492
-0.0539732932478251
-0.00189473684210528
0.00801520776207543
0.0292947890919693
0.027444643778098
0.00277006326137585
0.00434100236779789
0.012180706790542
0.012422360248447
-0.00249235046012275
-0.0246011728733648
0.0364531625615763
-0.0173003618745384
-0.013348791126887
-0.00235292156862743
0.0229952432587412
0.00787704145777224
0.0133435191258771
0.00771256583897673
0
0.015307056188165
0.00735432997525876
-0.00620551184147622
0.00789715320666384
0.0163993801676496
-0.00340622092875964
0.0185284943335131
-0.00282585663768731
0.00194829971569788
0.00282835425136985
-0.0241494623655913
-0.0272760652587416
-0.00594241433398013
-0.00859329364082362
-0.00979839834181273
0.0039961751474058
-0.0104245455051003
0.00383070300384403
-0.00171722953634801
-0.02618499617737
-0.00667320889748368
-0.00493973513258772
0.0113184866696092
0.000785411348910303
0.0376691772087663
0.00850824368516245
0.00243721409823783
0.00355337565824976
-0.0132314386880357
0.00509915004534189
0.0148439869439312
0.00277730060275116
0.00867800960118181
0.00402703635315693
0.0271650328957169
0.00230743698970537
-0.0044271293708672
0.0053361614134444
-0.00760792639773533
0.00695311107149221
0.0070821706798867
-0.011954992757472
-0.00177941277972582
0.000178306601722023
-0.000356460517617729
-0.0183633267962204
-0.0065383217119811
0.0146252099702886
-0.00504502702702692
0.00597605929054579
-0.00234025206733124
-0.000180404192724803
0.00776033207002369
0.00626789040114617
0.00195764374368479
0.00710483138729723
-0.00899474410944012
-0.0021355935599856
-0.00089174246477608
0.00642629418064966
0.000532085836607132
0.00106365892572247
