-0.0219391365888182
0.012301013024602
0.0157255182273053
-0.00351864883884589
0.00211864406779649
0.010570824524313
0.00557880055788007
0.00277392510402219
-0.00345781466113426
0.000693962526023606
0.013869625520111
-0.00615595075239395
-0.00275292498279411
0.0069013112491374
0.00822481151473609
0.00747790618626776
0.00404858299595134
-0.00201612903225812
0.00134680134680121
-0.00470746469401473
-0.00135135135135145
0.00338294993234101
-0.00134861766689143
-0.00675219446320052
0.00815771583956493
-0.00269723533378297
0.00405679513184598
0.00336700336700346
-0.00134228187919461
-0.00672043010752699
-0.00676589986468201
0
0.0061307901907357
-0.00338524035206489
0.013586956521739
-0.00201072386058976
0
-0.0208193418401612
0.00823045267489708
-0.00884353741496591
-0.00549073438572412
0.00138026224982735
0.022053756030324
0.00606877950101148
0.0160857908847185
0
0.00923482849604218
-0.00457516339869279
0.00131319763624416
0.00918032786885248
-0.00714749837556861
-0.00654450261780104
-0.00197628458498023
-0.0237623762376239
-0.0162271805273833
0.00962199312714773
0.0136147038801906
-0.0201477501678979
-0.00205620287868402
-0.00412087912087911
-0.00689655172413794
-0.0159722222222223
0.00776287932251241
-0.011204481792717
0.0021246458923514
0.0409893992932862
-0.0108621860149355
0.00205902539464642
-0.0150684931506848
-0.0271210013908206
0.0135811293781272
-0.00775740479548659
0.0191897654584221
0.0174337517433751
-0.0116518163125429
0.0110957004160888
0.00891632373113871
-0.00203942895989129
0.00408719346049047
-0.00474898236092269
0.0190865712338104
0
0.00468227424749168
-0.011318242343542
0.00269360269360286
0.00537273337810618
0.00267201068804268
0.00599600266488998
-0.00397350993377488
0.0019946808510638
0.00398142003981428
0.00396563119629856
0.000658327847267826
-0.00789473684210518
0
0.00331564986737409
0.00330469266358224
-0.0164690382081687
-0.00334896182183519
0.021505376344086
-0.00789473684210518
0.00729442970822269
0.00526662277814349
0.00523903077930576
-0.0110749185667752
0.0111989459815547
-0.00781758957654721
-0.00196979645436646
-0.00921052631578945
0
0.00199203187250996
0.0119284294234592
-0.00458415193189265
-0.0072368421052631
0.00596421471172959
-0.00263504611330689
-0.000660501981505912
-0.000660938532716537
-0.00595238095238093
0.00266134397870932
0.00530856005308555
-0.00396039603960396
0.00662690523525522
0.00263331138907175
-0.0124753775443205
0.0179521276595747
0
0.00130633572828209
-0.00717547292889753
-0.004599211563732
-0.00462046204620459
0.01657824933687
-0.00978473581213313
-0.00461133069828723
-0.00794176042356054
0.0113408939292863
-0.00593667546174137
0.0112806901128069
-0.00459317585301844
0.0105471324983519
0
-0.00130463144161774
0.0039190071848465
0.00260247234873145
-0.0110317975340688
0.00918635170603688
0.0123537061118335
-0.00256904303147087
-0.00515132002575658
-0.00194174757281551
-0.00453955901426717
0.0104234527687297
0.00322372662798198
0
-0.00192802056555275
0.00193174500965876
0.0141388174807198
-0.00506970849176169
0.0121019108280256
-0.00125865324103214
0.00378071833648397
0.00878844946641566
0
-0.00186677037958927
-0.000623441357640919
0.00623817802631477
-0.00991934345439205
0.0100187226048842
-0.00247978936638504
0.0124301429459293
0.00736642066504478
-0.00914076782449713
0.00799501845018447
0.012202624295462
-0.0192887281494877
-0.00368783036263054
0.0129550285598414
-0.00974421437271622
-0.00615006150061514
-0.00742568069306926
-0.00748135863582555
0.00816576633165833
0.00623059228851042
0.00557275541795654
-0.0018473522167487
0.00925367114458187
0.00183361846982777
-0.0128126304339615
0.00927070457354739
-0.0085731169626454
0.0129709071667137
-0.00975609756097562
-0.00554187192118227
0.000619195046439813
-0.00123768564356441
-0.00619566333306465
0.0062342888881366
0.00805458538132497
-0.00245851259987706
0.0049290819470118
0.00245254460162747
0.00305810397553508
-0.00365853658536575
0.0110159118727049
-0.0102905569007263
-0.0140672171253824
0.00806445359401664
0.0135384000000001
0.00182155445182475
0.00424242424242416
-0.011466566083283
-0.0225884629174886
-0.0149906308557153
-0.0526315789473685
-0.0160642570281124
0.0258503401360546
0.0225464190981433
0.00324254215304798
0.00193923723335487
-0.0387096774193548
0.0127516778523489
0.00795228628230626
-0.00920447074293229
0.0272063702720637
-0.00452196382428938
0.00843608046722899
-0.00321750321750314
0.00064557779212393
0.0129032258064516
0.00573248407643301
-0.0196326789107029
-0.0167958656330749
0.0170827858081473
-0.00775193798449614
0.00651041666666674
0.00582147477360939
0.00836012861736335
-0.0140306122448979
0.00452781371280708
0.0128783000643915
-0.00953591862682779
-0.0109114249037228
0.0214146658014276
-0.00127064803049548
0.0101781170483461
0.00944590680100732
-0.0155958193639538
0.00823827629911289
-0.00377121307353867
-0.028391167192429
0.0123376623376623
0.00898011545862731
0.0114431023521933
0.0125707730986802
-0.0130354430145597
0.0157232704402515
0.0179567182662539
0.00243302904908593
0.00303404126213591
0.0163338163137439
-0.0220237513109376
-0.029214850882532
0.0206897178683385
-0.00368562630923652
0
0.0129470414887201
0.0219111990261716
-0.00476485975194407
0.00418922825788304
-0.00297979720025032
-0.0131500298864315
-0.0133251968503938
0.0153468376091568
0.00120906885072136
0.00362330939754263
-0.011432069107577
0.0103469263542302
-0.00120481927710858
0.00361875753920393
0.00240390639446564
0.00119910071942453
0.00299395191652985
0.0059701492537314
-0.0118694362017806
-0.0108108708708707
0.0212508209624056
-0.0196195005945304
-0.0151607034566403
-0.00369458128078815
0.00309023485784921
-0.0147874306839186
0
0.0206378986866791
0.0128677083333333
-0.0163339978019358
-0.0221402214022141
0.00754716981132075
0.00998751560549316
0.00865265760197786
0.00183823529411775
-0.000611620795107126
0.0110159118727049
-0.0102905569007263
-0.0122324159021409
-0.0235294117647058
-0.000634115409004377
-0.00951776649746194
-0.0230621396540679
-0.0196721311475411
0.00267558528428102
0.00200133422281512
-0.0352862849533955
0.0220841959972395
-0.0222822417285617
-0.00138121546961323
-0.00138312586445377
-0.00761772853185594
-0.0272156315422192
-0.0215208034433285
0.0344574780058651
0.00141743444365705
-0.00636942675159247
0.0235042735042734
-0.0027835768963117
-0.0181437543614794
0.00710732054015639
0.0112914608327452
-0.005582693649686
0.00771929824561401
0.0125348189415042
-0.0233837689133425
-0.0246478873239436
0.0368231046931409
0.0327298050139275
-0.0101146325016858
-0.0122615803814714
0.0117241379310344
0.0129516019086571
-0.0107671601615074
-0.00952380952380949
0.0151098901098901
0.00879566982408675
-0.0201207243460765
0.0355920602327173
0.0105750165234633
0.0156965336821453
0.00515132002575669
0.00128122998078162
-0.00959692898272557
-0.00452196382428938
0.0201168072680078
0.0139949109414756
-0.00250941028858209
-0.00125786163522013
-0.00251889168765751
0.00631313131313127
0.00501882057716441
0.00686635455680418
0.00247991335895303
-0.012987012987013
-0.00626566416040109
-0.000630517023959665
0.00441640378548902
0.010678391959799
-0.00994406463642017
0.0125548650345262
-0.00495970272533819
-0.0255451106258635
0.00511508951406658
-0.0260814249363868
0.00457217504898755
0.00520156046814035
0.0122897800776196
0.0242812140575079
0.00623817802631477
-0.00371971504771951
0.00746739265712493
0.00988258123022989
0.00795107033639142
-0.0370145631067962
0.0138626339004411
-0.00310745804847734
0.00685779258991315
-0.0210526315789472
-0.0177103099304239
-0.00193174500965865
0.00322580645161286
-0.0160771704180064
-0.015686274509804
-0.00398406374501992
0.0026666666666666
0.00598404255319163
0.00528750826173163
0.00197238658777121
0.00262467191601035
-0.0157068062827225
0.0113031914893618
-0.0144641683103222
0.0260173448965977
-0.00715214564369315
0.00982318271119853
-0.00129701686121919
0.014935064935065
0.0134357005758157
-0.0113636363636364
0.01213282247765
0.00189274447949539
0.00566750629722912
0.00187852222917972
-0.015625
0.00888888888888895
-0.0075519194461926
0.00760938490805341
-0.0094398993077407
-0.00254129606099118
-0.0140127388535031
-0.0200258397932817
0.00725115359261697
-0.00916230366492143
0.00198150594451785
0.00988793671720511
0.00718015665796345
0
0.031108230719378
-0.0521684475172848
-0.0822281167108754
0.0209537572254337
0.021939136588818
0.0152354570637119
-0.000682128240109159
-0.0177474402730375
0.0104239054899236
0.00756533700137552
0.0122866894197953
0.0101146325016859
0.0173564753004005
-0.00131233595800517
0.0157687253613665
0.000646830530401044
-0.00969618616677448
0.0045691906005223
-0.00649772579597152
-0.00784826684107254
0.016479894528675
-0.00259403372243838
-0.00325097529258778
-0.00521852576647097
-0.00655737704918036
0.000660066006600735
-0.0118733509234829
-0.00934579439252337
0.0154986522911051
0.00066357000663575
0.0265251989389921
-0.00258397932816545
0.00388601036269431
-0.00645161290322582
0.00324675324675328
-0.00388349514563102
0.00779727095516569
-0.00515796260477108
0.00453661697990926
0.0012903225806451
0.00579896907216493
0.00512491992312625
0.00063734862970044
0
0.0070063694267517
0.00379506641366212
0.00630119722747335
0.0137758922980586
0.00370592935726211
-0.00430769230769235
0.00927070457354739
-0.0128597060624617
0.00992555769692571
-0.000614312001577799
-0.0116779348494161
0.00497512437810954
-0.00990099009900991
-0.00875000000000004
0.00441361916771754
-0.0138104205900815
0
-0.00190961171228521
0.00255102040816335
0.00826972010178118
-0.00252365930599363
-0.0177103099304239
0.00901481004507398
0.0108487555839183
-0.013888888888889
0.0128040973111396
-0.00442477876106195
0.000634920634920544
0.00761421319796951
-0.000629722921914433
-0.00252047889098928
0.00379027163613399
-0.00692259282567664
-0.00253485424588085
-0.0209656925031766
0.00648929266709919
-0.00451321727917475
0.0129533678756477
0.0108695652173914
0.00759013282732446
0.0100439422473322
0.00807949036668743
0.00369926040069402
-0.00245706373113863
0.013546736453202
-0.0164032816769917
0.00308826416996522
0
-0.00554187192118227
0.00495356037151717
0
0.0308071472581639
-0.00478182904961155
0.0504504504504504
0.0257290451686678
0.0189520613739096
0.0164113229534286
-0.00161469321851448
-0.0237195700118367
0.00828266105562347
0.00164299014238756
0.00656090724106573
-0.00217267789244979
0.00816543232632383
0.00269978401727866
-0.0102316101238557
0.00598482078263429
0.0124391022174151
0.0112180027360043
-0.0174326465927099
0.0177419354838708
0.0132065504490226
0.0255474452554745
0.0167768174885612
-0.00350000000000006
-0.0260913196186653
0.00206084492529635
-0.013881798772144
0.00886339937434832
-0.0124030490956073
0.00837252703440461
0.0067462376751426
-0.00257731958762875
0.0036175710594315
-0.00308954685890839
0.00619829513438552
0.000513347022587096
-0.00615695228322222
-0.000516262234575904
-0.00361570229257735
0.0160704501777891
-0.0163264795918369
0.00726135854453558
-0.00772399588053563
0.0119356512714064
0.00769230769230766
-0.0101780661577607
0.0107968631981048
-0.0279755340793489
0.00941915178340391
-0.00829455633517062
-0.0230004193936446
-0.00160518985525993
0.0123257770632368
0.0105876659919357
0.00995290728129894
-0.0124481321344329
-0.0199580346660696
0.00482315112540199
-0.00106666666666666
-0.00907640149492783
0.0172413802392986
-0.00529650451782349
-0.00692231060051596
-0.00965152815013393
0.0140769363333479
0.000533902829684907
0.00640346851654217
0.0132555666354419
0.00261637872232456
0.00626310020876808
-0.00466804955041233
0.00312657617891743
0
0.000519480519480586
-0.000519210799584724
0.00103896103896095
-0.00363253762324856
0.0255208320041234
-0.0223464183673733
0.0051948051948052
-0.00775188630490964
-0.00572921845160324
-0.0125720272393923
0.00371352785145884
0.00105713530655382
0.00211187950834857
-0.00158055848261329
-0.00897097577989581
0.00532470685171971
-0.00317791330391493
-0.00956434643995752
-0.0434548843055196
-0.00336511497476155
0.00619015194147443
0.00894865821860491
-0.0105322056246006
0.0134453781512605
-0.00221122166943066
0.0199446548445792
-0.0114067897881586
-0.00824186767901824
-0.00166199455191107
-0.0166482241953384
0.0118510729035592
-0.00501952035694364
-0.00224220852017942
0.00505618005933606
-0.0111793186796713
-0.0226116437189573
0.0133024283804264
-0.00913236301369857
0.0103686629971969
0.0017103191727299
0.00113830392714842
0.0187606594656056
0.00334821428571419
0.00667408231368194
-0.0143646408839779
-0.0207399663677129
0.00629656590134875
-0.00739470989761082
0.00401140378158149
-0.000570776255707672
-0.00456881781838958
0.00344234079173833
-0.00857632933104624
0.000576701268742985
-0.011527377521614
-0.00349854227405244
0.00643657109420714
-0.00290703471470743
-0.027405247813411
0.00359712230215825
0.00179211469534057
0.00178884913536081
0.00833345287699117
-0.0053129276674776
0
0.00118700296735885
-0.0100770592722548
-0.00778449055182695
0.0193119493059746
-0.00651261139802328
0.00238373048964657
-0.0107016052318669
0.0108173684385438
0.0178359690844232
0.0321261079365593
0.00905489530277293
-0.00224335389792474
-0.00224851027270878
-0.00563380281690151
-0.00169966005665723
0.00113496020800463
-0.00963718875494257
-0.00858609093223195
-0.00635109699769054
0.00058105755845772
0.00406515703049681
0.000578253292177422
0.012716821544325
0.010844691780822
-0.00282320738696817
0.0181200453001134
0.0022246941045605
-0.0127635405105438
0.00393479460737534
-0.00391937268088616
0.000562001092636155
0
0.000561797784370821
-0.00112285239319787
-0.00281062378804819
-0.00676431792559185
0
0.00113496020800463
-0.00736955824090457
0.00856653340948021
0.013590033975085
-0.0229050279329609
0.0108633504859921
-0.0180994909502262
0.00460829466542068
0.0045870983608316
-0.00114155251141546
-0.00342851428571433
0.00860085959857471
-0.0108015918135305
0.00344821839080467
-0.00801827079142436
-0.0190531177829101
-0.0100058858151852
0.0208085612366231
-0.00407687827606296
-0.00292403508771943
-0.02463343252982
0
-0.00300655460051458
0.00723769601930058
0
-0.00179646695829527
0.0113977804439112
-0.00593125706220299
-0.00596658711217191
0.00540216086434575
-0.00298501492537306
0.0089819755100613
-0.0267062314540061
0.00304884146341466
-0.023100363337364
0.0112009956440573
0.0215384615384617
0.0192771084337349
0.00236400709219842
-0.011202771886956
0.00834824090638042
0.00768781785925499
0.00997640786523424
0.00697274880724863
0.00461627236006934
-0.00172320505456625
0.00575379779941287
0.00800921052631565
0.0164585121192673
0.00335002791736461
0.00946021198999492
0.00551273459276369
-0.00548251096491226
-0.0121278396983372
0.0156250558035713
0.00219774713199183
-0.00493421052631582
0.00936639118457316
-0.00218335152838434
0
-0.00382943086272258
