0.00380182374445104
0.0239493585832826
0.0271061913239725
-0.0163464350106769
0.0148324552261567
0.00658727310097906
-0.0036629777871271
0.0197132798501818
-0.0107209144348227
0.0020712756813086
0.0519976598155578
-0.00637529223653965
-0.0841204713459854
-0.00214993632627036
0.00220026117443806
-0.00286040992940095
0.0232137796550429
0.0422670703689745
-0.00544817800997355
0.00603790697674422
0.00423793542659801
-0.00558410109277385
0.000360012335079096
-0.00872443490814867
-0.00239486356505714
-0.00209730993648682
0.00753830293192448
0.0164032175030184
-0.0104650623231063
-0.00569064495289662
-0.00602486692306192
-0.0120013584704011
-0.00806588007389086
0.00879508446783794
-0.00363124089295652
-0.000255215373118345
-0.000440264842407778
-0.0173188684303645
-0.00112055362305374
-0.00922579789053279
-0.0229621420752194
-0.030408707765213
0.0282069924262198
0.0271913914896753
0.00440891125494947
0.0359908565176907
-0.00153997806843698
0.00189092464196361
0.00560102092362924
0.00330392840100835
-0.009818639544389
-0.00734781075493196
0.00162259413904553
-0.0389472538238901
-0.0160534956051985
-0.00962074093041299
0.0124162333185078
-0.0285265878788734
-0.0113882480742059
-0.00207699575139897
-0.00207155586890229
-0.0361312410422484
0.00998744903581272
0.0165935812433933
0.0200791053064795
0.00396930254023342
-0.0111367877816223
0.00372835483702505
-0.0268750123847016
-0.0104649410736928
0.0114527685023673
-0.00518360373281446
0.00351671065334069
0.0242046329309751
-0.00893452803451211
0.0158711115063386
-0.0212330016365997
0.0104947489078957
0.023684818691927
0.00230712733452054
0.0300830992822079
0.0104583950844466
0.0159692533600209
0.00178413725175197
0.0846490706475487
-0.001494248123461
-0.00711216146801452
0.0101112004545394
0.0254715524857636
-0.00768270239294611
-0.00303727693856992
0.00963251462055981
-0.00589882732385794
-0.0131719721890879
0.00508291773181346
-0.012915036683204
0.00083060716642902
-0.0212900854560394
-0.0113676694343003
0.00768538628798443
-0.0242962721920703
0.000578630460650764
-0.00420392532028557
0.0243764975825749
-0.00454433503551332
0.00242289354158398
0.00170459723788574
-0.00970223206969256
-0.0145505081745757
-0.0107052715576978
-0.00453369468238574
0.012896533409293
0.0124540745570905
-0.0124984303569452
0.00942933648773847
0.0211730638802614
-2.53415580852012e-05
0.00613514162492423
-0.00524218913818408
0.00295109612141653
0.00861706599411516
0.00413416211710782
-0.00312109148402728
0.00427995770824596
-0.0153885178744618
0.0032757192702535
0.00238368156915114
0.0156080031516757
0.0067606165699936
0.00981900764528398
0.0163086113377717
-0.00884133133835407
0.00514444258664404
-0.00857017638168556
0.0182742051864357
0.00557738763661697
-0.00326638720542582
0.000657060788621378
-0.0400743843991732
-0.00719410961107314
-0.0152561546261815
-0.00245286837921721
-0.00483322022540777
0.0104775767353003
0.0073188441620724
0.0150483118640581
-0.00261327051120208
-0.00451525126187036
0.00368318528787759
-0.00340582451611027
-0.010525420769549
0.00165580704810386
-0.00601953725270898
-0.0155474438185504
-0.00459029113424336
0.0251658453571402
-0.00193145512731463
-0.00667663943536445
-0.00639259539521819
-0.0119762889529489
-0.000670099194334584
0.0143302248948187
0.00168662228546412
-0.00656554080652894
0.00101343157754763
0.000714645734685382
-0.0107379744313558
0.00892942881149317
-0.013203176015302
-0.00696609833026418
0.00483308784629899
-0.000890961584547045
-0.00496147160123217
-0.0072137048056532
-0.0290735763890211
0.0393958959204119
-0.000885917649782075
-0.00632853492579188
-0.00143463836639102
0.00313637790371346
-0.0245151297847604
0.0081741234822581
0.0152033140222001
0.0246678815029915
3.41807591726084e-05
-0.00332074030943375
0.0132329089229632
0.0279038793895459
0.0262418042763157
-0.0101850956028132
-0.000995774003232697
-0.00406007448944634
-0.0256639093224291
-0.00947043442008721
0.0185569361396407
0.00938679098341244
0.00215674936940657
0.0176013337819105
-0.00248475448440921
0.0350751408337924
0.0523524104732311
0.000436710812554475
-0.0254845922113145
0.00485825643648097
-0.0119962266288952
-0.0100621881764327
-0.00713672581375935
-0.00129907507578797
0.0177286252775333
-0.011273957824238
-0.00037155044885806
-0.026181854360448
-0.0323011544286901
-0.0351707979591795
0.0039945354989035
0.0378770961946806
0.0233354992481032
0.0058945255557501
-0.00853587837918501
-0.0266530221682827
0.0226352770697811
-0.00201147345261965
0.00393431397056654
0.0282272828749248
-0.00287414318261525
0.00863150827927339
0.00207343409440908
-0.00277437241316425
0.0248440696075931
0.00127383298269823
-0.00187808981397819
-0.0178528292867982
0.0100504525338272
-0.0141723233115967
-0.0100546658075787
0.00402825652260796
-0.0221445090578454
-0.0428014899677394
0.000983981007422363
0.0304419160256126
0.00826283582939258
0.0149149201785421
0.00725296331485059
0.000462769250695327
0.0126465213216351
0.00986388023506923
0.00687721829870713
0.0258129590519189
-0.00162556216710952
-0.0252193635687732
0.0123639164231109
0.00699161956115613
0.0295981958283535
-0.00263056178329601
-0.0059890062295429
-0.00719793278502412
0.00887433406229432
0.0364656575347471
-0.00920690062780494
0.000883637602171028
0.0150442882259523
0.0200539862650049
0.00890496141561892
-0.00156075020418922
0.00318112835255158
-0.00470892220948693
-0.00871027106420297
-0.0956962533300848
0.00944973097906909
0.00456345620232512
-0.0117104247320649
-0.0123743425668423
-0.0237950337121942
-0.00637788883775725
0.0156578622243133
0.00481034337113817
-0.00242867313409245
-0.0134293247996922
-0.0190931829212795
0.00449123978573529
-0.000610082279751123
0.00310041528928262
0.0269448089415667
-0.00550491929824559
0.00363797216226591
0.0159365232651139
0.00149180612530442
0.00119003620002633
-0.0068866470852188
0.00888810731270584
-0.0162036310753922
0.00976406792778417
0.0199170762323286
0.00648174410917246
-0.0139382487391397
-0.0213664394885323
-0.00774699779813792
0.00139532421507838
0.00122119078208982
-0.00467542533200738
-8.63935248378578e-05
0.0231272497972934
-0.0101658398003838
-0.0110227455282715
-0.0232008762201208
-0.027847189300558
-0.0115471183220147
-0.0246676479364576
-0.0258997948303943
-0.000598026336303015
0.0111240316448438
-0.0435365544027361
0.020456802720026
-0.0308905231460765
0.00714063167952439
-0.0120329319323892
0.00722264185567423
0.0265989400820978
-0.0180482522030246
0.012396040121514
-0.0610325185056154
-0.000546082233168654
0.0209369550250833
0.0186859954194896
-0.0166655507879542
-0.0165262182392762
0.0190056248368302
-0.0500888496886469
-0.0411107286626249
0.0179605568037859
0.0418445085904016
0.0217569929072885
0.00262501423965178
0.0497821792820277
0.112435624057763
0.0132651520099034
0.0253924200201514
0.00364564011128143
-0.0205911333990393
0.00183846925835307
-0.00063274853440265
-0.00723440035620304
0.00872215776950491
0.0242727167400163
0.00420546855898474
0.00128329683826767
-0.00409049441342602
-0.00483922231371403
-0.00670577084153878
0.00710961034153268
0.00145523611001819
0.0255841258402325
-0.000859176109412219
0.00482754791439488
0.0141577660807963
-0.00305702117008277
-0.00196012505338483
0.00467932268207605
-0.0230283195013119
-0.0100803000259735
-0.00376694463445204
-0.01088227902309
0.0162078471597185
0.00698836591393359
-0.0213131571656822
0.00833229140156355
-0.0138031404757667
-0.00209091716006959
0.0108906827400865
-0.0127686637166869
-0.00184095260477868
-0.00747166253634202
0.0281900823632601
0.0134432434630587
0.0141376311761046
-0.00335979089158334
0.016119806752102
-0.0056081973355705
0.00313570636290073
-0.00740740740740742
-0.00111940298507462
-0.00241313410534183
-0.00098861577076359
0.0148356682986226
-0.0267038162919306
0.0197861767869596
0.00969732422658343
-0.00151097604400985
-0.0750014578596366
-0.00972839065041242
0.00745456757779728
-0.0041436141904222
0.0187562053583579
-0.000756905851957312
0.0117887022942031
-0.00281535192045235
0.00377741658585595
-0.00424626296145736
-0.00841144882847766
-0.0133830681167696
-0.000815813639710838
-0.0094454038947156
0.0154668038971368
0.0107828469367162
-0.000913283117890962
0.00313626257842659
-0.00681071798900235
0.0108120858286458
0.00938967136150226
0.0090774891472869
0.0364059709304168
0.0080794783143634
-0.00380150294117643
-0.0108943634842393
-0.0157976246413036
-0.00260069219621162
-0.00864329498252003
0.00101224447840953
0.0141486804074229
-0.011065892811345
0.0249915762197273
0.000812310375629677
0.0126949304776058
0.022130707691447
-0.113695829068548
-0.0374064355015692
0.0153450109591455
0.0291966236246626
0.00726151939479935
0.0151872866154807
0.00604403925469299
0.01334087010746
0.00404010002974831
0.0248215089895509
0.016224684182121
-0.00414496708422174
-0.00503930321746771
0.00562509234303032
-0.011595854472525
0.0081093361776563
-0.0107055415105439
0.0194649253956292
-0.015027724593053
-0.00382737410881795
-0.00431669421154091
0.00216391754733603
-3.77862327800571e-05
0.00122311852535506
0.0186336501374011
0.00390128646502785
-0.00789035406994842
0.0191470141553054
-0.00813193756875363
0.0398752795231971
-0.00651947447290002
0.00143061209964412
-0.000518817204434807
0.000455112059335017
0.000753373302569971
-0.0062642552630614
0.00678978799361563
0.0131613849704777
0.0111196717663005
-0.00767110841070773
-0.00559358240223462
-0.00106743657657316
-0.00863984284417629
0.00380802081604248
0.00299529501128926
0.00380331024424096
-0.00606227405305559
0.000127020573771564
0.00131287261952351
0.00300298895530182
0.00991670607442874
0.0049062250802685
0.00126034167865652
-0.0220841544107556
0.0157790060268079
-0.014106579504499
0.00948483665719624
0.0194769521768985
0.00194210761334679
-0.0082120404079381
0.000649103601855661
0.010351966873706
0.00127731898907113
-0.00621472915816113
-0.00659682166865627
0.00438100120571883
0.00312354335512133
0.0102535275012501
-0.00101154803203773
0.0103500405055423
0.00154706269160609
0.00574870443985032
-0.0047677020324649
-0.00712540955717722
-0.0031354436143004
-0.0109546180184457
-0.00286497371023042
-0.00846824825267423
-0.00204508357533917
-0.00133367746759006
0.012047401461317
0.00978025683253092
-0.000619324823269096
-0.000612974259917354
0.00300535914441258
0.00491233846942207
-0.0066732891195409
-0.00417926832877624
0.00806545764151623
-0.000400025780503022
-0.00490424160279257
-0.0147716728016359
-0.00500230412438785
-0.00960986526016039
0.0393531650088172
0.0660663851350178
-0.00498691170883603
-0.0101512258469856
-0.00879479288365259
-0.0334079571597762
0.00555332243256079
0.00385991464765834
0.00643284402829702
-0.00366848298761091
0.0111653420028315
0.00737445026294781
-0.00939811490437981
0.000453693978617054
0.00222772979844832
-0.0031473481020261
-0.010912512765331
-0.0159741561618133
-0.00450105689615454
0.0181670128988458
0.00337383045704764
0.0147659479521545
0.0141646613366895
0.0060115684655162
-0.0136073321044857
0.00216683971496345
-0.0075709099438116
-0.0178285196595227
-0.0112709316228855
0.00306541010530559
0.00901381917116661
0.00233650191379597
-0.0162177530534896
0.00328080326700642
0.00485808991928827
-0.00867812311216032
-0.000202590416425341
-0.00952598008061067
0.00785089732807465
0.0065784317191302
0.0110334309850104
0.0112189901906834
0.00596491402704591
0.00366751977261792
0.000560159583129716
0.00161445536075977
0.00469909472944008
-0.00368085624378411
0.00112326881132363
-0.00184190849209964
0.00389208062413648
0.00645949212976293
0.00536335671202615
0.0099083305738179
0.0016594640868568
0.0135826233062113
-0.000380546117869862
-0.0169630427315441
0.000114310564479414
-0.000774509750019914
0.0059018475440813
0.00239996020412048
0.00725809083283768
0.0015575092739839
0.00664506735119441
0.0215159507806044
-0.000200397202565483
-0.00540039042412066
0.00712758382572676
-4.84887455676208e-05
-0.00696229013948169
0.00586293871948795
0.00287795385549483
-0.00876650083406894
-0.00344478883350963
0.000239035437905377
0.0564457291533402
0.00524905255041941
0.000686565136295947
0.000420891160539227
-0.0028182900510858
0.00361227835978228
0.00404848321175888
0.00340125497365196
0.00275516792924102
0.00734221376403577
0.0010638807807728
-0.000576608253250344
0.00339370358707347
-0.000760986603693281
-0.00405615609558629
-0.0103656463043622
0.00277595095891625
-0.0020890724381365
0.00273405428054119
0.0107751454053808
0.00928326805869073
-0.00190103278993026
0.00232480988548467
-0.00515871912182952
-0.00335959656478946
-0.0037260554102676
-0.00317418154790094
0.00666942896440026
-0.00223282565482408
0.00362231955191294
-0.00426242961514578
-0.0103992387188523
-0.00642281469007144
0.0183117747797377
-0.00412283114962786
-6.2443924389699e-05
-0.00136110598156436
-0.00499207107870769
0.0266037207173262
0.000261295327143252
0.00279587407803938
0.0175986076801948
0.00596444793466988
0.0125080401313793
0.00566867874057619
-0.00198348380252822
0.0179135621467352
-0.00353851261231386
0.00013658497976099
0.00379218076015464
-0.0451879175011959
-0.00614321853008082
0.00254747284330215
-0.00240349958211561
0.00881569154424899
-0.0186414400954035
0.000189391270861927
0.00682059865492368
0.011137663789351
-0.000262578066552832
0.0113789564599267
0.00632326020058671
0.00186514402545779
-0.00346052519821205
0.0105736442532012
0.00731450290007052
0.00271840531980505
-0.00231017800486133
-0.000909277450601209
0.000269866553103348
0.00106328920016519
-0.0265591529540601
-0.0158133048221976
0.0168396020763468
-0.00646048584815473
-0.0122351560558893
-0.0036424752257801
0.0271772548735771
-0.000518449455845116
0.00926166832072961
-0.00259665213499294
0.00609253953235123
0.00109905508682129
-0.0096410918744988
0.0171989565451365
-0.00699391669325777
-0.0034469922772471
-0.0146429948394778
0.0124136685626797
0.00337084954865818
0.024675505950382
0.00173049048735985
0.00381413358481186
0.00882773749482113
-0.00281582528231983
0.00524039998803505
-0.00277313917066013
0.0158214661915625
0.00802533400814331
0.00357411529831775
-0.00216582270225829
0.00356911656605785
0.00744253221790836
0.00808163315429278
-0.00399368248029153
-0.000508573454657157
0.00219358164806316
-0.00192754942075424
-0.00159043117573165
0.00327005200252817
0.00236197597966425
0.00485544104984381
0.0031136103049465
-0.0693996832601269
-0.0299874410166852
0.00245999124809404
0.0106677955800261
-0.0069959098923662
-0.00275144294702878
-0.0230368809238838
-0.00163817991886639
-0.00467401160220993
0.00924759463533631
-0.00284893363744243
0.00137339354917887
-0.0121343478574375
-0.00199051343745693
0.00958150112253064
0.00328707447791587
0.0215554087148373
-0.00068032160054321
-0.00428455021631813
-0.00023879015916195
0.00158487018787956
-0.00368492444248281
0.0164747819716617
-0.000117702771617822
0.00135394135825573
-0.0138309209700025
-0.0011326609670167
0.00595708728944078
0.00302018942978011
0.00345736156950638
7.50263919526706e-05
-0.00226108235554212
-0.0174960695077786
-0.00198409712922809
-0.00379537648582817
-0.00401324308552131
0.010559204733146
0.0145563331108693
0.00548060165652076
0.0112708091609781
0.011071125399738
0.00439357516241734
0.00465591970802914
-0.00533492639167688
0.00185215190856347
-0.000650973873501548
0.00526856262964603
