0.00793039973642018
0.022292656053051
0.00192410469511151
0.00778828525162845
-0.00741051246464652
0.00895900151537976
0.000211469349079563
0.00676388691300289
-0.00598362364090643
0.0101383459681412
0.0054364452600848
-0.00353536453229431
0.009391641252392
0.00165404729699015
-0.000825688934107727
-0.000103243468716818
0.00175617763152336
-0.0027844075200123
0.00475705288801609
0.0142033444132013
-0.00832149372517266
0.00716329300897178
-0.00487701696559673
0.00479887676538948
-0.00355660995603668
0.0084642159588868
-0.00212356155449045
0.00253344142683432
0.00424540584251476
0.00754906910013231
-0.00429570438153248
0.00722384884566774
-0.0206195738681102
-0.0057973962571195
0.000102322250639331
0.000204551959808619
-0.006647596713516
-0.00978067568559682
0.00114369931378655
-0.016097237344509
-0.00633311180774987
-0.0164648716429241
0.0122043962503249
0.0174989328051758
0.000838936652276301
0.0123637989865086
0.00765884886176216
-0.00277326414571422
-0.00041191679521746
-0.00329726934681296
-0.00796034297652193
-0.0145894228281516
-0.00126899325865026
-0.00751799009915322
-0.00757501309372621
0.0292410351292529
0.0181742744552804
-0.00677065018145317
-0.0041313984713901
-0.000725990473470106
0.00332122477054964
0
0.0064136031118982
0.00226129096246996
-0.00112808940358755
0.0154004103613878
-0.00374118293748871
0.00162390136632395
-0.0199615053204681
-0.0103391231354516
0.00323859169203322
-0.0234301783133415
0.0165280765251448
0.00912614058268879
0.00415801468268251
0.000103550726781476
0.00103506882274029
-0.00765172172114281
0.0210482127639031
0.0245943876843431
-0.00129487049213406
-0.0113693032223787
-0.00776753781199047
0.00986174247802207
-0.00614115561982975
0.0034440538549021
0.00393699785861101
0.00130723985843861
-0.000803394239738964
-0.0043216080402011
-0.000908418290097912
0.000202030707151968
-0.00606058585858582
-0.0105691156388391
-0.00133523006023795
-0.010902036072137
-0.00135174173550467
-0.0167638586342789
-0.00847191570475492
0.0222151240696931
-0.0145230280485115
0.0119804601357083
-0.0138292303979851
0.00541806030228598
-0.00570584325555634
0.0131774498018586
0.0053492974763707
0.000104360982876583
-0.00625911739767249
0.00388405408599501
0.00334623036744408
0.00594059424514626
-0.00932443045973164
-0.00554284651089165
0.0063098751208277
0.0082558363829901
-0.00279854883503683
-0.00187090740953022
0.00333228161337362
-0.00155683449002253
-0.00696463639182854
0.0100491888417167
0.0014509172235655
-0.00186277559338022
-0.00663555230592705
0.0072017744953925
0.00290154404145082
0.00516635673864796
-0.0159333472032622
-0.00584983790296123
-0.00714510890291298
-0.000740819149980254
-0.000423649659471503
0.00784070802629921
0.00462568320146084
0.00408119514611127
-0.00552370001637403
0.000628851407018294
-0.00345623156295871
0.014713620289782
-0.002071517284158
-0.00155683449002253
0.00218302501610279
0.0164920229647538
0.00224490816326517
-0.00173078800925686
-0.0010199489744025
-0.00265436455296664
-0.00501591759615294
-0.00967073075115421
-0.00488261988608718
0.00615926499468356
0.0070554162810359
-0.00649080994211426
-0.00477028932904711
0.000833614662565374
-0.0078084328638699
-0.0121721297322519
-0.011578457739308
-0.0022569263108998
0.00247742363108228
0.00666167400881079
0.00426933494995541
-0.00371982160568907
-0.0117345746049621
0.00982301392296003
0.00534473526419865
0.0125465174094677
-0.00388535113245769
0.00780093814251592
0
-0.00324264651135242
-0.00482735853890914
0.000843635962382461
-0.0128543035358
-0.00373578815805775
0.0126419654014127
0.00148124211218503
-0.00274669331304911
0.0211864402291009
-0.0081950309503106
-0.0106683923159879
0.0101491388159061
0.0174777388547021
-0.000925776579656645
-0.00803046457419332
0.0057083965896918
-0.00123842102707072
0.00547632781025342
-0.00390502525752789
0.00247599298462808
-0.00308732125321243
-0.00712297902994785
-0.00540648783530884
0.00470412901090822
0.00436997186172139
0.00103592666565766
-0.00289764057428255
0.0114166997699368
0.00369421253035029
0.0141090279952774
-0.000403266450181183
-0.000504326767436725
-0.000100928357233632
-0.00474309232992609
-0.00243364421718784
0.00416755450805706
0.00445391229422087
0.00634886607833729
-0.000901301813525879
-0.00781797156914821
-0.010203000509203
-0.0176566947033059
-0.0459220571428572
-0.0238484477001317
0.0317938312337553
0.0120012976970765
-0.000747852580082253
-0.00641504337020249
-0.017217238781879
0.00339425154069306
0.00534698827310121
-0.0131336051166917
0.01594814157387
-0.016672089964098
0.00253215892255509
0.0061498463902887
-0.00458421726967195
0.00942983583650769
0.0109711277638742
0.00322341248522617
-0.00342722490862502
0.00709291755745567
-0.0142993918930678
0.000324769936404623
0.000757564918667297
0.0108143180402906
-0.0106986197635752
0.00616416128296571
0.0135425836893532
-0.00477205711223572
0.00330320731599798
0.0175233000202506
0.0131510492255724
0.0149376429380861
0.00456764122719155
0.00505203591944992
-0.00331760326412378
-0.012305840350069
-0.00439133995897356
0.00810340564372569
0.0144484942455076
0.00481447356512965
0.000898352964663562
-0.000199431540822803
0.0282294463840398
-0.00630580119701574
0.00107391389241429
0.00390092642967699
-0.00194291816703096
0.000584047120577136
-0.00593386169453713
-0.00773069756863309
-0.00473376716501439
-0.00297260211994865
-9.94036941144305e-05
-0.00884603907319315
-0.00842362606875624
-0.000505612879417972
0.00607101070381466
-0.0106607361963191
-0.00335470153436912
0.0155038452110989
-0.00733222192310612
0.0145704236654778
0.00658225810059609
-0.008223541068067
0.00749250764220788
-0.00218146756929039
-0.0012918315003031
0.002388039800995
-0.00575733583000471
0.00898556274019313
-0.015634227501172
-0.00392045625491177
0.019880937324894
-0.00385909368412996
-0.0049667230548669
-0.0103823601953152
-0.00232013524624641
-0.0113246003776623
0.0017385764137714
0.0147013991230649
0.0170037530637261
-0.00870602475848781
-0.0229540426034144
0.00735445337375995
0.011965118273217
0.00841679333416456
-0.000993620836582054
0.00139247064459447
0.0076479638458482
-0.00295707253692667
-0.0121601974857103
-0.0115092176042678
0.00688468179258916
0.000301719466115236
-0.0191998687414595
-0.00368966895562162
0.00236604261255069
0.00184730086520313
-0.0114730891782496
-0.00715027979274618
-0.0196221484108577
0.0195890237410838
-0.020883367052836
0.00746511701392061
0.0146077800930688
0.000939008887616222
0.00396078790992704
-0.00394516196013273
0.0157389510998758
0.018984156561852
-0.00271907343245503
-0.00828031917883798
0.00519297429175203
-0.0134724674486175
-0.000718749365630544
0.00205504521167299
0.00779329392309158
-0.00671546608379603
-0.00737554781677274
0.0164086271123089
0.00111686467899008
0.00963493934350801
0.00070316421788541
-0.00040153582408553
0.0029122413554481
-0.00330431551103483
0.00140645970055808
0.00993176163723919
-0.0229462307131466
-0.0054900467111626
0.0129829891637703
-0.00766973489432787
0.00844098426846362
0.00847111704432768
-0.00749999999999995
0.00493700755667503
0.00461198124347262
0.00578844328707917
0.00525897008591936
-0.00651461862628788
0.00496770978703021
-0.003163618325979
0.010314400271459
-0.00569355043603947
0.00246816070225919
-0.00758325775474433
0.000396953470187977
-0.00128953479395943
0.00297976758045282
0.00386215080623442
0.0130215937746396
-0.00204497999717645
0.0126853626263068
0.000385440358310118
-0.00693509921017144
0.00795344341325799
-0.00307929182215738
0.0142857531715397
-0.00742290621578012
0.00584852332171071
-0.00753027328070643
-0.00922012074855583
0.00591307654466555
-0.000481796294164005
0.00578479554777478
-0.0180214532208588
-0.0141546658696864
0.00980300049119709
0.00804079207567798
-0.00194557387318373
0.000292387919929693
0.00331291055187299
-9.71350869463095e-05
0.00456488932172583
0.00125686938025704
0.00444185987720869
0.00182659109286454
0.00719700611454765
0.00304878051685198
0.0122530491285433
-0.00797596884676732
0.00359437189184297
-0.0180961172119908
-0.000479967364177436
-0.0169018923528828
-0.0142619806311816
0.00416210468091927
-0.0121385964247784
0.00319680326067551
0.00667195791021613
0
0.0080127216544752
0.000588783109150448
-0.00774814640788679
0.00395376107450329
0.00423353352367828
0.00519606862745103
0.00165803181174318
-0.00204478097501792
0.00673238377856156
0.00465210312075981
-0.00337648067233343
-0.00241990131487568
0.00164957309624625
-0.00358424866073093
0.00962470338688792
-0.00423682242150836
-0.000386819441569708
0.00686852064810317
-0.00326675627850193
0.00674767701460732
-0.0235541837695484
0.00147081776414537
9.79340085558444e-05
0.00959471323276584
0.0273467699569405
-0.00292623177409423
0.00747894558777662
-0.00469836505728938
0.0148225078327513
0.00725647980754451
0.0059112128727592
-0.00110185470197943
0.0102950913659794
0.00045487215158313
-0.00272821937730283
-0.00410363836937311
0.00293013462988867
-0.00556925961443677
-0.00312152043924951
0.00561797742460923
-0.00155696489500934
-0.00752155588483472
-0.00665428853939798
0.00604758077649103
0.00730602998167118
9.18288669082834e-05
-0.0019278343890573
-0.00625459891230129
0.00351718804593504
0.00221366910558318
-0.00478561550577528
0.00129461809963582
0.004987079839186
-0.00312439808858667
0.00101394724334591
0.00119720973191662
-0.00662252569331745
0.00435186111111108
-0.00175165481928952
-0.0010158939879561
-0.00194137934623995
-0.000741033723055118
0.00213203565439479
-0.002127499749075
-0.00398591038151408
0.00502560274617792
-0.00722288188207953
-0.00429063524196094
0.00505855737704919
0.00540592780868732
0.000463474539812658
-0.00657893822422062
-0.00307808975914636
-0.0264782380186631
0.0189331469793421
-0.0134880309419364
0.00439819311208312
0.0040932887931473
-0.00189613191421689
0.00370439783153875
0.00596200446601691
0.00780803364605731
0.0064408010764716
-0.00445190131700979
-0.00288799153672403
0.00429785110994896
-0.0010233603316282
0.00353888070978425
0.00937263345633577
-0.00478070253141594
-0.0106235750577367
-0.0101773671368323
0.00367889814774269
-0.00385342098019881
0.0021700443847541
-0.00611938423913216
0.00483093681917213
-0.00150833330489553
0.00859142765467191
0.0001871758834191
0.000935882095196572
-0.00645156633337718
-0.00367023332071836
-0.0023613865393014
0.0160007096383059
-0.000745457100837843
-0.00149214767810835
-0.00410948911926767
0.00412644670711182
0.0012141309423741
-0.00457087699358794
0
-0.000749714185640626
-0.00769013432495935
0.0108685476017116
0.016454768291462
-0.0135209803760027
-0.0372960372960373
-0.000581094430992635
-0.017443579466158
0.0045369267633586
-0.00137456065536701
-0.000884829425669365
-0.00305062970722414
0.00937719888218735
0.0061607372157102
-0.0132179999340849
0.00630354581211012
0.00606834699164804
-0.00243214318093066
-0.0237956209889252
-0.0106893009128731
0.0158537717444589
0.00109344932591338
0.0083408202595654
0.0124076313419703
-0.00641957020561357
0.013901105944178
0.0111036110842908
0.00868980129211416
-0.010981691119427
0.00794488362262014
0.00541310525888572
-0.00434494178676836
-0.00483826943029053
-0.00190662532113206
0.00620822367358809
-0.00246798296094886
0.000380635660125028
-0.00485107975414478
0.00353656078560816
-0.00342890758032011
0.000191197558765177
0.00191109408674439
-0.0013352313082543
-0.00143253749816197
-0.0105202660772813
-0.0144016819485954
-0.00156911835275952
0.000294646897056383
-0.00284753546141137
0.00630230409742083
0.00538209207589602
-0.00369862767565954
0.00859707885309624
0.00745838836610591
0.00673009313085093
-0.000954999531611156
-0.004492897385595
-0.00633758408236595
0.00202936793498165
0.000867942890000029
-0.00741951250163342
0.00990192195122952
0.0103816400113586
-0.0051374844911285
0.00994550062159316
0.000757513485867722
0.00264924775003772
0.00122673396973916
0.00395852033852062
0.00375517284327387
-0.00177698282411121
0.0130235169205419
0.000277460221676185
0.0111881551329052
0.000457232987772338
0.0011881637441491
0.00264744383195681
-0.00509883446965598
0.0101583236979497
-0.00588869376396162
0.00346302733628834
0.00408679498604303
-0.00841173133885176
-0.00282766586229144
-0.000182921697767902
-0.00256181145758982
0.00522838943024362
-0.00164241268883702
-0.000639868361580587
0.0161880836359276
0.000269984697417236
0.00224941517230004
-0.0021545650610878
0.00557800259868646
0.00223673621463916
-0.00214245676153701
0.00304172484381571
-0.00258652329861253
0.00554408467237621
-0.000177830151475988
-0.00222360579916392
-0.00285254947405966
0
0.00196675306663008
-0.00124910775786735
-0.00321600851856352
0.000268856421063779
0.00367347008625152
-0.00258876993185431
0.0168262592814932
-0.00818590785858708
0.00567980120695766
0.00847157606777271
-0.00577525381322419
-0.000264099623373482
-0.00140853953371023
0.0078462487877986
-0.00139954513645901
-0.00727051481182506
-0.00608844072904891
0.00568181823226044
-0.0088276836937472
8.90808700488854e-05
-0.00445275621646846
0.0104660344354053
0.00230171744247265
0
-0.00441618084776385
0.00106454044477866
0.00177246550061927
-0.0011500088362526
0.00912229176787571
-0.00131649111257692
-0.000439432283685481
0.00254968353349194
-0.00298164520724054
0.00888376270764768
0.00305149092549684
0.00877874814136237
0.0126658713194188
0.00323325962080534
0.000848087495612271
-0.00966018965070436
0.00308034560416681
0.00375326272063647
0.00178464352485164
-0.00152697662522006
-0.0055224640320084
-0.00991032866526287
0.000431469500659976
0.00250130235464363
0.000774300935017624
0.00902684834938094
-0.00136324440581292
-0.00298607629883185
0.00367961660380267
0.0056270440308035
-0.00449342105536454
-0.0108158407565294
0.00697371490359511
0.0013680232675104
-0.0100751448922007
0.00379502322244218
-0.0103110244967612
0.0026914221218961
-0.00043290328916612
-0.00121274252923176
-0.00147446657048222
0.00330066020934572
-0.0107350443990123
-0.00463812911450412
0.00905573253131231
-0.00653480891874558
0.00798108247626073
0
0.000696093274166865
0.00286926349240479
0.00147395531381855
0.00969608675099853
-0.00428706175821991
0.00275553266396789
0.00635470175237551
0.00127992147316447
-0.00622119503055041
0
-0.00591718543935171
-0.00267423227526287
0.005968359086858
0.000601891643975172
0.00507000072862418
-0.00213748291841209
-0.000685476828767628
-0.0021435308791099
0.00111707340910128
0.0114152774626164
0.00958931634722737
0.00109268722289069
-0.00596136869792385
-0.00667286938654343
0.00561227900701144
-0.00287505491501672
-0.00534257980567476
-0.00912268727834697
-0.00318364306329677
-0.00267584812560806
0.0025964600779258
-0.00595644012280527
0.00503691697721376
0.000950427695054934
0.000259038337673934
0.00414253031477019
0.00550064470134326
-0.016668065931585
0.00565021726660109
-0.00596423189620143
-0.00478263478260876
-0.00227169075417266
0.00577980548594792
0.00121898130115761
-0.00434820426729632
-0.00794825762858342
-0.00686739730819863
-0.0084220299178539
0.000804684860164384
-0.00116137214290934
-0.00635005824792156
0.0048604951370026
-0.00188103727947897
-0.0207304765323523
9.15872408837615e-05
0.00192430134493637
0.0101518295281444
-0.000452648269424594
-0.00353260863165561
0.00699933629671246
0.00658966425879814
0.00842969225307688
0.00151183641205432
