0.0255557858808271
-0.00384933136447863
0.0296929643967039
-0.0156034166382891
0.0152487560192616
-0.00494071165773569
0.000198669322687861
0.0164812943510466
0.0035163118483359
0.00700800091508658
0.0123719118499903
-0.00706509465467053
0.00461542307692309
0.0112940271326942
-0.00813931447513483
0.00801522870170879
0.00833014009844768
0.00262868954670248
-0.000374550547769692
-0.00243538774006391
-0.00732392488262912
-0.000567517961265196
0.00473215957856676
-0.00263758467831254
0.00188896867942878
0.00754144028013881
0.00898201738364546
0.00296743334448935
0.00184907537540391
-0.0167958656330749
-0.0114510981790877
0.00816559058108624
0.0039555283480881
-0.0121950658948418
0.0155745293229048
0.00392741716986311
-0.0106184612518629
-0.0128036337261601
0.0165935342361243
-0.0508442598657459
-0.017197054753904
-0.0144811139484893
0.0240816326530613
0.0414507373455562
0.00861081165751298
0.00189721119137176
0.00965724276354396
-0.00468867216804203
-0.000188411531938937
0.000753806996724338
-0.00433143142491266
-0.0175903162018217
-0.0025028494898508
-0.0328121977839761
-0.0141688083382795
0.0172064365503466
0.0294527363184078
-0.0123719311811327
-0.0168330397338032
-0.0149313159466454
-0.0244543249797897
-0.0167806297907603
0.0120101140330828
-0.0074953364042335
0.00608351189777689
0.0283569855787527
-0.0113544606650445
0.0116899922760456
-0.0107440295664289
-0.0176229511807982
0.00292037970213554
-0.0239185098203615
0.0217345194971235
0.0200208337847583
-0.00940500920057241
0.0099070998987183
0.0147149397097894
-0.00704940555692224
0.00851931051763311
0.00744165310857503
0.0201636654022759
0.00978473619509734
0.00368222882489255
-0.00830276099048544
0.00467283869406465
0.00988377945285968
-0.0149683167344402
0.011494174498571
-0.000192565492779906
-0.00462342515892888
-0.00967679542004241
0.0252101045616613
-0.0121997524246998
-0.0258587417985334
0.00455624009508737
-0.00414117539225356
0.00336629702970304
-0.0256561881056321
0.00789951403482925
0.0257235339921034
-0.0111677113799429
0.0263522483385723
-0.0137065446661494
0.00156582501467994
-0.0099667387127903
0.0236873470193446
0.00115690317861739
-0.00731889473493441
-0.0133877180173123
-0.000786568369186558
-0.00629795303487601
0.0158447012935352
0.0015597192131076
-0.00681329583050994
0.00764406115248906
-0.000389048823186022
-0.001945864992136
0.010723318176578
0.00231479552469138
-0.0323325641326515
0.0103420845334543
0.00413383866405193
0.0135268188012867
0.00290129588198651
-0.0208292775633279
0.000787886547173544
0.00373940161898445
0.0143137254901959
-0.00811906050647593
0.00604166817303309
-0.00271210776272979
0.0122377816627817
-0.0030704278819722
-0.0159769390572293
0.0105634000501447
0.0108401277584205
-0.0126388354531055
-0.00562453441379873
0.00721667641895851
0.0145236253780718
-0.00114519948740599
-0.0122301352100083
-0.000773786047084224
0.00658276838014449
-0.0130794570848448
0.0173455463390071
0.00574710716959559
0.00647619047619052
0.000757021196063468
-0.00548413378433932
-0.0184445902262789
0.00697406057679295
0.0067333974605619
-0.0122301352100083
-0.000386941388797468
0.0135475329416501
0.0150849916953406
-0.0259593867569601
0.00193128624819017
-0.00443328827229594
0.000387144225086455
0.0187730024684731
0.00417936938030694
-0.00435111607356942
-0.0110203684016651
0.00422672438475935
-0.00267838148077293
0.0143871088742162
-0.00718610046924928
0.00990476190476186
0.00509243681629568
-0.00487900159731658
-0.0179143318482807
0.00691238452717413
-0.0324179449355062
0.010839554164779
0.00974848879414147
-0.0059857307204918
-0.00757575757575746
0.0054805049911919
-0.0229706058588788
0.00796973516576482
0.0126507214864597
0.0187390005855945
0.000191645912850147
0.00383143670820996
0.0131679002607672
-0.00508570352232063
0.00681560015145788
-0.000564084242196339
-0.00188152391791074
-0.0107445619367496
0.0377286394817073
-0.00293793615383653
0.000552541446639854
0.0106754643594527
0.00692043343653248
0.00397896538290898
0.00684563166440766
-0.00268378963470739
0.000358736980310859
-0.00358674690052896
-0.0059395427296699
0.0242621763534312
-0.00972246773908425
-0.000714030703320323
0.0167916755984281
0.0186226640415552
-0.00534670576060703
0.000173435067571948
-0.00918859223300972
-0.0180227990193246
-0.0390235039027709
-0.0608195438531429
-0.0371175108739383
0.0266557309821611
0.0269622129019373
-0.0101127191798024
-0.0108055791431992
-0.0403177374505556
0.0033112582781456
0.0049505156765679
-0.0236042893348873
0.0260668698759723
-0.0211022736918199
-0.00774380510137729
0.0162412993039445
-0.0078871108343711
0.0307531596391875
0.00243553886746506
-0.00647902422512714
-0.0207866517220298
0.0133194591741823
-0.0162250362749031
-0.00688939428436763
-0.00357363884801343
0.0137130162990289
-0.0345473472330352
0.00862259126153453
0.0117546268058426
0.000633692437684852
0.00548874826870915
0.0306529281828065
-0.00651863923405993
0.0155833299159318
0.00383609941118723
-0.00522932411043198
-0.00080875456548235
-0.0198300088963985
-0.0138315238198085
0.0209336403600586
0.00328070535165059
0.00408749233599015
0.00407085275654695
-0.0135820387763212
0.0228113440197288
0.0148683544303798
0.0015838844420466
-0.0316267641826449
0.0410287388843136
-0.00392158823529409
-0.0125984057598112
0.0239234649122808
0.000778835654617671
-0.011478618230404
0.00236172008735047
0.0200275083447869
-0.028681462393042
0.00257631792660162
-0.00138367266258155
-0.0292953087885987
-0.00550572990404286
0.0190691203608775
0.000603601597513048
0.0225215765131712
-0.00255647994322428
0.00216878938941645
-0.000590261633277134
-0.000984232302839172
0.00315270935960577
0.0100176389707327
0.000777926906959436
0.0128254957797413
-0.0184190141676711
-0.0578576817826426
0.0195020327904143
-0.00183150186877301
-0.0163098678146762
-0.021139896373057
0.00423459665466863
-0.0463841450558719
-0.00530616847225296
0.0173371408163085
0.0209744374044132
-0.0320992938155361
-0.0311739995578155
0.00798717480602473
0.0144895410681249
0.0198616375839848
-0.000875295385661001
-0.00197109067017076
0.0129471143296027
-0.0149479852686307
-0.0107763578012678
-0.020898154735438
0.00227061756878721
-0.0412324205082107
-0.0493856332703214
-0.00223716132239604
-0.015695092568388
0.00430275901304777
-0.0347782510080645
0.0180157445957112
-0.0276994599795096
-0.0100237668161435
-0.0282440188714098
0.0101452972266165
0.0331162052117262
-0.0218076977980112
0.0190706150953532
-0.00896154478021993
-0.00372337785762633
0.0144154034814576
-0.00131576315789472
-0.0758893524139828
0.0134017964071855
0.0225098192878499
0.0129334342322509
-0.0279815803319322
0.00558974302933879
0.000833740967204122
-0.0463759537004139
0.0302854105998833
0.0305256633542776
0.0301701050512919
-0.0101171722546014
-0.00995155997848307
0.0154849221547155
-0.0120385497046938
0.00541567831031675
0.0164287902927878
0.0193428447619055
-0.0171562251843976
0.0452261030090955
-0.0012651568825911
-0.00937428402902762
0.00639386221963489
0.00406607390424774
-0.033662315042385
0.0036668412781562
0.00365341858037582
0.0494020293656272
-0.0138751730952632
-0.0113065580730292
0.0142313094907907
0.0187922826359308
0.0189375307427448
-0.00506876659425526
-0.0131004606234727
-0.0226155850540806
-0.0216296791564226
0.0102826987001183
0.00254460566271253
0.00939081170605016
-0.00804624088508932
0.0108998729809917
-0.0157974168556315
-0.0165605605095541
0.0230570996402641
-0.0202583681813943
0.00878780069237006
0.0153728417979206
0.0174110265604082
0.0322420386904763
-0.00384430571466365
-0.00289433195596556
0.00967590711175603
0.0114997359128064
0.0260539785396972
-0.000461703601108088
0.0184757279093701
-0.0151926991017097
0.0110522680174994
0.002732839899795
-0.0263456740028543
-0.00443198050926008
0.0147610356138708
-0.0355576302110914
0.00502753172133086
0.00643163411148184
-0.00118340828402363
-0.00687206144852948
0.024815103793844
-0.0100116644933256
-0.00164626058325501
-0.0136631798901489
0.00692622419217148
-0.00189748576850091
0.0330322940574006
-0.0255348510343951
0.0195939088858852
-0.00138916419053403
0.0231857170603822
0.00634486729334083
-0.00833143436163031
0.00840143032694307
0.00337764017113273
-0.00785462280398053
-0.00633338625499635
-0.0252674709765536
0.0149462634283046
0.0016106765211843
0.00551346210690262
-0.0143934429974869
-0.0152990035998843
-0.0174199152542373
-0.00766660241175832
0.00507008715934743
0.0120105690124774
0.00498454770983758
0.0129900566839867
0.00839358844470928
0.0104046473988439
0.018764278746813
-0.102425898472597
-0.045545546685324
0.0241217101237994
0.0317459797300057
0.0200993057096601
0.00048649962329117
-0.0401167264741862
0.0103849797365756
0.00727001773050917
0.0350920856147339
0.0125030295744168
0.0254096170646019
-0.000694719777674879
0.0215527220601288
0.00408339364412913
-0.00112966566333783
0.000452408967482443
0.00497402215690723
-0.00382456684309196
0.00880756569122787
0.000671658861502555
0.00313196861002307
-0.00401427297056212
0.00111954769368583
0.0429434587998982
-0.00857818982247083
-0.0205494484101233
0.0121467096322154
0.00109096656814467
0.0283347639857288
0.0110216405256465
0
-0.0150943602705585
0.00383141762452111
-0.00805769720101779
0.00705433961210655
-0.00318407974561485
0.0106473596815877
-0.00126415931867174
-0.00590723603766941
0.00106109934340193
0.0108119996104303
-0.000419463087248384
0.00692408728493499
0.00562608853402446
0.0180274147545549
0.00753101959025004
-0.00868686868686863
-0.00387199918483794
0.00347786408596851
-0.00101934762526701
0.0020407755102041
-0.00285130357846441
-0.012050653840904
0.0117841639814795
-0.0100122192483085
-0.00123843134698798
0.0117792934858296
-0.012050653840904
0.00930330802777157
0.00430149528881607
0.0150928210298353
0.00221018685955388
-0.00160388930224764
-0.00763054232189841
0.0202347236031859
0.0198334002313922
-0.0178918326679048
0.0199999603960397
-0.00194133185561385
-0.00466839136354791
0.0285324029131289
-0.00152008357362565
-0.00551857289283675
0.0109070804021079
-0.00624648850098475
0.00399998095238097
-0.0132802317070808
0.00615274009431799
-0.00133774120627772
0.00708004236816073
0.00228004935815984
0.000947848341232183
-0.00340909097365705
0.00722160789094661
-0.000754735849056498
0.000944089896980582
0.0103754578523092
0.0319267917862811
-0.0121223448525422
-0.00824168528357816
-0.0127424372024953
-0.00243166858270993
-0.00375025300017806
0.022397872719784
0.00312963917525777
0.0295466313251374
0.0317291098655654
-0.0100207669312238
0.000174554976868357
0.00697954969500003
-0.0102235316275089
0.0117297270961085
-0.00224954140423017
0.00242800901838369
-0.00207610730235475
0.0126560332871013
-0.00136959424756034
-0.0217726891214576
0.00227826844938184
0.00874278735343226
0.010747131404873
-0.00908938416927829
0.0292489101635327
-0.000840810478547005
0.0213732925403329
0.00280115344869247
-0.00920147865262111
-0.0142620234537649
0.00134591186651933
-0.0134408434139784
0.00613080711630087
-0.021665588298389
0.000692058835502829
0.0157330567081604
0.00612767659574454
-0.0116732023063237
-0.000171140026399952
0.00547851395309018
-0.0124297633236846
-0.00258624137931041
0.000172912711250195
0.0124438470023531
0.00904743909022043
-0.0101506173210857
0.00598193491649068
-0.0113829763611454
0.0079051900310223
0.00562656417300711
-0.00186505595116981
0.00271785294237903
-0.0128747926965066
0.0207654024369315
-0.0198386180228648
-0.0010291080794016
-0.00858516454034464
0.0145479731711822
0.018265619041802
-0.0181056490157369
-0.00973194468157756
-0.00448272413793105
-0.0112573948300174
0.00192679978980559
0.00541952787728106
0.0332116165262255
0.000841518035729294
0.0042038001647251
0.0020093603146456
0.0123663435828876
0.00462197079491666
0.0202103020011453
-0.000483153486874
0.010795987579826
-0.00207240554758481
-0.00766771589992699
0.0048293465040139
0.00656847185416454
0.000636590780308977
-0.00190868461760274
0.000478071713147399
-0.00382284173021408
0.0236647901556639
-0.0204623252325363
0.0137139373897932
-0.0031461538461538
-0.00520747996224524
0.000475872454380299
0
0.00745205327413978
0.000629540437054876
-0.0089651459904011
0.0130138712272296
0.00579656882981139
-0.011837975631058
-0.00520173400381052
-0.0293139434429733
0.0104473395510067
0.00452339242250743
-0.00016085558057255
-0.000965047481584325
0.014490371687484
-0.00857002090366676
0.0102449173964314
0
-0.000316922828126565
-0.0038041210968458
-0.0109784888139536
0.00916988416988418
-0.00255061374143151
0.00159817804059448
0.00367008149577419
-0.0154213349627557
-0.00678188277087033
0.0182084707595016
-0.00383206125128432
-0.00496869698619495
0.0135308629661448
-0.00174820412422771
0.0176722971235106
0.00672715915917266
-0.000621600640920095
0.013528254191518
-0.000767152500767199
-0.00245656390863958
-0.000923456965930991
-0.000154090269351981
-0.00724194122520971
-0.00139692689740811
-0.00606147069079699
-0.00766226727658681
0.00630321472271045
-0.00501096139976576
-0.00849859917377083
0.0112698253968255
0.00423796898819595
-0.0403250703344795
-0.0138436966174692
0.0046243270788493
0.00986352096453991
0.00455801725541272
0.00405120732541264
0.0112976276839514
0.00143632301308649
-0.00366533864541829
0.00623800383877149
0.0185980289302177
-0.00187270593406019
-0.0104752659548979
-0.0192763624699579
0.00547768648300306
0.0195481653581158
0.0201163441754464
0.000924310526925876
0.00877327984033749
-0.00274641436151346
-0.00244804157821232
0.00230062894021299
0.00811016092150463
-0.0130540382386477
-0.0178406037145773
-0.0183213589364021
-0.00175461798938614
0.00767016594214875
0.00539170622594831
0.020347002512713
-0.00247338066243996
-0.00712845199331258
0.0107695021070704
-0.00787526226450708
-0.00202329961089498
0.00764188984832082
0.0116081100199952
-0.00305992957374646
0.00537136246952952
0.00671645529792531
0.002274465607633
0.00363083218247606
0.00105529098916435
0.00436670655824689
-0.0121438985971768
0.00804369415759143
-0.000602243318345241
0.011750633251761
-0.00744490723973157
-0.000450149987989756
0.011106198909179
-0.00920295342721
-0.000449423220973855
-0.000899235598032955
-0.00165017991898109
0.00736285466433406
-0.0079057128892347
-0.00420987808720863
-0.00362381079765306
-0.0236399158551269
-0.00170727921775593
0.010727643034826
-0.00015385324861239
0.00246159999999995
-0.0342235092557699
0
-0.00317813443508663
0.00223177108241668
0.0015906155812091
0.0015880418995069
0.00412243538924995
-0.000157934623150613
-0.0104232469993684
-0.00159589849984032
-0.000639402163692404
0.0126359724888034
-0.0235350019975517
-0.00857326108055656
-0.0223527978079164
0.0125166893363382
0.0199440092284164
0.00953458290991316
-0.00352170636270688
-0.00385545381526098
0.00806321587044723
-0.00143976968292336
0.00768990732745611
0.0034975674563571
-0.00301012362183339
0.00301921182266018
0.00411916990049388
-0.000315556953052187
0.0183080173878154
-0.00805947030654708
0.00531243749999999
0.00901464153028564
0.00646947031637302
0.00734625083233853
0.0113947128532361
0.00120177257022691
-0.000900315051753475
0.0136657764628789
-0.00296291851851849
0.000445750351600882
-0.00178231095255277
