0.0135079819893573
0.00444268982229379
0.0257337745985617
-0.00666405331242659
0.00355169692186275
0.0173024380652771
0.0092771546471917
0.00612788180283874
-0.0148458698134754
0.00425042520287566
0.0161600615621393
0.00302915562287009
0.00792755756889396
0.00674149787485034
0.00074408484911026
-0.00148695167286239
0.0022337676011257
-0.00631500742942059
0.00934579439252325
0.0066666666666666
-0.00735835172921262
0
0.00815422535211274
-0.00330882340776384
0
0.00885278462365235
-0.000731261425959917
-0.00402491767288682
0.000734790622145098
0
-0.00513950073421432
0.00590405904059033
-0.00183422597212035
0.000367511957644728
0.00146954450659598
0.000733712399119568
-0.0164956372252333
-0.00260901975400663
0.00336322869955152
-0.0171322532588455
-0.00568393352345342
-0.0186737804878048
0.0166990291262137
0.0221543162719633
-0.00747387892376683
0.00677714633950099
0.00860130890052369
-0.00185387474430387
0.00334323922734026
0.00407260273972598
0.00368724175194557
-0.00844963293349144
0.00185257502778824
-0.0110947111281542
-0.0123410620792819
0.0208254070427869
0.0200297114254344
-0.021090909090909
-0.0141158618127787
-0.00150719662746057
-0.0177358113207547
0.00922009184709593
0.00380666159116849
-0.00189613189624072
-0.0049391717325229
0.0190912554757061
-0.00749348042362386
0.014345073612684
-0.00669892048012943
-0.0059947543651272
0.00452314344051485
-0.0262663789868667
-0.00385360293435055
0.00967117988394595
0
0.0107279310344828
0
-0.00151626237741709
0.00455577069096424
0.0079365460293479
0.0142481814773152
0.0022181886217445
-0.0136481367153031
0.000373971578160104
-0.00149536448598131
-0.00374384139812212
-0.00187906794892634
0.00225911153083991
-0.0018783244974333
0.00602182913059846
-0.00299289188178087
0.0165103189493434
-0.0110741602067184
-0.0138111603653915
0.00454205147615427
-0.0105501503183816
0.00571210967250568
-0.0162817114729269
0.0130869899923018
0.0182370440729482
-0.0115671272972809
0.0184975462438657
0.00185326167531508
0.017758008961968
0.000727044711014146
0.00435884473814574
0.00108499095840875
-0.013367088150289
-0.0087879534525066
-0.00517177687476911
0.0037133679910879
0.0125786158868437
-0.0062111798972897
-0.00882360261677928
-0.00445100164877599
0.00596125186289131
-0.00703707407407406
0
-0.0018649385253614
0.00523168908819116
-0.00260223048327135
-0.00298173686172187
0.0164486355140185
-0.000367819037593975
-0.0158204562178073
0.0127102803738317
-0.0121816168327795
-0.00186849775784759
0.00374391627644766
0.00186505042391083
-0.0104244597757089
0.00601956358164024
-0.0071054973821989
0.0041431639978593
0.0116278694673668
0.00630330019663705
-0.00184226241128449
-0.00959763750461429
0.00447264256429381
0.00705001829127938
-0.00294767881163138
-0.00332594247324247
0.00111238417176063
0.0144444074074075
-0.0058415117138193
0.000734484024972337
0.000733944954128374
0.00183351668500187
0.0010980966325036
-0.00255937842778808
-0.00659827688422732
0.00627306273062733
0.0055005500550056
-0.0029175784099198
0
0.00146302121433806
0.00766986879729248
-0.0115984052192823
0.00146677667766792
-0.00842178719962616
-0.00369276218611514
0.0218680504077093
0.0094305404425099
-0.00215594681997844
-0.00648181490817423
0.00434936571221467
0.00577416116110285
0.0179404371029623
-0.0102221004504018
0.0106837250712253
0.00246659628141632
-0.00738140571594359
-0.00247875354107641
0.00532481363152293
-0.0180085098870056
0.000719201751858911
0.0219188286022278
-0.00703238371897386
0.00495747167138827
0.020084637776062
-0.0079448011072607
0.0107939418800118
0.0124008951980401
0.0115685951537461
0.00168183652875875
0.00772327039209975
0.00566477840719748
0.0364480119284294
-0.0166240723585653
-0.00780234070221075
0.00327657273918747
-0.0019595688452132
-0.00163609298547429
-0.00131107833497213
-0.00131273387964348
-0.00131452513966479
0.00329058911782121
0.000327976385700257
0.00393445901639344
-0.00261267137123866
0.00654875551575773
-0.00813272608978532
0.00262381108560183
0.0107948969578018
0.000970873786407811
-0.00258648561267372
0.00486223662884933
0.000967774193548321
0.00676761177029928
-0.00160048015364911
0.00833600486258401
-0.0181240693760232
-0.0297927470787808
-0.0407209292630484
-0.00661102992345164
0.0336252551182226
0.0250762453405624
-0.00661160330578514
-0.00299500841913503
-0.024032010147931
0.0147058823529413
0.00539265251095378
-0.0120684210526315
0.0203597224417957
-0.0129697372796808
0.0101078167115902
0.00833889259506337
-0.00165398610651668
0.0132538104705102
0.0130804447351212
0.0116204002582312
-0.0229738034460754
0.00979748498375299
-0.00840879689521346
0.000652315720808927
-0.00228158409387225
0.0019601110107772
-0.0127159765242909
0.00528401567754244
0.00657023631503817
0.000979144940572718
0.0127159765242908
0.0106245978951898
-0.00191140496691322
0.00925633578040208
0.016129031747975
-0.0015561468547729
0.0059226305534521
-0.00557793616361946
-0.0165160797756311
0.00855516503660203
0.0216776625824695
0.00492004920049194
0.00795590575275407
-0.00789310892207373
0.0113218788249694
0
0.00514378230389667
-0.0012041239854268
0.0126581675708257
0.00119050602324444
-0.0151604641843183
0.0150920611200707
-0.00743383861332625
-0.00689032334061346
-0.0232277814040555
-0.0114268989676682
-0.0168696980237237
-0.000635462365283224
0.00413351338208212
-0.0170993983533881
-0.0103093424513743
0.00683597027460836
-0.00581959262851595
0.0211382113821137
0
0.00573248407643301
0.00569981000633324
-0.000629722921914433
-0.0138626654064272
-0.00575073500801071
-0.00964013465166658
0.0113562621674237
-0.0109079242861727
-0.0142718456049302
0.0273116165617511
-0.00640611807835101
-0.0019342682140554
-0.00968989049385949
0.000978506196999351
-0.0130335609959739
0.0158467805927112
0.00584988625284377
0.0264943125526877
-0.00912810827824995
-0.0206480304955527
0.00940645475186508
0.022814877158905
0.00534087338988387
0
-0.00125003125000001
0.0156445561841227
-0.00431296994186603
-0.0160891398514852
-0.0213835855781002
0.00931873363371682
-0.0111429799426934
-0.0170636837431966
-0.0147396326649318
0.0186169880319149
0.00293736954756429
-0.020175691506671
0.0036532047939819
-0.0102580744625439
-0.00367773319959885
-0.00402681221566481
-0.00438008760107822
0.0135364471585939
-0.0150250746235367
-0.000338983050847563
0.0301796880298408
0.0111915737719412
0.0172526372803592
-0.02464
0.000328083989501238
-0.00229583469990147
0.00788954635108485
0.0013046640574037
0.000977166091949089
0.00488119101854867
0.000971535005554802
-0.0219993529602071
0.0380416473701621
0.00860423864258242
0.0129542180094786
-0.00343106664282389
-0.00125198744125232
0.00376054528361003
-0.00312204193325127
-0.00250548073911672
0.010047032967033
-0.00186499856170341
-0.00591719072198083
0.0203634085213031
0.0110531163647529
0.0170058305496508
-0.00895798692397798
0.00421822850913611
-0.00900098955889661
0
-0.00575231625044836
0.0112667174177832
-0.00511888000960214
0.00726386176562155
0.0222356076392913
0.0129335390946501
0.00435293106073487
0.00924585353233609
0.00314918408245046
0.00370995993978429
-0.0102359118701115
0.00631996534559121
-0.00028544105867645
0.000285522558537865
0.00314016566200892
0.00967561211370538
-0.00873737316798184
-0.0147852155123808
0.00346314554325278
-0.0103537532355481
0.000581226387678102
-0.00435669474295686
0.012543757658803
0.00144047828984384
-0.0342346970215591
-0.00417039022937149
0.00867487286868096
0.000889650032928513
-0.00918521481481482
-0.0215310413137272
0.00702933963846752
-0.00273141114623954
-0.00334756532721947
0.00122140458015263
-0.00762427546129074
0.00184379219902309
0.0144172401482969
0.00332627759298454
-0.0105484629294755
0.0015229667058807
0.00243302912308319
0.00576465430111206
0.0135745391508573
-0.0133927388924249
0.012367993220634
-0.00953513082434065
-0.00601687689429142
-0.00665862570645792
-0.0134064290067032
0.00555898685735068
0.0128992317905641
0.000303274711946688
0.015156106992658
-0.00686784073646796
-0.000300601340986306
0
0.00150372932330822
0.00300309318327607
-0.00688634689303314
-0.00874274999956282
-0.00334552909533048
-0.0073238022581632
0.00891487884767539
0.00121879951249237
-0.00608645751410664
-0.0101040416411512
-0.00742350711886741
-0.0105952009971955
0.00598428346456692
-0.00407019398653108
0.00125749768178229
0.00596549450549433
-0.00031217227490099
0.0143616301705161
-0.0249308079451641
-0.0101009785353535
0.0194514662164711
0.020644417286344
0.0266625489836791
-0.00776113432835834
-0.00631777940326239
0.00242210119352415
0.000906010241437549
0.0165962587989215
-0.00534286154178865
-0.0074604600095769
0.000300721605575482
0.00571082055906214
-0.01075914556961
-0.00785492494591677
0.000913489646772181
-0.00212960152508679
-0.00457307940771579
0.0128636439287202
-0.00393108557605082
-0.00910746840034804
-0.000612745116812086
0.000613120803590661
-0.00398287389653418
-0.000307536161644917
0.00153843076923077
0.014132074166884
0.015146926091907
0.0182035522652075
0.00058616648845744
-0.00117167548833275
-0.00263929634248061
0.00235230828299371
-0.00352006453505427
-0.00323815121465576
-0.00767876527824074
-0.0127976198093821
0.00150747672640805
-0.00903079443013877
-0.00455644013101086
-0.0134268538297224
-0.00433043585954618
0.00434927009472719
-0.00278379197130896
0.00930517932349995
0.00245845106151044
-0.00183930109869102
-0.00122853190330052
-0.00153748462484626
-0.00369581140450237
-0.000927295265984229
-0.00990099009900991
-0.02375
0.00832266325224085
-0.014285746031746
-0.00901768144984483
0.0103997400064999
0.0012865551624317
-0.00096366851794627
-0.00257234726688105
0.0054803675048356
0.00256489251154557
-0.00383754397185809
0.00224715890850735
0.0067264896453072
0.00318170537702822
-0.00888046276941123
0.00800000000000001
-0.0114286031746031
-0.00834939012040425
0.0113342296416525
-0.00640406660262571
0.0132130192325808
-0.000954230249547328
-0.00923269659344161
0.0176734891493096
0.0255762551310388
0.00769704433497531
-0.00824934311029613
-0.0117066238973083
0.00498753086112647
-0.00713411866413638
-0.00406119987886289
0.00250941036729646
-0.00281595753491737
0.00345149032157233
-0.0103189493433397
-0.00600319115323855
0.00158935160805318
-0.00761662964138377
-0.00479689798528948
0.00739071313011852
-0.00765547049441795
0.0109289613973333
0.0168521139315703
0.0031270168855535
0.0286782401073415
0.00636360606060626
0.00572125882930608
-0.00179646695829527
-0.0233952909418117
0.0113636053021007
0.000303644093531785
0
0.00971460260214352
0.00420938089052192
0.00149697595826481
-0.000896950645831063
0.00478767233917843
-0.00833838544738619
0.00990997026756668
-0.00267618190079755
-0.00655936176030514
0.00360141056422569
0.0125598687966466
0.00561128158265567
0.00646111619562761
0.00758678144149383
-0.00347521006299478
0.0197616971810521
0.0108293245939013
0.00704820955601315
-0.000839921589028014
0.00140103674421499
-0.000279854489095954
-0.00307867338371104
-0.000561510403186749
0.00365174177818761
-0.00727677022110251
0.00112762895044738
-0.000281554507550297
0.000845042253521111
0.00900644551101748
-0.000278884255446754
0.00530131138392842
-0.00860388588964411
0.0167972839642416
0.00412998348017624
-0.00740334501224726
0.00138118780714946
-0.00744827586206909
0.0102834352418011
0.000825392067421937
0.00439802076970786
-0.00273678153429702
0.00466525808631335
0.0316853036961131
0.00714855705586426
-0.00105155097130505
-0.0134210000000001
-0.00133376893391457
-0.0133547012113969
0.00406066605470135
0.00107848476678352
-0.00323196867137165
0.000810672834945736
-0.00188984876107301
0.00946710821024843
0.00911039657020352
-0.00159325544344124
-0.00398928212708949
0.0251000794365801
0.00573071127196423
-0.00103602690919369
0.00933367902514903
-0.0023118417672745
0.00643666323377956
-0.00102330519314409
-0.00384115246712291
0.00719789166077667
0.0176110005104646
-0.00476546287347535
0.0037802923387098
-0.0105448651496428
-0.002283684344075
-0.00025429806714139
0.00101747644320849
0.00482853900017988
0.00354069287959824
0.00201607862903241
0.0100604129809059
-0.00323707669322715
0.00699480407181641
-0.00223269654595137
-0.0049726751622905
-0.00549727636181918
-0.0057788694919314
-0.00101089208996719
-0.00126483686478207
0.00937178318135778
-0.011794153665955
0.00253933462317568
-0.00759878419452875
0.00255229709035221
-0.000509190440661555
-0.000254661245780108
0
0.0010191337579617
0.00814456584004675
-0.00252469067092409
-0.00582128604511711
0.000254633407704485
0.00687197742753942
-0.0139030077375376
-0.00358879792816202
0.0138924881371876
-0.00076120274042113
0.00837983726816072
0.00528831541899555
0.00150305618752777
0.00300145072536284
-0.0094762348865951
0.00125878647384736
-0.00905204928337955
0.0162395077391526
0.00799001268389543
0.00916529623892237
-0.00392734394072924
-0.00640714606174742
0.00520830853174603
-0.00740190000991614
-0.00621426795923441
0.0060030265132569
-0.00248637487602255
0.0259222588714421
0.0099611273080662
-0.0113062785662738
0.0102190272612666
0.00072251926782263
0.00649821916963234
0.0107604017216643
0.00070969955050848
-0.00189120571846813
0.00497392219389092
0.00777746877209529
0.00748372345574011
-0.000464275744462617
-0.00232238731253154
-0.000232728124598069
0.0025611175189495
0.00975380841259144
0.0045998160073597
-0.00160254120879122
0.0183443930670857
0.00743080387300155
0.00201162261906029
-0.00289986603168124
-0.00648771797566638
0.00135106957892384
-0.00854510887013471
0.00680424132456348
0.00382973651339791
0.00157091558413569
-0.00224069006854832
-0.00853350569354372
-0.00135904863605663
0.00498981628487183
0.0101556531221925
-0.00737260980217214
0.0126041413459375
0.000222227151712495
-0.00933328888888885
0.00628082071418468
0.00757913491798634
0.00840710158391378
-0.00285214994066918
-0.00242026397315143
0.00727829730921914
0.0177359762529439
-0.00258173407917384
0.00905949074504986
0.00277898680587829
-0.00852700916648885
-0.00494515179295441
0.0203111931787208
-0.00190597200537979
0.00275826431660797
-0.000846318275341429
0.00825921202331181
0.00210035702372724
-0.000838419636101984
-0.000629305669364588
0.00839634778329845
-0.00686931709264527
-0.0100607631536527
0.0114334109676055
-0.0037680552648105
0.023534334944316
-0.00410595368725009
0.00247377870434051
0.00123376514016527
0.00410761971878459
-0.00122718349820383
-0.0116732331897098
0.00290103617492887
-0.0225206808875752
0.00676389755307771
-0.0222549019052088
-0.00193257461885343
-0.0176419965576592
-0.0339465396408235
0.0188165491086705
-0.0269247669542673
0.0384175623142007
0.0222417529178596
0.00344687649491071
-0.0094461782118429
-0.00151710016291939
-0.0010853049706967
0.00630162972620596
0.0285035623298735
0.00146966194688924
-0.000419308167310062
0.00629194630872476
0.000416840350145886
-0.00312504166666672
-0.00292578904600993
0.00733603033611452
0.00749057412628851
0.0125981211316861
0.000815847456982377
0.00203786427552477
-0.00244049226928988
0.00468909285808539
0.00344971597909338
-0.0016178361654634
-0.00243060568018238
-0.0101522842639594
-0.00164106666666664
