-0.00174694285001253
0.00174999999999992
0.040429223858248
-0.0350203654358447
0.0223713895103157
0.0143447601666726
0.00167785230877615
0.0251256036102991
-0.00513541083099911
0.0180666358063502
0.000691380518353935
0.00898210543445899
0.00616299917454932
-0.000226905615839157
0.0133877921488541
-0.0190326690550828
0.00479340322315913
-0.000681462971376834
-0.00477388021032599
-0.00548190967295359
0.00252643540361897
-0.00595654039145288
0.0108320352807567
-0.00296399902042865
0.00617425108621084
0.0302273181818182
0.0035296711436279
0.00593528221871709
-0.00262235588384419
-0.00372475906495962
-0.00197932698527992
-0.00947553967660775
-0.00222476079588962
-0.00668894121243879
-0.010774388569571
-0.0131608350351714
-0.0112670033908022
-0.0227906976744185
0.00118990956687282
-0.00808176848110298
-0.00766834411694228
-0.0111084037672059
0.0344322335913985
0.0179414065641783
0.0150742350434656
0.0107379940598582
-0.00429482349480903
-0.00136202046224798
0.00181854958769967
-0.00317676423871116
0.00341456863191447
-0.00794015390471181
0.00823233478161467
-0.0235881378997506
-0.00905921043110836
0.00609465541490861
0.025163141899494
-0.0102272954545455
-0.00252583243457705
-0.00115101291784092
-0.0101405395284753
-0.00349247954615883
0.0133177573205083
-0.00783952058656956
0.00836625629482368
0.0103710765238783
0.0102646213503648
0.00338672378896554
-0.0112511253656868
0.0125171372898756
0.00831645276167881
0.0189477927118193
-0.00262522429720469
0.0271989910067996
-0.017937218964885
0.0130462703611103
-0.0130929383987982
-0.0108742931709439
0.00857517590149515
0.00130806630277003
0.0102330067494012
-0.00215523697606734
0.000431987050366844
0.00107942573402409
-0.00948887232022588
0.0139342477683431
0.00407983680481006
0.00898207908392123
-0.00466301398897828
0.000851810069246284
0
0.00319153191489363
-0.00530222671040392
-0.00852882692840828
0.0167741720430106
-0.0150168996407973
-0.0025767446854198
-0.00473629699168365
0.0112481072896389
0.0104813262032084
0.0044453639100186
0.017913550728903
0.00476190486049477
0.015660457771697
0.0113612698039913
0.00722168534490231
0.00557663823096255
0.000396038803880616
-0.000197941009619562
0.000197980198019865
0.01148291472908
0.00743787433940102
-0.00641154057875382
-0.0105592688807054
0.00296446652033455
0.00256159605911321
-0.00648588823730567
0.013056380080245
0.000781116984595043
0.00565855609756083
0.000193985250407813
-0.00737150353775951
0.00371317192547083
0.00136290885196844
-0.00855527902002728
0.0101979992077663
0.00388276077976157
-0.000386772391931411
-0.00232151291006988
0.0015513282916424
-0.002129738542895
0.00426847100759664
0
-0.00965996946135894
0.0251658417934388
-0.00932441502044556
-0.0163273527405425
-0.0177699671503607
0.00298214717658341
0.00594646172554092
0.00729062068965525
-0.00234739832447961
0.00529411764705889
0.00994731811975802
0.00733876028077951
0.00364259969325165
0.00878706814850316
0.0145805905211023
-0.00354615514945289
0
-0.012174508562924
0.0136518197325819
-0.00692104390050585
-0.00678093802976087
-0.00303432581073382
0.000760909263838538
0.00456181325676086
-0.00756853387203538
-0.00133460435968347
-0.00630015260977179
-0.00595575419703664
0.0166214914332627
0.00266167310500665
-0.0128934579865961
-0.000384172101725477
0.00826287455298091
0.0114350864982831
0.0152628792161296
0.000371213801573678
0.00129868269763711
-0.00389110609799692
-0.00446424867798545
0.00915541853512702
0.00518428088073608
-0.0268925948260711
-0.00359649806562556
-0.00284948713619859
-0.00476281178270865
-0.000574329993325629
-0.000574583424144515
-0.02280563434266
0.000588311410538944
0.00999606036848277
0.00970308576951462
0.0186431101026929
-0.00886794339622643
-0.00342663246576491
-0.0013371347215716
-0.000573814089017022
-0.00688997129186597
0.000192773177736916
-0.00520233120607583
-0.0143327907353711
-0.00903908447708957
0.00535397580805075
0.000986173550568514
0.0132019310344829
0.0291715297227355
-0.00793647044355517
0.00799996190476193
-0.00132275137274196
-0.0232733972856536
-0.00813634266052576
0.00761716781997723
-0.0172513859275054
-0.0122287768791168
0.00499201258019122
0.0037750445549356
-0.00376084718923209
0.0041724417177651
-0.0144440044629203
-0.01345115411662
-0.0291005296927255
-0.0368894998300042
0.00152337319862084
0.0438939808778791
0.0291423391102761
0.000809081731575123
-0.0161681487469684
-0.0464256778964667
0.0245584456940304
0.00820016803616141
-0.0125130967150554
0.0185850483034866
-0.0182459465063238
0.00211199586534305
0.0103266172744654
-0.00375471430443708
0.0136097576888508
0.00454453625284046
0.00822533398672953
-0.0338568230441938
-0.0111884950641438
-0.00768573868488487
0.000860585197934638
-0.0126827171109201
-0.0039190071848465
-0.0284152786885246
0.0188976373701317
0.0147935081741333
-0.0115317452465568
0.022011886418666
0.00796896403187586
-0.00128198720688011
0.0169019462172895
0.00736381248398521
0.00647447772609699
0.000415023872484488
-0.0128603819303128
-0.00903551166211403
0.0231128074639526
0.0070466321243523
0.00596832681621717
0.00184124382485185
-0.00347155394176946
0.0038935041781456
0.0271483556991894
-0.00894278616852151
0.00401044724304089
0.0183743159576593
0.00313787004754396
0.0095796086185882
0.0245933583383686
0.000378000378000509
0.00528998677498582
-0.0146588801852825
-0.00934581346557317
-0.00558330777018301
0.0102613355174701
-0.0128402069758528
-0.0161133378417139
-0.000789285714285604
0.00730645749025394
0.0109782791993052
0.0197789412449099
0.000760619889712766
0.000759965784534078
0.00303785847874916
-0.00548932403977576
0.0118005136695754
0.00790071482317534
-0.00783878283543182
0.00940556809631299
-0.020499422288483
-0.0317732490149686
0.0267243275048992
-0.0160765550239235
-0.0140050768333009
-0.00868019350325888
0.00258708457711432
-0.00198495430756351
0.0145186757064177
0.00744953959810002
0.0239346180956337
-0.0129228432710536
-0.0206006935040565
0.0133674073789543
0.0209505726663544
0.00817024495211394
0.00716166590347411
0.00187129494519622
0.0153156515630248
-0.00791024635926696
-0.00667531985907655
-0.0212805674817995
0.0110623307266833
-0.014336880374906
-0.0419138564593301
-0.0147822809671937
-0.0318329278183292
0.0167539057591624
-0.0300720706503
0.0214482480356764
-0.0143450733615416
0.00759333473950652
0.00816411974042275
-0.0132890365448504
0.0338804924242424
-0.015062120597148
0.0111593513362129
-0.00653993460044966
-0.03373791331541
0.0287417281511235
-0.00186258278145701
-0.0145138088326767
-0.0153587211310482
-0.00470079069873486
-0.0712753082320605
-0.0418399695718895
0.024607960805598
0.0357899920934779
-0.013184859596051
0.0230361667818475
0.0283719432560234
0.000656952076065309
-0.000437658633749227
0.0282399518388792
0.0174579515124982
-0.0123456787540137
0.0036016524660667
0.00527760196912808
0.00692990354745704
-0.0143900518375379
0.0148117018540712
0.0250208720813359
-0.00447520341741248
-0.00245196163571637
0.00102414993854971
-0.0253733993323798
0.00335922730717542
-0.00313877373637206
0.0224601180197339
-0.00390061597003932
-0.0169002267106348
0.00524109003687445
-0.00917628760841938
0.0298884878925905
-0.00980991211935411
0.00474714128488873
-0.000616228430566967
-0.0047277284798467
-0.00247829419571644
0.0213251143131494
0.000202675848259615
0.00243208350222934
0.0177921758550783
-0.00357568533969022
-0.0314991626794258
0.034787935990616
-0.0200915456534713
0.0150223717020856
-0.00400001999999999
0.00200809240980115
0.0162324041590218
-0.00138039837074344
0.00473937608095132
0.00884435910290171
-0.0114942524257062
0.0120219940078048
0.00136319382135119
0.00330614559728315
-0.00348904826516783
-0.00875318031511363
0.00981161714700973
-0.0120481735726423
-0.00826125098347763
0.0245934559537269
-0.00483933410762682
-0.0229527329313363
0.0105514234521205
0.0683609562001952
-0.00497881246542498
0.0176056526613351
-0.00783099617556005
0
-0.000550642437591731
0.00918273628681843
-0.00964518635768541
-0.00349132684642883
-0.00479437580674891
-0.000370576239196341
-0.000926765506454763
0.0200370679021495
0.0105493088395781
-0.0106191502768331
0.000363853004113901
-0.00436446610785712
0.00127853881278539
0.00182411528639181
-0.00619075040752914
0.00109924876880729
-0.00549046496139205
0.0119617592933381
-0.012729604919818
-0.0110517957072794
-0.0109890298191289
0.00282489652824469
-0.00657273239436618
-0.00321364827169579
-0.00720656172956569
0.0152818343947214
-0.00413926607189974
0.00585682977517465
0.0185950030580389
-0.0435183662179605
-0.0275689228372648
0.00832676463772319
0.0149429411139808
0.0154978499708998
0.00457844351691872
-0.0115837637675654
0.00768495691997995
0.00266918965359042
0.025860448754516
0.000185319737065592
0.0146404932290676
0.0168036164383563
0.00395187727508106
-0.0091250314747725
-0.00270857705473859
-0.00271587905124016
0.0103485835022301
-0.00826600149987422
0.00253674583324415
-0.00975964179433797
0.0118634420174586
0.00667391786929872
-0.00394196373513767
0.0239251304191401
-0.00404074153340628
-0.0137590229980424
-0.0028617420854945
-0.000538098654708441
-0.0156138367621351
-0.00474016425670598
0.00238140685107169
-0.00328947362409604
0.00330032997249141
-0.0056652228496854
0.00367581326961952
0.00183112979617062
0.00365565716789717
0.000910562739027565
0.00618631743424869
-0.00361665467661221
0.015245027776589
-0.0330711303730985
-0.000184840081346005
-0.000184948218012293
0.00628814499722585
-0.0119463701525454
-0.00948657029339928
0.000187755868544581
0.00375518226643567
0.00579874683499337
0.0132043890645339
0.00679144640234952
-0.038286200119825
0.00530803791469192
-0.0199886483120619
-0.000577294581926235
0.0234886604445255
0.00300978179082034
0.00937734433608406
-0.00929022668153101
0.0181920667666915
0.0243138695097833
-0.0014386261205066
-0.00540246723217119
0.0144848632989318
0.00232020350384077
-0.0181624109686609
0.0175916216465655
-0.00926752790469554
0.00323799244468437
0.0116549757934372
0.000177277567432688
-0.0129363636363636
-0.00430883295675344
-0.0295708443846168
-0.0174656075808249
-0.0155068075736231
0.000960430254313582
-0.00575705227869783
0.0131248984148833
0.00609638003061996
0.00227227793462825
-0.00453430946533151
0.00740184109701736
-0.0361718524426582
-0.0107505668491008
0.00592766240016473
-0.00216069534472596
0.00177165357818221
-0.00727056410435378
-0.00989707046714172
0.0029987604958015
0.0179390479545165
0.0156647542588604
-0.0221707735139921
0.00138012615575445
0.00826930481848209
-0.00605344671067076
-0.0123772490225049
0.0129301372588024
0.0106048904400979
-0.0101049360688873
-0.0194345900949076
0.0126126323801274
0.0015816132233446
0.0246742992499014
-0.0071277017915623
-0.0116414821179378
0.00451509628023361
-0.00879415707618347
0.000394341474874826
0.0049270790332252
0.00313787004754396
0.0185727460968623
0.0122841463448808
0.00587783443770062
0.00961360998329153
0
0.00840173621355977
-0.00833173517243979
0.00802839790835708
-0.00222268930458636
-0.00798217946876145
0.00149702472861213
-0.00803437967115095
-0.0141269542286683
0.00611387084447834
0.000379794910748243
-0.00930146165527712
-0.000191588430572653
-0.000574894595630537
0.0161073819326027
0.00585010357236837
-0.0106941653038305
0.00720654276502941
0.00828465433468928
-0.00392155002654615
-0.00562427821522327
-0.00150833330489553
0.0177493016946619
-0.0179963258628451
-0.00944643869261286
-0.00591266450505434
-0.00786646216167419
-0.000386772391931411
-0.00232151291006988
0.0137676750048477
-0.00420807200091944
0.00499421811382605
-0.00993885703363917
0.0268339773520072
0.0107162814573469
0.00167410720513783
-0.0311977727464354
0.00287525408760803
0.00707184633027524
0.00986904554695478
0.00977261811262187
0.00446679694770169
0.00778206396549819
0.000183912487293769
0.0211396499581011
-0.00414039611413852
0.0112075018076645
-0.00500534510199047
-0.00826444484369382
-0.0016304347530719
-0.00127018687588121
-0.000908412047448959
-0.0132752131923908
0.0182455222353675
-0.0114027330316742
0.00585865993882573
-0.0120131054243376
-0.0036845431776813
0.00573219283534798
0.00698659692933612
0.0149716998356764
0.00449721172872808
-0.000358166189111775
0.0179147259046937
-0.0123196233720521
0.0204918214627909
-0.00226996682381697
0.00227513129637957
-0.00139690937663706
0.00699424736832044
-0.00121548880013889
0.00886646383866463
-0.00120627263839856
-0.000862646667747602
0
0.00259024348126413
-0.00103343091571773
-0.00931036206896541
-0.00348069967770104
0.0103038774119413
0
-0.00380288690761921
-0.00294988716033506
-0.0057430909457552
-0.00315070885435487
0.0145741525096723
-0.00311528215845069
-0.0032985765034228
-0.00296112175579166
-0.000349423467874699
0.0173016075270602
0.00755889035490265
0.0226768619718034
-0.00116705568522846
-0.00834585211150063
0.00875273522975939
-0.00483899549474376
0
0.0142522302859192
0.0183500737857474
0.00470780859440945
0.0108256909165565
0.00175826403839086
-0.00175517797208158
-0.00287723780567073
0.00609164786643723
-0.00350536977391247
-0.0148704826531743
0.000811540321189019
0.00535196237431079
0.0029036295239997
-0.00176929392856018
0.00547858515181132
0.00641020812787785
0
0.00254777074120649
0.00158834182954792
0.0145892639614769
0.0139106439512349
0.00015406196296941
-0.00200365299030458
-0.00077224710424717
-0.00741879477985141
-0.00482717214532591
-0.00328585510874657
0.00675032956435917
-0.00171526594644933
-0.00249915663070099
-0.00454119942779196
0.0654397199937076
0.00546279320259302
0.000440513963010813
-0.00484359334405959
0.00958693172919167
-0.00511320694433337
-0.00807628511237246
0.0108067500751998
-0.00805500890531663
0.00605338818603052
-0.00601696516021388
0.00767749855259869
-0.0105494652014652
0.00651565239916541
0.00720903329102507
0.00306747010031372
0.00465996809844071
0.00376869122390766
0.00303247653429595
0.00691049534855326
-0.00757789512216489
-0.000288214938008013
0.00100879090659722
0.000863777726227921
-0.00215756626111485
-0.0164336161265555
-0.0313646036333898
-0.00453918925944552
0.00151995741723732
-0.000910563073464488
0.00592433522939895
0.00755058883191495
-0.00554560843007179
-0.0310474312297643
0.0234873538110538
-0.0268997556124732
0.00343590509817115
-0.0202334474708171
0.015567894907579
0.00109494759893636
0.00218748437500005
0.00779544758022221
-0.0151608758533552
-0.00298459000942497
0.0107137386054239
0.0123148865996918
0.00138584843283485
0.00230664312327611
0.00260813132862836
0.00550881424663552
0.00258709484990272
0.0047056013071769
0.0120863570906071
0
0.00313478140423284
0.00580355680670652
0.00355091010805797
-0.00265369297792428
0.00960829239886807
0.00380666161903376
-0.000437558355821266
0.00277253761524188
0.0052386640681219
0.00579040226431959
-0.00604497671078108
-0.00101361138180156
-0.0114509497449181
-0.000439868054539549
0.00410736406358692
-0.00394444137083005
0.00410676151364031
-0.00175289222542929
0.00921868652143321
0.00724952867551787
0.00878078294543272
0.0017122573712256
0.0034188747899806
0.00241338721143114
0.000141651322169034
0.00368159146070846
0.00874722102485403
0.00433563636363621
-0.0058487538183748
