0.0174388869046793
0.012535226400614
0.0159170532634132
-0.00497391208589681
0.0109973262183116
0.00692210118857584
0.000736508715934336
0.00736023097940275
-0.00170479781527533
0.00146369839162253
0.0146163949967453
0.00432172848395052
-0.0071719575820246
0.00288954979266931
-0.001680672188203
-0.00408855199189273
0.00652016421154311
-0.000719721689059427
-0.0156062897668048
0.00243897560975603
-0.00802914880920425
0.00588663232769182
0.00902226330271949
-0.0130498063545237
0.00269346229187062
0.00708183132889295
0.00606207536071413
0.00265114472638506
0.00961543315458813
0.00666664285714269
0.00070960266579001
0.00803594875830904
0.00140672912512407
-0.00398028574058285
0.000940314975545142
0.00516667425238726
0.00350471970805422
-0.00628640264758085
0.0049203139643863
-0.0151549782036602
-0.0224905529123791
0.00193746665203531
0.0244138753786289
0.00613492198832177
-0.00328327868863232
0.0204705647058823
0.00253633854130353
-0.00850963661453541
0.00811871936630215
0.00115046021975296
0.00298784201277136
-0.0139780021534832
0.00929586356718248
-0.000690720699976999
0.00345615191446291
0.0151549946074627
0.000226238412717406
-0.00158297147030828
0.0101924344193687
-0.019955135423997
0.000228826360760159
0.00114361845508659
0.00868179118117429
-0.00702156253582953
0.00433391879562017
0.0247558488475097
0.00421103732737227
0.0119178324449827
0.0279171876954063
-0.0150647779532193
-0.00387755294603853
-0.0237889911855972
0.000221599473229972
0.00155036537982878
-0.00110577175794413
0.0137259913095413
-0.0251146969837366
0.000896079769177272
0.00447629811996419
-0.0104723928147863
0.00810628236883604
-0.0214429081974538
-0.00228262948453251
0.00571951511598057
-0.0252502508018712
0.00396737474760211
0.0102277777777777
-0.0177174417330291
0.00491925521010206
-0.0109557570649997
0.00659908083902905
-0.000234090382441932
-0.00117093674072744
-0.0063306210395957
0.00660686629054097
-0.0295358180965775
0.00144920282854089
-0.00747701416973023
0.0138517368723337
0.0201342277053156
-0.00258458640543735
0.00824494680223919
-0.000467289730544218
0.0168303182989791
0.00413793103448268
0.016254555860806
0.00765940544400534
-0.00782470377822486
-0.0171248756844328
-0.0126088723660907
-0.000696517297422927
0.0213754177189729
-0.00909913578478483
-0.00390270881766042
0.00460938014771561
0.0178939894471208
-0.022988528802987
0.00346025390820093
-0.0259770344827587
0.00283226346075671
-0.00141214396742084
0.00966297431062935
-0.00210084033613456
0.00514622222222227
-0.00209448447534366
0.00396450550455918
-0.0067363764630981
-0.00935446722892752
0.00472143520487656
0
-0.00258458640543735
-0.00518259116177655
-0.0272317783566184
-0.021421639658148
0.00547256205292124
-0.00123698670148376
-0.021302973032028
0.00253108086717679
0.0156525873352036
0.0129256773552076
-0.00760738650306747
-0.00222554407085918
-0.0109045358564827
0.00902029566524698
0.0114228954556741
-0.0036827399950895
-0.000739354325315245
0.00493220727329735
-0.0103066993865031
-0.00123984620680162
-0.00819260199087879
0.0105130911010489
-0.00272482047869249
-0.0166417792668544
0.0133871937357917
0.00124623632218923
-0.00547664951340054
0.00275344173333059
-0.00199702940596536
-0.00450227613806897
-0.0183416838779318
0.00819040184284625
0.00660073639504266
-0.00907946990771913
-0.00661751064857441
0.00435567523329938
0.00510206619637588
0.00888319751861943
-0.0113207798742139
-0.00203557257087961
-0.0107088727509213
-0.0046391753772983
-0.0132055415123135
0.00341120431878239
-0.0282427286483928
-0.00161469321851448
0.01886795249962
0.00343917998516341
-0.00105460058001572
0.0213777255576069
-0.012661550060425
0.0010468725738515
0.00836601307189544
0.00725947627689916
0.00102962682263219
0.00282851640083592
0.0128205128205128
0
0.00379751898734182
0.0166456233722259
-0.00421736531338701
-0.0054808421893584
-0.0015029309370207
0.0022579026026619
0.0102628282787778
0.00693751221661287
-0.0108267227073505
0.0101990047214178
0.00073868503475305
-0.0046751477528334
0.000741631625670314
0.00518772233201581
0.00172029987024591
-0.000735966670067256
0.0100662656518538
0.000972314073220959
0.00169985429820296
0.00242419393939386
0.014268465019031
0.00739153570318396
-0.00331358579881669
-0.0118736639308082
-0.022831073712303
-0.0634529758976881
-0.0428046458611006
0.0296295739470624
0.0317080210953378
0.00439044410148637
-0.0228850353017495
-0.0278947631578947
0.013535463279249
0.0098825323152385
-0.0298862991302222
0.0160850599781899
-0.0206600482962169
0.00684931506849318
0.0130612244897959
-0.000805774912704726
0.0145161555237592
-0.000794992008744333
0.0127287195101755
-0.0010473160787462
0.0133682299675895
-0.0134506207966889
0.00786575794089561
-0.0111862906135871
0.0171008164746547
-0.0165545783755818
0.0189374539715936
0.00413009787660834
0.00976855990907133
0.0150203669811704
0.0168046655832621
0
0.00518004427281604
0.0117791411042945
0.00436575309240839
0.0120743781695243
-0.014555022667621
-0.00847452805023063
0.013430988683004
0.00433734939759045
0.014875215930902
0.0108746811081486
0.000701660463127141
0.00981533045535588
-0.00416570248011361
0.0046479434033917
-0.00254455239417062
0.00533392869512817
-0.004382883708553
-0.00996292863762738
0.0222326234495671
-0.00984432234432231
-0.00184975722543357
-0.000463192052962302
-0.0296640310700333
-0.0241222360669271
0.00685261853028352
0.00486147313712859
-0.00677307692307705
-0.00219191421841403
0.0202586765863149
-0.00478471303312711
0.0161058180820106
0.000473172462739369
0.019153392784266
0.00278429247258916
0.00277646916296925
-0.00230729118597151
0.00832553152980897
-0.01949536786676
0.0215204210526316
-0.0302267016362125
-0.02054304701502
0.0294117888138863
-0.000936791547147875
-0.00515707923112974
-0.0073043828299808
-0.0033230238945402
-0.0138128595468988
-0.0028978266119295
0.00653911342845448
0.0182867897428587
-0.00756143667296783
-0.00738097619047617
0.00503725126018839
0.00405723130991742
0.0076063465652485
0.0016513329004797
0.0105982338812582
0.0153810300629225
-0.0075739729171449
-0.00740064720626044
-0.0237650523655663
0.0210023140333024
-0.00537634421169564
-0.0260869571348286
-0.00892854751275451
-0.00121743364986604
-0.00804488054607511
-0.00466942749249022
-0.0209876049382716
-0.0211853961571049
0.00592630749996625
-0.0417520737256128
0.00855386260358193
0.0227935329976148
-0.00958795024617776
0.0426477487533294
-0.00953568429288243
-0.0149480614403836
0.0151748967290408
0
-0.00506716480701386
0.00636618283677115
0.00151826923076914
-0.00859019663515947
-0.0405198756106077
-0.00664010588897179
-0.00267387686235954
-0.0463806714847365
0.0140567894292944
0.0302190185749929
0.00807317007535002
0.00560595316620249
-0.00902564422753616
0.0101793994010502
0.0053036596474052
0.00685829596412568
0.0235787803813876
-0.0117737138469415
-0.00388505558443253
0.0473218941061333
0.00471703090161468
0.0135902887672279
0.0114578742077034
0.00265114472638506
-0.00624995222355529
0.00919208998548626
-0.00767015801365878
0.0263285011435506
-0.00235356543405185
-0.000943642390744182
-0.000472160589004011
0.0151192763940811
-0.00511987421177862
-0.00327483040935683
-0.00117343343878351
-0.00892859471502361
0.00331910858226658
0.0148866020793952
0.0207217457340689
-0.00387778284671536
0.0116785441574785
0.00995923494794027
-0.00515463929078075
-0.00608245113950112
-0.00158658208491802
-0.00908052234007994
0.0107673992775532
-0.00339977342247888
0
0.0127359105586555
-0.00291931288837433
0.00968468424843771
0.00646881523672471
0.0146276598986625
-0.0163827002267956
-0.0175437934164733
0.0149186250036788
0.0198218031259776
0.000218344611960131
0.00436683415648109
-0.00760865217391304
-0.00525743679047386
0.0132129046465537
-0.00782429940553364
0.00503831303227553
0.00501307748445767
0.0106266967983801
0.0148069319659627
0.00972719370422515
-0.0165445235602093
0.0104344550773947
-0.000210790301142461
0.0137015390746531
-0.0122686629236848
-0.0134736631578948
-0.00725567632830382
0.00687876182287184
-0.00640476088812991
0.0154704981635048
-0.00359708013529747
0.000424739859842704
0.00997667140783975
-0.00105092471412682
0.00547027152262292
0.00460341065906245
0.0093730685012734
-0.00288896002659844
0.0142797599337749
0.00714146121777026
0.0103322121083427
0.00100258674559028
0.00120196318918109
-0.0126050820328131
0.010739676220453
0.00902167183196334
-0.0093383862770362
0.000601644592827189
0.00160356788141036
0.00120068038421683
0.00119930044371985
-0.0389299460970254
-0.0253427716107764
0.0221654101519784
0.0239783574641024
-0.00142537158571832
-0.00611743462240144
0.0164136021167993
-0.00343161075027021
-0.012558213744343
0.0164102358974358
0.00726540882473059
0.00360649168503313
0.0111799161509283
0.00612037488172268
0.00726065555848998
0.00564965884863988
0.00174351030111408
-0.0021272674942423
0.00348839160807723
0.015256875536054
0.00798938558112994
0.00396299286797541
-0.0127819734439478
0.0211348248286367
0.0160358192050005
0.00220222051010377
-0.00750778231994531
-0.00258302578260106
-0.0011098963908639
0.00222220370370363
-0.00683664092454994
0.00911631627906972
0.00294985239860424
-0.00680152548523816
0.00592261717421105
-0.00331186764717084
-0.005353461523111
-0.00538234956602912
-0.00317227094607209
-0.00187192069906106
0.00525127531882963
0.0041045150785266
-0.0117057041991825
0.00225610081323735
-0.0140686547726757
0.0114155058710901
-0.000376241534988608
-0.000564508855184664
-0.00169461491819578
0.0181063749528478
0.00277882549092268
0.00794383875958182
-0.00953079161417181
-0.0471872493118569
0.0192269947862889
-0.0253429496951219
0.00684258037761176
-0.00466023300970864
0.0040968202925018
0.0184572951533457
-0.0028614651988349
0.019514080734647
0.0206417335214537
0.00202244901677595
-0.00293577981651372
-0.00828121089436884
0.0115048990815532
-0.0132085310294821
-0.00464770394780245
-0.016996637710186
-0.0277408886995841
-0.0132889588934516
-0.00554571180250685
-0.00816570420565044
0.0060240764261863
-0.00758477076186703
0.0092517898380573
0.0205260860900758
-0.00663932838584913
0.00648716348510248
0.0169921676368718
0.0046091991549837
0.00764668308838301
-0.00588118015331407
0.00782440809830498
-0.00321912510473155
-0.0106382410835533
-0.0207373647950321
0.00137254901960793
0.0213432543567651
-0.026457074386503
-0.0183143170207624
-0.0114342833072932
0.00121755278444713
0.029995946493717
0.00452575757575757
-0.0483838794982151
-0.0323179072738613
-0.0134013407105442
0.0310478432288088
0.00460060644081972
0.00208155699247392
-0.00249270881787933
0.0197834443981675
-0.00122526033846737
0.0169699856879983
-0.000603196598182532
-0.000201126537942686
0.0183098587865218
0.0163998811223103
-0.0104976090687715
-0.0186640660642803
0
0.0130129526924334
0.00197634395163426
0.0358974154655343
-0.000761614623000839
-0.00171495807926814
0.0106891011774977
0.00472143522716828
-0.0270677250551179
-0.0085007344861181
0.0226032735775525
0.000190586890243871
-0.000762068936480453
-0.0104861580460218
0
-0.00289021183467397
0.00560388405797085
-0.00941587222490636
0.0139670419780222
0.00994836426248313
0.000189391926702198
0.0178030874583917
0.000372087816446376
0.00651047271244298
-0.00757715750180821
-0.022905027506424
-0.00419289109599985
0.00842103349282297
-0.00740178416021608
0.0043977056290192
0.00609173817041198
-0.00170293289320456
-0.00360117526918791
0.00494582461479931
-0.0189286383142669
-0.000771773074598858
-0.0164124731335688
-0.0331762668468054
-0.0103552893401015
0.00225679104403809
-0.00839301979091178
0.012799380941358
0.0234406436314587
-0.0163314084113008
-0.013363008976777
0.0131335727477939
0.00101274055119993
0.0139620199903689
-0.00279385346649652
-0.0010006603762126
-0.0102163064990508
0.0143695405788302
0.0013966480725589
0.0111576212623554
-0.00807881773399011
0.00437030194676202
0.0102848297016449
0.0103758609876325
-0.0108506488887686
-0.0011752595724831
0.0011766424327655
0.00176297750760002
-0.0107547714265697
-0.000790689859656135
-0.0122650645354118
-0.0126176847586621
0.00202845845899513
-0.00222674080053686
0.00142016633353292
0.0271474872944188
0
0.00552266261296519
0.0103961945861124
-0.0213550386858878
-0.00198371354889892
0.0109322200172486
0.00334246945846495
-0.0227317268808882
0.00862241846044554
0.00675944347434299
0.0106635270668152
0.013677237202032
0.00693910934967024
0.00497699062109547
0.00323805714285719
0.00740465188550044
0.00980024482095287
0.0115714628006174
0.00701108843152976
0.00641256847150729
-0.00655379574003279
0.0126442734102987
-0.0126673366872001
-0.00476543246397665
0.00423572751815326
-0.00330095366405558
-0.000183955848535589
0.00956939639308052
-0.00747356894871354
0.00826448102360922
-0.00892535486610735
0.00643260430068016
-0.00292184086639313
-0.0142856781789625
0.00538835005574123
0.0101644610947245
0.00256126966703252
-0.0109488688129356
0.00793357918941728
-0.000183086213013217
-0.00494326263169653
0.0119595588577575
-0.00309087272727271
0.00911909505310615
-0.0101211274129359
0.00858137666605785
0.00307744376982466
0.00505322144017328
0.00323217818696664
0.000537014507553613
-0.00196781746090102
0.000716992279673923
-0.00519435768603416
0.0066618471973019
0.0173493292791989
-0.00826302728088912
0.00124091473143051
0.00495747167138827
-0.00528539483035217
0.0118668439933907
0.00350080511988793
-0.00244205468543335
0.0111908202691173
0.0117585332264039
-0.00649456525361702
0.007913280441884
-0.0157023724185015
0.00658923206482509
-0.00706287695198748
0.0152671931864536
0.00922763157894724
-0.00575685733564413
0.00800405299720608
-0.00844737300975462
-0.000851933904445934
0.00937926346144713
-0.0111505323728761
-0.0213565696455932
0.00820532486391978
-0.00813854545454551
-0.00593575429357107
0.014928029766913
-0.00415300217766046
0.00920943543370001
0.00757572287962383
0.0273410628844839
0
-0.0158017467698228
-0.00304201463721532
0.0222071021458856
-0.000497495862313291
0.014435025717604
0.00032713445088528
0.00637670045781569
-0.0120227134365998
0.00871565517652284
-0.00228234431040109
-0.00130722220086243
0.00392673435744006
-0.0115710395767431
0.00214339646682937
-0.000658061873281657
-0.0131709412851188
-0.00383717056785393
0.0271311845106545
0.00913088181539612
0.00581678794339613
-0.0152610602409639
-0.00114190866463149
0.0140454025804346
-0.00628118859719762
0.0179902752351657
-0.0085973728928932
0.00497835233659871
-0.00239696380962084
-0.00400448502322603
0.00450303956256026
0.0144092541532059
0.00662875620851078
-0.00423331772081081
-0.0058258386340998
0.00902755795102239
0.00408102345127959
0.0181334372653832
-0.00721622941269295
-0.0100526130496373
0.0199968592408417
-0.00137852655263415
-0.00260733140831271
-0.00430568974789625
-0.00200767567567572
-0.00402355289274747
-0.0105655840496335
0.00533914886934683
-0.00562319613979378
-0.0117813383600377
0.0101732474964236
-0.00141620773274909
0.00204855030016615
0.00157255857839278
0.00612345746778842
0.00764666018580962
-0.000774399876103282
0.00480478943605633
-0.00169676070656299
-0.00339927374228555
0.00899227906976741
0.00199749532890303
