0.0114111064506996
-0.00162966033457412
0.0190859495113755
-0.00172507384302245
0.00666503357189696
0.0117704637511149
0.00412026190451753
0.0148442551913559
0.00844341816831573
0.0073112615337998
0.0113556663862249
0.00173633524408312
0.00473764727596881
0.00793561844516222
0.00844361031998653
0.000792034423807486
0.00260037318034056
-0.00496168245376638
-0.00226651183740956
-0.00238526803287986
-0.00478194227981454
-0.00148730115605533
0.00171861825983766
-0.00411757977810834
-0.00160790168829661
-0.000920303692626301
0.0130109962696832
0.00204593082362137
-0.00113436927702504
-0.00669994337269908
-0.0100606492504784
0.0105093433657164
0.00948573714285716
0.000452858588184002
0.0204820294053856
0.00166336216455965
0.00542453215045868
-0.0225721537106363
0.00202771213341357
-0.0136031370523824
-0.00341914755913253
-0.00674752958034019
0.0298215781190923
0.0326475730624423
-0.00703770022696293
0.00152654019765075
0.0117583236093266
-0.00376625416980536
-0.000756102813650794
0.00172949947617562
-0.00269774474366558
-0.0128759470434094
-0.00449416843710948
-0.0306099867870512
-0.0258973077476453
0.0115438196934743
0.0192506974063402
-0.0186609481714759
-0.00702999909058433
-0.0190344350494691
-0.017983874277705
-0.00698797590361433
0.0245086635406131
0.00213170293387721
0.00189075861885768
0.0268931236953658
-0.00895932710680736
0.00579508583443533
-0.0147499310296144
-0.021637403508772
0.0225941297646353
-0.0116904370856858
0.0193990889590834
0.0165931886748665
0.00159797966444497
0.0121937321937322
0.0182391578473318
-0.0102830603652575
0.00770857987468254
-0.00454541035073419
0.0197126292492189
0.0089558652021815
0
-0.0115825831862715
0.00339508275972156
0.00709445512679152
-0.00704447839095523
0.00785846950910929
-0.000758057212824625
-0.00119207763711104
-0.00217019304816879
0.0107655286077155
-0.00667019924702095
-0.00281600773711665
0.0051048224177257
0.0128593255580363
0.00853511121726958
-0.0174547976034571
0.00473732788772585
0.0354693206172312
-0.00972777635499666
0.00282158004344057
-0.00145893081970538
0.00219159883114184
-0.0120795169434502
0.0115947925078066
-0.00896113359423634
-0.00693937538703215
-0.0206458132550285
-0.000108129729729733
-0.0048653585223345
0.0196653300775169
-0.00649973375598789
-0.00793648665672431
0.00854055135135146
-0.00857544207765637
0.0057303385388765
-0.00193507854015529
0.00721678187060681
-0.000320810601629584
-0.00171162810082492
0.00321477711101581
-0.0151677628123982
-0.00477218019866088
-0.00904535725707578
0.00549873529088307
-0.00251561850596094
0.00230270840908031
-0.000109419095966734
-0.00437638940095431
-0.0019780219780221
0.00649641048227267
0.00492284192439141
-0.00141517525130441
0.00294338810825079
0.0138043152173914
-0.00171540693841776
-0.00483296096194863
-0.00312973221973967
0.0138573017043206
0
0.00234918307850118
0.00340895908994487
0.00817493347117648
-0.0128475254090935
0.00949433559834301
0.00982776106396788
-0.00544157608709861
-0.000841771876664898
0.002738016035573
-0.00640621711398637
0.0135292039580468
0.00114715821406985
-0.00322914583333322
-0.0111819310025724
0.000211329521940584
0.0145815512952403
-0.0111435121165439
0.016429753020424
-0.00227956683702069
0.0132931663382161
0.0165009736599366
-0.00403308126638435
-0.00364447260219147
-0.0059946760007048
0.00725747710809621
-0.0109600364221633
0.00441206653408655
-0.00776383703916472
0.0111191396412789
0.00804399763816321
-0.0112121313131313
-0.00500558795592598
0.00225873711994384
-0.0200778420381732
-0.000104557804534444
0.0146367064372879
-0.00597632129903192
-0.00300612622570606
-0.00499067373674367
-0.0163009200512304
0.00807311459606019
0.0147523811432586
0.006542024718317
0.00588053234292785
0.00841025641025639
0.00915379373474368
-0.00413226159915081
0.00728672213919102
-0.00331560336899039
0.00594762114760949
-0.00771624403531168
-0.00686730984247563
-0.00844004508602991
0.00646084490901777
0.00417774611960198
0.0012176052394437
-0.00496602827538317
-0.00366673456915878
0.00102226538540195
0.00674023706577276
-0.0004057719536259
-0.00750962038248815
0.0210633735870129
-0.0194272279248223
-0.0188929538172582
0.00343501613406905
0.0123443358434785
0.00471366962654662
0.00968890332415384
-0.0104040303030304
-0.0294988156629702
-0.0294489160822692
-0.0373861837601451
-0.033547269311105
0.0370413637050988
0.0258340225298666
-0.00109491949863305
-0.00120574368500237
-0.0431299480971262
0.020071108611742
0.00685856741941593
-0.0211055157641927
0.0378735894194118
-0.0112112988169499
0.00633614947016636
-0.00198830224222146
0.00343116775719254
0.0144495581535602
-0.00217466562819757
-0.0212487421133948
-0.0266087731017589
0.0164703534255974
-0.0121526045183097
0.0018224854559461
-0.00170544633446656
0.0169703638848395
-0.0217269904611156
0.00572409858555467
0.0153670919833144
-0.00156949556848085
-0.0101054796789911
0.0275634288764324
-0.00706478671221056
0.00678155664641089
0.00452741838620629
-0.0126415410284541
-0.00122468269873077
-0.0120388140902776
-0.0274173539687698
0.0118329934512642
0.00447145145068273
-0.0102728226198742
0.015107807808878
-0.00499880725967317
0.0216944617105628
0.0196691432833322
-0.0100832751004665
-0.00763953720106281
0.0367064722762402
-0.00828665536561901
-0.0205100375364072
0.018502082461731
-0.00184921135646698
0.00501306658646317
0.00455430487362496
0.0276338301773944
-0.00598739514666158
0.00708027075177875
-0.00199372501593742
-0.0194511510939843
-0.0100793692884545
0.0110484835355287
-0.00107133066515241
0.0200558026609996
-0.000105172956522126
0.00294425873699811
-0.00503244930905167
0.00263435189390204
-0.00451919065645423
0.00802366967880408
0.000314191443835599
0.00879484852277557
-0.011728043834521
-0.0143877650242831
0.0355887487605488
-0.00720242808514404
-0.0168929115326545
-0.0137044379748636
0.0084437795734027
-0.0209856390246028
0.00433034520958064
0.0223132377594017
0.0227752434742827
-0.0136082474226803
-0.0201714046822743
0.00757332266666655
0.00116452467885364
0.0169186634239189
0.000727877731680815
-0.00311716548456276
0.0105273606310743
-0.00876739583602049
-0.00822060370906574
-0.0225579062544938
0.00139541642784824
-0.0181155856135108
-0.0253275005530021
-0.0147849464021612
0.00363801732194213
0.00815587911368243
-0.0291010786516854
0.00532344611394753
-0.00621619640096027
-0.0115834585524509
-0.0135943275848041
-0.000475240595823712
0.0191370623726517
-0.0351060773292764
0.0207904501103426
0.00710486703747315
-0.00164607871912714
0.0204922614301137
-0.00646285039901096
-0.0265999896201644
0.000596599023988009
0.0124031129970927
-0.0155495230951765
-0.0215388656216344
0.00525865251040658
-0.00839410006304497
-0.0409766153606522
0.0353076892748545
0.0289138391202273
0.0094872226307392
-0.0176064244017707
0.00290624841593012
0.0196812001931901
-0.0194197638633428
-0.00615861625790637
0.00777641526938955
0.0124186035105232
-0.0316780155808264
0.0389866569668345
0.0137310127699688
0.0109762145139678
0.00831601967391982
-0.00389466195092814
-0.021734119385167
-0.00528972610791112
0.00614507186911828
0.0147991897439417
-0.00671298595571801
-0.000349557212770746
-0.0128219954211214
0.00602190327023466
0.0112676881901768
0.000464171287642978
-0.00406031336636814
-0.00582411195862809
-0.00644399546441699
0.000943325438325759
-0.00483030177298438
0.0104178642071995
-0.00913881685152473
0.00851366914981688
0.000351729389708844
-0.0278949601500232
0.0103689532102977
-0.0278043188136879
0.00429604757216095
0.00122217061843077
0.0114746462762363
0.0278783124803488
-0.00563574041647863
-0.00625809407821254
0.0100997856416452
0.0148217265069586
0.0170395392502447
-0.00262133582451185
0.00662774524905174
-0.00431373614774599
0.0133393913275499
0.00123763505527563
-0.00898972938509324
-0.00464908709266165
0.00148103214264106
-0.0118302918061521
-0.0172671802486297
-0.000234332895595601
0.00304631524420196
-0.00724217956731477
0.0188257211160305
-0.00288716955247348
-0.00185309251114618
-0.0167092364817824
0.00837855813968735
-0.00257453490606907
0.0369587456191924
-0.00565738874148181
0.00352759456739626
-0.00419550959982984
0.0137781712593943
0.0134786477982549
-0.00820131857914264
0.00838082486044978
-0.005540780264645
0
0.00300873641650856
-0.0159982442840075
0.015355086372361
-0.00922942288446582
0.00448936037013148
-0.0130726033519554
-0.0150571942701868
-0.00758625287356318
-0.0223533945959413
-0.00225095357180649
-0.00415575867779916
-0.0022654464433487
0.00406306166347981
0.00607000735789121
0.00272096300391533
0.022534166528217
-0.0644974746624548
-0.0394672535898555
0.0139959430147383
0.0173482966018956
0.0130694928090362
-0.00565178775834607
-0.0259483257135799
0.00697697559363264
0.0013857521309808
0.0142156878655348
0.00545764058083686
0.0157907479839809
-0.00291471959750889
0.00925704042039066
-0.00965487557742128
0.000365561792970093
0.00341097592452067
0.00279221793885331
-0.00181599278004829
0.00460891466133106
-0.000845104410356012
-0.000845819215905652
-0.00084652313831135
0.00484136995250428
-0.0044566973424488
-0.00278286744627054
-0.00922099027471468
0.0268184410081587
0.00035776983560587
0.0305198508769617
0.00057838962104606
-0.00277486421031015
-0.00997102608695644
0.00128821877606522
-0.00584795321637432
0.00741172941176482
0.000467137701756659
0.00128400843431797
-0.00373047334728938
-0.000468066937374889
0.00128776636122141
0.00210452475277112
-0.000466701673861758
0.00233459793007107
0.00954930675849641
0.0141884412460851
0.0108053346407035
0.0138403843645645
-0.00122086573187274
0.00611182367178187
-0.0117075103632924
0.0105050845829766
0.00331788328506688
-0.00881837512325412
0.0108986212388482
-0.0107811218750028
-0.00700619455084961
0.0115354349699244
-0.0102967338352523
0.00805461470024182
0.00277438682971498
0.00420536737267185
-0.00815514675237261
-0.00655551111111108
-0.0183425447559536
0.00888693205720403
0.00971203806735055
-0.00469752803053225
0.0123609172347661
-0.00765894139899836
0.0123042279126571
0.011270685082873
0.00327800491514418
-0.00435637116096699
0.002953445700141
-0.0128694511316513
-0.00143636059139629
-0.0269970688315025
0.00102339092509918
0.00204475749227262
0.0187053850890533
0.0193634206614353
0.0185590069554369
-0.00407293663216701
0.0010761838371971
0.00129006669393883
0.0122396393841491
0.0121977196881389
-0.00345805302315838
0.00525762366472393
-0.000313786617443301
-0.00837085905618906
0.00137179491521988
-0.00263435189390193
0.0184891702379468
0.00248959538403337
0.0477028254108323
0.0467160790123455
-0.00047181542351904
0.0204852072123098
0.00629048115246045
-0.0116749127750958
0.0287414746769328
0.00578661854948681
-0.00476446430716404
0.000451657487595236
0.00343081431146963
0.00836783343861636
-0.0202551708753457
-0.00491804175998067
0.0117151654454482
0.0186357606419778
-0.0134990766163247
0.00378104062331586
-8.97040358744938e-05
0.0105839090606137
0.0190822937620003
0.00174183069151734
-0.00825940727506724
0.00552289822039098
-0.00435919802160067
0.0125218917475103
-0.00665913707495824
0.00818389336423575
0.019602736970568
-0.00364191581265338
-0.00178509862109055
0.0045133185727666
0.00296709904176917
-0.0105654637911498
-0.00820092274390771
0.00740741614827578
0.00863544809024841
0.00847673130052784
-0.0133647473029777
0.0142273474414896
-0.00713990742192594
0.00397631989787617
0.0224151347841093
-0.0280227638997318
0.00729247010938683
-0.0409125427989515
0.0209777933819011
-0.00610384284731769
0.0150505750795729
-0.00357902008656186
0.0147952108098861
0.0198044658754604
0.00512350210522272
8.22330037548724e-05
-0.0103584512525358
0.000664578850255282
0.00564502744184825
-0.00932802550212997
0.0179151901022383
0.00204649633115594
-0.00767913544059684
-8.23413181663124e-05
0.00765684182164383
0.00580111941989636
0.010722989613696
0.0135026525237525
0.0131641873618429
-0.0062617641474364
-0.000787633906644825
0.00543908241022328
0.00164640529251892
0.0029743033347791
-0.00983301084620725
0.0098518917840138
-0.00702413146709868
0.0284524319314841
-0.0255254401746073
0.00250960705027659
-0.00187754045407895
-0.00148909793836816
0.00117740186534698
-0.000548804377527246
-0.00800128628801489
-0.0004744346075789
-0.0014240585217713
-0.00784343204053695
0.00391278438282883
-0.0108972557198754
-0.00450339371939512
-0.0411180544380156
-0.000421187879221185
0.00530970913932216
0.00100606137664361
-0.0100502929639817
0.0175126907998147
-0.00773261015380255
0.0183509558689778
-0.0106146713619244
-0.00332669666212071
-0.00575762702795812
-0.00721780096990676
0.00820019436807673
-0.000754687225311246
-0.00671305709009085
-0.00287238313240556
-0.0171990088723122
-0.0017241120689655
0.0225388681552969
-0.0168904647617443
0.00060131429941368
0.0201751282578522
-0.00555418655972073
0.0227638406154496
0.0020685090015844
0.00734868295476288
-0.0080328114754098
-0.0104941086719743
0.0116910396659708
-0.00404455626835232
0.0147521791893859
0.00824889728440215
-0.002673098485373
0.0045483835798803
-0.0139068644890039
0.00401769435895116
-0.00579827698974955
-0.0076392312738498
0.0110090308916322
0.0039299492707543
-0.0442831582706779
0.00145062716186306
0.0119291154402767
0.00580999484994948
0.0142319384068299
-0.00156832849247501
0.00405090942502406
-0.00107037466620941
-0.0202769452687108
-0.00134615512917591
0.0120471780635345
-0.00807452779675011
-0.00486742179028465
-0.00362624382482291
0.0148116798169839
0.00925771460787805
0.0178497311321424
-0.00267924011819831
0.00789646720600667
0.0012923269734646
-0.00806646762872898
-0.00374074161388349
0.0104481183503695
-0.00646258173953806
-0.00536625750656572
-0.0128341369601219
-0.0100198656836723
0.00694265143598538
0.00614725052701237
0.018824297750389
0.0149918798218496
-0.00303390818363281
0.00904938714544601
0.000634936507936557
-0.00055520303687806
0.00420600739296861
0.00521571040607149
0.00149372645032386
-0.00133446896408251
0.000786032064250541
-0.00117814954445483
0.00149408667915507
-0.0140546559826111
0.00660987497013621
0.00435122619697426
-0.00559274530742992
0.00712928560090753
0.017225129913679
-0.0152323588458617
0.00243402165174289
-0.000156622544945972
0.00900901670177801
0.0125000074728259
0.0020703089618801
-0.00130087242964572
0.0127193553260039
-0.00801995169887182
0.00953397902880049
-0.00475978388667442
-0.020800053770593
-0.00728740184171628
0.022256860079886
-0.00427805978356255
-0.00184126137306317
-0.021521928292609
-0.00149255298917794
-0.00401229640459211
0.00718802539001628
0.00015682691307628
0.00109777308161041
0.00164485786237734
-0.00258049740179456
-0.0100353270865858
-0.0038013464116895
-0.00302088398902234
0.0098077901345095
-0.022504722224453
-0.00185800951726312
-0.0230657093406557
0.00662747913700179
0.01859925078431
0.0215723120684894
0.00680165285033763
-0.000864108384977746
0.0078622531981718
0.0117793507796342
0.012181974067432
0.0131017749322195
0.00263162406015049
0.000599827494570881
0.000674593455161299
-0.00816365314069345
0.0142717971751309
0.00104228702132203
0.00230549593828311
0.00259695028279427
-0.00695679421835382
0.000670822810372451
0.00945847145427958
0.00110675083183742
-0.000589586548904175
0.00818523701655294
-0.00168224106434878
-0.00893839076348479
-0.0112368149260941
