0.011035225083202
0.0135134959543746
0.000341880341880429
0.00358851674641136
0.00629998297292689
0.00118443320421102
0.00743625173014206
0.00268409658305502
-0.000167341475656668
0.012717570706746
0.0156973066754791
0.0126891001677387
-0.0094779116465864
0.019948086279598
-0.0174908255285551
0.011490516078807
0.00496001600000007
0.000159194393262396
-0.0162368831582299
-0.00922328493888813
-0.00718600359300992
0.0169435595172964
0.00679395017793594
-0.0025706940047977
-0.00209408820573165
0.0121065373348419
-0.0108453108318132
0.00209613028055466
0.00353977462462507
0.0137886967097753
0.00585162106594983
0.0194968245124787
0.00755715654269928
0.00811264325386074
0.000607364096456786
0.00485582686325259
-0.00347331616621382
-0.0109107595366195
0.0091926769967523
-0.00561716992786532
-0.0146564732824427
-0.00123957233902128
0.0237356348702396
0.0197000005970602
0.00148607517482424
0.00890338342340669
0.00279455810544382
0.0206804928131417
0.00603543647279414
0.00885580606039693
-0.017414626252922
-0.0157061090574609
0.00483093265498291
-0.00670161723050133
0.00337348195951881
0.0232421562203096
0.0017143285714285
-0.0146892035928748
-0.000144651911689331
0.00217140989660081
0.0106889783032365
0.00900381579242793
0.0116147312072163
0.00756092152228827
0.00694830471023211
0.000138034779713525
-0.00289773695463313
-0.000691987249045511
-0.00166186126106993
-0.0106810381845494
0.00168258553000578
-0.0176372055532698
0.000997435166714133
0.00298930960854094
-0.00936696011023208
0.000286489959033132
-0.0433972930392437
-0.00434198226767513
0.0165413233082707
-0.0085798967035472
-0.00119359897912252
-0.027039213413827
-0.00245656390863958
0.026165876155674
-0.0125993104124589
-0.000911514479370545
0.00395320072768124
0.000454323799096157
-0.0187707847039293
-0.00647945078679413
-0.00496894394506397
-0.0190387166342473
0.0111358572838713
-0.00770926671319594
0.00729346757570948
-0.0245552970967305
0.00209774080849212
0.00257648961599011
-0.00738835552163053
0.0194174922235841
-0.0146031428571428
0.0188466166608694
0.00126485375494068
0.0243170843417941
-0.013565607511996
0.011564322188957
0.0013903444435186
-0.0141931194075902
-0.0133020809608112
-0.0077715782358696
0.00783244872390587
0.0118953213623365
-0.000783683397863388
0.00454903529411776
-0.00593380690297007
0.0119383914546027
-0.0189381719633087
-0.00126585441035043
-0.00807981635107446
0.0186870784429471
-0.0172467704177919
0.0105296745373324
-0.00473632775497324
-0.00523480321645287
-0.00095673737771873
0.0119712685723459
-0.00772873792653828
-0.000158925449054159
0.00874402197952229
0.00472811655274841
-0.012078431372549
0.00698631311527476
-0.00961836990281839
-0.0256328606012918
-0.0117647220299882
0.00992066798941815
-0.0239031262638139
-0.00368998664357578
0.00572390553118152
0.00200868757922046
-0.00634816227283386
0.000840601882985847
-0.0156223923336535
0.0133106318536051
0.0097675646721529
0.010006704636536
0.00363272781319801
0.00296150054230848
0.00213256237094095
-0.00180062203306608
-0.0067235159068546
0.00957573055968308
0.00049056417038229
-0.00424978751225891
-0.000164116879977638
-0.0206862255787227
-0.0160939307261045
-0.00374847510220599
-0.0143663414679949
-0.00780845032433719
-0.00489678209164046
0.00333915629739345
0.0127868278157295
-0.0141819439640263
-0.00614031578947372
0.00547214455526412
0.00596910122839001
0.0132635604408999
0.00137785047575179
-0.00137595461602957
-0.0141233032359059
-0.0125786508532965
-0.00371548124557686
0.0103000886112576
-0.0054490596844623
0.00547891461721761
0.0121287223084676
0.0128516494320372
0.0029149862825788
0.0316293030730279
-0.000994381836261327
-0.00995353367540697
0.0107238605898123
-0.00232095490716178
-0.00116316051844467
0.00166358340270212
0.0159441789726653
-0.0122609126127485
0.00645486615209756
-0.013977996810097
0.00633757515572997
-0.0107723069274114
0.00502601784262047
0.0163360387952647
0.00196816463886895
0.00703879522016693
-0.00406371911573467
0.00718131222457963
0.00340299794851706
-0.0180878397315194
0.000822351987209702
0.0108463438240376
0.0180458630481504
-0.00590863950668541
0.0133333654618475
0.0109384587527439
0.00141133761957013
0.00798625104938533
0.00745681183205793
-0.00724750986114131
0.00326186719145083
-0.00387056843911249
-0.0166303398588958
-0.0249723565670934
-0.0337169400829461
0.0120785268901438
0.00745892566023776
-0.00493581778439978
-0.0157076884920635
-0.0255333617593374
0
0.00448202049584623
-0.0114982323665694
0.0361111470871927
-0.00754021447721187
-0.00287015026169168
0.0123603113382946
0.0015052684143626
0.00501000325634604
0.0151213027583916
0.0111311180225897
0
0.00841834223733184
-0.00144485468863609
0.000482299027615651
0.00642778402699662
0.0142104260863736
-0.00551010705289678
0.000791562475591645
0.0145523249833546
-0.010913626612311
0.00756618864385539
0.0025031915676843
-0.0179463477544834
-0.000317813443508674
0.018280050866317
-0.00124879804086153
0.0100031728665209
0.00139269569517042
0.00401795710118935
0.012467261621252
0.00106413805205441
-0.00485951419467012
0.00320462388531384
-0.0022817463426148
0.0160085846018347
-0.0139555824423108
0.00106528688274676
-0.00410454551694361
-0.0157227746688209
-0.0203164537693957
0.0053823018959096
0.0103920645691093
-0.00311667455560782
0.0190714550715734
-0.00736313829227997
-0.0489877615358949
0.00747479675861573
0.0200000322580645
0.0014231498601156
-0.0197378803177679
-0.00805412345186463
0.0219226689859477
-0.017161957730812
0.00468877945638746
0.0117476667484335
0.00747575962264624
-0.00742028733817501
0.00302214097378939
-0.00602602273983477
0.0043076100829611
0.00651310553593154
0.00252523670256899
-0.022984870906801
-0.0153077664307483
0.0207821956998495
0.0120230841291586
0.00665290659507511
-0.00676632583424586
-0.0302598230396043
0.00522790402267437
-0.00130014629124231
0.00992676956994676
0.0251369315962466
-0.000471534116182504
-0.0116370813020916
0.001750214852831
0.00857689022517283
0.0146456692913386
-0.00217288530187809
0.00855490731754682
0.00539799539777897
0.000613606362521502
-0.0114977765676325
-0.00620348916547042
0.00499375764688659
0.00139745337274988
-0.000310079091644599
-0.00698005262943913
0.0118713220183375
-0.0166717816713767
0.0026687283725475
0.0147173792816246
-0.0123437127709831
0.013591547770925
-0.0194204386291819
-0.00565861373245224
0.013278533458063
-0.00546018737785292
0.00392156862745097
0.000468734375000057
0.00999529923466036
0.025359518334916
0.0144774397369158
0.0150141525946552
0.0209431754678262
-0.0126236840141112
-0.00450392257725041
-0.000437813796168252
-0.000145933717212277
0.00394271302821059
-0.0170181527272728
-0.00532703446797766
0.000446280862149928
-0.00624532342007444
0.00957652223323291
0.0115606786488709
0.0190476630036631
0.0048885116511066
0.0037201746132518
0.0151104343518051
-0.0374947063262843
0.00423112045183638
-0.0132210369542047
0.00839222639553072
-0.000145933717212277
0.00759341380285861
0.00260869565217403
0.0135877854871349
0.00884191348366037
0.00890592335046425
-0.00266222491261481
0.00449564484405718
0.00447552447552435
0.00960737956001134
0.0121362153596412
-0.00940185324161136
0.00220088042094413
-0.00315679380789458
0.00908720951757713
0.00272884427986297
-0.000816410418190472
0.0164782650142994
0.000669922302651837
0.0050876688957644
0.00559475156520595
-0.00158954832665381
-0.0143293347089292
-0.0017498586384459
-0.000674258323934307
0.00337336387298115
-0.00349654379375275
0.00728746308468198
-0.00535907027544313
-0.00646546353624633
0.00786325900587692
0.00524626070735867
0.00160571383892494
-0.0259184242062371
-0.025236646537559
0.0054875334177571
0.00209910442344108
-0.00474799602362797
0.0124878214881923
-0.0080377212839402
0.0149483091660154
0.00963518211603076
-0.00504424008300586
0.0102767877386905
-0.00691715691371941
-0.00327776559303794
0.00808436524728551
-0.000135952154410757
0.00244698212199523
0.00949286708686925
-0.00308977691859824
0.00485111177538222
-0.0226633096419471
-0.029226085176705
0.00932867844522978
0.0021004620024947
-0.00670760219976529
0.0139279399570078
-0.00138752601637293
0.0125052381199773
0.00439136800913831
0.00546514536234044
0.0100557961709904
-0.000941746241309049
0.0201992992135929
-0.0065997886325293
0.00372042243634274
0.00608947569381146
0.0153947105263159
-0.00570163290661241
-0.000912276779136745
0.00978345892076926
-0.00878440724534779
0.0101655020135996
0.00348338269943538
-0.00385698127869616
0.000258092400951648
-0.00541932903225817
0.0029838608462931
0.00827834712917741
0.0151379094985726
-0.00101091877963799
0.00113846928000738
0.0242607913098405
0.000246780168931204
0.0182535269301054
-0.000242211730673625
-0.0192634356764789
0.00271773944599407
-0.0011087347815385
-0.0202269358602135
0.00717522640545742
-0.00824901866644123
0.00226844366146062
0.00352067148900614
-0.00162884354413828
-0.0066515813253013
0.00644348688708818
0.0116745161097407
-0.00148895652011205
-0.0123026965042538
-0.0103170479246207
-0.00216127626944951
0.00484144489339888
0.00798778973039993
-0.00905661635220123
-0.00799691556228632
0
-0.0125400380667936
0.00155504733847467
0.00194075557069806
0.00193690594171203
0.00141772142893259
0.00283141581073698
-0.0188655163979856
-0.0119031528542767
0.0135027400913059
0.0147597182539114
-0.0133865358891355
0.00600129142853767
-0.00337184537191226
-0.00247227072146439
0.000913109787993083
-0.0247621650685977
0.00761726559889708
-0.0102122676336268
0.00549382308028235
-0.00306507192077476
0.0168426952771741
0.0132772709346654
-0.00168662424269261
-0.00129953221440671
-0.0377358630510309
0.0174442332972644
-0.0110312868429369
0.002150194750695
0.010191792946225
0.0127439131091489
0.00773359538951901
-0.00065029919290982
0.0192632560389625
0.00996038845512426
0.00379318517097915
-0.000125985642095761
-0.0109598769574154
-0.00815181484774385
-0.0142545390681441
-0.010031318133629
-0.0132911570809622
-0.0264070808319385
-0.00260276712328777
0.0021975416068547
-0.00383717961028929
0.0149951433485997
-0.0119273110860303
0.00973935501400947
0.00950953661853626
-0.00874705985054658
0.00787393386511348
0.0118535159443296
-0.00212997861568243
-0.0028014808271275
-0.00896318394648843
0.00904424921586799
0.00602002675585278
-0.000531821829726886
-0.00372547877991058
-0.00373930303442727
0.0205093705230395
-0.0176014193196409
-0.00374380259735529
-0.00389210833734788
-0.00148208028183672
0.0126838751493203
0.00919380376307233
-0.0232373256730216
-0.0156799534057873
0.00851417193078841
-0.00490196065081827
0.0134099065842936
-0.00418576840901341
0
-0.00664404067796609
0.011465956552936
0.0129554659367197
-0.0146549297803071
0.0186586941408693
0.0171223927328057
0.000652525146255689
-0.0358633281168492
-0.0108210875152172
0.00560650918664751
0.00380743807713557
0.0100243565429423
0.00737664987598308
0.000399387559587572
0.0139739554694431
0.0124687882276207
0.0133523335928485
-0.0281437515196049
-0.00157961035172283
0.0108108110958685
0.00560845195274418
0.000518819728114739
-0.0010370884241262
0.00700752678451932
0.000773273215806114
0.00244648455078633
-0.0118175725579337
0.0171584557389834
-0.00281151437699678
-0.0090990517634123
0.00556130367304708
0.0082314983922831
0.00127566017700809
-0.016052937088876
-0.00129491125359649
0.00764947521001447
-0.00283068704541056
-0.00309674838709673
0.0095780220145476
-0.00141026923076915
-0.010784388378282
-0.000389435416375039
0.00233705540133933
0.00310887317780617
-0.00387400558176643
-0.00207409906759282
-0.00272805912984952
-0.00429848916107156
0.0155676997496677
-0.012108656915187
0.0143434472723054
0.0030852037140352
-0.00230681792011822
0.000899165084114806
0.00834191499850889
-0.00560014000254538
0.00691157072487791
0.00063560443970001
-0.00800311219508243
-0.0011524651633994
0.00705132051282065
0.00190953525488724
0.013595934444572
-0.00062675193531736
0.0097842321903634
0.0116770434782609
-0.00319255886069358
0.0124415126878541
0.00255505529735833
0.0111650240008487
-0.00348056889102244
-0.000843068780477907
-0.00506265676305029
-0.0193845284785009
-0.000864825775517164
0.00915046336773351
0.000857725758390826
0.00244854309500475
0.0210063637398521
-0.0125597491043001
0.00823743156011747
-0.00841047668831629
0.0140555314922517
-0.000358441860235703
-0.000836815642514255
0.0063405553937339
0.000237708027661432
0.000713073457488278
-0.00807600978893142
-0.00287353937524681
0.00120074449088303
0.00155918691146018
0.00275411321388774
0.00334367096593446
0.00547495853873925
-0.00260417841130989
0.00617133856702257
0.00011797593911278
0.00684045280291956
-0.00163992028909732
0.00598374964271686
0.00513181724123668
-0.00661405198421916
-0.0033874663779061
0.00597751992498829
0.00407780486827924
0.002088663262938
-0.00127374940627889
-0.00173915362318844
-0.0117305693781782
-0.0121048072443205
0.00761359761155367
-0.00401412056720618
0.00106680890153132
0.00497342824061908
0.000471320826982868
-0.00906848385026571
0.00059428334435796
0.0011877776175846
0.00557599945929521
-0.00283158322719246
-0.00745383367678065
0.00250326621174479
0.00606424509070735
-0.00047276917063277
0.00685824760553388
0.00739867275634354
0.00769413625197179
0.0118000575705677
-0.000685993604916391
0.00366131570569062
0.00718190826286014
0.00769667250020767
0.00213413458535472
-0.00963909426542153
-0.00452695784826895
0.00113686904430277
-0.00238473773301695
0.00159362553428855
-0.00613707253408513
0.000571789613669216
0.00639997714285712
0.00658642985660762
0.00315883351939128
-0.00247414535479418
0.00124014660338712
-0.00236459863449145
-0.00485327324725215
-0.00374279241789266
0.00409837222670184
-0.0102040139525174
-0.00904926658479044
-0.0152583512828955
-0.000352130523485705
-0.00399253151749512
-0.00212215279415218
-0.00330810495401834
0.00367469175350066
-0.00555097450220809
0.00178148462404337
0.00877294626610414
-0.00434827849798003
0.00483942392776893
0.00505111024495863
0.00233758771242609
0.00291511187231541
0.00639455862354232
0.00774035369085846
-0.00859795912193195
-0.00439413722036985
0.00917538929559569
0.000805616305738388
-0.00942962292352367
0.0068493615840417
0.00461194495750217
0.0012624928702798
0.01696472987081
-0.00743916808567213
0.00601860109058827
0.00158039289221779
-0.00462079326200404
0.00735961277173924
-0.00494550966679197
0.00350160401560595
0.00438999344394375
0.00437072718690823
-0.00825715214492906
0.00461300645633456
-0.00100799640488314
0.00313908082306336
0.00491724391202819
-0.000222375449785983
0.00133476081568951
0.00466568555873215
-0.000331689510577493
-0.00464556997475629
-0.00022221358422525
-0.00122262975188803
-0.00189182058878445
-0.00769318747478687
0.00606742696629214
0.00524906181316664
0.00822128634104469
-0.0202754380165289
-0.00888540056752218
0.00964591433343465
0.00337187812327899
-0.0104178450907756
-0.000679160094143483
-0.0111009969540212
-0.00206185559924899
-0.0111340790472654
0.00812531612013201
-0.00426016129557083
-0.0198890025477912
0.00176972624422533
-0.00412208201050146
0.00863295904997541
-0.0034001758306933
0.00917645882352947
-0.00268123108744733
-0.00257160715704485
0.000468780019482473
0.0050368980307991
0.00699299509348505
0.0105323608673065
0.00080172948807089
