0.00907712333880295
0.0176911549923284
0
0.0123747794132651
-0.000291036097569086
0.00524014358001534
0.0040544767552495
0.00461497198175498
-0.00918754370672226
0.00898293517651894
0.00488231339882361
0.00428693899392174
-0.00569161112256344
0.041499777802456
-0.0109919717695759
0.0144483675470199
0.00739517558572222
-0.00570953772247096
-0.0194147915326069
-0.00418302332589471
-0.00756084763176457
0.00564331056285083
-0.000561137119806432
-0.00645704660303204
-0.00367335405481783
0.00709015673135105
-0.0101378988996588
0.0014224750197871
0.00113630256405894
0.00822922396977499
0.00197013595772355
0.00786528988606827
0.000557383660785948
-0.00752086145814579
-0.0106652598795093
-0.000850972506939107
0.00624642020559207
-0.0129796839729122
0.00971987060184598
-0.00849374057837238
-0.0171332497180204
-0.0063915087983375
0.0187135130790974
0.0292766608347161
0.00418281374508767
0.000277849740565994
0.0102720108450227
0.0164881051746397
0.0094619871865278
0.0160685012170025
-0.0189772482714092
-0.0239118451101937
0.000828039322336993
-0.0231022556572144
-0.000281561077383641
0.00450579249444583
-0.00392491758299141
-0.00506612934808615
-0.0050919257023252
-0.0105203658310533
0.0120689989225244
0.00283925861936418
0.000283185840707967
0.00735916716122542
0.0120820167243838
-0.00888390263263927
0.00196074952197001
-0.0016774093200207
-0.000279972815697693
-0.00504200467594129
0.0106981723285582
-0.011142124343623
0.0112676701252212
0.0133705312683365
-0.0156680586045235
0.0142418885303592
-0.0302863597763888
-0.0161839783738478
0.0187590049876545
-0.0161473008894749
0.00345518689037783
-0.00459100156176817
-0.00345929453863758
0.0245878901345133
-0.00734049789045366
-0.00511956356313026
0.00543172395910574
0.0022746604921462
-0.0178723588818784
-0.00982085860742332
-0.00525086248263262
-0.0205278724410647
0.00299400475781253
-0.0074627006784026
0.00481205086717984
-0.049985074626386
0
-0.00346561644255428
-0.0072715600914901
0.0162419987860918
-0.00344718700166835
0.0157232327493229
-0.000309563552619463
0.054506074784161
-0.0105727246180557
0.0198871593531471
-0.00582067688136167
-0.0102459085951718
-0.0207039161931857
-0.00271820549796986
0.0039369984011004
0.0123679944904751
0.00297979471274079
0.000297055915281952
0.00534602444816157
0.0156573373620108
-0.0127981697360002
0.00412491642359281
-0.0105633864937098
0.00978651717841594
-0.0152716537775593
0.00984187662612501
-0.00886230546395594
-0.00297740217429343
-0.00508071322574744
0.0153199438309148
-0.00562370232882936
0.0107111617764097
0.00795052791338469
0.00992994559128069
-0.0161943548614951
0.0102880727269423
0.00116374036913003
-0.0110432443214723
0.00470175404057427
0.00760454434989266
-0.0203192857425795
-0.0109630000815021
0.000599191912719954
0.014970023789062
-0.00442473657965192
-0.00325928319119706
-0.0104042876295573
0.0087113361830693
0.0104228777355975
0.0103153619788929
0.00933486663579153
0.00722538523167127
-0.00832129623234179
-0.00405094717611121
-0.00290528064546258
0.0101980793490528
0.00374963063279954
-0.00258613912850958
0.00172616067099196
-0.017748400737791
-0.0110028296448548
-0.000317800391538503
-0.0158982506868601
-0.0268174466294848
-0.000664043802654501
0.0039866777408637
0.0102581737345524
-0.0124468060122238
-0.00762852404643444
0.00367650401069519
0.0109890106230766
0.0151514817143781
-0.00940944192083071
0.00262037331738063
-0.0179680490699755
-0.0113107122857855
-0.00269179013094856
0.00371123494302417
-0.010084
0.000679049212935601
0.00271462513453091
0.0084602371729352
0.0073825841403552
0.030313124583611
-0.00258648561267372
-0.00680716369529988
0.0127285252195994
-0.00193367702437386
0.000645818554918076
0.00774443368828659
0.00608389369196294
-0.0101845957988542
-0.00192922829581998
-0.00451034134953798
0.00258899676375401
-0.00871533247256295
-0.000325561716885692
0.0117263188362764
0.00515132019160713
0.00256246004364047
0.00670929733895531
0.00952075531577279
0.002200565928971
-0.0109786076216628
0.00634313332245062
0.0113457295934447
0.00841386724836379
0.00154508647882912
0.00740518358531328
0.0183766604363453
-0.00300745864661656
0.00633481108085587
0.00659475399895837
-0.00446700390309684
0.00269219264134013
-0.00447497016706455
-0.014084417563213
-0.046504586838627
-0.0264583989015492
0.0242305165608867
0.0150255429979047
-0.0119684724409449
-0.0121135157120333
-0.031945788964182
0.00499999999999989
0.00364842454394698
-0.0194976867151355
0.00707782271654867
-0.0157295520659154
0.00374022441346478
0.00508130081300817
0.00606673407482305
0.00770519262981573
0.00831117021276606
0.0154961754038905
0.00519480536346761
0.0119509370785187
-0.00925627194382372
0.00128862753580439
0.016087516087516
0.012349556681444
-0.00218952149482399
0.0097178369905957
0.0211114567249753
-0.00881730035929773
0.0134970253679156
0.0133171606138873
-0.0125447729988052
-0.0130066541740274
0.0140974252498491
-0.00181326684799055
0.0118074178567187
0.000299281885055791
0.00747831289261147
0.0151424881235154
0.00789704615083497
-0.00493319805377845
-0.00029168853042616
-0.000875116711642754
0.0145985401459854
-0.0164028776978418
0.00438858981860735
-0.000873958585845713
-0.0256560065788923
0.0110713052705746
0.0180527073674843
-0.00726744143793945
0.00585639790006454
0.00494911236967188
-0.00869058516801857
-0.0333138213526061
-0.000906983016506491
0.00695915300935401
0.0213342254006679
-0.020005912326807
-0.00750525345225894
0.0293405314779027
-0.019394652347771
0.00749175928953427
0.0145747178636144
0.0114335675334634
-0.0153622898550724
-0.00117753897034045
-0.00825222516946655
0
0.0115898655815829
0.00470035238835642
-0.0298245897712108
-0.00512362869198302
0.022114633269593
-0.00503858891294662
-0.0137026809651476
0.00966472335654722
-0.0149566257852228
-0.00668086850895833
0.00183433206463879
0.0149526396093989
0.0171378242416009
0.00266024223114147
-0.00825468798671503
-0.00772883495032217
0.0128819648627332
0.0127181599314357
0.000583995292991135
-0.00350259798614116
0.00878734647883261
-0.00290357151287945
-0.00611528829353536
-0.0131849102494899
0.0106888657957245
-0.00323152164419727
-0.0114942234011201
-0.00447233141108117
0.014974543724904
-0.0100324582482284
-0.00149028320388322
0.0197014925373133
-0.0254683548009368
0.0102132769536416
-0.024680403666952
0.0131097869850545
0.023472705386699
-0.00735077961486497
0.00207357832189436
0.000295536488587933
0.0141843971631204
0.0215618006993006
0.024529291941549
0.012527868180839
0.00879846051136823
-0.000817634255045996
-0.0136388434260775
-0.00470127212389382
0.00388994143429056
0.0038748684230594
-0.0102012131237939
-0.00445682426424387
0.00811407341275472
-0.00111010272301149
0.0147262564753401
-0.00711944140197152
-0.00717038098016454
0.00194444444444453
-0.00388134183532018
0.0116893403840801
-0.0420907313392425
0.00488230901780584
-0.00457273480578813
0.00258386433626967
0.00973654122202428
0.0116279076362964
0.0109336423287716
-0.00277321123757035
0.0139043385401652
0.00246845865245349
0.000273652538266722
-0.00547045936897006
0.00412532991954562
0.0115037530267736
0.0173300839425941
-0.0135746340165025
0.00350777108721623
-0.00484003777467157
0.00135106735212465
0.00350777108721623
-0.000537805876251851
0.0115684698180505
0.00265965439679006
0.00981429682190194
0.00315206199106899
-0.00418957853337476
-0.0184064427664065
0.00616123728040519
-0.00532481348975478
0.00107069054949971
-0.00561505317566557
0.00726001632858342
-0.00934324637862394
-0.00161686872495626
0.0132254254581761
0.00506124120774532
0.00185526106546519
-0.0198412703661712
-0.0210526051566154
0.0066169837331127
0.00109561769902022
-0.00246238036832769
0.0109709821988748
0.0111231413151618
0.00992752884357384
0.0188628857296196
-0.00704031327459254
0.00761546703700278
-0.00130307535322061
-0.000521946764091896
0.00365535257585781
0.000780489094185599
0.00623857535121974
0.00516664957805846
-0.000514032382420759
-0.00205703270910351
-0.0131409942504253
-0.0214098961203629
0.0112060298826042
0.00158303421725425
-0.0134351426089343
0.0162883840777468
-0.00157648445673975
0.0144736578947369
0.00337226986698491
-0.00361941571871771
0.00259465483667243
-0.00181156836986462
0.0189266009852216
-0.00203557257087961
0.000509969390362741
-0.00942922989657335
0.00977620297854909
0.0017834394904459
-0.0137334944048831
0.00567305326645329
-0.00435892307692309
0.00437800647035758
0.00102566666666659
0.0163934165882835
-0.000252066532258066
-0.00907479249179699
0.00330699559127456
-0.0573022073352487
-0.0164066702528241
0.0024610336341262
0.0106382705946537
0.0188934148149369
-0.00397356291390727
0.000531941517656564
-0.00850611399537782
-0.00884713160448058
0.0132539352649734
0.00480512559543844
-0.00903294391692211
0.00589815029217577
-0.0114605543710021
0.0016177406308977
0.00457598898648781
-0.00401934619506972
-0.00591867128967827
0.00487144777073212
0.0153514674023305
-0.00450933675041554
-0.0053289902832131
-0.00830436601637463
0.00594278768233369
0.0126207565724623
-0.0029170247392476
-0.011702075090536
-0.00161469321851448
-0.00377355815490865
-0.00541128261394164
-0.00326439081960772
-0.0106440778014214
-0.00606899310344833
0.0102693036433334
-0.00384626352493056
-0.0231660244437962
-0.0127046026371881
0.0114383182316751
0.00593731993037383
-0.0120854405797953
0.00768125134103825
-0.00451722216359229
0
0.00170170174144646
-0.0186862967157418
0.00923254472013846
-0.0134363064608346
0.00782384861337837
-0.00977573346106186
0.0171312432384216
0.00799320605176157
-0.0169924096008945
0.00662633265993451
-0.0374927887090094
0.0172464461122082
-0.0134463318750756
0.0112592888888889
0.0161148251944088
0.0118223760092273
0.000569991450555474
-0.00968387896086909
0.0195571182053493
0.0104372070398531
-0.00335005583472925
0.00168058818821892
-0.0145412759810559
-0.00368901795181509
-0.00825978330219923
-0.00717978173463529
-0.0179345964709285
-0.0309278046854844
-0.0075987837325967
-0.0045942416787601
-0.00769230769230766
0.00806195348837213
-0.00984309503802505
0.0102516623253079
0.0147601476014758
-0.00242430303030305
0.00425282528874993
0.010586781288966
-0.00149652798563304
0.00659475399895837
-0.00774276308857869
0.00630249099639846
0.00507014628899949
0.00415427287376047
-0.00472813238770697
0.00385988717339658
0.0156758055109198
-0.00990099009901002
-0.00264705882352956
0.0056030079622531
-0.00234598254228624
0.0155790417401527
0.00549936340084978
-0.0333909019348932
-0.0139964553903243
0.00120812439721774
-0.00874814426858872
0.0115642418878807
-0.0111312568513081
-0.0012168238885556
0.000304538513278274
0.015225334957369
-0.000599880023995247
-0.0153060924369748
0.0155440104985063
0.0249100240096038
0.00117121515834762
-0.0213512729263314
-0.01075914556961
0.00725081614808576
-0.0026994601079785
-0.00511272180451128
0.000604473965872154
0.000302205456326643
0.0120808513415631
0.0128320210583122
0.00795521531983545
-0.0125694245124066
0.0109533158955986
0.0140556067903013
-0.00144380590690718
-0.00231353370077891
-0.00202898550724639
0.000871304095265923
-0.00493319805377845
-0.00233309996112263
-0.0102308684662635
0.0118132601354621
-0.00612956836716694
-0.000587371529731984
0.00205697919650261
0.00586513230880548
0.00758023345714975
-0.00983796267829962
-0.00818240770945633
0.00883921652443176
0.00759339908917078
-0.00405794202898557
0.00960413243294145
-0.00432395515491379
-0.00897513002388162
0.00496646216768926
-0.00116281969983623
0.00727590200011918
-0.00260043332561577
-0.00318655851680205
-0.00406858471374583
0.00320983367376715
0.013379842542762
0.00315731917336382
0.00944200259107286
0.00510204096094236
-0.00620408928945559
0.00454029486150431
0.00706214649366399
-0.00645172474324129
0.00225866754707327
0.00647887323943652
-0.00727677022110251
0.000281900189402107
0.00676440248027066
-0.0025195967939643
0.0112264380795273
0.00471834595388154
0.00883975113702351
0.00848855421686734
-0.00705951631498691
0.00847692097347541
-0.0040672721239895
0.00299482711679833
-0.00434310532030413
0.00272625408942195
0.000271941279824439
-0.0203859738954615
-0.000277524964552578
0.00804887616011318
0.00357932268722472
-0.000548724264781253
0.0129015097447158
-0.0043360431254178
0.0068045723024186
-0.00513660420996997
0.0182065765817006
0.00453690940654106
0
-0.00106272585182599
-0.00106375005658244
0.00372736944282837
-0.00689660459160202
-0.00534180035635157
0.00402784618540042
-0.0074885800344634
0.00700614370773001
0.00374629391881975
-0.00266590256816346
-0.00374231488906696
0.000268285484303465
0.0018776556297655
0.0115127449270545
-0.00529372697971742
0.00931341089337878
0.00448188768784608
-0.00866136528406103
0.000794254699496788
0.00343917998516341
0.00184550487740576
0.00421052631578944
-0.00576522536687618
0.00369011606985015
0.000787788824170743
-0.00341120431878239
0.00157980516061085
-0.00157731331289923
0.0121116113744077
0.00234131119514336
0.0041526084649004
-0.0082708712398778
0.0041699245287965
0.000259589936661975
0.00570827696657306
0.0018060888444833
-0.00901370028258053
0.00545735446985463
0.00284311198870801
0.000515489704007388
0.0085008243173621
0.003575964057422
0.00712646965827268
0.00833970179428856
-0.00100253127806871
0.000250827891349115
0.00100328570361885
0.00125279378601872
0.00250255261517895
-0.000998527184260301
-0.0029984507746128
-0.00601508741779022
-0.00630358043368628
-0.00532857142857135
-0.0081632650978759
0.00257199067458869
0.00795282195997937
0.00381771433398548
0.00126782457575603
0.00227905787394
-0.00606371874362199
0.00127094560244023
-0.00939322186832248
-0.00486924654023579
0.0118464840666244
-0.00687200287930745
-0.00461301896463351
-0.00463439752832151
0
-0.00982930677703053
0.000261285273283285
-0.00679033672524587
0.00105182753225952
-0.00341478854741262
-0.00474435964007269
0.00105934857305856
-0.00952380977576217
-0.00213669877501876
0.00829756401773118
0.000530953041197435
0.0114088620697497
0.00314803261143837
0.00810661568480042
-0.00389097286357909
-0.0111979421251072
0.00316036336159176
0.00078758204253071
0.00157400318924461
0.00392881089575692
0.00730495657161701
0.00906495703017485
0.00385015410292988
-0.00818205041723219
0.00103121935985517
0
-0.0059233579230823
0.0038860623775161
-0.00670962580645174
0.00467643519478123
0.00646496025161425
0.00334021086023695
-0.00588985930575825
0.00257594023699115
0.000513900334732753
0.00256810484252967
0.0122950560375243
-0.000506072874494001
0.00227848101265837
-0.00151555948471849
-0.00379453589158951
-0.00507874542715225
0.00153144461459931
-0.00331297128883934
0.00153405774650839
-0.00127646164291351
0.00102252047603568
0.00995911644535252
0.00707972205005625
-0.0190811439075499
-0.0063987714358843
0.00772794951056155
0.00485690196464472
-0.00508776379832709
0.00281257983092376
-0.00968895946739012
-0.00077237384140072
-0.00876062847821102
0.00441897571045025
0.00258806942515699
-0.018843674814472
0.00447256008800623
-0.00602407019381879
-0.00606060590090618
-0.00689294785543615
0.00507215710283382
-0.00929622792583118
0.000536219853517927
0.00294748124330124
0.0112208923323538
0.00184940564593949
0.0118671156048056
-0.021110190802976
