0.00953507979523538
0.00950320640151103
0.0123592207574665
0.00524852551052346
0.00289423971250402
-0.00424400178675866
0.0175029947291983
0.00385368326411029
-0.00367198721286333
0.00390885074928682
0.0253643176402509
0.012097271608924
0.000428723787312624
0.00214309677395441
-0.00256613735526112
-0.00150085217073503
0.00982340473865384
-0.00409307367885048
-0.00741926317312214
0.00580762507714905
-0.00759194853049439
0.00312467414946327
0.00139640174108058
-0.0136222723621371
0.000326217924382588
0.00815306029248952
-0.00161744126843744
0.00118803870999162
0.00663436375299997
0.00535819521625158
-0.00730165732287869
-0.00150326966346159
0.000806586747103877
-0.00338475787393877
-0.00506739622641506
0.00525574886493008
0.00204821323801108
-0.00134473667162094
-0.00640958189357788
-0.0126307908460411
-0.011364840295184
-0.00677514828996473
0.0224768737217709
0.0135068686363775
-0.00210423550456973
0.0191943933905552
0.000583559681697654
-0.00625633844305007
0.00282779714984027
0.00739518487036461
-0.00385535239961921
-0.0199872182161811
0.0128752497849527
0.00470012828499988
0.0170645153523761
0.0204892214957948
0.013624200634496
0.00303186466999095
-0.00176325440806047
0.00388596529556295
-0.000502669419894075
0.00311837329328735
0.0140894402919229
0.00163165389369602
-0.0077500591593439
0.020944262000504
-0.0120358687650528
0.00808877435265098
0.00136992514981138
-0.00933211031740955
0.0070527078085596
-0.0164063174846336
0.00453098993290157
0.00634448079306082
-0.00182236616176124
0.0202308838403062
-0.0110756145065684
-0.00914557143275008
0.0053306365647392
-0.00417316883941565
0.00473298323982663
-0.00579023524476985
0.00256652681226721
0.000147683745687743
-0.0215101935123017
0.00699230368200676
0.0041462784944748
-0.0124869163844316
-0.00110831738035266
-0.00766594718411306
0.00233790410494783
0.00167326842270943
-0.003189091320844
-0.00883610104444543
0.00215192650406548
-0.0380879947416771
-0.00100976351878068
-0.00696963689727892
-0.00423248339348981
0.0127515064416683
0.00318762159459429
0.0102738017235207
-0.0030403207414097
0.0186129342382573
0.00263257632029279
0.0251235063549344
0.0122539326098317
-0.0108156034016234
-0.0127896626344252
-0.00127013157272637
0.00457825816890556
0.00865913527768147
-0.0102916962669642
-0.00603632954264133
0.00694055126727045
0.0104404086000749
-0.0116366156301503
-0.000253757925596232
-0.014568502538071
-0.0022665378286062
-0.0115648973972338
0.00323849574152768
-0.00583125922414329
0.00345642320172446
-0.00803712745661955
0.00799699554911903
0.00026098961868537
0.0061051920585744
0.00119285826661342
0.0029010206190796
-0.00216948856912746
-0.00346825770927528
-0.0204664074714667
-0.00350004229463707
0.0118141714264453
0.00536469243768223
-0.0188333304368296
-0.00101307383076921
0.0237510513249837
0.024607690158049
-0.0120592022187921
0.0104552840862118
-0.0150874456895107
0.0214770433468312
0.0136285435801868
-0.00294902273882569
-0.0116803792195785
-0.00507228014422356
-0.00662751995801736
0.00123166534570185
-0.00640729932661432
0.0120717965759758
-0.00336420136379556
-0.0101268972969129
0.0143640286274063
-0.00590873552688909
-0.0109653615297117
-0.00689048788953506
-0.0182065051050497
-0.00669497885273618
-0.00534930988178761
0.00693768950266005
-0.00192277416915621
-0.000802664975722789
-0.00599825939375387
0.010991341239504
0.00655508423872897
0.0190078471702189
-0.00748208951275775
-0.0140299860950688
-0.00881386341327106
-0.00921355294886905
-0.00724487429328435
0.00996624577840777
-0.0133189595036769
0.00759645333034098
0.0146445304183038
0.000908740009829545
0.00608844247787754
0.0228261380500547
0.00311400260430772
0.00232821296734387
0.0123884222864488
0.00290619479666043
0.0049821861461441
0.00541282394723686
0.00724529308176103
-0.00894154544241421
0.00877018675716279
0.00344760169605096
0.00328637650464181
-0.00193557491846796
0.0041272350832251
0.00490271398167175
0.00241477431908899
-0.00235982002143809
0.000443556906839282
0.0106392914857789
0.00165713525489797
-0.000681194031117216
0.00121725578884857
0.00904537253695037
0.00636171848374101
-0.00651310288312923
0.0079537672878347
0.00683879942117271
0.0095948511356807
0.00555160189764847
0.00757970350591308
0.00696540496033227
4.60917672282513e-05
-0.0071474822136518
-0.0130045191863315
-0.0484682520462156
-0.0259631067615759
0.0316815078098571
0.0236712503494771
-0.00889376012917076
-0.0237194407504958
-0.0112784019222258
0.0168342010050251
0.00444770928249927
-0.0182041672816728
0.0216988320466225
-0.0178536389578763
-0.000149810223985969
0.0098895905837515
-0.00252242442729689
0.011106728866259
0.00760103479404695
0.00944178220936487
-0.00212141647709529
0.0123206406130327
-0.0108820110560899
0.00559732181052586
-0.013147745100223
0.017504575172526
-0.00998756116762789
0.0100883188694147
0.011325671684165
0.0109624908811961
0.010563262592614
0.0180379902582402
-0.0134478532849582
-0.000276297497848299
0.00769265756492987
-0.00722253627771385
0.00962340485939706
-0.0100789253417444
-4.60471763203962e-05
0.0116102463265113
0.00792453861879228
0.0208305094286791
0.00540014611721085
0.00127671920963612
0.0114321157280255
-0.000565165415663982
0.00308832978916929
0.0101036424695213
-0.00575253708463519
-0.0116580825995316
0.00244654003791722
0.0252766836183353
-0.00680094803198483
-0.00860228522464634
0.00194263765014391
-0.0213270653685378
-0.000176064279358901
0.00995109854277176
-0.00231067276258157
-0.00179165795825309
-0.00949961943044841
0.0135684923001966
0.00906990791374951
0.00570412677578114
0.00678899165193991
0.0101147839197198
0.00152104111309481
0.00333280890706056
0.00634904758567845
0.00610013798111697
-0.00307311042683001
0.0127051696467981
-0.0121755871326742
-0.0138246599331582
0.0214077268808197
0.00516742468377251
0.0125437099537826
-0.0139723884724499
-0.00766189256182848
0.00444170621274487
0.0294251145620321
-0.00915331019556487
0.0122766420507812
-0.00912583267892786
0.00476654956185607
0.00763847375495552
-0.00857801631255195
0.000563402942504787
-0.0015283955771952
0.0117623282980865
0.00414065775483263
-0.0069386620333427
-0.0110197633269251
-0.0134436901103394
0.0282359092408215
0.00159188917750797
-0.0104104383550716
-0.00730779754296973
0.00986936067417976
0.00200264350544832
-0.00327773916359064
0.00152392216104458
-0.00472507515677045
0.00760409968693487
-0.040528705154698
0.00320448217749947
0.0276694518183809
-0.000888067668640358
0.0240798598860623
-0.0208703514385515
0.00354583376912254
0.018067935582333
0.00205081244715899
0.00448677184755364
-0.00826737713240577
-0.0272213660968695
-0.0369181868373073
-0.0343693705062758
0.0172067519819503
0.0126652800331897
-0.0044091788783901
-0.00519525184009495
0.0195624843989448
0.0332941818501105
0.00247856648458589
0.0212791827931291
0.00662776518384023
0.000315415550841358
-0.0149771519195289
0.0207266646985169
-0.00415528410454058
-0.0179105185221762
0.0216841913166019
0.0049824206743605
-0.0115548497083459
-0.0128747281303143
0.00248053613699395
-0.00658502196553801
0.00389683837294585
0.000440197688743815
0.0272800279999998
0.0112529550705915
0.0146317782591583
0.0171530068250536
0.00641719586022926
-0.00111209638554211
-0.0192614650913432
-0.00136235520463357
0.00492617669403983
0.00558062191942899
0.01192437409431
0.0172312504945853
-0.00473577994478247
0.0095896785853633
-0.00112387345325149
0.00272212554421958
-0.00875948563490192
-0.000438177824980679
0.000365235801638164
0.000803421869205234
-0.00656810099915051
0.0143618145087236
-0.0153896289775546
-0.0175058288771164
0.00295717019555686
0.0173919682213035
-0.0334555935409628
-0.0026188020767921
-0.0293010112115791
0.00725236594538958
0.00603249002854755
-0.00649925360746062
-0.0334877577468772
0.00322302879593406
-0.0168667807892611
0.0316980885723466
0.00269229513067248
0.016702906219151
0.0100201448259221
0.0124971161462517
0.00558277699732446
0.000604286579818369
-0.0213633387079087
0.020865485270231
-0.0105783632885386
0.011760608742567
-0.0253991432033849
-0.017115796046925
-0.0158380107522414
0.0103282704924548
-0.00202080192525567
0.0100051774726084
-0.00412753254501952
0.00315782352818839
0.00428896279329893
-0.00595536975990862
0.0121398522526548
0.00463414446938226
0.00883789015731162
-0.0109506105067775
-0.0066819547541751
-0.0144315458998666
-0.0260714563492064
-0.0148311131639074
-0.00595552769630137
-0.00927818158656513
0.0222996729023113
0.00369719847956462
-0.0122375720358729
-0.00161597334243768
0.000705532276889853
-0.00410579802807298
0.00362301662384912
0.0013278298755186
0.0368390508127243
0.0117101311619403
0.00343681758488112
0.00622023160939
-0.00684690335063032
0.0232429644381178
-0.00619844868708896
-0.0168519967293225
0.0140278864135388
-0.00303100183463112
-0.00296225056877342
0.00254108284744636
-0.0092805805756796
-0.009643058733808
-0.0014704515036652
0.00354228457711447
-0.000872535103008332
-0.00107178470206248
0.00830522968341496
-0.00701504676016695
-0.00607244783891436
-0.00898454683101801
-0.0385204217489039
0.00125724166577079
0.000209287629409749
-0.0193329496617444
-0.00384044794946581
-0.0124223347066481
0.00958573832679588
-0.00970955081864477
0.00581343167028203
0.00185476193676259
-0.00619968990916275
-0.00285926436893591
-0.00469219276788624
-0.00676591307810759
0.00158214384756517
-0.00508990360043626
-0.0119520417228535
0.0122751417768832
-0.00119059882348793
-0.0113902346781651
0.008082936884654
-0.0077080046135376
0.0077678794642857
-0.00872685813930052
0.00075969967806766
0.00969009100928742
0.0030073503913699
-0.0106706560020046
0.00695279241772062
-0.0129685880174395
-0.0198206188340807
0.00192148410722393
-0.019406392694064
0.00162983003492445
-0.0013947140475673
0.000744897568739633
0.00516375122745516
0.00356360890014695
0.00318208362261729
0.019629494872567
0.00144270512025191
0.00823879903292823
-0.00450991298740677
0.0129631289767371
-0.00371959878032513
-0.00822261415568215
-0.0294882182911544
-0.0180088383635838
-0.0177278516368315
0.0112499689370003
0.00383449148280413
-0.00216933267385988
-0.00883782331561656
0.0145432146931948
0.00686183189619149
-0.000140031744200741
0.00424838474670941
0.00334712936010817
-0.00296529673386192
-0.00497238249944343
-0.0143377175027488
0.00213218191709763
0.00401894089834509
0.00437952895560545
-0.0517160495673108
0.0271940667490729
0.0287364669073404
-0.0374321540453296
-0.00223607815362592
-0.00730780491347083
0.00824502866718269
0.0306171823343344
0.0219619755719449
0.00499122827915621
-0.0125080562514651
-0.00260786060799434
0.0105985809795035
-0.0200046295218937
-0.0184329063368118
-0.0172902640553678
-0.00312790184679201
-0.01000150997695
0.0156985743073839
-0.00165778152146911
0.00473725836924355
0.0182764257672954
0.000572800597336443
-0.00147892752502776
-0.00688008590233991
0.00779368321084539
0.0141779695279352
0.0106378443488517
0.0293418461860513
0.000226247686218928
-0.00873062977228467
-0.00666274342484507
0.00326185053761985
-0.0145618093561268
0.00506503724533047
0.0112811645428275
0.00749782393814868
-0.0114806872868513
-0.0124402820866744
0.00990094338537295
0.00672008668692081
0.00649230977280402
-0.00844916874920121
0.00971227327154245
0.0140653633593113
8.95033557046787e-05
0.00733715090663645
0.0106590600344811
0.00347164706865577
-0.00683167488070924
-0.00656991069266455
-0.0245894714879342
-0.011193993702084
-0.0146341829548894
0.0166729267857493
-0.00960079002617664
-0.001252337627486
0.012260246948774
0.0104601504314348
0.00971622701475594
-0.0156481632071953
-0.00301495586286671
-0.0076975624284078
-0.00729557163471861
4.64905333623644e-05
-0.00795352093023249
0.00811107439063008
0.00702257916430882
-0.00387935622721736
0.00366263615686746
0.014874358183192
-0.00559852533816829
0.00604198285328894
0.00122846812229516
-0.0143597383837112
0.000829912424986201
0.0163994700902941
0.0232052031508576
0.0087260854165061
-0.00654279640877875
0.00366867919756286
0.00590125053371748
-0.00161994218081607
-0.00254335212157286
0.00822120347512345
-0.0102908515214682
-0.00158611269513098
0.00578084371483656
0.000394862235827187
-0.0183763347742716
-0.00661250537803793
-0.010209539627769
-0.0127687186377924
0.00961986121743208
0.017232728044694
-0.0116076365435478
0.00884198812865655
0.00516874454652472
0.00286174209829082
0.00664350368576549
0.000664366378803738
-0.0133232738431593
-0.00897223078422271
0.00565841282588542
-0.00994781670961797
-0.00250058198454994
-0.00223331820145811
0.00182720749482068
0.00455975563868272
0.0089873134128029
0.00157454681282032
0.00431192510021527
0.0100178440961223
0.00234678980422931
-0.0091442861055856
0.00744537662801537
0.0231004158821948
-4.32933946684644e-05
-0.00514745235760949
-0.00256537669973966
-0.0044899696030507
-0.00831980576082247
-0.00410653947937234
-0.00713842356109329
-0.0488098662156435
-0.0169952816901408
-0.0102684542394581
0.000193060853989513
-0.00839487126173832
0.0102175157408531
0.00298605685628139
0.000960369747899037
-0.00182293118478671
0.00408512025474184
-0.00215392018144667
0.00081545545730588
0.00522429546215641
-0.00758116163793765
0.0231094360675961
0.0148861143210066
-0.00758837237618848
0.00522197883666498
0.00742110832779841
0.00170354514323501
-0.0022062370021434
-0.00322445535445137
-0.00942739040356477
0.00466526695595237
-0.0143023074724224
0.00777309072835375
-0.0120137996635545
-0.0163236900972693
0.00947571455918372
0.00495549161279585
-0.0158835803729821
-0.00250532378594448
0.00656878403198169
0.00710178043479215
0.0133408992438322
0.00460791344863365
-0.00879904972762235
-0.000141651714711699
0.0025974167650531
-0.00527560049068865
0.00913916120832536
-0.0029092768856025
-0.0104475549332308
-0.00394731528135606
-0.00892854747012461
0.00462490710423302
0.0201409726185247
-0.021952701019183
-0.012977011563751
0.00813205099273451
-0.0176786167110015
-0.000540886083023162
0.0154974371617
-0.007703100475692
0.0139634112989753
-0.000433344583173123
-0.00183047838201233
0.00270255770031413
-0.00115514749665213
0.00679421291762261
0.000287154204200668
-0.00612439712918667
0.011265150147963
-0.0560792112356394
0.022997765901744
0.0134589383446841
-0.0133288169805822
-0.00300744955867038
-0.0092968301389732
0.00574028662753889
-0.00203485527731262
-0.00198930274528253
0.000996671352285761
-0.00114501689702773
-0.0100672268148684
0.00961580804471107
0.00518604286577395
-0.0127493152817808
-0.00643183273282333
-0.00728267348976219
0.0207855832976671
0.006088740981403
0.01899896857977
-0.00365105640785768
-0.00390874582409484
0.00210922651957701
0.0062163679948648
0.00179984913849807
-0.00291349904910643
0.00262982862822292
0.00378860977781681
0.00595178058740387
0.0307374093546464
0.0188071636121299
-0.0224909717602582
-0.027272690551247
0.00558822135477177
0.0183002438847313
0.00748022212533139
0.00793841721984823
-0.000602293242465857
-0.00746337841895328
0.00354954928051199
-0.00539855739280859
0.00233961903337554
-0.000373474615497194
-0.0100406713202104
0.00363243709090355
0.00582846063454756
0.00135517544382502
-0.00634684061203494
0.00446175563086371
-0.000888399515789895
-0.00121674938467453
0.00192111331572598
-0.00378804654362774
0.00779264373687649
0.00992176760505115
0.00807158348850678
