0.0358628609362051
0.00193877581967561
0.0616447840122953
-0.0184871636111745
0.00968303501370249
0.0048606803129001
-0.0132042754138915
0.0271594583799899
-0.0147039857436345
0.0132216653124972
0.0142118600978847
-0.0231847133757961
-0.0285602764736569
0.00335615527872624
0.00909820736147204
-0.00954655289171458
-0.00267733611823295
-0.0115436375838925
-0.0081477187418213
-0.0302573791038148
0.0134123531437993
0.0139314574245117
0.0162132456198576
0.0244726612286732
0.0271876083088665
0.0204290885152492
0
0.0015109922314529
-0.00326882067803846
-0.0789606720353263
-0.0158860044872366
0.0264403141324756
0.0145065071988473
0.00187089397645623
-0.0260104571693949
-0.0560120127093404
-0.00174092557667216
-0.0247056684989294
-0.00432127843359742
-0.0170607602514216
-0.00898300852618772
0.0299585976315009
0.0196897371764657
0.00980102384726433
0.0402723314540392
-0.00807680011354406
0.0186718369224272
-0.00633958121112399
0.00762834972616777
0.00233995864170788
0.00137322164240605
-0.0167306779136227
0.00822878695517937
-0.060451002068737
-0.0279741027083069
0.00439262364704418
0.0389081749029763
-0.0229351287985939
-0.0456098661598533
-0.0426525231211869
-0.0338211707317073
-0.0055536521559626
0.0294466407175495
0.0458654760524255
0.0413392178770704
0.0159999698113207
0.0179765121965985
-0.001751240590393
0.017543800656614
-0.017672342461849
0.0308614876029769
-0.00227019002822693
0.0352673919226396
0.0285713449764555
-0.00614314928458126
0.0106154396832958
0.0118335196361326
-0.00223387653702689
-0.00342423284604243
-0.0195585574087104
0.0124005792586444
0.0201038740500084
0.00365438513491068
-0.0123537708100451
0.0194865445485142
-0.0011623918377891
0.0257306193809475
0.00844570758992291
-0.0113750500000001
0.0122645346953867
-0.0199849992501873
-0.0186081954958984
0.0141557922077922
-0.00166470747418146
-0.013853283912946
-0.0197710205425737
0.0123407641674529
-0.0296238297335977
0.0070242335137678
-0.00523137470564561
0.00647242413848859
0.022106136416213
-0.00445673083684983
0.0285715086993354
-0.00780851224493673
0.0174170941190273
-0.00418465629996623
-0.0114606139241132
0.0176478558926132
-0.00708858227848097
-0.0105813485318372
0.0251255891621494
-0.0120663653108688
0.0170483973803663
-0.0221416556882248
0.00486126403636344
-0.00993005690910032
-0.00462894450156659
0.00516721327129743
0.00681143829357267
-0.0179984180749766
0.0116989730924215
0.0142618523895195
0.00380030393209263
-0.0155224133145485
0.0165363538895948
0.00252203016940622
0.0178616100628932
0.00383100602647057
0.00443177381145743
-0.00637328135179716
0.00666092265943008
-0.00747458635615006
-0.0208642222222223
0.0290001646450679
-0.00943517939670158
-0.00494797154616378
-0.00770763282676212
0.00150340766725154
0.0211407925659046
-0.013352885459496
-0.00049666003853166
0.00335400000000008
0.0106475180381647
-0.00710515767873909
0.0034546451528199
-0.00774628039477976
-0.00223048335429299
0.00596128934282003
-0.000370358024691431
-0.0198839073745349
-0.0021421244689751
0.00467225648005387
-0.00553035458849549
0.00290691343881777
-0.00315059869314682
-0.010113717069879
-0.0117497568933682
0.00865864598056265
-0.0111467388412528
-0.00505310961388961
0.0131527801386537
0.0111824545816535
-0.01296550179142
0.0055376688850568
0.00397024836141791
0.00574048993163023
0.0150938998018215
-0.00449832568409747
-0.000878624347398715
0.00891959821406019
-0.0139459099476006
-0.00378839490368998
0.00925344161811936
-0.014192476229874
0.0263727870142128
0.00918576239289393
0.0018449445813673
0.00110502152627467
0.00993373792085173
-0.0467516465513453
0.012101872611465
0.0256765396731231
0.0236838881748409
0.00119874133777853
-0.0209530658867241
0.0176103956564899
0.00036052157625921
-0.0109321963222537
-0.00425117200895975
-0.0018297266956675
-0.00537703762979247
-0.0289961915345398
-0.0292293816174793
0.0251564256366472
0.017546051683508
-0.0113706861348331
0.0048027930433725
-0.010314465408805
-0.00533805287239464
0.000255520054804004
0.0173735311366061
-0.000251079862519932
0.0364229325638183
0.0142995642619812
0.00740744351520095
-0.014705858633776
-0.00938852890253894
0.0092344468079788
0.00228752714393288
-0.0294293933933933
-0.0157178707035444
-0.0476549861392555
-0.0538684196954956
-0.0154898260960186
0.0389794455430428
0.023465128643992
0.0294588921404515
0.0238248987249166
-0.0187176425951687
0.0125016374533644
-0.00127289972690681
-0.0160591641098542
0.0347150272557655
0.00963952214469921
0.00458766262646848
-0.00518389305790767
-0.0296525937879056
0.01278608889894
-0.000252455501230209
0.00151529229662084
-0.00907832578686985
0.00852533444587533
-0.0137522580430921
-0.00409364216690922
-0.00256899171660863
0.00373470692248024
-0.0491403759522615
0.00539739569022535
0.0312708889740736
0.0141853729404151
0.0198896830488899
0.029441330041218
0.00928870691762396
0.00799220130801159
0.0160980782339759
-0.0125325724158766
0.00419068501642772
-0.0203886841401448
0.00377308891075501
0.0123680973400255
0.00754587393809736
-0.0297194473471428
-0.000245099231373391
-0.01348036797746
0.0262111925465838
0.00895771687498237
-0.00419913627352453
0.00674696385542162
0.0159167189065754
0.0181411358009322
0.030313583246558
0.0174058949779035
0.0228476826235693
0.00712208928719282
0.00375011242365564
-0.00992741246797613
-0.00797841509433961
0.000978111053622222
-0.0163952446557056
-0.0149022856784319
-0.00179287319123433
0.0223394471859126
0.000549061161743802
0.0155838230163361
-0.0017290252676786
-0.00768563566850944
0.0054543472336499
0.0104155258851151
-0.00386556438952745
-0.000107739574466081
-0.0132600579288473
0.0124549220196102
-0.0240638399495811
-0.0206767133861852
0.0184034887659479
-0.0389134713607584
-0.00276854302068197
-0.00416426850772478
0.00766644245168746
-0.0457637002881844
-0.0166706573649512
0.00466826769856832
0.0156517365572477
-0.0154105349244048
-0.0149180852888003
0.000744848578571267
0.0133961046863271
0.0379437712831252
-0.00518870264662619
-0.0225225459634596
0.00375937428764717
-0.00918201072304015
-0.00256065107765757
-0.0210269063193067
0.0114884862265614
-0.0366666790123457
-0.0202486482154127
-0.0162197259471443
0.0128972345818008
0.0215279600945129
-0.0330249293240811
0.0535548039867111
-0.0102169274749866
0.00254870647956285
-0.0221176820164658
-0.0115689457948785
0.0524723559643299
-0.047482144789231
0.0200708243445826
-0.000385789599130937
0.0124790166288813
0.0184244606769173
-0.0083593135780583
-0.012330183228604
0.00764328662420377
0.00986092313175546
-0.0194040442940929
-0.0261713640706914
-0.011012021644101
-0.00198834830359629
-0.031743909792218
0.0315499991344308
0.0405585521499423
0.0299041022364217
-0.0142696867735295
0.00818220019682259
0.00973913146405958
-0.0285644233251729
0.00674641055871716
-0.00417238610051263
0.00431686124131891
0.00366625799409004
0.0506361638825565
0.0139071567482481
0.0179732292775217
-0.00360084811712613
0.0190021569014007
-0.0298592939087384
0.0152121810656067
-0.00766634952567535
0.0117054898747513
-0.00289251417331948
0.00487349733116726
0.0112009471408994
0.00924970880438525
0.0116543000108951
0.00313161824710351
0.00524029423034245
-0.0226264519686579
-0.00068094641349481
-0.00647285956104604
-0.000685769817939552
0.00217320141827737
-0.0117553864954787
-0.0106247608557459
0.000700420233463728
-0.0107314238633586
0.00247611136602099
-0.00599852996936712
0.0183409769650698
-0.0171972581268245
0.0165523878800571
0.0119795180746853
-0.0010344098141728
-0.0238150028489417
0.0094284504284845
0.00899002897863332
0.00312432314566813
0.00819010247571561
0.00663616689619762
-0.000568345059047015
0.00534518366882741
0.00622166275516589
-0.0130409897596735
-0.0646998511823688
0.00109604188167034
-0.0266422759115186
-0.00862394679105249
-0.00302569339384773
-0.00708149956799431
-0.00254708364290956
0.0118743615934629
0.00176654889589911
-0.0143594787046162
0.00115010862619802
0.0043401074465208
-0.00470261820030515
-0.00229856984544918
-0.00614354304915699
0.00321957493317249
-0.00102698328557183
0.0241582755075815
0.00539523232353445
-0.00112312496405065
0.00737126427572132
-0.00334858005761807
0.0060975235677263
-0.000247322207726053
-0.00866021257799787
0.00786228657914467
0.00693410086839763
0.0129119896704377
-0.01505409681726
-0.0130654140169635
-0.0158610840514548
0.00126902279432661
0.00304178699513846
0.00366440489846354
-0.0117084225103866
0.00713373248407634
0.00366810026987352
0.00239449281397586
0.016721171527267
-0.0278224300300818
-0.0218773967739482
0.0240571905316724
0.0120634539682538
-0.00451695123652263
0.00554579054932147
-0.0231887568712553
-0.0200179263441551
-0.0274977860089909
0.00780935806419913
0.00480963272704416
0.0158224041460233
-0.00196337691195347
0.00472132459016383
-0.0124004305913009
-0.000132196662321116
0.00118963645235604
-0.00528125178984029
-0.00292000280966309
0.00359419580960352
-0.0122031836079479
0.0236337045302308
-0.0108881144868903
0.0112731827248493
-0.00249182950819682
-0.0236654752475801
0.0254511170091269
0.0329612860679898
-0.0142385322024646
0.0095434355230406
0.00383243489821705
-0.0236701571985197
0.00299786231754617
0.0157245880074564
0.00831619711790177
-0.00279154936661707
-0.00776171308114082
-0.00346247742514194
0.00308837991363253
0.00128295065874107
-0.0138373088851772
0.0110432504736488
-0.00179902338730387
0.0178939237899072
-0.00569112179081821
0.00330697011039294
0.00570493175855469
-0.0110929658113459
-0.00203946470514194
0.00740837900870628
0.00304295664854992
0.00606743766821594
0.00615662802646688
-0.0277222895174253
0.0125866296867887
-0.0201673779892124
-0.00362458252427189
0.0276730800614124
-0.000126447537963315
0.0159312436935766
-0.00958302450735604
0.00615730067460918
-0.000499575371549765
-0.00562285400003582
-0.00138226937968655
-0.000754964127910318
0.0224152866180438
-0.0235251010339919
0.0160192232091223
-0.00173803842068143
-0.00733744522634283
0.0159107491856678
-0.00394622044376469
-0.00470469251100758
0.0113198657957441
-0.00910215218565258
-0.0093098314128558
-0.00826959048413956
0.00202142761790447
-0.00214347502568324
0.00568608801726156
0.00100517658023258
0.000878624347398604
0.00764986224353814
0.00298690735499463
0.00210951741454357
0.00371466063113757
-0.0132000990180137
0.00175020631954514
0.0127293777385264
-0.011090597385321
-0.0238006728971962
0.00944608166689198
-0.00606985315958886
0.0169211454687315
-0.000500450394094853
0.0320440359499816
0.00776226832367266
-0.0104705144046463
0.0138652394324346
0.00407864678408543
-0.0083631663690501
0.0100000240963856
-0.00226652744204858
0.0145863464202096
0.000235635161022429
0.00212065276109752
-0.00199857752171584
-0.00942399587023202
-0.0202164000578617
0.00837483928116067
0.0228695348370358
-0.0011768180332965
0.00659760862149894
-0.00620315996715459
0.0247320445303476
0.00712556011664045
-0.00536338030457773
0.00160622984826841
0.00996557812260335
-0.0198480213189979
0.00173573250950532
0.0102806861499365
-0.00331581298097194
-0.00263847660063043
-0.00184038413065601
0.00898823471984578
0.00182735271419254
0.000227963973689516
-0.00706627552008843
-0.00539486896023178
-0.00276974027075039
0.00439760424036084
0.00541538189405011
-0.00595924808711323
-0.0154484209234129
-0.0161593087550512
-0.00309444191006103
0.0134908903177915
-0.00647900820448832
-0.0124495500331776
0.00324164961890183
0.00682143386360545
-0.0135504462219344
0.00060251839022829
-0.0101156549841565
0.0242093074528946
0.00962107115759414
-0.00894119999999998
-0.0174501547352838
-0.00531587550981805
-0.00862381856859418
-0.0106591885324974
0.00371520743034059
-0.0135719427425562
-0.0101313074470784
-0.00745509233579844
0.00394650525984064
0.00494546024669718
0.00769717350157717
0.000500889049575681
0.0010012640550372
0.00125030002812077
-0.01973029421253
0.00203826751592362
0.00470372465274727
-0.00822475019897195
0.00293447319218432
-0.00737822150644662
0.0106369602798533
-0.00849605619457183
0.0150914563219986
-0.0131031997063173
0.000127588404759793
0.00485071508045509
-0.0157520069137195
-0.00296854660679347
-0.00530749514563111
0.0262884579015334
0.00190211765277559
-0.00632831271159817
0.0208890581864971
-0.00573923878379934
0.00313715640263124
-0.00662994729472244
-0.0102003017151341
0.0029262596164441
-0.00443992123709447
-0.0154180167398821
-0.000258793849830297
0.00867311326860842
0.00513349602498692
0.00344734422880499
0.00801635108875676
-0.0117394595842026
0.00178821047658451
-0.0109651918908583
-0.00889523011473492
0.00351203187481919
0.0116655991791161
-0.00217816775740542
-0.0064201337860863
-0.00917548497707998
0.00443464208776945
-0.0140241783138766
-0.00790198867377867
0.00557544124318499
0.00792076567656763
0.0151932420482841
0.00735388963091488
0.00038420849425691
-0.000768121869566873
0.0193465079046824
0
-0.00377068888312437
0.00416343668525276
-0.0169619056143689
0.0141871169270735
0.003654707086445
-0.000502272733579612
0.00188444728352888
-0.00288405015673976
0.00339542266330817
0.00413588163760004
-0.0197204435950906
-0.0110771961920397
-0.00154493373361486
0.00902639552444628
0.00383390415335461
-0.00521965607054142
0.00179165602497644
-0.0109862162875091
0.00025838285348434
-0.00568184386152271
-0.0115584285714286
0.00670085393902431
-0.00326285552351124
0.00641610554866689
0.00234192034423741
-0.00103844754623006
0.00571729477283389
0.0280361491463526
0.00804321980645972
0.00523622996180317
-0.0229442895799686
0.00380811124407332
0.0235204849893658
0.00370639971073872
-0.0208024992812038
-0.00829671873173909
0.000253580938694098
0.0172347349012933
-0.000373726188129808
0.00373882113008039
0.0155202381981594
0.000978139124854449
0.0100158662507928
0.00786061173393127
-0.0121189590649849
-0.00534438223383005
0.00867015519196679
-0.00169490318873866
-0.0012126849528582
-0.00145705437764621
-0.00632292087361197
0.00587366610531492
-0.0047445135551526
0.00183352895327049
0.0117130186885435
-0.00675346133028143
0.00594945354602405
-0.00241395298524927
0.0217785233689407
-0.00888099498689143
0.00967747943885833
-0.0101763102549683
0.00119543332467575
0.0224477253731343
0.0121452882919055
-0.011768732243423
-0.000583817849764912
-0.0061915655652236
-0.000587786528740919
-0.00623381579277171
-0.010060350575461
-0.00239116454317501
0.00527319019000028
-0.00238432292743163
-0.00776769837476099
-0.0257738170031774
0.00828284099743892
0.00416875929790983
0.00402931614092017
0.00158090715380377
0.0183341668487838
-0.00536550594853313
0.00275718059834995
-0.0017932097598754
0.00119758083832333
0.00251196178258284
0.00739770928046091
-0.0140945398555017
0.00144165068336499
0.00815738953745937
0.00785335545153076
0.00578518320372567
0.00633878374600805
0.00723194888958534
-0.00127388537982365
0.0165816330376076
0.00730010282422944
0.00883249935075314
-0.000224447198314048
0.000785887504210381
0.00841373130372136
0.0124597064463199
0.00373580916963401
0.0049261632167743
-0.000108954244805393
-0.00196099790869386
0.00840515218420324
0.0135310677700065
-0.00213603552716124
-0.00107029861928731
-0.00546450218655303
0.00538677009265243
0.00160738319759979
0.00224669945173117
0.00704521776259592
0.000954038624296771
