0.0143020593796823
0.0112803238153225
0.0164130186214162
-0.00438973112800811
-0.0033855601387992
0.00900615406847605
-0.0173034683894184
0.00151378373812783
-0.0245823076670399
0.00048933202439172
0.0270644823846822
-0.0124613066507072
-0.0012056020126282
0.0120704919627543
0.00636084136982196
0.000790060835901274
-0.00236831929215009
0.00261133174144179
-0.0037095028502645
0.00396102343434146
-0.00686500417742431
0.00317814235517133
0.0124346584439305
0.00336378779060031
0.00436622502597173
0.0134295598974776
-0.00819614688174308
-0.00641027205468869
0.00956090989013192
-0.0115491218221003
-0.00638734201638347
0.00697710108148475
0.00973141322844873
-0.00146493449803231
0.000154459121089356
-0.0112714584364353
-0.00288912297787258
-0.0164447850378571
0.00525480900087283
-0.0201172260396448
0.00153575006841455
-0.00516509546719079
0.0260404484312593
0.0313883136134967
-0.00306626300650659
0.00991920776810762
0.00571037020588916
-0.00264964047693683
0.00371937893884255
0.000680715440693147
-0.00740637052717197
-0.0135525967276564
0.00301018065776737
-0.0263947678275052
-0.0128042604996268
0.011208975000657
0.0164687407014552
-0.0134756420986275
-0.00221080928210327
-0.00688456895897993
-0.00725102788844623
-0.000963119061341056
-0.00755203657466019
0.0111714159408356
0.00608433252471929
0.0142436621985145
-0.00878709405921141
-0.014405564806255
-0.0106007069691787
-0.00462662348928455
-0.00962244172606486
-0.00708111174346093
0.0135169172739669
0.0103092946300991
-0.00623585990680608
0.0154836770881239
0.00513601632986105
-0.00167663872255486
-0.00103964330582507
-0.00448327581512209
0.00812225988133908
0.0122048339804977
0.00441325561047567
0.00141231858954072
0.00963726419268052
0.00349213872813792
-0.00711467801584853
-7.7840953951358e-05
0.00163569864325841
-0.00536584510042304
0
0.0186082639779788
-0.00944117293092706
-0.0103060981718847
0.000156569056086964
-0.011351158781136
-0.000316739248422349
-0.014970289108911
-0.001125763902173
0.0113507968817357
-0.0145665370031013
0.00355407907381067
-0.0114294753932627
0.0162025565868751
-0.0224340681425217
-0.000737677227478417
0.000492167002824173
-0.003525167973639
-0.0102838335594282
0.00174562755414054
-0.00290430664833941
0.0113181837111125
-0.00641868844022442
0.00223624320417826
0.0104123211236704
-8.17453197451412e-05
0.00417139695450031
-0.00333954557317462
0.00171623895295658
-0.00171329852329283
-0.00931677011019316
-0.00181489026715975
0.00413223140495877
-0.00213993415637859
-0.00651600967528887
0.0128684353557933
-0.00631145081967222
0.000247455244227091
0.00494803719366588
0.00492366646213971
0.00922747843563188
-0.00647297536930092
0.015473580784481
-0.0221349102231949
0.00672517017961116
-0.00391041140529524
-0.0111228676974614
-0.00876690071071373
0.00767625377849401
0.00207005056065368
-0.015451950473937
-0.010994594863708
-0.000254565521200512
0.0237671084588253
0.0148412319472579
-0.00449349665860299
-0.00426750930270847
0.00123630592209167
0.00312807038702489
0.00123092892474208
-0.00278668956992556
-0.00115064520671726
0.0100386818895637
0.000896138492871623
-0.00325575449083715
0.00065329087582322
0.00228495999441014
-0.0117244992672202
0
0.00337785475476649
0.0013958288743261
0.00860940479345196
0.0018697341375542
-0.000486838696638014
-0.0159116658548466
0.00428969638434507
0.0076392312738498
0.00913021128442515
-0.0063817836143325
0.00284551219512186
0.00121606811862285
-0.00817815384615384
-0.00228589276326063
-0.005155036454914
-0.0187530758553531
0.00209555736557698
-0.00225850266185268
-0.00318575623059825
-0.00874685435244993
0.00543016285906872
-0.0203375864978903
-0.000775226144378527
0.0118103706896551
0.0093720539480604
0.00675273059211001
-0.00486287427340171
-0.00404417383024402
-0.0101514001366331
-0.00256390902377734
-0.0112243767562709
-0.00216637777874562
0.000434172810522382
-0.0192707817518433
-0.0102673302283414
0.0318368538722948
0.00476688346594423
-0.0143190114724403
-0.00113763895521934
-0.00446821451260049
-0.00211210073340051
0
-0.00044098245384061
-0.00167631909921717
0.0205037468757623
-0.012903767100513
-0.00464999110414133
0.0019391891213536
0.00281516676018589
8.77445405340627e-05
-0.00429822807017544
-0.00960271324812412
-0.00684927960948734
-0.0272279529381468
-0.0299235795053533
-0.0223994018375151
0.0101942038834952
0.0109562610968883
0.00950660691117777
-0.00414353509476351
-0.0318676406619385
0.00556749381424559
0.000582855772205626
-0.0152412384187702
0.0278982151439626
0.000287772138326536
0.00853306782742846
-0.00399282243572918
-0.00343603140505966
0.0123550708799895
0.0165562918606328
-0.00372260596712715
-0.0179355996841962
0.00114147249523833
-0.01729216152019
-0.0269747752102872
0.00357711649023362
-0.000792099009900959
-0.0173404680408337
0.0139155493378149
0.0130283238280957
-0.00441779889634986
0.017158050797434
0.0309257773935865
-0.00347935879177574
0.0119844954988724
0.0125885679333937
0.000552592340089975
-0.00110449146609304
-0.00147420990946479
0.00553656900793853
0.00477192800980153
-0.000547976994209054
-0.00274150598556155
0.00210761482931221
-0.0135333210174349
0.0220615968315239
0.0135134951294487
-0.0144071677852349
-0.00789905581894912
0.00585711556302138
0.0258392857487295
-0.0147228736141907
0.0116122157390302
0.010500098162487
-0.0047552043810356
0.00318527702668403
0.0017640236840013
-0.00950873376459349
-0.00800001777777781
-0.00501789435515931
-0.00792504495744739
0.0304102930134245
0.0217602057658319
-0.0221589837344632
0.0191340968473996
-0.000173074923462968
-0.0044132486052828
-0.00408518894171617
-0.00480016573921849
-0.00719109012708141
0.00618324358434097
-0.00974454359601284
-0.00682627641419475
-0.014906703694606
-0.0117796573778575
0.0111865122168808
-0.00652884481799831
-0.025921842386306
0.00318587890567956
-0.00354939293012113
-0.0129358548931384
-0.00550809101116556
0.0104086801909025
0.00170116249317021
-0.0289649972443625
-0.0136028082705559
0.00591022476094039
0.00675670759625802
0.0187724933133449
-0.00219587554317124
-0.00698500608582897
0.00597420510670843
-0.0116858426880107
-0.00755958519092859
-0.00712894517326268
-0.00344249047786949
-0.0100670844848005
-0.0250249444160037
0.000613528984420464
0.00602967820193534
0.0147297538657098
-0.018820672928428
0.0181614015271625
-0.0240505258638087
0.00811172613319355
-0.00366673456915878
0.00143118994070734
0.00132704166319964
-0.0199816401256658
0.0209092069356873
-0.000407591200403457
0.00101935781894702
0.0183299700100805
0.00529999000000014
-0.0236744954110664
0.0523688119741454
0.0216864941263772
-0.00407468022434077
-0.0301617322580728
0.0185421367605219
-0.00433439607012132
-0.0126729705135058
0.0173427790974481
0.00163727243306822
0.00480769230769229
0
-0.0113875789473685
0.00880846982496308
-0.0191901744464578
-0.00322835058473525
0.00706646390289967
0.00613972316402189
-0.014044915033803
0.0348756750675343
-0.0113916560239854
0.0163241503391987
0.0278723083096111
-0.00183845020830553
-0.00414400052100561
0.00850748112176314
0.0146708786845935
0.00406648277366761
-0.0108900998029871
-0.00418562321773197
0.00630477875905
0.0271497873553923
-0.00212169372025206
0.000708734958595025
-0.00336399613459626
0.00195417477430859
-0.00939720719688286
0.00635402731974266
8.89462006832265e-05
0.0225858173802758
-0.00478263478260876
0.00690258646315223
-0.00459908893785299
-0.0149943423850958
0.00256660770982586
-0.0142125795746166
0.00564166751395478
0.00391803195232332
0.0117083557159545
0.0132386640932609
-0.000346119235095532
0.00683805943770488
-0.00171936898211822
0.0232517820379319
0.0039555714526176
-0.00368851535176029
0.00647879691171727
-0.00359472487222723
0.00192965849602045
-0.00812260104040541
-0.00160401017148182
-0.00676478087663146
-0.000510786655123274
-0.0196763710446956
-0.00999212824718487
-0.00412498676277018
0.00731472629492624
-0.0111111458151055
0.00875871900166958
-0.00517450460904678
0.00149870404654839
-0.0144366111696587
0.00884242594535922
-0.0059318106931866
-0.0133594586155991
-0.00649937720255811
0.000181755409444984
0.00372452754860975
0.00253415698315074
0.00776383518363732
-0.00949562867049092
0.00180878176720634
-0.00821518483926664
0.00892039860804306
-0.00252614588690536
-0.00289435605814681
0.0127903122784889
0.00188086875269367
0.0161809134973994
-0.00202336591929908
0.00255642625958341
-0.00747389411393928
-0.00380935516856906
-0.00400175199648956
0.00107145535714293
-0.000178424897116725
0.00463876011844344
-0.00683719569781926
0.0090299778101024
0.020733616686748
-0.0426214941654902
-0.0297397676150171
0.0137370430102413
0.0200036775441461
0.0157252324315367
0.00889758883261482
-0.0168444837890862
0.00313956755096245
8.93677887978672e-05
0.0259299186670214
-0.00331180936572795
0.0229975251574193
0.00478677672940897
0.00680557192329467
0.00540768914926382
-0.00277329191988052
-0.0040452046504228
0.000761524792689094
-0.00498856020094429
0.000169926920462249
0.000339855573658232
0.00552064728249779
-0.000422358310857018
-0.0103937387322541
-0.00486721881250773
-0.00549166804966827
0.00129422776023769
0.00456698824902224
0.000771967734226164
0.000342855924279517
0.000856816047098086
0.000941700213024754
-0.0036777284241829
0.00420641263982158
-0.00179522990779879
0.0107904601556168
0.0274506314280321
-0.00684419081827792
0.012039164529406
0.0054967512141828
-0.0010606886596064
0.000163334150126593
-0.00293998373883175
0.00778118626525304
-0.00991548268924358
0.00352979806271558
0.00220856441717787
-0.00391769516612051
0.00663714350510358
0.00480263744082454
-0.0103693938695821
0.000654829710057925
-0.0136616330769247
-0.0262088081612341
0.00953917862058851
-0.00447143343011425
-0.00983054237288139
0.011725462571909
-0.00448353780969057
0.00110467369136624
-0.00169762332056056
0.003316036023161
0.00313561864406786
-0.012925631166876
-0.00350903812081604
0.00489564545220289
0.0115384444444444
0.00430927763936251
0.0165741290882204
0.00339316389318611
-0.00725830595939136
0
0.00407109501436453
-0.0165494417302349
-0.000673125800136676
-0.0138082010728686
0.001536762610862
-0.00179012874929885
0.00068319386307758
-0.000853370882403226
0.0120430131185001
0.0117309395177811
-0.000917584273880112
0.000918427008059552
-0.00266932772779438
-0.00861491315849627
0.000337475747384408
-0.0169520283376908
0.00754979422700419
-0.00323572882772949
-0.0092259953737569
-0.00844975836049944
-0.00139133913043477
-0.00296060616372718
0.0260262270742357
0.00314942960973541
0.00704286817213196
0.0130603555780249
-0.0197954332580362
-0.00899445921076725
0.00248309784670675
0.000597881780015852
-0.00734102420245797
-0.00438560491542173
0.00829157892806687
0.000770978255456134
0.0160917313003213
0.00311686465434136
-0.00327510911529871
0.0294043132630497
-0.0153871091831724
-0.0047381544953079
-0.00125282716312969
0.0015052684143626
-0.00617906636307497
0.0272223582731228
0.00572547839480642
0.0078074089769633
-0.0035506375653751
0.00202461932236919
-0.0092944392800185
0.00693423059333953
-0.00761566880012965
0.00416362158810712
-0.0374796829268292
0.00118253231846044
-0.0113051295984572
0.00341320925995037
0.00816401932695032
-0.00902572731271889
-0.000595837574161373
-0.00187379262843734
-0.00247461383267156
-0.000427750206539734
-0.0100984169464855
0.00458199195265818
0.00301209990564799
-0.00600604875145305
0.00923608129885345
0.00282245984985385
-0.00144987633262261
-0.00136662109042318
-0.00273691417613608
-0.00428816473907656
0.0111111199157816
-0.00604820688345009
0.0086561707233459
0.0159741521628998
-0.000585431128209413
0.00585771548117142
-0.00748747106873882
-0.00720872571981412
-0.00413715798485048
-0.0112759138094763
0.00728861240039591
-0.00876818754772968
-0.00120232735825621
0
-0.00464317270911851
0.00406013296371577
0.0104103843135925
-0.00102181537769397
0.00230136379134005
-0.000765337214570505
-0.000680868085106368
0.00757962881246166
-0.00439520758000511
0.00229218947030985
0.00042353888571145
0.00347130637988902
0.00160312187655554
0.013899435716447
-0.0131273013199792
-0.00993434088175071
0.00110548471267835
0.00900363520758596
-0.00185201614738606
-0.0133254786202243
-0.000341918118504481
-0.0019666182633592
-0.00059971726696606
0.016888135158369
-0.0126454220372934
0.0102458757621446
-0.000676149425287265
-0.0109100221737148
0.00102610519947244
0.0048688733236526
-0.0104555849239679
0.0127136410028814
0.00754941053142266
-0.00336758716423291
0.00185843052521784
0
-0.00505900514433399
0.010762686440678
-0.00955814562483803
0.0104969612417749
-0.00435624517827982
0.00605807330345942
-0.00326168771430946
-0.00797111092465186
-0.00642816527713364
0.00493744781699634
0.00228714098380833
-0.00135223123732242
0.0132870594689554
-0.00125282716312969
0.028683725895907
0.0137386795587564
0.00328792309433656
0.00295741345250256
-0.00398469866150708
-0.000160057605375519
0.00488157014149793
-0.000318555387433195
0.0062933243550809
0.0250158011399622
-0.00301204828582158
-0.00364087856970752
0.00427618582942735
-0.000619354348832424
0.00488035494245409
0.0034689870222866
0.00660675280950684
-0.0168663055549592
-0.00349333935372331
0.00669939264233843
0.00456558862696244
0.00115539972201661
0.0176964144210479
-0.00257058282087907
0.000303251740489285
-0.00287948016307116
0.00531953052114997
0.0136064940301268
0.0188679176334674
-0.0234226110167841
-0.000974404151917185
-0.0015754446022066
-0.000751472787023255
0.024139014111566
-0.0089580804911068
0.0097058456715875
-0.00799821696505887
-0.00244101631125049
0.00845320325928212
0.00338240441176474
-0.0124579504088695
-0.0140990952099693
-0.00293542072154596
0.0024911451461378
0.000602424685186342
-0.0048916990934792
0.0106632613072151
-0.0147411030734892
0.00668341317966759
0.0122971706005921
-0.0113279853875087
-0.00173383833155916
0.00475726824209688
0.00210429884419505
-0.00284977509673856
0.00646811036945882
-0.00179349116309635
0.00546485992716184
0.00171241905610042
-0.0028243572154788
0.010882460915848
-0.00302306455622559
-0.00347608886670636
0.00356238668686415
0.00473302762362815
-0.00610924476586749
-0.0171813079847539
-0.00339094247806038
-0.0158777489746618
0.004225591449736
-0.000841565252153842
-0.00214394323994138
-0.00130458096123343
0.000537894761639457
-0.0125940637951615
0.00217762479113981
-0.00962283090468097
-0.00141044503814958
0.0284054923351305
0.00312836110374426
0.0161253136371393
-0.0134740852900392
0.00386986893610342
-0.00823882067485682
0.0117368563207225
-0.00278715630885118
-0.00173750559988284
0.00204316316503195
-0.00256755780950835
-0.00908537993510927
-0.00183378660476075
0.00688911517826951
-0.00387710222852156
-0.00557121274190042
0.0112816651278205
0.00356682845664924
0.00166365692439285
0.0192510030593613
-0.00140721433253888
-0.00496968524857
-0.000447245640577409
0.000969535415602296
0.00387426610136887
0.01313633616089
0.010841770230817
0.00420321747216401
-0.00700007902864574
0.000726678747383191
0.00530135087802508
0.00202278418088198
0.0169417553269968
-0.00935767062750148
0.010376391499342
0.00920747207015404
-0.000982518036966806
0
-0.00273971888698066
-0.00767830336891995
-0.00177468594358932
0.00398234973625189
0.0048873922241941
0.00239664490014246
