0.00427155467931151
0.00576457376512196
0.0346669342681625
-0.0373776321676064
0.027655158733584
-0.0153854570470211
-0.0257302411477542
0.0414281559891441
0.012734061077875
-0.00397638353649488
0.0199611403756952
-0.00486617481081331
-0.0384288032232848
-0.0444972794318217
0.0113965115619779
0.0106960760659374
-0.0273910361186932
-0.000465506805158222
-0.00797528820570093
-0.0307494036559027
0.0330568932985034
-0.0327610141018281
0.0116336287047709
0.011260115723402
0.0219142210830188
0.0211545679151615
-0.0294568473868341
-0.0250876783625732
-0.0353908508923522
-0.109321573401176
0.011240662186432
0.0105633736692452
0.0297875326155475
-0.0344987536521927
-0.0173847249184685
-0.0673426923076924
0.0221939499960244
-0.0350619741060372
-0.00722156577981981
0.00497698292601911
0.00700950857142857
0.0198986535507097
0.0741839746101489
0.0216850755175744
0.0321751719321999
-0.01827107436027
0.0168767789506563
-0.0104959720480716
0.00265187623049257
0.0136207215809072
-0.0210697712771735
-0.00812954583256598
0.00698685225447671
-0.0671158654154103
-0.00264603443258205
-0.0109709875462719
0.0252302702574632
0.00784951537092105
-0.0532557591003155
0.0219373464282326
0.0314743420949624
-0.00646838237976177
0.0612837245953395
-0.0172700939036466
0.0377255856382959
-0.00313845294705828
0.00262359951223146
0.0141959831597802
0.000580507002389874
-0.068140744847239
0.0118297610827445
0.0291946133322376
0.0437786224923844
0.0286405304429904
-0.0254300218237229
0.0068567140770972
-0.0122328144834559
-0.0161506485598717
-0.00648845076850668
-0.0401645389290928
0.00796079466584465
0.0655461527308367
-0.00120368699890971
-0.00450340594942511
0.0204524183584405
-0.00874131471675033
-0.01612495641613
0.00749038426678061
0.0189363353541443
-0.0269411090636318
-0.0224956420079193
0.0146210066975869
0.0306946688206786
0.0220062382445141
-0.0157658614737091
-0.026614335245396
-0.0189536469098245
-0.00802826802298884
0.00763260317495984
0.000848929090041306
0.00893844173188629
0.0152612585053109
-0.00305729936305732
0.0110528747494794
0.00309639810426532
0.0303640723710448
-0.027818556221797
-0.00635177052863878
0.0256329303797469
0.0120949828060171
-0.00243883916952736
0.0176639507507856
-0.017957987987988
0.0206104220112049
0.024328840354481
0.0154440152633204
-0.00990898133530382
-0.00820437560686393
0.0242886422579405
-0.0118563036108896
-0.00301416640356678
0.0240116569767443
0.021631731629145
0.00161161496485929
-0.0127614883817675
-0.00404645663083913
-0.0205406007348106
-0.00368735365667183
0.0128954553302965
-0.00605159840028313
-0.0154509012481023
0.00449208903816367
0.015390922916346
-0.0117256933967204
-0.00706100825941081
-0.0188272093591421
-0.0313669514481442
-0.0193192820732423
-0.00206370864529226
-0.00319614575187677
-0.0381616564587157
0.0101313023684131
-0.0171476259870157
0.00888805062142373
0.00933172117816095
0.0194607554077812
-0.0298705746391047
-0.00621034839373502
0.0261807386875217
-0.00724362179487181
-0.0107832249881585
-0.0109007704484485
-0.018742143593626
-0.00578384550697619
0.013123195384926
0.0248380910773027
-0.0167438068687275
-0.0147760139779488
0.0189655858636684
-0.0169625310858205
-0.00114138577760992
0.0136452170828738
-0.00656501976329538
-0.0148187839906385
-0.000677491718341194
0.0122720044656586
-0.0256530604356385
-0.0139547603357754
-0.00564693940815741
-0.00539861160349819
0.00451148312060123
-0.00378942456140363
0.00197237240203862
-0.0157480660943452
-0.0187142499999999
0.00953557251653891
-0.0177374429629037
0.0143140061459004
-0.0370530848123577
0.0223958743784138
-0.0088209134206586
0.0283299326113891
-0.0302898952750643
0.0155436255480785
0.00344196989874845
-0.0324040422594061
-0.0189319276070007
-0.0131468125468771
-0.0296042612215313
-0.00786766229716862
0.011490516078807
0.00623999200000003
-0.0180473606141467
-0.0170026553800882
0.0443950154222876
0.0296529567116808
-0.00474874394529334
-0.0243959131230427
-0.0265046389485992
0.0115063443316961
0.00616835686664507
0.0212580098926434
-0.0295470560677616
0.0216098564843383
0.00589761745533712
0.0195434649709734
-0.0261462663110913
0.00448783553282683
-0.00352723775627461
0.0150239600807982
-0.0312305581107712
-0.0160787294443848
-0.0329268536585366
-0.0657419100229149
-0.0350040412580953
0.0151063318744187
0.0598934038224013
0.0510487099423309
0.0147604604954348
-0.063790014038518
0.0279489716860428
0.00582625179430885
-0.00621227318135642
0.028045278629294
-0.0225965494477375
0.0194199668622101
-0.0239155612087159
-0.0114903767194121
0.0025641282051283
0.0514918401152982
0.00405383505931045
-0.0159075667282806
0.0160006314269148
-0.00751091099983836
-0.0157051022516487
0.0183531830220998
-0.00681932131839591
-0.0432400945967008
0.0119606489886206
0.0269312121637286
0.010111838294244
0.0761780155568157
0.00968009558133853
0.019174684262403
0.000146902322126108
0.0179293340562667
-0.0113332275415667
-0.0216121995379278
-0.015746276119403
0.0102358481328066
0.0250675238266467
0.0292136838598083
-0.0507220932271847
0.0219573812656269
-0.0125393492901427
0.016560188131288
0.00365256778181444
-0.0197249146206049
-0.0188594752896966
0.0418495462528345
0.00261495609232165
-0.00644787369736932
0.0106461062465082
0.0662337128614554
-0.0193530993324746
0.00345017945694415
-0.00907710093628245
0.0122137052513378
0.00685588916182711
-0.0419447361981158
-0.00490406549191325
0.00657094516716472
0.0202937638689871
-0.0102231453617221
0.0141230670400403
-0.0223792417047149
0.000779595998032567
0.0169251390236105
0.0302228121076817
-0.00919291592276705
-0.013303294947424
0.000829668781384463
0.0310880829015545
-0.0363818626465662
0.00945616697126139
0.00633705086347547
-0.0587954185299623
0.0206531241601746
0.0195938716240596
0.0160027456602621
-0.0371414405195779
0.00800054261016725
0.0245907517214177
-0.0704108995654877
-0.0289434462325943
-0.070722522056644
-0.0459267813813224
0.00725956276259243
0.079708217596528
-0.00651620332219338
-0.0275155581710661
0.023688081531698
8.03631695351914e-05
0.00731096643921458
-0.00821501854079643
0.00659429041567017
-0.0720619648807537
0.00232454580586228
-0.00498197912698817
-0.0201138991752037
-0.00237868025057386
0.00847756108226005
0.0154115765869942
-0.024318730806474
-0.0134346474583229
-0.0231141545480875
0.0253118302887763
0.0152056972663945
-0.0506607929515418
0.0537355081206496
0.00317069752359789
0.0536435460290861
0.0328305552398873
-0.0133924650276513
-0.00629654095758814
0.0477287947925147
-0.0222274740810555
-0.0457064430188199
-0.0303872130373599
-0.0338571137449932
-0.0224638330266526
0.0180163524403314
0.0416252911963881
0.000780131754679836
0.0788220548849388
-0.025612219375057
0.0134310892103569
0.0164241323103362
-0.0435165339810171
-0.00200717571297149
0.00972090824233796
0.0239024404332715
-0.0230202150517901
0.0628059990276777
0.0245901159442568
-0.0227047314285714
0.0041319013290122
0.0142856828970725
-0.0381965480572301
0.0241145320475205
0.00629477808566548
0.0583055657461748
-0.0120402370423357
0.00147719182714545
0.0139390814643876
0.0346959858800113
0.00583481195079094
-0.00698909691097149
-0.013232016987162
-0.0244650005235021
0.0176939235886839
-0.0124290177106255
0.0173140468412754
0.00407614428135394
0.00235026700804042
-0.00696326534875424
-0.00944471270194314
0.018780633938448
0.0134004544370616
-0.00804585500819266
0.0210890465586757
-0.0153346752687801
0.0340933068938623
-0.00515575591463924
0.020525128695198
-0.0369504132847677
0.0222021570040187
0.0328513943819806
0.0168232768196528
-0.0264977128287394
0.0167296615305828
0.00228538043560089
0.0772638501628666
0.020319303215292
-0.0221076101107894
0.00672768632257448
-0.00295006009813148
-0.0386449728962928
-0.0115571378625717
0.0282773854062841
-0.0145841051656858
0.00294735971007465
0.00856631063567925
0.0176069184574037
0.0176069210284326
-0.0205951207603132
0.0158934290823014
-0.00403151809336877
-0.0131101857634077
-0.00312219149841964
0.00921149617321282
-0.0104661131913379
0.00215229375698844
-0.00300671900959237
-0.00110778560088098
-0.0042513985659014
-0.00798214214477977
-0.00523958934208379
-0.000501642851809536
0.00219577172631524
0.00713614397496087
0.0292124869737864
0.00911896875702567
-0.0173549305557775
-0.0283190869973036
0.00708235649484745
0.0146875784342362
-0.00331202786545759
-0.0606769292307693
0.0117268999720055
-0.00310817860362134
0.0200065089965542
0.0109533274594238
0.0115905259842521
-0.047761368647148
-0.0412633866238998
0.0211445738957465
0.0128247806440889
-0.00276988713414617
-0.000661371571790026
0.00231623319226881
0.000594189857656691
-0.0153085249361559
0.0300878182694584
-0.00468384722427884
0.022875816993464
-0.014952051118211
0.00869224160113546
0.00771702250803852
0.000957300592673294
-0.0124323361517755
-0.006584822721168
-0.0105927017613497
0.00755332676518883
-0.0297913440596352
0.00181417722483124
0.0102615622966509
0.0458739146958138
0.0319284894217304
-0.0328474550659275
0.0149462956165185
0.0221205599433443
-0.00128751761824841
0.0318600502833659
0.0152299248076606
0.00380901859275773
0.00274373024967201
0.0141467831601145
0.0133180656713789
0.0148991045796714
-0.00212107179864041
0.00855847718166403
0.0200221904599744
0.00913485924343749
-0.0227382999674186
0.00485198778331553
-0.00916322633744848
-0.000941399923121145
-0.00504408835332648
0.0190529136490249
-0.000273359941759921
-0.0208891130554248
0.00653447629375359
0.0193652534715056
-0.00114314404222948
0.0262125231607631
-0.00424832992669888
-0.0368513102461552
0.014451832299496
-0.0346051621514321
-0.00316615036937151
0.0123078556214378
-0.00761990716315353
-0.00350042354054936
-0.00424929178470257
0.037894759601707
-0.0184200478390427
-0.0196593350517844
-0.00546910502745457
-0.0100819667149351
0.0614547487003616
0.0105217689235806
0.00156448531741193
-0.00140045789605581
-0.015588753522783
0.0155068602739727
0.00469430200513354
0.00102041892084448
0.0367509310411016
-0.00403642092640188
-0.00805363682648108
-0.014404693009173
-0.0116921606783129
-0.00903424358335281
-0.00135663122073271
0.027169483384065
0.00185158970455279
-0.0125673510252574
-0.00893047058823526
-0.0124103112026083
0
-0.00196689614799161
-0.00569328850597561
-0.0143698779284844
0.0108926206928248
-0.0536000273327069
0.0110935596171293
-0.0118958077253081
0.0136169773033896
0.00922504025340132
0.0152537368988581
0.00967861083928723
-0.040907302493179
0.00894885836362036
0.029372751558695
-0.00111898956233403
-0.0149554585501341
0.0132491810914979
0.0278354113268375
-0.000272934761876065
0.0131621459367948
-0.0196215842709716
-0.04860612659059
0.00369877480031655
0.100017246502185
-0.00769465061695229
-0.0106557151733396
0.00373232198775275
-0.0184860345285525
0.00546622816547648
0.00662071270653852
0.000267381430602232
0.0101572170443409
0.0121189294833166
-0.0191372758169934
-0.000746303123755121
-0.0131234571318771
0.00556786297724576
-0.00182781954998779
-0.00452389612056903
0.0113612099407316
-0.0103242055170193
-5.40241082650494e-05
-0.017243254054054
-0.000880061612453353
-0.00869797441336551
0.0362636682743063
-0.0130225504923082
0.00830753660539219
-0.00339251486363779
-0.013346306298027
-0.00728369088881631
0.00893691710846989
-0.00180436875610668
-0.00323179780052374
-0.00522062425003778
0.0109932104520338
0.00513634241670791
0.00554500688575721
-0.0111910417300587
-0.0117550249892299
-0.00265557952973716
0.010872535399733
-0.00422536913187443
-0.0146588994675835
0.00799772357945661
0.00238588475583157
0.0154987431529117
0.00207123615775306
-0.0150130225198656
-0.033852468148305
0.0384681115484673
0.0545464739202186
0.0149799627325009
0.0132674375559394
0.00943971308403357
-0.00593259444743877
-0.0228100039307607
-0.00626265180974805
0.00864585416666652
-0.0285551940812724
-0.0169563754596191
0.0022710013813021
0.00733707376274761
-0.00401670949005617
0.0405979618185839
-0.0121434784592088
0.0157451223073195
-0.00087546609397593
-0.000360770072696526
-0.0499639161600091
0.0189959294436906
-0.0161384766977364
-0.00167819942790071
-0.027655798977153
0.0269365961400545
-0.00423589662341628
0.00779882194699599
-0.00432917382057596
-0.00918529242933597
0.000164558417478533
-0.00427795201801184
-0.00352519410313656
-0.00281913652492094
0.0275498955947859
0.0159141828751737
-0.031011102288245
0.0205501977323586
-0.00402727818347803
0.012562012347682
0.00260904640444104
0.0113648378433642
-0.00320310855699313
0.00268658270361288
-0.00204895979928477
-0.0160568731148756
-0.0258961806066189
0.00521804355946442
-0.0130046995520654
-0.0308365545358867
-0.00354162005645642
0.00108921691023611
0.00624174522585608
0.0149670213125028
-0.00807402271688185
-0.0257193086717695
0.00365516358984008
-0.00323725061456581
-0.0115408634273969
0.00217082841855398
-0.0303260526939412
0.024029438385877
0.0168032898012893
-0.0172794322106226
0.0105617656493218
-5.84398888668902e-05
0.00221887195547321
0.0128758273879972
0.00540688505929654
-0.00886771589950242
-0.00282847486641435
0.0224022865412445
-0.0173253147244171
0.00103714566763236
-0.000460463898340535
-0.0290222784977018
0.00960746084709596
-0.0303101671079015
0.010782644647654
0.000659235283116066
-0.0125171946306689
0.003820899932651
0.0193342522909266
-0.0222274900385725
-0.00927506022717373
0.0368353684014415
-0.00967836547084733
0.00560158519279641
-0.0230518459259259
-0.0414897304289111
0.0048727311764909
0
-0.00573076415464036
-0.0180517222557727
-0.00180609560605105
0.00762515670436192
-0.00461736697442172
-0.00605632986022597
0.0090101767288473
0.0180521452382849
0.00700448660942454
0.0199899859632788
-0.0206426240549826
-0.0151809732091844
-0.00611507719870441
0.0156380312480806
0.012052779629881
-0.00168352657178183
0.00337263754061179
0.00180521637616748
0.0117435067510439
-0.00816804018709039
0.0151083715170277
-0.00402588137091753
-0.0188020089343582
-0.000686605050831735
0.0156152398894975
0
0.00799500585504265
-0.0151921299033116
0.0104702432198689
0.00104229303339198
-0.107735717333602
-0.0724876339059133
0.00162818981750279
-0.0421161309920537
0.0442765045069156
0.0160289401673459
-0.0166485492552115
-0.009167463003381
-0.00880471545128436
0.00647396135121814
-0.0154823638477717
-0.00273494633689342
0.00518010953972392
-0.0303902621536247
0.000937908379898156
0.0128846558314017
-0.0100223801545243
0.00615211412967498
-0.00572747691317677
-0.00389232424687624
0.00656458273339
0.00659930885250049
0.00763598184200442
0.00375081141879074
0.0148707155162542
-0.00976858266052627
-0.0248899607291696
0.00926071595330735
0.00177342891859933
0.0430264554037325
0.0104789170717627
0
0.000511261254501072
0.000656905109489125
0.030490977620278
0.00523813250546801
0.0140835157412689
0.0184015630303993
0.00627299860158215
0.0135519716282426
-0.0135713261990731
-6.78414083122858e-05
0.0254168373181365
0.0113689079224162
-0.00816940095972163
-0.00395355179077339
-0.00456471938172209
0.00325650293575785
-0.00192109821510544
-0.011017475423342
-0.0185892899332022
-0.0158643799280505
