-0.00245164811908616
-0.0524303127370375
-0.00576371741314941
0.00550721739130444
0.0602479117972876
0.00407833072534891
0.0157053344164637
0.0298587859162243
-0.0062128396010136
0.0541808297520403
-0.0276748943001015
-0.0243964180125243
-0.0359468881465718
-0.000270143219137764
-0.0164865135135134
0.0332508665361599
0.00930859092066982
0.0131752302193615
0.00650195041607415
0.0178294052240464
-0.0111702973132851
0.00821563521911095
-0.0106952380952382
0.00720728479831578
-0.00204451822017593
-0.00512166466380704
-0.0169883921229546
-0.0149253735251472
0.0138224352424892
0.015469350169621
-0.0191065840433772
-0.0210582510630033
-0.0325356018428503
-0.0480822679266258
-0.0145985401459854
-0.0311110814814815
0.0143729965023549
0.043714232361425
0.0121317738917321
-0.00114158101764883
-0.035142857142857
0.0384957062481492
0.0068434844596521
-0.0288870000315209
0.0119568383797948
-0.00951014381815152
-0.026476579181745
0.00268977892079425
0.00655740705089158
0.000888332839798611
-0.000887544404956864
-0.0133254367782056
-0.0120048619447779
0.0404010352613022
-0.0262774306569343
0.0242879174985258
-0.00731850117096022
-0.00412857564140356
-0.0450103642286054
-0.0502325891472868
0.0133856354353783
0.0141752250587879
0.0428844345616264
-0.00487371277041049
-0.0247932981201896
0.0163214056396295
-0.0219271457094766
0.0123145247868646
0.0177791635128146
0.0180815195194142
0.0249848878692085
0.0167400885973594
-0.0095320048969384
0.0160396320781677
0.000861050516647532
-0.0298249793468591
0.0283771487805409
0.00574880696324209
0.0414403234386784
-0.01372118588697
0.0161380360639409
-0.0167031763417307
0.00278468393205245
0.0272147751854914
0.0246012422491895
-0.0079156724055055
-0.0236701874292652
-0.0128029695669566
0.00993366391094574
0.0109290169906566
-0.018108054054054
-0.0209194042984088
-0.0292381501265112
0.0312772091305302
0.0168491430258597
0.000276222045739294
-0.000828326868351104
0.00469748562303063
-0.0220021996149009
-0.0123735092133433
0.0068337701262462
-0.00509052587413661
0.00227396247868117
-0.00255246752991889
-0.000568552776147424
-0.0261735973727684
0.040607624890447
-0.0129140654944994
0.0125141638225257
-0.014887585106044
0.0119761049329912
-0.0225416442636435
0.00922453183120586
0.0374179398696337
-0.00936123348017626
-0.0122289883268483
-0.0157569213349206
0.0314465980560321
0.020094178487019
0.00828694470859936
-0.00107790350099957
-0.0124089290531428
0.0128380493625226
-0.0161812828381186
-0.00767541118421045
-0.0400552751365946
-0.0126618417266187
-0.00961821598314738
-0.0250146851088875
-0.0132810741539066
0.0107066996239429
0.0012106839827275
-0.0290206451619924
0.023349938460459
-0.0170367513549362
-0.00340451861948254
-0.0310558996566491
0
0.0157051277017586
-0.0069423159690023
0.0158881479468747
-0.0118861123517708
0.0838873694207027
0.055490563347514
0.0260100449919769
-0.00674217870862037
0.00488721124696112
0.00432315613743062
-0.0564971243743408
-0.0416309951525521
-0.0270752744101376
0.00611623834506925
0.0188449228665701
0.0232696599045346
0.0338192429684911
0.0253807677772353
-0.00137513747593121
-0.0151474245346344
0.00671146569974623
-0.0144444444444445
0.027903072153326
0.00740337243204325
0.0204137169072556
0.0173378758422047
0.0291033306005068
-0.00229299363057334
-0.00357507660878431
0.000512583290620094
-0.00153691082128815
-0.0210364289379169
0.0107442348008386
-0.00207409904070532
0.0259807728770707
-0.00278554050212498
-0.00279332141205368
0.0145148968678381
0.00225903614457823
-0.0130227898822941
0.0438974625729511
0.00437532825414011
-0.0193610842207163
-0.0394867226061205
-0.0046247689940786
0.0203922808264181
-0.0123955985933619
-0.0112705683588481
0.020725493301839
-0.0154822580973474
-0.00618721303977277
0.0158236320576817
-0.022471935648621
0.00339605547011645
-0.00911218432699812
-0.00683137133916523
0.0261905297934002
-0.00386702748473744
-0.00155271743148866
0.0274752966575793
-0.0100907419296354
0.0214067267376796
0.000498902170713356
0.00523698280483709
-0.0121558171134751
-0.00226017076845819
0.00704752076516502
0.00149967515619465
-0.0222111305215872
-0.00408371618172532
-0.0169143772424399
-0.00130344105048374
0.0167058204984125
0.0136071626801755
0.00354607396149964
0.0123675419577876
-0.00997262503184659
-0.00503654004121235
-0.00075925086101003
-0.0045592958459979
-0.00597964391805705
-0.00217583520224851
-0.0341200102616726
-0.00318733050797726
0.0143885162373707
0.0223272392960336
-0.00411099712800589
-0.017801806904118
0.000525348043078688
-0.00787605670779745
0.013760253671335
0.00652571113219236
-0.00596470420216011
-0.0060006258283003
-0.0139107093916383
-0.000532366249667349
-0.0111850335868184
-0.00969569055492336
-0.00625507206962217
0.0169676787912512
-0.00861141011840671
0.00352880021715518
0
-0.00297538536717934
-0.0189908025233098
-0.00442477876106184
0.0183333333333333
-0.043098690671031
-0.0250855458902197
0.030409385075749
0.0150396699750472
0.0206876712328767
-0.00438236123705082
-0.00632734560260495
-0.00526021609247551
0.0108544391873087
0.0286343887665197
0.0211456364789713
0.0167758575740047
0.0126320697955125
0.0173116094020269
-0.0217717472915853
-0.00434898951138407
0.0115622051162489
0.0172720349827797
0.00199755310855321
-0.0675305988654225
0.0096205510219427
-0.00238221287406593
-0.0124700985001351
0
0.000537372366002709
-0.00483353894556715
-0.0140313002150216
0.00109471808717254
0.0196828037352212
0.0214476949449784
-0.00498682440875731
0.00501181746241097
-0.000787349122695513
0.0102442605726294
0.00130002603484214
-0.00129833816143021
-0.00208003125533107
-0.00625330885218056
0.00209758788929171
-0.0034013866195346
0.000525098451036765
-0.00655995784413654
-0.0089804804812339
-0.00026657782515993
0.00373244488042879
-0.00956177904054301
-0.00777691049136731
0.00405410810810802
-0.00861372766547897
0.00651637216853795
0.0029673590504451
0.0371167563206025
0.0184128366594183
-0.0320856124267889
0.0199947918965953
0.0281145473304099
0.00250873049401101
0.0217718473916877
-0.0031839577181505
-0.0169533902468454
-0.00799797590592244
0.0151172087457094
0.004964035617671
-0.0103729804705862
0.00673820813576254
0.0178483143282102
-0.00219191421841403
-0.0141567484950758
0.0143600399693002
-0.00927510350805216
0.00468093126385782
-0.00833742050851927
-0.00642925337362155
-0.00746637630662017
-0.000501504500965311
-0.0168088806620952
0.00867568279345954
-0.00834803967488074
0.00102043364743776
0.00611615667094001
0.0088652988855118
0.0102937479139469
-0.00372768371134757
0.10127218757795
-0.00634208351791243
-0.0127649421646898
-0.0226275450790223
-0.0151193708897061
0.00167903578026007
-0.00239458823728889
-0.00288043686989914
-0.00457397677963456
-0.00386938350033295
-0.00704047115903061
0.00929087974127718
0.00726751471093801
-0.00769610352592087
-0.0196315327014801
-0.00914707023122197
-0.0316866501154366
0.00334960053208966
0.00333849520643281
0.0207320450473509
0.00501507008487789
0.0137225292553629
-0.0073836818266384
-0.00694279658106634
0.00524342085501694
-0.00745154036023543
-0.0017517517955894
-0.0152920535295077
-0.0239307287151406
0.00730305164319245
0.00958060615175049
-0.000256527301537468
0.0120574910210365
0.00405576669060159
0.00100987121913998
-0.00554859997232793
0
0.00304334263251338
-0.00025279393812383
-0.00556401098725301
0.00305185656154627
0.00760656712998387
0.00880719633582316
-0.0102269892741333
-0.0025201108870968
0.00353711452566374
-0.00377646012647392
0.00985592620672238
-0.0122622125190743
0.0197618186024366
0.0186335403726707
0.00146343902439017
0.00949829494646148
-0.00120624846305795
-0.00772946822562959
0.00486847590708472
0.00678299435036323
0.000962391699653731
-0.00793264461214627
0.00193840562151681
-0.00193465547446936
0.0101768597043856
-0.00167905976682803
0.00816914964366067
-0.00595805543274674
-0.00503473999124293
-0.0296385542168673
-0.010181251552024
-0.00200707471131278
-0.0118149324237036
0.00686850656656057
0.000252602311642258
0.00378888608234385
0.0070457470032339
0.0214892803598201
-0.00122306748475864
-0.00612294851222395
0.0145390825756981
0.0109303138659371
0.00600672767916222
0.00668743746566602
-0.00450778151801745
0.0112011680457855
-0.000235729436719345
0.00259314015054879
0.0126969436326581
-0.00998377060599021
-0.0150093577628837
0.0102380952380952
0.00801319820881452
0.00607900397474848
-0.00371833613103256
0.000466526719536509
-0.0023314992383191
0.00303802283154897
0.00163103455876201
-0.00930453550572041
-0.0115050950927449
0.00688838512533896
0.000235975471478467
0.0160377350925596
0.00185696370209065
-0.0120482159406857
0.0128986869816765
-0.00115767541462541
-0.000231757075376926
-0.00115926266730204
0.00162488386142612
0.0020857472961413
0.00693799690388541
-0.0119430635750328
-0.00906552766155289
0.00211118925378395
0.0039793538394346
0.000233224533299659
0.00326337980124092
0.00023229553363624
-0.00836236953222691
-0.00468486776024524
0.00141202629267956
0.0129259462497284
-0.000231972168536876
0.00487349733116726
0.00900692861447872
0.00274666978133831
0.0104998628052988
0.00993898802800985
-0.00670988608163481
0.0616978608421528
0.0120890556908142
-0.00377200327384752
0.0317626833874067
-0.000611600420216019
-0.0022439820481438
0.00797380903700673
-0.00263693717316305
0.00101694126568819
0.0115806580337126
-0.00180759184961643
-0.00663987914205477
0.00810210670654476
0.0114526823387584
-0.0256257647993644
0.00122328238987324
0.00570144561797115
0.00769388555768136
0.00723329314848287
0.0183522437990775
-0.00235061708816098
0.00510502650697031
-0.00253951948699982
0.0225224829118198
0.0181957674429374
0.00677200902934549
0.0052316704035873
-0.00743488861403141
0.00842689107015393
0.0100278740957429
-0.0182018205221883
-0.0232210103662543
-0.00191715874233123
-0.00307335760519867
0.00751443130965579
-0.00860587093888165
0.0210262345679011
-0.0077460797279425
0.019421191926885
0.00616357851767702
0.0085391314003922
-0.0108595615365522
-0.018794230785477
0.0314811113218283
-0.0178341794049307
0.00467989534555957
-0.0149058883885183
0.0329109520126905
-0.0208752971822871
0.00935103779033031
0.0179729105433961
-0.00327631968103959
0.0326881129542773
0.0238727325176433
-0.0127806904048121
0.0073478306508048
0.0239666021546856
-0.0103460144224223
0.0126821255418039
-0.0071078355051617
-0.00153393562413273
-0.00546268332322686
0.00909720250934432
0.0231332025321789
-0.015793864811509
-0.0109797633280445
0.0134927585566655
-0.0037074654533199
-0.0118403418782196
0.00753171884737136
0.0129119603650705
-0.00234818856672581
0.00319431741761944
-0.027652053884768
0.000344725956566538
0.0175740865338718
0.0106670841404151
0.0100519686723399
-0.0165864983150357
0.00252990381970153
-0.000672897050351562
0.0242423897561486
-0.0129848948060487
-0.000832622828186858
-0.000499983333333232
0.00933796882878135
0.00792993570014766
0.0124570074563843
-0.0014570179698884
-0.00356681258106351
-0.00309142536757934
-0.000489603394809968
0.0124101563549917
-0.0140322419354839
0.0247014227923863
-0.00127710730008157
-0.00831202032749334
0.00322374269465286
0.00417734562412142
0.00671996800000008
0.0144628739498689
0.0142565560314412
-0.00169911960763414
0.00696278850206333
-0.0242778419091012
-0.00881891338582674
0.00619642526527531
0.00947415097192006
0.00156419521351481
0.00234266753619661
0.000623262698659754
-0.00326999372049208
0.0282767996164099
0.00349442418717727
0.00272520805184517
-0.00286882064613514
0.0263476373963107
0.0159339335487449
-0.00290440019017713
