0.0181332726754748
0.0115973629711446
0.0236113425799649
-0.00933329333333333
0.0113054638773029
0.0114453155635521
-0.00210531578947371
0.00962558067645469
0.00417916938748863
0.00624273645783235
0.0147343796794217
-0.00343910321133356
-0.01444270231193
0.00116711190290353
-0.08575123390225
-0.0187021813912671
0.00144382034525492
0.00403687998793445
0.00933374510818119
0.00512165307836598
0.00283079963677846
-0.00635139044040622
0.0228693175321217
-0.0213859319154026
0.00340567612593046
0.0107481545856054
0.00307822858432605
0.00809031920518
-0.000138300822124071
0.00885690537345951
-0.0152263507482482
0.021312146241647
0.0143208265139116
-0.0138497641313796
0.000409149190572666
-0.0103584839706221
0.00550889677029476
-0.0206821251696445
0.00685311888111895
-0.0195859985994167
-0.00297533287120044
-0.000852707083158766
0.0270231980379234
0.0159257999712754
0.000954184828868998
0.015388778428435
0.000536480701085917
0.000804369994755305
0.0128582768358811
-0.00833119512042335
0.000400040016003356
-0.00919748103962215
-0.000672716247202443
-0.00471188751631513
-0.0142026646828081
0.0116630904910711
0.0105791261123374
-0.00120794520982559
-0.0114216342763139
-0.00815548457251591
-0.0102781963782623
-0.0116311823368708
-0.00126080139790419
0.016692411043731
-0.0122793455182389
0.00447001002765801
0.0037546375327695
0.00595734275422544
-0.0115687093848131
-0.0108680372384578
-0.102831373512646
-0.0193122942269162
0.0491514577193637
0.0218220665622166
0
0.014784916588783
-0.0235467118563669
0.0114544540001342
0.0469378774111477
-0.000711685149112351
0.00256373739586579
0.00696118776759747
-0.00112858356921208
-0.00367234447716058
0.00623762395466931
0.00760769198615008
-0.00810955011645198
0.00606147431459036
0.00434351950356526
0.00460382254464275
0.00694347987936461
0.00206870770738643
-0.0172034122101067
-0.00784212251269445
0.00112917434380178
0.00817710418722672
0.0167808273869157
-0.0112776786037364
-0.0225344557314572
-0.0128076567300837
-0.0105233381639034
0.0198135346709432
-0.00257142857142867
0.00587228587797206
-0.00569558568864081
0.00300728904461445
0.000428312386802965
-0.0156985728557156
-0.0255183699359378
-0.000743862531525918
-0.00193575033140259
0.0275995528509556
0.00667826684138784
0.00129800988162754
-0.0210283594987759
-0.00308958359438594
-0.00649353581778245
-0.00089123588829465
0.0230448402306023
0.00508655733429908
-0.00621748084340779
0.00349189567182173
-0.00739454824714303
-0.00803381548398785
-0.0117803409347466
0.0227983605602986
-0.00101979896590632
0.0053959749161443
-0.0087033069711836
-0.00146324269612186
0.0145076938601316
0.00606671936732406
-0.0140704087847692
-0.00975677908131012
0.00617644117647065
0.00935399033481388
-0.00999123979123195
-0.00819079969910197
0.00914322398298872
0.0143212626041209
-0.00518658664823013
-0.00376541620135773
0.0136648057324493
0.0113293269182853
0.00765741666154618
-0.00900647365624729
-0.0113603382948123
-0.00488371136668864
0.011691642778459
-0.00827498977172147
-0.00215797720736655
0.0239330446376436
-0.00591381326022877
-0.0130311335136297
-0.00373137198622275
-0.00100835496999019
0.00735404491287794
-0.0137417547417441
-0.00928882411353193
-0.0143569143171135
-0.00653987821848812
0.00703174787742356
0.00430842383920438
-0.008431938119288
-0.00596750717540662
-0.00255137337016553
0.00135425822079838
0.0121712691733462
-0.00712595001297567
0.00717709362337438
-0.00564130039131083
-0.0243356961330682
-0.00137713852722687
-0.00904082105299342
-0.0316993824555245
0.000159725329922145
0.00431104894920886
0.0033386167459899
0
-0.0049120899237507
-0.0141719588243943
-0.000807607817799982
0.0140639991260265
0.0111589351187631
0.00804034368595308
-0.000938348466348882
0.0104884469241007
-0.00325340031355237
-0.00854825977918938
0.0211631600382012
-0.0145839271505054
-0.0375448344743783
-0.00226610557245222
0.00551591507975191
0.018070313004195
0.00110935027287962
0.019629666602174
-0.000310588398659273
0.000621230014307139
-0.0152102902374671
0.00677698964890472
-0.0162805413857147
0.00286441756842781
0.00206286893049823
-0.00950123485348431
0.000479664276253677
-0.0087887980572452
-0.00193453170940727
0.00258439670489419
-0.0120831319478009
-0.00228310502283102
-0.0168355344883949
-0.042227779144546
-0.0404444013115015
-0.0253255793293339
0.0515961200520392
0.0123544122837982
0.00156903762954963
-0.015143585463123
-0.0275716144371999
0.015267193747728
-0.0055496239608015
-0.0226822326315433
0.0167618342832596
-0.0159420468126441
0.0185935567010309
-0.0121091989116502
-0.00640320160995234
0.0103111395634112
0.00601425197766092
-0.00398552529011731
-0.0096398508548563
-0.00110196508536331
-0.00827357985426702
-0.00704482771681181
-0.00541450699375445
-0.000938595832551181
-0.0127771512067428
-0.00209366193198202
0.0247949647148578
-0.0102363670202865
0.0355396765701392
0.0210641002360632
0.00160056909123241
0.00514916548295452
0.0185479417320624
0.00208114810960813
0.000173104883577357
-0.00484518074329143
0.0194749267770797
0.0107453008571499
0.010968647012104
-0.0135203138040394
-0.00169201359363835
-0.000508457627118597
0.0247583343266349
0.00496442164487831
-0.0250288325374608
0.00118223275092433
0.0167004220091165
-0.00447984071677454
-0.00966670000000003
0.0205318249926565
0.00379287605199319
-0.0100213735833969
-0.1525057800367
0.0460152339925592
-0.00898538034389296
-0.0126558181461242
0.0110961928448441
-0.00510872299370757
-0.0121719850828458
0.0159799964570659
0.00397953382603733
-0.0939977349943374
0.00812497916666666
0.0254184754167901
-0.0130995165880595
0.00898507230988188
-0.00627407407407399
-0.0114052346804577
0.00515039132364259
0.0104529204662243
0.0517241186962296
-0.00867880457777448
0.0182878981210934
0.00171952617500959
-0.0562654968529468
-0.0179870654810023
-0.000411607326610497
-0.0228536339304096
-0.0132742733517547
0.0254110174925894
0.00104123281965851
-0.011025566881631
-0.00231386196226624
0.0280412818890998
0.00635771149949593
-0.000611351131037385
0.0103996327406275
0.000605509598496701
0.0262202288737301
-0.00923744085618239
-0.00833164054751045
0.0026004599879792
-0.0195530730158234
-0.0101750103820718
-0.0513980273724923
-0.00563498061627621
0.00414121612595442
0.00976774473627096
-0.00902841788478081
0.0353579624884148
-0.0400167609469935
0.00589262330859897
-0.00347146886526373
0.0243849118223383
0.0216790865394068
-0.0101934262533805
0.0197561572191611
-0.0204039777411378
-0.0828949943802859
0.0401468226657491
0.0169828187031318
-0.0641942948559033
0.0366164061823218
0.0207914151576123
-0.0359176522120016
-0.00295322580645163
-0.00637953990384021
-0.0149048838590945
0.000931121995603412
0.0362790930232557
0.0486983606665539
0.0359512090734004
0.013840156992357
0.00692738358079126
0.0376366061366493
-0.0167706906546546
0.021816779921332
0.00232917313664593
-0.000387296676748639
-0.0160790006989346
0.0259893674741216
0.0142006713835987
-0.00889303723341672
0.00534553254399506
0.0121534181541967
-0.0157598502018733
-0.00972165477929199
0.00134743019542971
0.00384469434832768
-0.00248948673899874
-0.00883085045114229
-0.00639167138501506
0.00155949320778737
0.00408717391811653
0.0120178135297537
-0.00363913050448439
-0.0198000384467514
-0.00254953902531718
-0.0131734562883709
0.00996214405184581
0.00591838638623754
0.00294169433450908
-0.00508404390074402
-0.00452042050863954
-0.0114511742763603
0.010984601557819
-0.0116554723756515
0.0105936840014729
0.00870251169496616
-0.00352941176470589
0.0216449822904368
-0.00192600161502321
-0.0146661327672714
0.00959651371726378
0.00543167808790845
0.00501636098721359
-0.00806300633518919
0.0187730024684731
-0.00398934278095264
0.00915506389471665
-0.000188962388962266
-0.0145557839487417
-0.0308843462327959
0.011678562945368
-0.00743496365809115
-0.00473088902030361
0.012675757073648
-0.00410723637576305
0.0054988808129961
0.0185547066688534
0
-0.0122723676980875
-0.00368856547033847
0.0114964925954792
0.00154116740512422
0.0153875547071531
-0.000568346266937803
0.0333586441758393
-0.00623624358033759
0.0260243632336656
0.00701565029681595
-0.00428720971775631
-0.00843204131926645
-0.00633258548941562
-0.00236702484949114
0.0016426354874497
0.00109325799757176
-0.000910083744267931
-0.000910894532900275
0.00182346827133473
0.000728085197089223
-0.0209166606038559
-0.0185770009817202
-0.00246074190949297
0.0110056544401202
0.00262760890817582
0.00243356429927233
0.00634920646777237
-0.000185526075070164
0.00296956193449205
0.027942227462209
-0.0617461757290041
-0.0188027632157092
0.0267891870705745
0.0198057710838229
0.000373501407535004
-0.0106402837408998
-0.0200000188679246
0.00827878337078913
0.0106931642293902
0.0238050066125071
-0.00129175126945469
0.00923872892163202
0.0038448005097913
0.000911891267120435
-0.00236882284313367
0.0109588675799086
-0.00379402001062401
0.0123322635533598
0.0736295234682909
0.0203571166360754
-0.00686838898222775
0.0102090894121523
0.0189079060768673
-0.00127976327882784
0.00240272304981581
-0.0116651322574263
-0.0202101865872332
0.00676567679094653
-0.000491689903022174
0.0167267956707118
-0.0067741612903226
0.00665800562981467
-0.00451690580684272
0.000486193493537401
-0.000485957224296674
0.0116674933020173
-0.00576645843344548
0.00338326083454166
0.0122029867084616
-0.00444167188385658
0.0011154238723845
0.00413811860136515
-0.0076081629418292
0.000479124732804426
0.00526823124629994
0.000158789897430678
-0.000635138139091773
0.00206547508842503
0.00634217536071047
-0.00189070423994486
-0.00410415166863931
-0.0104612458392773
0.004164648406215
-0.0346147556965186
0.0285855915399866
-0.0154216706827309
0.00489474620827646
0.01542459814905
0.00719541082194741
-0.00206383546392008
-0.00254533880774188
0.01387558191586
-0.00078653452886579
-0.0121221662468515
-0.00701193625498009
0.0160487880589184
0.00221134098544717
0.0630417011340945
0.0155671319006878
-0.0202919562043796
-0.00640740565627451
0.0023994601079782
0.0104728462281776
0.00962394122558585
-0.013785041390672
-0.0172491301115242
-0.00045389622962011
-0.0054496065833971
0
-0.00776248132857582
0.0139591344083714
-0.00468981859878415
0.0235597351640107
0.00876156868200595
0.00191370528485191
-0.00514250676292993
0.00723671551080662
0.0277125965269471
-0.0241117719567283
0.00467834781642251
-0.00552975835957858
-0.0182908995195141
-0.00208673436200535
-0.00328594488211853
0.0259253097890615
-0.00277537252082038
-0.00571261193991268
-0.0231290375572646
0.00859597371726672
-0.0142045012352497
0.0127407401789776
-0.00703899986696122
0.00558061814868993
0.00959952031196987
-0.00311989312494099
0.0180327874227357
-0.00263506082960197
0.00234851030449912
-0.0174257282555905
-0.00491804783660343
0.0203684298503113
-0.0582708524117505
0.0261844123326427
0.00789801080789854
0.0164254970400015
0.0131949449901385
0.00307297354831571
-0.000437724269683804
-0.000729655606961144
0.0127062215173621
-0.0256705812327997
0.00695679416686801
-0.0230780541390277
0.00842609100851788
-0.00164119673117868
0.00373636205432004
-0.00595595557141426
0.00149788791198646
0.00583306901236824
-0.0223048327137546
0.00441066159695813
-0.0127196242774135
0.00306756149083887
0.00107032106818594
0.00122196423977461
-0.000305171610747279
0.00183126814941659
-0.000304722001379321
0.0071613746988286
0.000302647512939291
0.011494161607948
-0.0402212189094445
0.0146439471991291
-0.0105941199413843
-0.0242085808749666
-0.127226461081004
0.00218657065986561
0.034545490909091
-0.0500879244257321
0.0035153192139743
-0.0116150622560818
-0.00335760113117689
-0.00524046415871227
-0.00921922825139321
0.00607671857197123
-0.00188748584371456
0.00737517005720179
-0.00713348976910078
-0.000189033847400988
0.021180010945915
0.0172222222222222
0.0100127434917168
0.0182047945205479
0.0069038588456769
-0.00738400127665251
0.00513639754049589
0.00616736563876641
0.000700542931717951
0.00140010502975341
-0.00856345668361669
-0.00440683941477171
0.00938381728045345
-0.0112260835371368
0.00124179530320734
0.000177214744458087
0.00496012391567535
0.0183324519654504
0.00346202181062827
0.0115576675598126
-0.00306957713283729
-0.00410533705277694
0.00515285116535802
-0.00290502392344505
-0.0137103517981269
0.00451784543037093
-0.017471060067963
0.00422538739833422
-0.00403225799382434
0.00193622598246379
-0.00456777949992204
0.0127073949876457
-0.000348553496888337
-0.00278940023031027
0.00244753492224592
-0.0146494593651901
0.00318584070796457
-0.00370499294283688
0.00106247563197304
-0.00371482405297752
0.00355113636363646
-0.0207006723283794
-0.0354110039895574
-0.0112380223120065
0.00189426024068462
-0.00415959546529776
-0.00113911149189716
0.000950370633902908
-0.0030383592859855
0.00590478095238089
0.00359778444238246
0.000754735849056498
0.00320509043730999
0.00996059030183383
-0.00260521017472226
-0.00578352633520629
0.022518314458279
0.0077077993133492
0.000364232380258622
-0.00564356453668302
0.00970346044861703
0.00326382581092211
-0.0117477313664294
0.0117044623262619
0.00144616775126538
0.0099277794249899
-0.010545129391508
0.0137282873242723
0.0276193697009866
0.0279174797266335
-0.00101211202786955
-0.00979402212438329
-0.00324007508936008
-0.0159110519091351
-0.00312934631432549
-0.00122078828043248
0.0235725336127117
-0.000682309803519465
0.00477977108979943
-0.0112130477197918
-0.0115120616578684
0.0102555190379892
-0.018410186139198
0.0077125855865483
0.000869699047844952
-0.00921103564110115
-0.00140322755317412
-0.00193219743544704
0.013903572685674
-0.0142336397459879
-0.0080999998573692
0.00248533632219661
0.00779172998420874
-0.00615004392901064
-0.0199788009197525
0.0131697636658847
-0.0192307336182336
0.00254173919601541
-0.0048895326894326
0.00909918090811312
-0.0119026147537852
0.0102207882785037
0.00523940398335698
-0.00557147745455577
0.015723820143726
0.000533790026089109
0.0103147963720434
-0.00616092226437381
-0.00301094585566686
0.00870488526017255
-0.0494892224284821
-0.00240876408358781
-0.0115155832095096
0.000939477622332152
-0.0024404167448846
-0.0122317841970604
0.00742996732977841
0.00586229187098541
0.00413613468953056
-0.00449357798165129
-0.0041376153521766
-0.00623233227134401
0.00152037251083947
-0.00777988600038171
0.00917955614496946
-0.00814856926283869
0.0072602407336646
0.0157435125997056
0.00597572373437383
-0.0103953593910406
-0.0195085533763167
-0.00669603979338063
0.00115566260229816
0.00711808387841484
-0.00229222549349484
0.00497802029484973
-0.00876363083392528
-0.00422829145162962
0
0.00598336216978645
0.00287799314808135
-0.00420893437918501
-0.0388088384017069
0.0083950031660005
-0.00138751236100076
-0.0146884078068994
0.0187349117392206
0.00652564761716423
0.00216102152608966
0.00921391920070236
0.0137917443667444
0.00114966470875011
0.000956918660287132
-0.00611852784165445
0.000961889188149323
0.00115320009904307
-0.00902286427337307
-0.00949240622805902
0.0082143162876136
0.00387974789291468
0.00173913043478269
0.000771624228395051
0.00269851575369096
-0.0011534217608612
0.00750575457093428
0.00267438405632792
0.00742996732977841
0.0187215957125266
0.00464080201672168
-0.0206947343069981
-0.00339622641509429
