0.0284797025976795
0.000585062413905435
0.0319625797707546
-0.0171860242268929
0.0159492310540117
0.00624176293250933
-0.00244362777361606
0.0201620312794424
0.0121906171442669
0.00675180669255115
0.0174008162914923
-0.00498847309837036
0.00447627589888189
0.00926918036610269
0.00441540099638638
-0.00756110440585733
0.0100992028720626
0.0084196459715713
-0.00765355687411517
-0.00473269070521809
-0.00493129631791644
-0.00513276106194682
0.000355826371745582
-0.0040903432331495
-0.00910710714285723
0.0118940345325633
0.00480847712169274
0.000886263767680529
-0.000354170349669447
-0.00265725416019036
-0.0111900712467153
0.00970003627447591
0.00693824954524547
0.00141346294747224
0.0119971947776993
0.00540441064497199
-0.00225415301731069
-0.0224192036423495
0.00160000000000005
-0.0269790557330494
-0.0003648485954032
-0.0156934309433108
0.0320726553962301
0.0176038087876347
0.0014121446986004
0.00458314824607786
0.0133356373631992
-0.000346320346320428
-0.00294472544604185
0.00225847807056145
-0.00208006590535736
-0.00486362688900477
-0.00244368995559974
-0.0281714950771131
-0.0262873419825829
0.00887572082560206
0.0199780238273823
-0.0183288582810832
-0.0135457072387752
-0.00501020606810554
-0.0143603322335012
-0.0170292721676167
0.0134745136963521
-0.00854702721568745
0.00229883137358566
0.0399464831804281
-0.0330821356368315
0.0249001515890488
-0.00649106107162689
-0.0238939518387158
0.0189328357442564
-0.0123873876198833
0.0121626570156339
0.0257229262381873
-0.00109831592351606
0.0119113249037934
0.0202824878615993
-0.0149094781682642
0.0127927747747749
0.0044476072664581
0.0168260895647552
-0.00627070196829815
-0.00105165646015182
-0.013160203082639
-0.00195592098307529
0.00837336525256793
-0.00176674917903707
0.0208849557522124
-0.0069348300970874
-0.00279329613815105
0.000175105045082447
0.0180290387182034
-0.00378268569463547
-0.0018984639609676
0.00380420183973018
0.012575366280368
-0.000510360675575972
-0.014638314893617
0.0150284853174725
0.0151464266557666
-0.0155909634336642
0.00732290518864254
-0.00524094656835339
-0.0107070190346703
-0.0135715686921761
0.0141066183945182
-0.00858663918942126
-0.00536985969166803
-0.0160222576113639
0.00318584070796457
0.00423426252646442
0.00913564684243307
-0.0114902508964181
-0.00563578734828774
0.00956431118604861
0.000175403508771987
-0.00649007214488939
0.00688559334190653
-0.00490967920234398
-0.0151542026431718
0.000357863667165059
0.0119835807547846
0.00583241407449919
0.00755578984361294
-0.0162190442971749
0.00319092359510731
0.00335746598338926
0.00387462141378347
0.00982457894736832
-0.00868658775735598
-0.00262882925641739
0.00544721490072053
0.00314577065456523
-0.0151568461617825
0.00442243064607162
0.0147939417892557
-0.003644550566549
0.000696760146316144
0.00644036542314419
0.00242129021099968
0.00586611466297637
-0.0132075473963559
0.00365032163480494
0.0102182192511875
-0.00685756876881305
0.0158812014500258
-0.00594728992174309
0.00427350427350426
-0.00136173617021274
-0.00204532135828606
-0.00734415042432368
0.00705437038978607
0.00358795495622677
-0.0105550387962192
-0.000688179640195741
0.00258261010390459
0.0195775201786021
-0.00589521653857528
0.00948834293459844
-0.00369253092673616
-0.000842318045109147
0.0178721629089165
0.00132519465504721
-0.00132344083832192
-0.0051349677842466
0.00382950376574254
-0.00895672567661754
0.00853553138075314
-0.0019913541981863
0.0149651149811292
0.0040956749001364
-0.010115891497538
0.00164829410411382
0.0051012341615928
-0.0284872616736325
0.00404452308729342
0.00721711959660554
-0.00466585584622092
-0.00920810313075504
-0.00963161541061175
-0.0269578906849021
0.0108715239500532
0.0173460531709955
0.0161977147076653
0.00369130884870161
0.00451354062186571
0.0181394574804459
-0.00457662634847988
0.000164170766365324
-0.00985058282712192
0.00696400253748952
-0.015149003787255
-0.0138772945347385
-0.017124432010851
0.00862515079135506
0.0135111507865375
0.00725617641769061
-0.0115597086875475
-0.00067798305084743
0.00966757139870356
-0.00184782465727906
-0.00959273004351158
-0.00390822443188532
0.0145002049556502
-0.0240457369422276
-0.0091316848874623
0.00625979851364278
0.0108864871416363
0.00205126495726504
-0.00238824637305102
-0.0164158686730506
-0.0358136474269819
-0.0414713134055413
-0.0596312641083522
0.00220035998398238
0.0405190235736137
0.029925148092746
-0.00447006899739377
-0.0086061551243003
-0.0366107364932727
0.0168462491057051
-0.00423812367559229
-0.0131553687977436
0.0290139983930209
-0.014288435348126
0.0114031692538397
-0.00917263484912534
-0.000192825465489821
0.0133101658950616
0.00704365138099483
-0.0255199045172059
-0.0316198066269604
0.00781256040915701
-0.0105347244974215
-0.00462032954239311
-0.00807259350297862
0.0105797757648107
-0.0223474339580203
0.00803130131731256
0.0138917259674827
0.00443274220365208
-0.0118355069944034
0.0308567004001907
-0.00886169769321965
0.0105304784212008
0.00609510408778813
0
0.00371317192547083
-0.00700936512832229
-0.0149019215686275
0.0342356077135508
0.00481139347212078
-0.00612909416067986
0.00462520725814608
-0.0174563587673823
0.0281139978892229
0.0134827003418154
0.00880646447079769
-0.00390042719167916
0.0449375341238571
-0.00678088852996273
-0.00988140495867773
0.020867301381468
0.00355494147013657
0.00194829971569788
0.00424254905426902
0.0264038016827355
-0.0108043386931171
-0.000173404993065174
0.000346818115027459
-0.0156005896273287
-0.0105652753906449
0.00978827210870747
-0.00229117016950409
0.0121886237027271
-0.00593368247702752
0.0101826195607904
-0.00139037189102575
0.0107901672605319
0.00292696270912662
0.00291842060085834
0.00530643633366767
0.00391620977354012
-0.00542740850453538
-0.00954974436476375
0.0213498270885046
-0.00286577882670258
-0.00236693144997691
-0.0257582791309365
0.0080013738736695
-0.023123381827034
-0.00512278740288308
0.0305397904829545
0.0151619053211252
0.000678903621144089
-0.0145861773165906
0.0172117045511775
0.00253810499282925
-0.0126582278481012
-0.00512818803418802
0.00412367690509141
0.011978097398667
-0.0118363207953386
-0.00804240260168376
-0.0281180088301188
0.0021299077032304
-0.0389656577925196
-0.0412826775260847
-0.0228757785467129
0.00865626564405808
-0.0111175931343866
-0.0429980464891904
0.0179307295960429
-0.023284005330715
0.00310939041835034
-0.0231452577628696
-0.0545800930822933
0.0172298057111169
-0.058512979729718
0.00864483665058025
0.00648605543136704
-0.0168009202117164
0.0255149806761474
0.0100433460387275
-0.0531072994350282
-0.00477329332824372
0.0376498552122337
0.00300443725444866
-0.0336406205695566
0.0109681213869366
-0.0129717918409532
-0.0339306587302585
0.0140984417511749
0.0297561219512197
0.0258171476594706
-0.00207804197464678
0.015039287018989
0.00843407814985353
-0.0180832496345728
-0.0119705573658048
0.0274930115327592
0.0195011573469914
-0.0249110103405474
0.0440237226277371
0.0076469084553199
0.00433653521978616
-0.00129537996545759
0.00410728508894431
-0.022604929545642
0.0019823787672959
0.000219784558374014
0.0428571648351648
-0.00421498410505827
-0.0192592592592592
-0.00129479930945198
0.0198790410518377
0.0182203385970268
0.00374533908145347
-0.00269487965609949
-0.0153814588363862
-0.0099218283707373
0.00319823014080045
0.0144527314442662
0.000419023674837593
-0.00293191623036659
0.00378071825707371
-0.0115086626593709
-0.0258256127931576
0.0249890916992612
-0.0570277319070482
0.00337232464028792
0.0107550972270871
0.0248281750204351
0.0482370538611292
-0.000206314490431625
-0.0169246642533609
0
0.0142767160554962
0.0134547295910841
0.0870098465484037
0.0131528934018621
-0.00778928070435014
0.0110280373831777
-0.00406731373636537
-0.018563208066887
-0.0132400418619263
0.0120759253239764
-0.0272726899104677
-0.00623052947370462
-0.000587833060583076
-0.00431282118458443
-0.00846623334384267
0.0377282955177067
-0.0199004408687501
0.00136665362423538
-0.0171573597746664
0.00714144019043861
0.000590880441205366
0.0354330518786035
-0.0195817117711677
0.0159006980802794
-0.00133611378767162
0.0237003249235475
0.0138162432073143
0.0033149356043265
0.0167033590308372
0.012276602496418
0.00249686106652414
0.00658251212564509
-0.0219159059061185
0.0153595771593784
-0.0154831645396541
-0.00253073029645701
-0.0172163827473722
-0.0252627512446985
-0.0113507943369126
-0.0170302149647997
0.0122639870014403
-0.000576903846153831
0.00134693089576809
0.0119138929301712
-0.00455757690846936
0.00419689065993478
0.0254559465322177
-0.0942942015561318
-0.0384536927480813
0.00595624360588132
0.0251638607493367
0.0169141707920792
-0.013590223399396
-0.0302282741059373
0.0152671967769298
0.0221386377999448
0.0224765431646208
0.00339724213834458
0.0366460871668211
-0.0122958503803238
0.0149776308111262
0.0120736105787658
0.00719556888476491
-0.00564015803045981
0.0105880508713945
0.0041159400539581
0.00354020881461548
0.00315629403720208
0.0079585416982888
0.0047741829741863
0.00347220388391434
-0.000182079766891219
-0.0107468302095872
-0.0149143985469637
0.0170093457943925
-0.00110277522514235
0.0248390625515755
0.00341109509136284
-0.00143134731492844
-0.00268770824784614
0.00916273805246148
-0.00124621688610349
0.0155080754191828
-0.00473933640970103
-0.00476192231460459
-0.00301261740209102
-0.00195513693406113
-0.0019590560299535
0.00517489284127604
-0.00230784653620286
0.00693948386228671
0.010249125287153
0.00314850457052662
0.014646922917068
-0.000343718857943265
-0.00876737179877507
0.00745750953867508
-0.00929593733861256
0.00799303228484849
0.000172418554470477
-0.0106859358841779
0.0127177521701132
-0.022363650053954
-0.00668662654630914
0.0166518686155559
-0.0181216417167041
0.00177467619430982
0.00921169159943869
0.0142179741229072
0.0150571653696292
-0.0109122587924207
-0.0234441656074528
0.00617825220906432
0.0101754736842106
-0.0161514409117248
0.0275374571037086
-0.00309225224346776
0.00913324158423645
0.0157103651688804
-0.00369875588433077
-0.00506242001560653
0.000848015618182041
-0.0120318424684577
-0.00360204122816532
-0.011705973489413
0.0137606862915869
-0.00274914084623479
0.00706409360675231
0.00923868247666926
-0.00305138148664574
-0.00102025164053299
0.0010212936170213
-0.00442105076651844
0.00990609752188032
0.0478606114009705
-0.0190445451750251
-0.0108588353217972
0.00415835003590059
-0.0253436976204024
0.00900746091094495
-0.00471616986215539
0.0314774242680655
0.00590648062499621
0.0645897232981616
0.0317144031736358
0.00608856585022677
0.0345386863468635
0.0258240277257256
-0.00347705136364251
0.0147940958885109
0.00783936195625601
-0.0131004232137067
0.0139657356194691
-0.00681849156365766
-0.00453112715828285
-0.0183448551724137
-0.000983560516609971
0.0118144025826836
0.0236307610889419
-0.00923411202110425
0.00767541128941085
-0.00217622424549346
0.00395312153826177
0.00461637462005782
-0.0114880257193681
-0.0211922753786201
0.000139712258120595
0.00377101965840843
0.00890495301635097
-0.0121363256892476
-0.00153566947657413
0.0198546568730982
-0.00411301058094304
-0.0165197827164066
0.00503920758568843
-0.00598885768848789
-0.01751436104045
-0.0109812459648639
-0.00115358330652005
0.00591891176204329
0.0377439437428242
0.0177015355469932
0.0145401285250784
-0.0135280196341806
0.0105906039215045
0.00631468493886866
-0.0144192519514219
0.00758597940937422
-0.0302500684424604
0.00970476957041866
-0.00851301638025492
0.00678573614161104
0.00316372777842089
0.0180995475113122
0.0183165117845117
0.0204999732773448
-0.0151633740195244
-0.00565863944357525
-0.00833771859019883
0.00734022420926195
-0.0139110089860488
0.0257960231089613
0.00288149319925313
0.00430980801880643
-0.00585182039397092
0.0143885682559282
-0.0083817018034158
0.0088426525658607
0.00889398017803633
0.0100932800597908
0.000126511513445671
-0.00265586189452383
0.00481862788715914
0.00517420507759225
-0.0140615564579647
-0.000509372220926729
0.0117213151158444
-0.0107040165871294
0.0315682670969519
-0.0188795530740431
0.00352155694826917
-0.00777043479420436
-0.00606285224359859
-0.000254212727050174
0.00699126749691792
0.00100987123188756
-0.00290041603151026
-0.010623460225117
-0.0130385269191412
0.00906624801277367
-0.000128378892138126
-0.00320924253634802
-0.0481648152436622
0.00541190607972353
0.00726685526219506
-0.00227118242541557
-0.0123192019282272
0.0183025889831185
-0.00226333374699317
0.0153455293475973
0.00223427531787501
0
-0.00445848401629978
-0.0185721290456304
0.0151657088936865
0.00237970653595587
-0.00606698760221569
-0.00809449299237663
-0.0132441204013378
-0.0154555174768027
0.0151473141635645
-0.00881715940291428
-0.00342137676200904
0.0184015929689647
-0.0128102069681658
0.0255429999391203
0.00146510385015719
0.00731474910720165
-0.0110905204935442
-0.00507349786185585
0.00577026324893692
0.0117412279549525
0.00817611741590096
-0.000523126246819827
-0.00536584188635825
-0.00486846052631573
-0.00145444935030214
-0.000132349051867764
-0.00741630228006096
-0.0072047100949183
0.0174707019233595
0.0143970943653031
-0.0653646328633607
0.00585118425538012
0.0112189062833341
0.00219142577204701
0.00191335251915659
-0.00627472394693007
0.0108442144363545
0.000543196639641419
-0.00922909880564615
-0.0100000410958904
0.0213089949346474
-0.0065031298334407
0.00627299860158215
-0.00271046208550674
0.0050278980854952
0.0286641837299104
0.0290483562290129
0.00562015575909869
0.00228630754656534
0.000380154587243497
-0.00392709642951372
-0.00203479595706979
0.00751875866549301
-0.0115101950799441
-0.00601410093374011
-0.00630790422245109
-0.00738436306816015
0.0113546719647089
0.0148406378846468
0.0263224825320763
-0.00260189570811409
-0.00347824844720501
0.0172026549837616
-0.000857830903378209
-0.00637798364256081
0.00469074176791162
0.0124094239146015
-0.00764569156199779
0.00574784171754339
0.00352627683672857
-0.00278681694882854
0.00571074098259761
-0.00132889940783742
0.00133066773139778
-0.000483194411617593
-0.00012089930662762
0.0136605051540075
0.0135957069432489
0.00447117318440227
-0.0309242111658354
0.00193395375556804
0.00361929066979494
0.00300516881824331
-0.00767016999831815
-0.00507253604809654
0.00631227262608425
-0.000241314831331385
0
-0.0115829999366432
-0.0252685553044082
-0.00626174092076992
0.010964121259335
0.00149582396539749
-0.00522775729289293
-0.0271521278066099
0.00128614790996773
-0.00166983947770949
0.0164693641730653
0.000126607594936656
-0.00278447024972861
-0.00050769132494366
-0.0041905015873015
-0.0112215891665797
0.0085116841822066
0.00153456527626195
0.00817159090909092
-0.0340679082328762
-0.00157329231309666
-0.0175969003914144
0.00681729733504333
0.0234996813595327
0.0146582573437932
0.00306824337678036
-0.00203920471627828
0.0187738690124954
0.0144164603641643
0.00308947115890934
0.0141678209724729
0.00510201652089415
0.00205470152416498
-0.00229167761226989
0.00278041582712274
0.0171188191845264
0.00237047520313594
-0.00283786212604942
0.00260881056305462
0.0146658540035771
-0.00303067953105629
0.00561210108280252
0.00302284611038606
-0.0023182683082742
0.00476359939584059
-0.00104074927009423
-0.000694490111060264
-0.0115834585524509
