-0.00900613951932694
0.00607998080000005
0.0251908847046607
-0.003660939348202
0.00379887882797436
-0.00576990346438344
0.0068643120124805
-0.00266506342739159
0.00540638212038758
0.0267013300383789
-0.00764556614505107
0.00509583244590694
-0.00923466359634628
0.00383798369191535
0.0401140917594009
0.0152284323194378
-0.0119540344827587
-0.00494410778203935
0.0108726598695936
0.00138787376230343
0.00617893984153084
0.0103879588387294
0.00289687583816733
0.0175578049111667
0.00066790046381171
0.00150185783458601
0.00705361832179485
0.00727990265299283
-0.00312084977617633
0.0155434002921744
-0.0195781239452067
-0.00386141330461942
0.014951805128455
-0.00065470864608641
0.000764353553956099
-0.00120022365738859
-0.00349573952921423
-0.012826112553978
0.00455298152516437
0.00397966508931757
-0.0088636864614825
-0.0190523413822826
0.0147224853435168
0.00775669097806975
-0.00980114645996233
0.00788496222349444
0.0189757425284522
0.00381166361486529
0.00417677773224479
0.0086970670024058
-0.00267766299314864
-0.00574554058412813
-0.0111255020279648
-0.0285090159964276
-0.0195075382418616
0.0250558735151454
-0.00117458329329112
-0.0144481262186432
-0.00892100093979775
-0.00447195854227678
-0.00771709288019506
-0.0164828551976288
0.00348162383824291
-0.0107615522947095
0.0077279930583285
0.00772768976574589
-0.0120587600297517
0.00308105106165679
-0.0105735310651234
-0.00776121194029855
0.0230445371187342
-0.0184673294034426
0.00545271739141184
0.0180572046831251
-0.182169376781954
0.0147448063616518
-0.0204557305366233
-0.0200187160660585
-0.00720108037919265
0.000444060391946666
0.00466083457366051
-0.00441830623523631
0.00843194545337167
0.000586783059609131
0.00403168896102768
0.0170110387894353
-0.0045226488616803
-0.00418260624767575
0.00253462242116353
-0.00693445525954262
-0.000509106793980529
0.0047303251661357
-0.0154281111897453
-0.00728309461474042
-0.004817022308922
-0.0175739081317847
0.00704925376597276
-0.0180640823568865
-0.0214625390906195
0.0220898630083075
-0.00360209238510401
-0.00238441667504108
-0.00462599085488025
0.0247869624421242
0.00256988656304102
0.00407112487990902
0.00518097339140122
-0.00104578326158888
-0.00650560850985138
-0.00669878062096363
-0.00568310975461761
0.00800185179087154
-0.00582145593644956
0.00912545247148278
0.0148455240733727
0.023390577313293
0.00994046532010406
0.00179610601629276
0.00588061523407046
-0.015257379696898
-0.00427161903676576
-0.00319932380716437
0.00350142981986812
-0.00181725657686416
-0.0257792588082231
0.0236956049012977
-0.00730193517273314
0.00323649878418153
0.00718524823803257
-0.00655160539242938
-0.00564229496854773
-0.00619009593640585
-0.00585788220482075
-0.00492282364093577
0.0203132517708342
-0.00124888338410523
-0.0040456271580499
-0.0107828069770816
0.00104524412355933
0.00231203009677738
0.00186025747347474
-0.0106952020996375
-0.0301802108899447
0.0194303230841637
0.0107828914756947
-0.00435731346737811
-0.013808209566198
0.00527928091689245
0.00106553010933519
0.0114042424648693
-0.0345034731602156
-0.00140148705385401
0.0279901071257644
-0.0109974359803974
0.00920254643570018
0.0286473315206381
0.0110069147893521
0.00160748939348609
0.00014592938217195
-0.00488703844403926
-0.000879535337951598
-0.00535541054002509
0.00140140136596245
-0.00383003597760811
-0.00887243622920519
0.0023871092341563
0.00253041610963822
0.0355578112322421
0.00530469534050182
-0.00698809159340796
0.00215426548019049
-0.0136858987343924
-0.0107518784199875
0.00506721752320227
-0.0221394050698568
-0.0109840915940508
0.00679959197038693
0.0112561913273372
-0.0158800836999141
0.00882218401531398
-0.031766202424422
-0.00424570039925831
0.00550424042544995
0.0352352128427575
0.00752211938565228
-0.0198847059423766
0.00301688673404876
-0.0167682526216913
-0.00191189973661288
-0.00183887065507893
-0.00184236579896013
-0.00930548342156023
-0.0152927254537411
-0.0145841389764941
0.012880008
0.00244844007228151
0.00157583519659354
-0.00967592802841577
-0.0206529352661287
0.000162194823893236
-0.0146784366990258
-0.0109465185185185
0.000249638016969866
0.00282865231685503
-0.0127758502341476
-0.00840336134453779
-0.0060169406779661
0.00605336340648499
-8.47627118644168e-05
-0.00644118156523743
-0.0128806786774542
-0.0243691581025824
-0.0200177410094289
-0.0275669109505325
-0.023886969937242
0.0168539711537032
0.0223803631203263
0.0156622000366367
0.00270541079182451
-0.0247324395227549
0.00977497215464829
0.0133333242009133
-0.0178442323165486
0.0189943103598558
-0.0199010080170822
0.00257264801810542
0.00540685469006075
-0.0164068454690259
0.0166805201860616
0.0445720448871758
-0.00567191109375065
-0.0401053104020704
0.0194734417482201
-0.0104026901550948
-0.0206615137410334
0.0104561580457112
-0.00805858080747024
-0.0317577824963071
-0.00791374927289523
0.135607886527404
-0.0135410117284696
0.00686344383773929
0.0163599010194284
0.00595237261864834
-0.0114175766550142
0.0221716146812103
-0.0058556618556701
0.000331848346342589
-0.0153425026481588
0
-0.0121283749988619
-0.00281355611890577
0.0021374829184122
0.00460712400483865
-0.0164756008492569
0.00751232203630647
-0.0256256256427837
-0.000703676652235474
-0.0125869288567297
0.00222856124086279
-0.0186782709241307
0.0039879905014415
0.000722226254100233
0.0299503839413693
-0.00525530358684967
0.149071057497579
0.0516475478927203
-0.0211309304455358
-0.00848592402816517
-0.0618618482401317
-0.0226472633054358
-0.0197330390501852
0.00768458062408484
-0.0109416363639062
0.00058664934629582
0.0278080243555408
0.00814929515238605
0.0201277020461377
-0.00958794792998285
0.00496042091303983
-0.0128970861165744
0.00177434473383897
0.00499157076718104
0.00712968826196136
-0.0282373764855441
-0.0108864862222557
-0.0103442572109983
-0.00769293444913233
-0.00404479656264933
-0.0197986628344419
-0.0247733711657034
0.00053104972921636
0.0132696389484286
0.011524358202162
-0.0268427496388507
-0.00966737028824838
-0.00940357301079808
0.0108489014478899
0.0241481446051006
-0.00986817727939604
-0.00873168130353719
0.014147201834213
-0.0115809700408588
-0.0104740010483224
0.000717572639462594
-0.00609538375932916
-0.0250721417317499
-0.0327474566650778
-0.00927698946589495
-0.0149627865609725
0.0188161307446477
-0.0305886882511416
0.00257989683052084
-0.00356295522997863
0.00695269169646395
0.0199250844325829
0.0245647964300815
0.00972247480229416
-0.00411332145355403
0.0243124380391668
-0.00604842358737834
0.0107873687146172
0.0261789936927572
-0.00151109333333344
-0.00507433445963967
0.0340013952397746
-0.221616488778409
-0.0300166435803216
-0.0231518280802293
-0.0179514953202571
0.00955798122668994
-0.0156213017751479
0.0452031978841068
0.0159880373593733
0.0103022300395736
-0.00459430758839785
-0.00619163556925273
0.0308110674083719
-0.0131867802197801
0.00178169259081207
0.0217874502199584
-0.0116405572593682
-0.000990599911735779
0.0322829433168148
0.00939265643307374
0.0126889817066724
0.0145140131935058
0.0158500713935745
-0.0160080450661007
0.0003088859047915
-0.00926404510007117
0.0232727064935065
0.000812285527714174
-0.0128842142639747
-0.0161356624007505
0.0144155223728553
0.0104005971537371
0.0115164794685136
-0.0150125743073047
-0.0191285082011352
-0.00354568780420994
0.00920980609493016
0.000725915171627012
0.00435231088082899
-0.00680969886111638
0.0103885308458647
-0.0355747370846239
0.000532995718560914
0.0280234955359295
-0.019900548717852
-0.0351099838221232
-0.00953523694728708
0.00785657824975394
0.0273385808665221
-0.0109008977236292
0.0207455206673521
0.00762147763711796
-0.00399205790540913
0.000210990406307232
-0.00790888942509993
-0.00106291451822027
0.00425616074943092
0.00625136701371143
-0.000842392325551278
-0.00927386457238766
-0.00850976473758613
0.0216715376211944
-0.00735066657511285
-0.0156563632249694
-0.0220311975701925
-0.00978020879120878
0.00210855618567818
-0.0105205422861393
-0.0542808965703614
0.0281656449704142
-0.0158839439186446
0.0116959064327486
0.0186127283236994
0.0101009986369198
0.00179779775280897
0.027702926078828
0.0117865550077447
0.00733469968002054
0.00578221443176163
-0.000851719365485004
0.00234418758325372
0.00276392048474539
0.0119791898234032
0.0120469517289645
-0.00828074724893135
0.00542745027507463
-0.0235648702675206
-0.00340208384865148
0.0260294650315653
-0.0039508941567894
-0.0205636841159599
-0.0263242134429454
0.0350262364817617
-0.0059221447953075
0.0175532127659574
0.00575007829064123
0.0100831707926146
-0.00782128244975377
0.00871274727879889
-0.0786632596401028
-0.0247767974280535
0.00583659896440603
0.00955744691725391
0.0100304290534059
0.00513277153092706
-0.0173179947309503
0.0185269662853693
0.0177462059562463
0.0162379900558416
0.0295978766756033
0.0266638677916078
-0.000405813127726362
0.003958175215246
-0.00050540842105562
0.00293315455851673
-0.00363050610607074
0.0125505866634437
-0.00859657128552005
-0.00292398669086513
0.00879768438464645
0.0119285783494671
-0.0168399905945514
-0.0236775617128463
0.012280639581411
-0.00417979423712067
-0.0438165233415234
-0.00578159516527632
0.0151841049409422
0.0188819991157951
-0.000937053588639714
-0.00927468746638904
0.0848848111917535
0.0539072915833554
-0.00469176645883429
0.00905810132067475
-0.00329760929371836
-0.0120393164606069
0.0103255906976745
0.00294631246711807
-0.00817037547048571
0.00971857636321194
-0.0111833627714131
-0.00723099080659151
-0.00625640139159211
0.000281892506707182
-0.0183184317046058
-0.00842102392344501
-0.000868596770837726
-0.00289767220030601
-0.00649040957598346
0.0222308701683087
-0.0186951456961139
-0.0208009240124687
0.0105221860337936
-0.0130648522672441
-0.00696729365017124
0.00290669548682043
9.99600259836697e-05
-0.00119919056660334
-0.01180590330583
0.00344238139442288
-0.00141257187556687
0.00949785784078161
-0.0314283542617013
0.0112638631165813
0.000817504590052254
0.0174596688286772
0.0149523027606162
-0.00207631997307012
-0.00634101852769253
-0.00538439520007583
0.0166416441102757
0.0157775163878309
0.00601878446716264
-0.0125445820479954
-0.00605885847632448
-0.0198603580755122
-0.0217675289042526
-0.00338387007948737
0.00463007501532919
0.0137239247616132
-0.0140433113545168
-0.00983706362689052
0.0203870543429696
-0.00791073038358481
0.00235128808014728
-0.00224376331737608
0.00316873140818297
-0.000407591200403457
0.00570852203279348
-0.00912225789084709
-0.00122752657063163
0.00972958838313787
0.0125774018694553
-0.00921564641459183
0.0327570303202092
0.0402349478172306
0.00790510054761717
0.0419234181498305
0.0141589932488213
-0.0110453302296604
0.0147426914714561
-0.0289689266531653
0.00262967902275735
0.0281269783847338
-0.0102041080225194
-0.00311054931862464
-0.0112328966966729
-0.0207375612392909
-0.0368290209296656
-0.00229421659215934
0.0129347318309456
0.0233636112054143
-0.00711714563051769
0.0143362598089043
-0.000734232752700348
0.0011021583698243
-0.0479816788990826
-9.63187847061731e-05
-0.0193716457330061
-0.0473710073710073
-0.0224904570308471
-0.0159366965699208
-0.0034320035056199
-0.00118381405905765
-0.0224113246937038
-0.0141078580147297
0.00726664082504103
-0.00133179803178241
0.00844626555524797
-0.00462858727415894
0.00343220770593455
-0.000110272540337908
-0.0173250932247265
-0.005277944796925
-0.0150146982385482
0.00790833237822364
-0.0147828402369152
-0.00288550326506809
-0.000810267401438525
0.0377664735866543
-0.00323734085203509
-0.0122074587052587
0.00793656489580163
0.00438694028375841
0.00918355908630786
0.0115414603091615
-0.0125068565549785
-0.0226641590342371
0.00534274178307692
-0.000113093620237592
-0.0119868483546309
-0.123154419486514
-0.00574341462285044
0.00472628343773884
-0.00718667198728185
0.0200052242693385
0.0061935870967742
0.0209027691368517
-0.00339159649049614
0.00189062273207075
-0.00402566370677215
-0.00884169530988255
-0.00101952337174038
-0.00255130759728672
-0.00102316150343629
0.0069133400728032
0.00712011424996528
0.00732233313119979
-0.00576512087022041
0.0156308832565011
0.00173760704977033
-0.0113988106975443
-0.000751948856348661
-0.00740002480621993
0.0163002402868366
-0.00932487877657595
0.00778116214859437
-0.00884192993118571
0.00552837067613376
0.0152442960795238
-0.00258460307692299
-0.00419550833914728
-0.0153655272130927
-0.0154794363891195
-0.00025570751927495
0.0129139753601071
0.00656396103807166
0.00852771528787866
0.0152947529294889
0.0161665519616276
-0.0128962153441459
-0.0034187911253043
-0.00306297464850624
-0.0446110958113151
0.0228968233315365
0.0149648144478676
-0.0177177551445639
0.0157669023179479
-0.00248350928205043
-0.00186732224903952
-0.0128460713394862
0.0107390774292084
-0.0058750125
0.00590973225084523
-0.00349998750000002
-0.0100351604360867
0.00874306915213041
0.0120587738718907
0.00757105622440135
0.0152746735649174
-0.0206260257371034
-0.0174678268400914
0.0189131261861839
-0.0116321621490449
0.00588447455047669
0.0220314300239697
-0.000121824380442948
0.023751584013437
-0.0116597616302287
-0.0462260382809678
-0.0357188046553525
0.00196336382294859
-0.0340953742353217
-0.016094156989609
-0.0188316563573883
-0.0292798555315154
-0.0151537449104671
-0.00791326224833722
-0.0150664260738445
-0.00239956508698269
-0.0061634999773077
0.0186052787988915
0.00683111118687929
0.0250737009554409
-0.00474823021582726
-0.000144484607329409
-0.00202439259546594
0.00159374101392662
0.00101258502875368
0.013728396548919
-0.00641489646714488
0.00473460565572204
0.00799653017273338
0.013883043710613
0.00712591868101153
-0.00901778554334653
-0.010779728405432
0.00353806942892332
0.00733318249425019
0.0181996780064397
0.00219986241441528
-0.000137220471082777
-0.000411621861071243
0.00631434471693448
0.00668401327742507
0.0142275739473885
-0.0233800941450927
-0.0351573060234557
0.0250957610250355
0.00165968181218479
-0.0092515605979443
-0.00696864111498263
0.00884206315789471
-0.00709507542133048
0.0203166167724556
-0.00933810766272991
0.0115054340380569
0.0108263805560316
0.015184313579601
-0.0245725971383252
0.0265608156275901
-0.00426779124028576
0.0127243095245479
-0.00489357221407782
0.00544928244150134
0.00105751484315886
-0.00290507053063227
0.00715138373324375
0.0163050355172241
0.011126937364123
0.132821455334064
-0.0167174519001181
-0.0368754381318057
-0.000715613106660906
0.0130103128790917
0.00106039821867343
0.0140066268126957
-0.00754500272675562
-0.0138011695906434
0.00687858159392807
0.00494697279276846
-0.00855607126113445
0.0160775631198753
0.0145433396582899
0.000344105516425719
-0.00458558966230926
0.00138195321013579
0.0108108341855377
0.0162703494853833
0.00201522615315719
0.0117318770949721
-0.0199890109335502
0.0231012288280648
0.0149796341559683
-0.00813890378428861
-0.00842456217889354
0.00209646922971851
0.000550572561109908
-0.00781334848200677
0.00964945609363554
-0.0210919259704705
-0.00706989106643596
-0.000678175835956862
0.000904795315647799
0.00259890395480222
0.00529690053092868
-0.00381161447796907
-0.00641458466785294
0.0078151771682502
-0.0049449537555083
0.0106166929001954
-0.000558817594138783
-0.0131946774013195
-0.0147309121813032
0.00310527900305746
-0.0231598713235511
0.000704284062357452
-0.0025803541501207
