0.0112432432432432
0.00577295274748746
0.020833311631945
-0.0108288213244482
0.00421054736842108
0.09056601487283
-0.00903500576701277
0.0153249469510175
-0.0101260794803211
0.00579038784423092
0.00211091916885597
-0.00976641114962828
0.00193390063689614
-0.00694846541307725
0.00233234203435684
-0.008338200504169
-0.00234648029617679
0.00254805958447668
0.0211143295751972
-0.00459502201799733
0.00730903991886755
-0.00190947110768513
0.000956571647216409
-0.00573394495412838
0.00922722029988465
0.00666662857142852
-0.00037835384591689
0.00416424364322387
0.011310141589258
-0.00838771636951663
0.00169172929150885
0.00562955515801189
0.00802388505318152
0.00425768233987411
0.00405531797235037
0.00514042582815444
-0.0054794337899543
-0.0202020749274183
0.00449863184624677
-0.00242584437395033
-0.00205763191278785
0.0209934965695782
0.00881219003465783
0.0176523563666542
0.00572253239350973
0.00977949822974766
0.00352176433312623
0.00701872233659517
-0.000522704312993727
-0.0080195082283907
-0.00281195069202289
-0.0119845078609619
0.0198001601890803
-0.00192403365135674
-0.00718540120600419
0.00670780205797694
0.0168332985592372
0.00293150533086717
0.00911277510316366
0.0194241441374023
0.00818983760020608
-0.000828912466843468
0.0076323212211713
-0.00839780997859363
-0.00199274324156862
0.0292845766816829
0.0546394591878523
0.0295830787732398
-0.0293285850626348
-0.028834311142683
-0.00457992735312707
-0.00888462650935462
0.0019209060041474
0.0150183575651062
-0.00645364404932536
0.0123574621729636
-0.00109546162455521
-0.00908666742639297
0.00837943083003956
0.0206961276371296
0.00552996944792539
0.0120684542020846
0.00271698113207552
-0.00677400270961925
-0.0124279927662324
0.00951496258348916
0.000608102776042729
-0.00668494378608309
-0.00168247178108616
-0.0157805890507395
0.00186804177671362
0.00621505583879656
-0.00416930190953357
0.00542716717094649
0.013417690525459
0.00213055854710942
0.0220198184364411
-0.0151560765903681
0.0196138053653259
0.0165728761002404
-0.013245939443054
0.0476470858880795
-0.00211199670988449
0.0221532232755799
-0.0103533956280123
0.000836908890028853
0.00766554703832756
-0.0132781045666071
-0.0134566730281285
-0.00184707311084431
0.0185053807829183
0.00139761000429295
0.00181433351530136
-0.00543326839555958
0.0158285196221952
0.018891368680007
-0.0200297065912804
0.00731940299298994
0.0123388260943562
0.0132719942184178
-0.00053462977813401
-0.0132388073447286
-0.0102995255414077
-0.0106805286961595
-0.00512114878892733
0.0144685732248988
0.00260563638523403
0.00232523591403044
0.00136460154700591
-0.104660674761271
-0.0175037146500934
0.00201389611089575
-0.00912189239332106
-0.0023404120668068
0.0131373164394326
0.0134301175274794
-0.0158415989081007
0.00340506108334515
0.0052444237160445
0.00690509458048449
-0.000304861308829785
-0.00350602144835432
-0.151292680834052
0.0176640050468639
-0.00460499476806586
0.0108540923335572
0.000352068291637586
0.00739042733097217
0.00122270742358088
-0.00418698534542916
0.00595648192163689
0.0118425639791906
0.00946650634996571
0.00289851652519979
0.00884053043182598
0.0057296932928883
-0.00150804289544226
0
0.00117469374056034
-0.0122360040227958
-0.00390291871712201
0.00170354341220547
0.00510202389629288
-0.00913700538534701
-0.000170799177411252
-0.0134927585566653
-0.0105608729418585
0.000874873110240593
0.00629370618367653
0.00781787686209401
-0.0215480097068784
-0.00810428146949549
-0.00195381886241242
-0.00533902839186728
-0.00805152993472058
0.0167748920774693
-0.0189817282061687
0.000180867996037337
0.00126559390226744
0.0225713249806549
-0.0109483134213612
0.0135690417271574
0.00493216487581472
0.00613502201814242
0.00313588839247769
-0.00503648818907654
0.00872752646661668
-0.00778683149702653
-0.00383678060690629
-0.0063025386257447
-0.00369977109583408
-0.00495135287270287
-0.00622004620579353
-0.0134120176470679
0.027732518677996
-0.0137566664240447
0.00357655592190831
0.0326087318711463
-0.0440034332354886
0.00902527043230061
-0.00626123412303281
-0.0129612423575381
0.000911891267120435
0.0102040450035705
-0.00505048710408529
0.00036258158085567
0.00217468285610734
0.00994573254874731
-0.00984778907243644
-0.00741410501652984
-0.00783384965993528
-0.00973189514748252
-0.0265158538846653
-0.0563809333333334
0.0197819737629801
0.0255344615993665
-0.00308818754896378
0.0158760690851474
-0.0101010480255185
-0.0229110324010595
0.0228571428571427
-0.0053939318050471
-0.00890960664517515
0.0144616382435661
-0.0288961664419187
0.00614959333465603
0.0149842071178192
-0.0102952408702408
-0.000981334622544905
0
0.00687618833492376
-0.00487804878048781
-0.014313725490196
-0.00954841853988475
-0.00100419760987758
0.0398069746760366
-0.0232018750347666
-0.021575613618369
0.0240744284847259
0.0067167128944432
0.0056907575684999
0.00819508292682936
0.0191600936388656
0.00493729586023561
0.0217309532022281
-0.00295912705751811
0.00723426080504552
0.00460405165016664
-0.000549935848761396
0.0133895818048422
0.0195475475113123
0.00301789444282274
0.0246017522123894
-0.0247020215011577
-0.00442791364555284
-0.0126311868463118
0.0135135135135136
-0.000177742222222221
0.0208036621335823
0.00505140219473965
-0.00675909866968638
0.0052346884446921
0.0105884393232349
0.00583991745379731
-0.000512329226223907
-0.000854245700568024
-0.00205196648426809
-0.00668265924121547
-0.00120750386048818
0.00811739177487425
-0.0173033753178581
-0.000697367491328982
0.00191905094207945
0.00261191015148876
0.00972554672714332
0.00172003786928165
0.0151098380800194
-0.0113328486355353
0.0109495122164327
0.00761551870028754
0.00806179025761189
-0.00749750083305567
0.00604331039113637
-0.000667462039045552
-0.0262147107399351
-0.00891634087791493
-0.0219723187192443
-0.00194588717399402
-0.0241048750125797
0.0112604247864072
-0.00664509698275861
0.00632795143142362
0.000898293208767553
0.00753907750025262
-0.0167468730314115
-0.0215618594231176
-0.0201851851851852
0.0119070308070308
0.0108329844820139
-0.00369551004611068
0.00370921749663267
0.0070214524578982
-0.00238533944954133
-0.0125068974159812
-0.0275656551977213
0.00440528642798865
-0.0198321323385228
0.00894939653893401
0.00501345921686358
0.00383731780194396
0.0154816704892966
-0.000188255219494504
0.0197665478118703
-0.0162450993629353
0.00694312240677197
0.00186354826686563
0.00520838933066914
0.0653219640021843
0.0189334722945977
0.00613706102966249
-0.0245679430701458
-0.0229286086503387
0.0080000177777777
0.00934742487923401
-0.00314522103791715
0.00929014915495441
0.00416807904938943
-0.00691805603597373
-0.0066178511535302
0.00245440037772804
0.00979366911507507
-0.0107378416786338
0.013305357375794
0.01986865895182
0.00372693551968384
-0.000843864978902986
-0.00506755059007513
0.00611198621011932
-0.0214309153368518
-0.0034488876203177
-0.00674855499656413
0.0059233447413467
-0.0143748176524137
0.00738010894394669
-0.00139546480392583
0.00314410480349347
0.00731321608915203
0.00432152132485819
-0.00258170404756297
0.000690267460047078
0.013967873289606
0.0265306467097048
-0.0210404403406155
-0.00524625148079216
-0.0251786326161727
-0.0226875920189806
0.00607142857142873
-0.00266242456514032
0.0032034170351205
-0.000354816397992175
-0.0156166287707764
0.00901388121482105
0.00518129345754348
0.0111980274155004
0.0163473548312068
0.0202352473192666
-0.0035599761464663
-0.0102075367507236
0.0230319697490546
-0.00873655913978499
-0.00711861016949156
0.00238987700956383
0.0117506639688236
0.0131290860124558
-0.0121282607098896
0.00487724528888744
0.00251049372384937
-0.00383979953790325
0.00586562781517119
0.00699765078307224
0.00463272674772885
0.00724636022321534
-0.00343360039241325
-0.0705496132805642
-0.00264787281031342
-0.0123893982300886
0.00591401444290351
-0.00872977002084852
0.00700934592036906
0.0067820989966465
0.00124091473143051
0.00637393767705396
0.0124911857846586
0
0.00451784543037093
-0.0064003112541029
0.0113161735953373
-0.0148046135307283
-0.00576617158832771
-0.00105451665889211
0.0137227128782547
-0.00347103442330843
0.012365082283702
-0.0070531565963674
0.00866250851243056
0.00377873576470744
0.0106092062048118
0.00186246187161432
0.00642219051621407
-0.000167892530107405
0.00537453803536225
0.000334112924588847
0.00584500658241471
0.00448281587248878
-0.01157026446281
-0.00969896337289233
0.00607904413915827
-0.0100705266844402
-0.00406914208206166
-0.00646920304837584
0.0255311339011115
0.0322473026649057
0.00890260616546801
0.0280763668193047
-0.0555555850325971
-0.0214804857898215
0.01891251234528
0.0280079383493534
0.0193454944276237
0.00474456745215868
0.00110182592636288
0.00487424543629689
-0.00876235330934116
0.0183110345165283
-0.00356538510105764
-0.00404483515937826
0.0064042958327537
0.0103988514667079
-0.00460821826753355
0.0166665733024733
-0.00561619636989363
0.00946412732516788
-0.00362918510339572
0.000607087579406418
-0.0063703625056879
0.00671645529792531
-0.0124336624306441
0.00875172771772115
0.0484018286941474
0.0140824773845445
-0.00672871887555382
-0.00835967173650931
0.00436039225172702
0.0108538353358563
0.0103078313617131
0.00141700439280168
-0.0070751381654206
0.00484543265912585
-0.00127647138628639
0.00255609209190832
-0.0213881309175108
-0.00882896273434441
0.0159170115690561
0.00718700589334476
-0.00413873269587539
-0.035253640516676
0.0101010101010102
0.00647061764705903
0.00862064556923881
-0.0163696511135688
-0.0100147419730563
-0.00788454317339249
0.00644775809123521
-0.000893995788409097
0.00611397274422831
0.00192673778083985
-0.00798816591680973
-0.0240083663587344
0.00290301006430926
-0.014015813741862
0.00231770700992429
0.00138732843900136
-0.00769704445346431
-0.011324837283972
-0.00439351953554046
0.00551612284450553
0.00282133233262272
-0.0114098155673648
0.00537549407114635
0.0143104261676363
0.00372089922480612
-0.00818657733044725
0.0090328922135634
-0.00709984554561138
-0.00326440219914803
-0.0032751558043439
0.00923173212329842
-0.00883720930232557
0.0192398560926013
-0.0165746153115646
-0.00031217227490099
-0.00327817681168197
0.0125294287401545
-0.00726994563743388
0.0126207229666562
-0.00723189743751029
-0.0145690490345187
0.00220193450135464
0.000627699299628137
0.00580299579055832
-0.0558240787068804
-0.0118909498247886
0.00869122484736007
-0.00961057198378024
-0.0266019742345659
-0.0108284805775181
-0.0036489835560205
0.00139515172654336
0.0094044064578338
-0.00638369576231357
0.0133703941656536
0.016449605612584
0.00893455832771406
-0.0215538353067279
-0.000683077174127744
-0.012987047163363
0.0178324625288249
-0.00442255478104181
-0.000170835471908881
-0.00768967874231041
0.00275529533321839
0.0137386055297957
0.0267660854949363
0.02474839094624
-0.0101433100926854
-0.0312296519193234
-0.000671608450778849
0.00688844086021501
-0.00250293675955282
0.00936769838353468
0.0170699204507789
0.0140133781002669
0.00867748674272861
-0.00207106898199771
-0.00686462335352211
0.00160749078295264
0.00353070127538579
-0.00367823450628868
-0.0043338684483768
-0.00660970508801717
0
0.00665368397685295
-0.00274057718427501
-0.00290981243275434
0.0123216439688716
-0.00624599625634203
-0.00161157133942902
0.0064567714857664
-0.00769846055167478
0.00436398907974778
0.0180238013843548
0.0156497317625586
-0.002178972762646
0.00233974415317828
0.0166511043681572
-0.0176029690003681
-0.0138672327827986
-0.00616209502034926
0.011923688015145
-0.00078560877342948
0.0962264652901403
0.00186455820618825
-0.0209019189950441
-0.00365550524426828
-0.00645732325296933
-0.00236330881964431
-0.00873562320498056
0.000746870832570856
0.0180596865671641
0.00703713542057094
0.00349392914561286
0.00623822718700118
0.00634374269977322
0.00616045818794575
0.00897049655543936
0.00296357602365815
0.00886445757703669
0.00306835438221853
0.00486650458471916
-0.000830192368764138
0.00235421690007231
-0.0105000556990905
0.00474722124767291
0.000833768772009025
0.00013887809520452
0.0127724283322563
-0.00644268703671091
-0.00137977367357445
-0.00773690277992145
-0.00417715121136164
-0.0110457778682514
0.000706857032085839
0.0093247105019032
0.00335943439643249
-0.00948660714285721
0.00690138028169018
-0.00293745986676341
0.00505050512135941
-0.00460637918211038
-0.00827369256131516
0.00805995463716136
0.000280502170283192
0.00364608059587934
0.00153695682548571
0.00390623604910689
0.007226292485079
-0.0132451153458146
0.00629200250106265
-0.00819791568434181
-0.0116278234082862
-0.0182849177199894
-0.00303203860721801
-0.000289703101099104
-0.000724264822892562
0.006523586263109
-0.0146909981276107
-0.00423916069351504
0.0165883286881241
-0.00866423104693137
0.00655493061748191
0.00752539819176268
0.00315991080896683
0.0128866273130943
0.00282731136068182
0.0114180712879031
0.0153309825783972
-0.0667124246180487
0.0136784825320926
0.0126233752937717
-0.012036165467314
0.000725206703054759
0.00565215942028985
-0.0121054332339736
-0.015900859989751
0.0109694339011182
-0.00395890046740011
0.00633006035624883
0.00775304260162324
-0.00595145893382876
-0.0119742839380425
-0.00236482398079674
0.0133333629629631
0.0162280697009336
0.00129472014689336
0.00474140818222457
0.00171604461604447
0.000285467510972026
-0.000999000999000854
0.0157142571428572
0.0112518146624982
0.000834450602657855
0.0109783353387762
-0.00274909965635739
0.0106133282999312
-0.000681983087833959
0.00286619364813112
-0.00598805092590959
0.0290252323517903
0.00252786042959752
0.0108825483976789
0.0122095316321262
0.0234760836180568
-0.00557601036238708
-0.00101952337174038
-0.0096951398098627
0.0104341753355988
-0.00956144799690339
-0.00862408267153869
0.00194755915142397
-0.00103669822564989
0.0101181351728179
-0.00102737892536098
-0.00912712419170703
-0.0134924879737288
0.0102577457882989
0
-0.00507680291590717
0.008766165118409
0.000259468229817594
0.00609430733554306
0.000386738001636244
-0.00128840500044802
0.00696595744192297
-0.000384306953223224
-0.0132000386159175
0.00246755844155855
0.00634794646073455
-0.000257415036045372
-0.00257539260492445
-0.000903692239913267
-0.00348877120414492
0.00466804961094214
-0.0641455963805266
0.0129636598272331
0.0223281016607801
-0.000532600907316549
-0.00866090571641953
-0.00376342731818746
-0.0202374519601679
-0.000826287489963384
0.0146086690906468
-0.0160282661221841
0.00358910812840652
0.00123801930830902
0.0038466684455738
0.00506366497878763
0.0151143922899131
-0.00858482862837717
-0.00013532674142458
0.00405947214994651
0.0180593538298932
-0.00781048440812182
0.0084056707834157
0.0264620262910287
0.000128821857983574
-0.01275935108954
0.0138381987947311
0.0149368521794049
0.0129408272012181
0.019288590645721
-0.00614401595517389
-0.0157022261017147
0.0118075868382417
-0.0163873364473991
0.00378639389929103
-0.00100593487999423
0.00188799251937044
-0.0286431916744522
0.000775957061562416
-0.00232618256627748
-0.0116579538209048
-0.00183484920701782
-0.000656551961315643
0.0111680198243591
0.00584725839198619
-0.0113681043085851
0.00966938468142398
0.000388326661899585
-0.000646869315128029
-0.0143689449838187
0.00091935908746188
0.00446140932241712
0.0135857995982052
0.000515543266686125
