0.0198797026799933
-0.000475373214326891
0.0365296412710339
-0.0351505326280335
0.0241605733138184
0.0152317268548661
-0.0125331262013195
0.0272373072588974
-0.0149711043011663
0.00943049799093121
0.0190476009070295
-0.0134401604528733
-0.0143449662340298
0.00897027917620141
0.0139707335397605
0.00465244711422863
0.00409652681363859
0.000975618625277175
-0.00372141588054731
-0.0380647271777886
0.0181212918594196
0.000544832894710412
0.00644399165002718
-0.00631253500146567
0.00154278062359947
0.0297208949825944
0.00545585186075193
0.00481354796405475
-0.00139357201277879
0.00662888780411874
-0.0328394495160056
0.0364629895234818
0.019362070717226
-0.0138217332315781
-0.0172829058310514
-0.0230116106132504
-0.00537350867370567
-0.0377273102418028
0.000187105824260181
-0.0195527740626137
-0.0135496751846467
0.0140259725486351
0.0295716678513467
0.0325210970073195
0.00314069448778365
0.00536718843038564
0.00800784774453112
-0.00317769438452031
0.000708421145842575
0.000707848850405313
-0.00654344350670943
-0.0102358791319249
-0.00143881298845716
-0.0335915252738517
-0.0114620820326546
0.00169683254719399
0.0294560224081306
-0.0171861871943156
-0.0140452234388387
-0.0143395943396227
0.00373277171517694
-0.000667493067583846
-0.00104962783254881
0.00725948023193257
0.00891419655516934
0.0200206600246327
-0.0152966830620167
0.00364962564430438
-9.32587412587615e-05
0.012308840214637
0.0134487751188059
-0.00999817333207165
0.0272677291088455
0.0218071590115931
-0.0195049764802767
0.00838539711659947
-0.00345009728016543
0.0211273587016891
-0.000260792838918555
0.00286958260869552
0.0134396512019483
0.00872694238689964
-0.000678558088574088
0.00534711424206424
-0.00523423398651501
0.00314007463056831
-0.00414549925919205
0.00603176455723187
-0.00709336272746786
-0.00144580708545994
-0.0031513754143131
0.00589543740690845
-0.00509645786724389
-0.0194655430581118
-0.0056595647480987
-0.0161120494600363
-0.000266990029663683
-0.014510860598044
-0.00650401101636888
0.0296417067746397
-0.0151889882583713
0.0276183741289018
-0.0137870944814501
0.0236241821878653
-0.0102861265401309
0.014410497816594
-0.00774861803274007
0.00763554880694151
-0.0208386985491785
-0.00272620704182747
-0.00229279537402471
0.021035867253278
0.00406856831895519
-0.0237951120578518
-0.00379758004598829
0.0140070386345645
-0.0137261675221062
-0.0111691784623557
0.00134463465680046
-0.00134282904233196
-0.00242047505816745
0.00215670382958932
0.0234935623249704
0.0016646486916474
-0.0176681882678529
0.0162941949300008
-0.00367967411669601
0.00263802319171647
0
-0.0165760397274874
0.0241683677205484
-0.011320054382447
-0.010657028266188
0.0558176434466724
0.0222596968340589
0.00800066822831846
-0.0164471157552337
0.00540766236458401
-0.011667323320932
0.00535833882521186
0.0047468353639768
0.00837133844390658
0.0161104630573579
0.00639055962488544
-0.000321525590498362
0.00554792139065885
-0.000399776113861661
-8.00095979519577e-05
0.00535998400000004
-0.00429697627591275
-0.0111084394895334
0.00743499284685623
-0.0067383601239096
-0.00751091099983836
0.00764914157091012
0.0137284742997905
0.00613402378821015
-0.0140142831192174
0.00513931586878114
-0.00143804428278416
0.00104012322650004
0.0127877074939009
0.00134152461062564
-0.00803842704735147
-0.0156510761344781
0.00153344630293062
0.00419054731857682
0.00786449716824889
-0.0097140937881709
0.011899935388761
-0.00206596745436582
-0.00334419948544307
-0.00918751312914456
0.00564428331666544
-0.014512483847719
0.0140752985411994
0.0130776477300838
-0.00110873527620348
-0.00562910502566649
-0.00175411420433935
-0.0357827165123654
0.00637837138520236
0.005597168583376
0.0182532867030087
0.00482313497068909
-0.016880008
0.00496379693192117
0.00194330364372464
-0.00290933413462635
-0.0208299486342183
-0.00422146352489794
-0.0199501325033218
-0.00322311275278853
-0.0102110026432354
0.025017219738652
-0.0240711392081404
0.00635954789996962
-0.0027326985949222
-0.0125877805496472
-0.0030352875385532
0.00930758532800624
0.00336119110024291
-0.00446655221553949
0.0262295077440984
-0.0184967543551917
-0.0077094570448768
-0.00561113624347842
0.00850764808563853
0.00714471906937608
-0.0112820512820512
-0.0144363589211619
-0.024383816781268
-0.0205879793062668
-0.0346062413327292
-0.015213445188047
0.0340832094235783
0.038468749551237
0.00404600787586773
0.00143282889644181
-0.0382723680895578
0.00743835404634985
-0.00332256582044421
-0.0160199651082501
0.0316205621754082
-0.0312899188663587
-0.00979376570686952
0.00713266748202246
-0.00906515563616317
0.0153421094846176
0.00966681343031017
-0.0161740655108
-0.0193688121454577
0.00211967432199933
-0.00874919702434007
-0.0164888073033717
-0.00345166659858642
-0.00762002946204765
-0.00378935983036854
0.00460459450241046
0.011060183229771
-0.010939193742592
0.0204264944158381
0.0158187182572516
0.00288381238953961
-0.0115978048193653
0.0223040625784312
0.00151777654179042
-0.000568336795447211
-0.00928730124963895
-0.0066003729998052
0.0133846897137158
-0.00912199751277076
-0.0107402666929447
0.0115354202584173
-0.00412074756340663
0.0301193712494106
0.00924799600425974
-0.00435024986717658
-0.0216603328065446
0.0330673039351446
-0.001471697926125
0.00552695293896388
0.0128251552647431
-0.00379883328145492
-0.0046304885112628
-0.00620268191743178
0.000458953661100159
-0.0111009082568807
-0.033491056373587
-0.00259162987137651
-0.0147243474266443
0.00253957811700278
0.0195830379928199
-0.0152890489194639
0.0293061320920096
-0.00292257942867913
-0.00548413378433932
-0.00675032325537184
-0.00440316833154808
0.0107681470864696
0.0178826695866832
-0.00532660489063441
0.00450954519899383
-0.0154321084068857
-0.0113042180479972
0.0254611928235744
0.00103057244362681
-0.0274241118466534
-0.000962428988069419
-0.00105963782024154
-0.0204435396463898
0.0173261859160034
-0.0174181833720992
0.0181208979897489
-0.0325014519007967
-0.00399914029191584
0.0113430733383937
0.0125062233250621
0.0214684340463007
-0.00364680432764319
-0.00568288383741089
0.0167586549425947
-0.00933685222310265
-0.0131756295486931
-0.0106227852000508
-0.00896371184880951
-0.0267369344325917
-0.0458537386816531
0.000428138713475246
-0.000214015189750616
0.00930982373386269
-0.0143129664970314
-0.00408739373897604
-0.00982823241508723
-0.00458113001745208
-0.0169844725622513
0.00390144915730062
0.0168776819204459
-0.0100458394836025
0.042025113963154
-0.00635120137238065
-0.00788330644881297
0.0261999686309449
-0.0115098775766453
-0.0184185242043133
0.025126657226572
0.037660436306763
0.00192622670241493
-0.0144692904083923
-0.00133475356602142
-0.0176826776297732
-0.0163265824282601
0.0248963086476499
0.04079725857371
0.0198483738310717
-0.00322740342298278
-0.00313971748704323
0.0341535636644401
-0.0229370514894831
-0.00243522297154786
0.0159163844969676
0.0080737792380452
-0.00753242775169038
0.026035230129128
0.00505611409018392
-0.00335376386635977
0.00373896044852429
0.0135965639857487
-0.0317897751484665
-0.00151827675607175
0.00826834244185193
0.00490154604209803
0.00881720280632958
-0.00344028814206543
0.022019042731853
0.0314040712853381
0.00469108679347441
0.00493346832995378
-8.76830016656172e-05
-0.00885494492118077
-0.0130915785999582
0.00286814555884196
0.0076861293027628
0.0141906696230598
-0.00524703113680858
-0.00167034725274728
-0.0141775363539545
-0.00518083086683785
0.00188559750689765
-0.00537729870268322
0.00459537742128191
0.00439505793156436
0.00901942286963497
0.0226569169423299
0.00744267397379472
0.0038656213773518
0.00171142391142021
-0.00743205206615483
-0.00490574911944675
-0.0054489273798064
0.00104359511337671
-0.00295373118796161
0.0100200490551552
-0.00198409251180287
-0.0125335290425529
-0.00674016993592741
-0.00202699390123384
-0.00777107926123421
-0.0116589354604936
0.0056730930480029
0.00456663681948433
-0.00802211412742471
0.0225537063298256
0.00105443758204471
0.00079006321611752
-0.00815717905171165
0.0132649449369482
-0.00733115714206389
-0.0131000353982774
-0.0179955189309577
0.0085275784669987
0.0055770712526233
0.0168172196366649
0.0182986015360007
0.00881206911447086
-0.00222655653575121
-0.00394815030558493
0.000947875891050165
0.0112775219945755
0.00604408780076549
0.00617705195464535
-0.000672794527868392
0.00159888072710812
-0.00235253744797193
-0.0171804028495941
-0.00651238234393436
0.00155253576759451
-0.00465037018643555
0.00268209893265103
0.00698936928975202
0.0111397003720575
-0.00661016101694922
0.00656881925807196
0.0214424870148739
-0.0676235828316525
-0.0379104911121164
0.0161872165739783
0.0160204076459092
0.0286686697186345
0.00931892527434264
-0.0276986713926884
0.00150867944621935
0.00106338504321468
0.0241656720884689
0.0156439502759884
0.0129350436059052
-0.00159626146010472
-0.000925555399715838
0.00362167092676646
0.00142663640729657
-0.00276545708932441
0.00428573109243691
-0.00878590061441054
0.000590916770141225
-0.00295283053195672
0.0208156963953292
-0.0307526444856817
-0.00598646198580355
-0.0157446524371164
-0.0037587499342876
-0.00807228210869271
0.0142414945358293
0.00340135170412181
0.0181659795350027
0.00725626606843321
0.00491568785347374
0.00640973264738132
-0.0025978797855043
-0.0115946734564276
0.0103706393265099
0.000673069151328809
8.40339652927735e-05
0.00302649019822998
-0.00737572722111679
-0.00236424892341469
0.00583998297350852
-0.00858293532759802
-0.0011033610592428
0.00152945022466722
0.00364808678252104
-0.0080304731691343
-0.01210053706179
0.00431294746829991
0.00558277076354874
-0.00495389468818075
-0.000515004291845478
-0.00197529196194968
-0.0319249550978827
0.0197333422222221
-0.00470712164655573
0.00324052373445438
0.00785677849349331
-0.0135123260332349
0.00921944867169588
0.000870010425091161
0.0172983134796738
0.0132444929782489
-0.0236971239045854
-0.0101926322067712
0.00898862933898692
0.0179899147727924
-0.00492773164641624
0.0445696112217484
-0.0144678441872763
-0.0114456166542256
0.0171993956338721
-0.00470141875126051
-0.00803846039675915
-0.0222221893622937
-0.015721155026306
0.00928819468632458
0.000258071736253696
0.00429922602839494
-0.0109589551979721
0.00389546409008301
0.01276188658479
0.0047680290702774
0.0421997789644983
-0.0269940649970577
-0.00877408721942163
0.0168605627163911
-0.0199801354672492
0.00499115138305695
0.0077440907135331
-0.006348162325859
-0.00546402997195727
-0.00709996631053955
0.000766127515398507
0.0568220492824438
0.00635866880809188
0.0145564985567983
0.0307449906305872
0.00734230975143402
0.00387209758480989
0.0095295340377437
-0.000749108503119711
-0.0107213071404519
-0.00568397133044274
0.00388727143034906
0
0.00113882007462052
0.00803880624875752
-0.018206425191189
0.00643675095785445
0.0180448536027058
0.0260264364506391
-0.00291572996696932
-0.00416691299925731
0.00132134046893739
0.0185483805813071
-0.00950113054421575
0.0141704598926644
-0.01547724298477
-0.00240165221550148
-0.010943313076507
0.00472080819469145
-0.00954410787160453
-0.000593002724986746
0.00548842979324426
0
0
0.00324546711869678
0.000147077426184694
-0.00948315819659751
0.000816394507332951
-0.00333712999612334
0.0308035653632546
-0.00418641568720179
-0.00159467953636738
0.00559016968236659
-0.00144391745880867
0.00882077230599054
0.0152655702376947
-0.00635330350548335
0.0087383492731723
-0.0165505029737834
0.00229166429598737
0.000285745913116475
0.00399998571428584
-0.00384173312239233
0.0143550560104255
0.0773075834493246
-0.000588177262537681
-0.0141904134735863
-0.00955225207296839
-0.00884062030460953
-0.00155422658442372
-0.000744457253128661
0.0140873828955252
0.00153617181690158
-0.00366766453938616
-0.00522052726804012
0.0115723672350008
0.00731620190291182
0.00369757683124949
0.00131578189973625
0.00183955053625362
-0.00400026218111793
0.000263319717430655
-0.000592390739762805
0.0069156489901121
-0.00922294579987759
-0.00217866242702414
0.000793939399192478
-0.00105770861621401
0.0289873582136058
-0.0156289751898373
-0.000261404764559159
0.0011764394868452
0.00254585805149365
-0.00358121495531694
-0.00555450568878335
0.0139966164934704
0.000907258128536759
-0.0129491747416479
0.0263693281673203
-0.00543238956073122
0.00237765076396523
-0.000256477971136704
-0.0115421804079933
0.00298415191634716
-0.00342797358884961
-0.00538682495603815
-0.00261007504078303
0.0149819621204332
-0.00431866703827932
0.00589113739955249
0.00212383826348805
-0.00256893572678329
0.00418523603354881
-0.00500137192222616
0.00451096811172058
-0.00384915307129996
0.00495880992374298
0.000384479326155596
-0.0376657802980862
-0.0119816484585409
0.0140807862195345
-0.00657723208670657
0.000334401125756667
0.0283460686141721
-0.00149532563732102
0.0218764313269464
0.0203249573811715
-0.00112396653630553
-0.00431359696052025
-0.0120549880817482
-0.00540200805584978
-0.00338657507987228
-0.00916848105938006
0.00232950055847336
0.0096191417541307
-0.00166247203569569
0.00640491877266003
0.00324568181614948
-0.00488457247452789
-0.00745839253708136
0.0149004948278837
-0.00329074792328188
-0.0238729841269841
0.003122128166966
0.0203605237948352
0.0069267666057018
0.000883553188076203
-0.00365723573131316
0.00791089196604311
0.000125605931357686
0.000627862886915409
-0.00414107152274223
0.0148059852897808
0.00819514461187043
-0.00141631258954567
-0.0149235257788967
-0.0138975893984729
0.0160614457577084
0.0129959510216318
-0.00511936084872144
-0.00179794169005687
-0.00714237647172145
0.0108845551677432
0.0154083533883038
-0.00018281431367706
-0.0116421066883106
-0.0125192665748727
0.00256060462654917
0.0103407650304663
-0.00511746093942322
-0.0123327093930795
0.00727868504984275
-0.0106521647707728
0.0197708088502979
0.00543337220280571
0.00399170361070245
-0.00428168070580204
0.0100743293231789
0.00158127477387904
-0.00321815528303904
0.0095637911899662
-0.000301713637886114
0.0100193328714109
-0.00621485015453216
-0.00487070345993923
0.0111788684760752
-0.00304765156083786
-0.0104897199485737
-0.00678455891949903
-0.00524518762676063
-0.00196202935762002
0.0134537536150248
-0.00303085407631176
0.00340486408825402
-0.00884682790308933
0.0100873872310832
0.00187627404747448
-0.00380598685317468
0.00557921791070548
-0.00132674581300674
0.000241503614438088
-0.0207075103882366
-0.00339068476829552
0.0142274090256735
0.000975774537506524
-0.000548354879001733
-0.0168871792774931
0.000744201933033706
-0.00570081776859543
0.0168888874596647
-0.0193663237036994
0.000750015647460023
-0.00324738639707156
-0.000250573270781485
0.0050761293756163
0.0139667659943019
0.00885501810524603
0.00182861760122655
-0.0057799768448531
-0.00667031989057398
0.00147850535762983
0.00891976511958381
0.0294494308106039
0.00165836890922444
0.0045530039189039
0.0133026959403302
0.00917805434254038
0.00823120953735579
0.0112468654659315
0.00254048996385459
-0.0014078161796619
0.00124063044898626
0.000675837780751865
-0.00388361573573037
0.0019776585371829
-0.00033834094244245
0.005302662485414
0.0139722232321107
0.000553436644495475
0.0085730253002263
0.000877373154569483
-0.00109581395802461
0.00526578909841247
-0.00289190259416372
0.00552695070791964
0.00408163265306127
0.00747970189701896
