-0.026323387710781
-0.0153000445632797
0.0345451948326263
-0.0275590543144048
0.0287899076686187
-0.0290044887187803
-0.0220654598289345
0.034382147831707
-0.00727106406397193
-0.0125561132270221
0.0354224049476963
-0.0238304817593425
0.00763819114744013
0.0416171676815869
0.0388127985498632
0.00398342016551845
-0.00971403801964899
0.0222437284710029
-0.0228408574899542
-0.021991755657327
0.0171121343107361
0.00639598182413748
-0.0127106664566455
0.0215505320675977
0.00136983561643844
-0.0123119155215299
-0.0224376048104268
-0.0236610647871616
-0.00217678118259867
-0.0452297834429964
-0.00456974852795888
-0.01943375728948
0.00624221266410085
-0.0609491907126617
-0.0267547320686166
-0.0615985236721533
0.00434000007848101
-0.058696469955051
0.0133894608528971
0.0226500566251415
0.0225175710594316
0.0509025071876352
0.0633802634252787
-0.0293975125181715
-0.00366119154601441
-0.0467679814058457
-0.00122656386893294
-0.022280701754386
-0.0208146420240445
0.0262048744731538
-0.04196425
-0.00372788429718973
0.0364827121331579
-0.0620939147258514
-0.0263664169816478
-0.0290571456809647
0.0189332251411487
0.00479524485105376
-0.0530921047307197
-0.0125997272700488
0.0197788387920033
-0.0208550569164743
0.0560170595097538
-0.0252117779261082
0.0295881634765918
-0.0146703984996143
-0.00795431384773215
0.0180921261943283
-0.005048465266559
-0.0464785873756851
-0.0317155810983397
0.0171465809124389
0.0332829263021395
0.0748796888751373
-0.0282156066981049
0.0354425317469471
-0.00096691164120899
-0.0158730158730157
0.0316679976396537
-0.0221163008176111
-0.0101384478428845
0.00137876698837891
0.0314712627852085
-0.0104881771641528
0.00250531899220108
-0.00346020761245669
-0.00945219907407413
-0.00214208382247649
0.0521076872713626
-0.0573177518085698
-0.025186914600551
-0.00222044807790778
0.0169937285049566
-0.00318279291824164
-0.00698469353453002
-0.0202973882756186
-0.0438974153846154
-0.0135164339515891
0.0241409308394955
-0.0358886812486728
-0.00242292940868161
0.0172223224282995
0.0130236162361623
0.0503535911872119
-0.0279477356181151
0.0356767246305676
-0.0200607302962809
0.0262613724925276
0.0255893809069236
0.00432214128400221
0.00958532882600394
0.00193757020078356
0.00638178314410709
-0.0078785548063306
0.0414487499235183
0.0167379207736655
0.0292665457935448
-0.0183045672649725
0.0114047244241593
-0.0110971722050685
-0.0028959276018099
0.0479215828644035
0.0635718344015244
-0.00716617240501061
-0.00377294953695795
-0.00526922443602829
-0.0102631849031617
0.0155544402817456
0.0200921933449902
-0.00936386841078252
-0.00130381353807341
0.0166449088878087
-0.00385229540693888
0.0241701575222339
0.0187224509326236
-0.010038640926641
-0.0207487993993385
-0.0113111199617653
-0.0203029645455532
0.0574013496283117
-0.0213097367971732
0.0141449940923393
-0.0173953922990849
-0.0264752786846049
0.00196590756936588
-0.0225637835186396
-0.0239210609555213
-0.00154241650530984
0.00806731919214965
-0.00153245360122589
-0.0274556621326001
0.00438365780087069
-0.0314245640960993
-0.00126171593366975
-0.00794078686157718
0.011096979969129
0
-0.00125951776683986
-0.0145919118930612
-0.0100548261415937
0.00406273299860627
-0.026485176135464
-0.00434534290572453
0.00265652746382306
-0.00624530658591982
0.0264712255368968
-0.0215213350084849
-0.0291998661661028
-0.017382812160492
0.00556547395019935
-0.00553467088357396
0.0115284831737532
0.00294757325501216
-0.0278213552542838
-0.0203546557911056
0.0158403617395524
-0.0315917571569105
0.00313678377248028
-0.0166771520392506
-0.00699592991290765
-0.0328779035012811
0.0218543492683079
-0.022035017886476
0.0185553567483983
0.034699587189339
-0.0280863556505211
-0.00345050686759762
-0.0668686445978932
-0.0549628723321631
0.0107975214723925
0.00509839779311472
0.0374395875633049
-0.0146682418005066
-0.00189031190926281
0.0404829289544069
-0.0298066432353437
-0.0654315446864809
-0.012797942925869
-0.0284697254702593
-0.00863427502265113
-0.0372129595463966
0.0402960800438597
-0.0587615267783523
0.0526314934873602
0.0252659853864885
0.00285346310903911
-0.0444904552509052
-0.0119111806148127
0.00136983561643844
0.012859124838827
-0.0280929227444626
-0.0138966092273485
0.00450955467869241
-0.0684623475999537
0.0180722283713184
0.0298817168604057
0.091927518186512
0.00841894282656885
0.00756579663105672
-0.0170895913280577
0.00316130145314264
0.00761546703700278
-0.0487359668682816
-0.00931506849315078
-0.00608409845132729
0.00306065673513234
0.0119279060174176
-0.0117873081140351
0.0155340364919287
0.0617317109606199
0.00282997177334621
-0.075166777834787
-0.00388346751410462
-0.0228348649401279
-0.0125391279566829
0.00606057685076022
0.00372923110357903
-0.0897399777227791
-0.0244897959183674
0.0337946250402317
-0.0177459532299488
0.0383517920238288
0.0476191115762583
0.0550699009324009
0.0115990613531913
0.0212939934126672
-0.0363539427960438
-0.0435505976019585
-0.0310324825986079
0.0242442681831789
0.0175335763432618
0.00488230901780584
-0.0142897962680882
0.04030150534639
-0.0719064082523297
-0.0297296705624526
-0.0306406985255122
-0.0734355044699873
-0.00861474844934529
0.00208550573514077
0.0280956989247312
0.0269906216933409
0.0302233892830688
-0.0117985008992826
0.0997096482736368
0.0381455083247941
-0.0274166470487099
-0.0325486486486487
-0.0345449674212984
-0.0656502198397705
-0.0123210452107544
0.0694537761294673
0.0914249713563988
-0.0467937332984902
-0.0290908787878789
-0.0106117349996336
-0.040694036571166
0.0134824071029267
-0.00129782608695661
-0.0162443139621731
-0.0587847074377573
0.00280701754385948
-0.00104972008397475
0.010858214040568
-0.0242550580646204
-0.0149147727272728
-0.0717375630857966
0
0.0151455922330097
-0.0279265121624527
-0.104683195592287
-0.0391208351648351
-0.00823426311828623
-0.0023063191881918
-0.0212667138819562
0.00755786490316468
0.00375058602906719
0.020084072863148
0.107142857142857
0.00909842845326714
-0.00409840163934416
0.0106995889176786
-0.0659608333045942
0.0727986018832345
0.0463225905598297
-0.00310679611650477
-0.0638877678223608
0.00291298364906445
0.0684647302904564
-0.0302913009708737
-0.0688826219015868
0.0283870967741935
-0.0322041405269762
-0.0557475823572853
-0.064073180778032
0.075305570889703
0.183719918144611
0.0180560500170555
-0.0603773584905661
0.0995983534136546
-0.00511318499317703
0.0223935389133627
0.0614003231597846
-0.0439783167786981
-0.0449398443029018
0.0640977769544278
0.0383008718071334
0.0248155264922871
0.0032722841384909
-0.0854533268101761
-0.0370899059525711
-0.0033333333333333
0.0193236714975846
-0.0506744075829384
0.0307219266235819
-0.0298062220566319
-0.0883256878523162
0.048441406908172
-0.0916029767618712
0.0331711617350217
-0.000428124981672662
0.0231262955032119
-0.00669732133517453
0.0847029077117571
0.105672066822067
0.07976110610545
0.051740969736414
0.0442450495049505
-0.114074074074074
-0.0117057190635451
0.016243723053933
0.0359640347664325
-0.0144648339934158
0.038160469667319
0.0505811812755264
0.00538277528058528
0.00981564574109606
-0.0300442111916286
-0.0045551472821137
-0.04881022113515
-0.0147530788967286
0.0364583670722125
0.0411432788944723
-0.0238310996180333
0.000618046952470808
0.00216182822230304
0.0181818176215156
-0.0423729406061458
0.00442484211203675
0.033039678003786
0.0636611596916747
-0.00343639767676962
0.0922413532253263
-0.0068402529250331
-0.0203973509933776
0.00594918875067618
-0.00322577948317793
0.032362376895233
0.00365723625018921
-0.0325351396426413
0.0694108727151397
-0.0188679245283019
0.0187179487179487
0.0541153032972566
-0.0269818761465646
0.0824540122699386
-0.0129222395619533
-0.0314653874261509
-0.00948536919541698
0.0155613598276274
-0.0120225842537759
-0.00501071343354798
0.0340527090155225
0.000695802428010373
-0.0206258159617234
-0.00591575986350024
-0.102832639982511
0.0421862574207019
-0.014002011558096
0.0315001549186678
0.0107634540484742
0.0215452941667833
0.00169696969696975
0.0406582768635044
-0.032325558139535
-0.00600817096832085
0.0297388532461593
0.0119745949753463
0.00371229715602306
-0.000462228407870136
0.0416280970569798
0.0261989336989581
-0.0378623964114583
0.0391274558325285
-0.0649210141727118
0.00763716749912424
-0.00803863095914936
-0.00300990977100968
-0.00510917312798009
0.0340802754435106
0.0209932510382222
0.0269732699535707
-0.0215285248325399
-0.000220066001758723
-0.046654908597159
-0.0191596952908588
0.0477758979630081
-0.0119047169811323
-0.0193226406309324
0.0310616836129272
-0.0501348920863308
0.018224852071006
-0.0109251743375175
0.0371328328350842
-0.0156356669921671
0.0301565614676924
-0.0147486033519553
-0.0242685416194148
0.00185955369595536
0.0106729239291381
-0.00390270881766042
-0.0324959445147719
-0.0304906860409718
0.0105651103055255
-0.0026744711238883
0.0207215748415406
-0.0331979706997366
0.00666996047430835
-0.0107975214723927
-0.0295212595008371
-0.00485682527752618
0.0439249678910867
-0.0130412896909767
-0.00249321858655638
0.0169957769055624
-0.0454656929335387
-0.0175077239958807
0.00917185534591214
0.0062321997523862
0.0100644903225808
0.00127746554106967
-0.00893082441772952
0.0502059989701338
-0.00956114220247251
-0.0240099493064382
0.0464113111843774
-0.0203587019078383
-0.00742204391004675
-0.0117147809500194
0.00327861269716956
-0.00150824538733629
-0.0289526931280794
0.0129634430904848
0.0358331456360379
0.027427748272109
0.00553148121541702
0.030136306382772
-0.0192709078244718
0.0160983893892808
-0.0349487434738464
-0.051424362695527
0.00203609055647536
-0.0505460515759728
-0.00615299609007502
-0.0153432024041344
0.0459266240608736
0.00182969167954461
-0.00443522022252973
0.00969599056603765
-0.0404878806251719
0.0446307264097721
-0.0274468676190281
0.031682613639973
0.00929034838709675
-0.00153418559104601
-0.00128038415570764
-0.0141025384615384
0.0210662413246752
-0.000509322491560105
-0.0117228077613248
-0.0190819499505402
0.0360146941110753
-0.0362852068003044
-0.00605581885202733
0.00847682119205295
0.00394013659049119
0.00968076897747849
-0.0360196683078519
-0.028225778811135
-0.00719233708479461
-0.0261910845971326
0.0200286403425283
-0.031977670015278
-0.0208634320987212
-0.035809380414046
-0.0202578870314373
0.00125310150375935
0.00187737803120713
0.0499687382885696
-0.0529446476188176
0.0477387248743717
-0.0272781766403424
-0.0141756852334149
0.0506408565176617
0.0321332332004394
-0.00864802561683553
-0.0104681596530435
-0.000293828983068511
0.069958906525573
-0.0208792021494943
0.0319865328840214
-0.0135943451221954
0.00633955364772776
-0.0038345386926617
-0.0327192475314613
0.0400795906765208
-0.00628584312653746
0.0566555815001215
-0.000780817323311589
-0.00442818453837412
0.00366300356716343
0.0109488526864219
-0.072459981239298
0.00889630222695836
-0.0396804342882217
-0.00545187979637773
-0.0106751009809579
-0.00933216654032742
-0.0214895195322486
0.0291816167760761
0.000292370660402552
0.0140268844527502
0.00201726218970433
-0.012942191544435
-0.00174831002331
0.00291894354459665
-0.0512224373916635
0.029141136757125
0.0193741287443854
0.00087716371704194
-0.0429448437043527
0.0183151110082485
0.00509586315659871
0.0137191474416687
-0.0102972338748316
0.00356715230580118
0.0174763043528616
0.0034935373213123
0.00203075131909602
-0.0115808334805779
-0.0023432338120456
-0.00675275963732358
0.0180312433915908
0.03687572697084
-0.0663679380108636
-0.02999400119976
-0.0163884044526902
0.0304935564443116
0.0210494820332363
0.0131460707156834
-0.022412208787968
-0.0078432272794432
0.0279720896312583
-0.0198166808690717
-0.018406759758804
0.00860750103312347
0.00579088674822037
-0.0533333333333333
0.000960307298335517
-0.0271826031339941
-0.0161078238001315
-0.0330771466755764
-0.0449205927809055
0.00289435611050504
-0.00360743158756982
0.0112237142931313
-0.0164697815968492
-0.0047323991529814
0.0413313460131677
-0.0196697934552088
-0.0132568613400215
0.00944074039793974
-0.00971215862273955
0.0199781685442002
-0.0224358618233618
0.0236793798295307
-0.0145907117437724
-0.00650057759116718
0.00763355143584143
-0.0108224751378959
-0.0226112691466084
0.016044814031523
0.0165258905618804
0.00505780346820806
-0.00107832494608195
0.0417416321791424
-0.0117443864682423
0.0171268431622915
-0.018213058419244
0.0416520826041302
-0.0120967741935485
0.0170068027210883
-0.014381304347826
0.0139124538144708
-0.016064224098535
-0.0292516666666666
-0.0269797117386226
0.00360104429240193
-0.0161464292735403
-0.0029175784099198
0.00987567666422828
-0.00507069883843903
-0.0087367677006468
0.0121189496878442
0.00181429614710793
-0.00941691382046672
-0.0314442413162707
0.00151004152510392
0
-0.0192235575113623
-0.02113762490392
0.0294464086944015
-0.0152554925726733
-0.0267235089078234
0.0143255477248525
-0.00196151431934088
0.00668238967443435
-0.0113237402841179
-0.00631911532385465
-0.0059618441971383
-0.0107956817273092
0.0327404607922392
-0.00939334674729331
-0.00869217734856498
-0.0378637305699482
-0.0144986749999451
0.0172341312638029
-0.033057891195955
-0.0145299572649572
0.00346921090499608
-0.0388936490446694
-0.0134891636690647
0.0268915211079526
-0.0106524629093446
-0.00448631653269116
0.0441639907992795
0.000431592576607631
0.0327869283865401
-0.031746072191058
-0.00345125107851585
0.0121211688311689
-0.0508981202266092
-0.00405592591005277
-0.0398190497737556
0.00989637181415515
0.0387307512832478
0.0292003593890386
-0.011348756001746
0.00883002207505523
0.0323851203501093
-0.0178041543026706
0.0138109624514458
-0.0561941251596423
-0.0216508344609835
-0.0165975557124225
0.0206282231598689
0.0169958199356912
-0.01626007300181
0.0206611101624836
0.00359869545659031
0.00806817606760069
-0.0155625166740773
0.0198735781334045
-0.0416298051372895
-0.0291127092935631
-0.0280818657782008
0.0685602350636629
0.00183322639780026
0.0164683432539643
-0.0157514858574027
-0.0347507985939277
-0.0383705334736839
-0.118226557548106
-0.00670385474860336
0.00562418416061972
-0.0296420038949666
-0.0219020749279539
-0.00824979423982308
0.00534759358288794
-0.00650124113475181
0.00654378385150411
0.0407802009456264
-0.0045428731094338
-0.00399326845446268
0.0274915250567884
-0.0189521171152665
0.0204544886363636
0.0233853019702286
0.0119695871583019
-0.0231182795698924
-0.0319207484865164
-0.0108015918135305
-0.00229879310344816
0
0.0282257472220193
0.00560229691876746
0.0206127565118241
-0.0223799126637555
-0.0742601898380794
0.0235222557297952
0.0559812054202242
0.0184151785714284
0.0290411506849315
-0.0127795520351676
0.0323623499265182
-0.00522455617683149
0.0115545687208736
-0.0238837487019731
0.00638303225441672
0.0163847780126849
0.0286011960478418
0.0318503017264762
-0.0338070063694267
-0.00760644054799398
0.0434338272866632
-0.020568070519099
0.01049995
0.0183078188178039
-0.0286686103012633
-0.0130065032516257
-0.00608205778003046
0.0163181531709253
-0.00652288008028101
-0.0181817180899858
