0.0138004511677283
0.00340316745017888
0.00991382677204156
0.00645827968117496
0.00590349091128051
0.00127591225506274
0.00254836888132703
0.00228774783934926
-0.00228252599543488
0.0116929079816979
-0.0351758049039147
-0.00859380163573953
0.00420278434462817
0.00810884122416944
0.00441094954823718
0.0108499615306112
0.0102222844308131
-0.00303564389161759
0.00583605683836597
-0.00025221998618119
0.00353265194214858
0.000502916771435657
-0.00351844675751567
-0.00680960873595926
-0.00126965461478779
-0.00839059199641023
0.00333335897435894
0.00920012754408051
0.00405165844255984
-0.00100885240812865
-0.00934105000401286
-0.00407747175955797
0.00332643278779776
0.00102017345116479
0.00993628025477711
-0.00756808798103148
0.000254143365531201
-0.00609903461748595
0.00536944501740111
-0.0152593845371312
0.0059400824912168
0.00616169432190761
0.00306205672523752
0.0292545909627426
-0.00494317857002424
0.00620963766565508
0.00691194800848893
0.000980656999738816
0.00097959828657368
0.00048935650818116
-0.00513570567707777
-0.0105703048180924
0.00795031055900619
-0.00566921370470785
0.00347050074367861
-0.00345849802371523
0.00917201289043135
-0.0071235816046078
-0.00667976282433258
-0.00199257773386907
-0.000748664836536128
0
0.00324667824059244
0.00896193721493321
-0.000740167795217461
0.00790123456790126
0.00465453209211186
0.00658378476390054
0.00314924910729775
-0.0099009900990098
-0.00926831707317077
-0.0231412856509425
0.00680446068548379
0.0160199995989989
-0.000985489036708587
0.00838471044105327
-0.00635847411001411
0.000738346031544435
0.00245937038858846
-0.00245333672489401
0.00860791933103799
-0.0407217283941345
0.0132181240467715
0.0250878066962417
-0.00685264300409583
0.0017249875936427
0.00442804406258079
-0.00416365397190044
0.00639444171175607
0
0
0.0122189644290793
0.00434572691191337
-0.00480759638498052
-0.00193241536558386
-0.0104066069699903
0.00244565914516137
-0.017565307754803
-0.00372488204618826
0.0077268446591936
0.00865691318327966
0.0179009077464667
0.000240953998600579
0.00939306358381486
-0.00620372226198984
0.00360136837448399
-0.00502389964172001
-0.00721324837701387
-0.0174376600281505
-0.00665518856297753
-0.0032258313455541
0.00398317171935125
0.00570292557882834
-0.0130671101314815
0.00224831382084223
0.0114656782518863
-0.00295719551714158
0.000741547225445949
0.00568038993922526
0.00736736229451473
-0.0119454168698198
-0.00764860615960028
0.00223769263456752
-0.00347315793914271
-0.0201642280390455
0.0109247964704067
-0.00502641354545308
0.00404142460217227
0.00603778616352191
0.0310077003747087
-0.0155226776618965
0.00640546932742048
-0.0154222039374395
0.0101939331130299
-0.00935271943507954
0.00596278260869565
-0.0172882431569157
-0.00904752427626221
0.00811564798376874
0.0130817610062894
-0.00571142289545579
0.00349647843415402
-0.00348429566948738
0.0169830165588658
0.000491183681454066
0.00392734394072947
-0.00171149135885129
-0.00514335022565027
0.00123089614059313
-0.00196700280142614
-0.0174919684651392
0.00501507008487789
0.00224540906959025
0.00298737878951338
0.000744576799588614
-0.00520830853174614
-0.000249389173538006
-0.00274304253082513
-0.00350097506871838
0.00276037655008166
0.00175175179558917
0.0112415940854758
0.00494071146245068
-0.00614552605703045
-0.0051941380163244
0.00472399292083536
0.000494926998267919
0.00395745733366315
-0.00640546932742059
0.00148765179828159
-0.0066848231414911
-0.00722824045932802
-0.00451920640124492
0.00680948263256065
-0.0220440141304618
0.00332984110323165
0.00663778435730333
0.000253588638092772
0.00557811880269066
0.00352997982854264
-0.00552756295295387
-0.00252657895267416
0.00658566362715307
0.00603920452746842
0.00925457728864432
0.00148703848758558
0.00816634496411783
0.000490819808992793
0.00098137885090166
-0.0100490198541425
-0.00396135191783509
0.00919706686552324
0.0137931533888251
0.0089892857142857
0.01131714450559
0.0183333333333333
-0.000467617488894123
-0.00514622222222227
0.00047025630073505
0.00376028210952484
0.0117068604941901
-0.00948854453803627
-0.00490651880622694
0.00680913359943647
0.00116602142803113
-0.0013976473328674
-0.00186606022547386
0.00747838262495026
0.00556708407406448
0.00369088829023712
-0.0128705361006912
0.000465657730718272
-0.0225739115063088
-0.0445237857142857
-0.011711960834489
0.0317699949571357
0.00904210699130514
-0.00460167099535791
-0.00291965950947259
-0.0234260614934113
0.0109944777611195
0.00716759780443876
-0.0157054969325154
0.0211916723711876
-0.016845679122209
0.000993320089396565
0.00372111129444042
-0.00197721211016355
0.00842000969737478
0.00589386036606432
-0.00488283703327241
-0.00171734552096892
0.00884738286673348
-0.00925702824012253
0.0054094175268955
0.00513570567707755
0.0119221903611773
-0.0103390238037991
-0.020408163265306
0.0218254216269842
0.000242669897022596
0.00727976237029271
0.0139725855925119
-0.00902829650748393
0.0151043158739945
0.0200755550307037
0.00138923365105881
0.00832372254335256
-0.00848426946837266
-0.0108696109681029
0.00420858078092112
-0.00279392310142201
0.0100395979435164
0.00161821551632979
-0.00461576253792928
0.011360954988153
-0.00320951405798986
0.00367982980680792
-0.00137481671344686
0.00252402466617596
0.0061799040096111
-0.00500448146052068
0.00571559187400128
-0.00181864051745217
-0.00409929401047593
0.00205808369540361
0.0057051574623459
-0.0111186294531427
0.00504811817126583
0.00114152970642767
-0.0118585182147557
-0.0115393486480799
0.0177445240371459
-0.00183532920394591
0.0131005292162965
-0.00136120683479091
0.00954109495683775
-0.00855081027342064
-0.00453926453610387
0.00205198353734648
0.00386798626011409
-0.00430641442217616
0.00865014796266794
-0.00338526284393459
-0.0133605072463767
0.0169841863667661
-0.00835030448317975
0.00773782448197124
-0.00722673909726135
0.00409463157631107
-0.0208427281568357
-0.00347063851294227
0.0127698862317158
0.0155891796329477
-0.0103837248393617
-0.00593061131386863
0.00619541045454741
0.0098061806068952
0.00474261528325681
-0.00179820176227463
0.0099076334158974
0.00891866260506857
-0.0156905856353592
-0.0123484281017416
-0.0193226406309324
0.0162262637048276
0.00342157846715319
0.00363719010515173
-0.000453023762037486
0.00838429620701797
0.0035955056179775
-0.018808777429467
0.0111821314468279
-0.023471021812886
0.0110931361220243
-0.0249142857142858
-0.0107829113924049
0.0172985540924513
-0.0121127416724902
0.00330108464984691
-0.00775553484736857
0.0113690191527944
0.0234192031986136
0.00343242555074541
-0.00501703557660371
0.00939720354349749
0.00204359668384213
-0.0124631540343723
-0.0036715005198944
0.00967300827604833
0.0102646213503648
-0.0106118986088981
0.00867186216339566
0.0278280310446146
-0.00440237728373327
0.0086225735131551
0.00131523457508176
0.00809980297723301
-0.00195439743657755
0.000870343796134376
0.00499999999999989
-0.000432641142115386
-0.0110365291286849
0.0194748135782317
0.0100880231809399
0.00318737774782463
-0.00254181322901537
-0.00382246761520511
-0.005968855254743
0.00793478430335015
-0.00148936170212766
0.00788406136799491
-0.00613109949537205
0.00935977491426399
0.00864067421199843
0.00271627658344586
0.00416747221640046
-0.000415044623678029
-0.0116254312487205
0.00567107738561079
0.00501248945253785
0.00394850382270384
0.00848685554777795
-0.00759447849765038
-0.014477684156264
0.0123819512116703
-0.0408375190365869
0.00540306894315967
-0.00537403267411862
-0.000648325048627774
0.00324387961747941
-0.0105625568131614
0.000653551169779831
0.00174173742651873
-0.00152138672120794
0.00457124520181207
0.00715055223616234
-0.000645417383820956
-0.00581272323331061
-0.0121264833261152
0.0026304910703745
0.000437166574675851
0.00764866729233682
0.00824118394619
0.016347557911484
-0.00380952380952382
0.0104100488633949
-0.00883099224493278
0.00933396286240895
-0.00294247570649531
0.0109612143963158
0.00875733963213787
0.00682095893301038
-0.00205292551946068
0.00473151605160438
-0.00778052825552822
0.00309537769491075
-0.0213947948694755
0.00210212318688252
0.000629389579584139
-0.000209685530195292
-0.00041939610860553
0.0121670237955538
-0.0082901968911917
0.00752353218489166
0.00269655678690217
-0.00124122879602828
0.00289973079742611
0.00536972347665121
0.00267052177485616
0.00450723203222214
0.00244754237094735
0.00630716149309629
0.00687424195055075
-0.00461845390800109
-0.000403490014121433
-0.000605428871956137
-0.00363489499192249
0.0119578435346575
-0.0136190666933708
0.00406093401015228
0.00444887756422885
0.00020136904374346
0.00342185990338173
-0.00341019070853321
-0.00583737922705307
0.00789633545042179
0.00924071934995419
0.021297749948338
0.00487234447724916
0.00329711009896982
0.011018731877054
-0.00401527732342777
0.00902286427337295
0.000951293741413783
-0.00646266857132338
0.00382630572029852
-0.000190623209631702
-0.00209685478644417
-0.0042024261395387
0.00326103964586544
0.00114726579631474
-0.00611153540657883
0.00672555713440515
0.000572609287509129
-0.00209837856155581
-0.0118524562826906
0.00406273948660751
-0.0123314831471489
-0.000975399960023382
-0.00449129085122624
-0.00411926245586491
0.00157569430766191
0.00511313687760606
-0.00489141058713738
0.00314587095662877
0.00980007840062713
0.00562890139751548
-0.00193016788399591
-0.00734861743083781
-0.0239626719671665
0.0223553501938265
-0.00234289335527349
0.00195700594743675
0.00175781246566764
-0.000195008769838023
-0.000194988303334309
-0.00273062219621623
-0.0111480537620173
0.00316455689943518
-0.00236598970098612
-0.00158098820478203
0.00395884798099755
0.00709781137425436
0.00254496857693942
-0.00859205250130934
0.00118183966909591
-0.0257722201151989
0.015145395799677
-0.00616671971354688
-0.00320256211374226
0.00883540178384346
0.000398009538295829
0.00895346235389827
0.000985979116268521
0.0112293936654606
-0.0023378724980373
-0.00839679766445622
0
-0.00019690823546481
-0.00354540082726018
-0.0102787112077486
0.00758939484721388
-0.000991060436252522
-0.00952388851095687
-0.00140224364592323
-0.00260776339449398
-0.00462588486271365
0.00808237995221761
-0.00581280829450415
0.00181453636348938
-0.00120744619053026
0.00382830941309065
0.00662388598956243
0.00179461607997533
-0.00139339166427577
-0.0037870840656602
-0.00100040016006397
0.012417364310034
0.00791299718917893
0.00667320889748346
-0.00623903282825033
0.0198155577827042
0.0125048287803002
-0.0254607633391457
-0.00272955736538194
-0.00234609961501087
0.00391928285164189
0.015225414796018
0.00442230357324758
0.00995398124219071
0.00265360131363157
0.0145556894307868
0.00801192502373493
0.0149723110895494
-0.00619195046439625
0.0018324720542422
-0.00109743922068561
0.0135505765692991
0.00144538397273286
-0.00451019303626199
0.00815514679231599
0.00413445974951521
0.000716093793124095
-0.00733452567676118
-0.000360443310129854
0.00612943922607823
-0.00949654166822189
0.00795951533935457
0.0102297198451233
0.00266473614026053
0.00141745218670186
0.00707710544939832
0.00228392488699658
-0.00946539893892018
0.00247750849327577
-0.00105917030682534
0.0144901926135359
0.00156767113743261
-0.00365215652173922
0.000523634132944206
0.000697854152128308
0.000871670138220537
-0.00156767113743239
-0.00296577110956031
-0.00174983370954218
-0.00315512713681199
0.00175843154138278
0.00421270836909415
-0.00314630314886055
-0.0106961425687557
0.00478555493745314
0.00388077269149356
0.003338569671411
0.00245190901757986
-0.00576523390058581
0.0079072395009665
-0.00087168757197198
0.000872448074115351
-0.00209203273898129
0.00524107249332384
0.00486616258487738
-0.00294012452438597
-0.00242851682815204
-0.00104324468938433
-0.00121845080559702
-0.00836526649764258
0.00790854102254679
0.00401053196200629
-0.00382078833550581
0.00505580535118888
0.0015611447853896
0.00207826456258187
0.00172827511703644
0.00914428932271028
-0.00102585053766957
0.0116378743795995
-0.00101509049204718
0.0287891791496897
0.00773664197530866
0.00751386789425235
-0.00178339818417639
-0.00357320123436744
0.00652000021255095
0.00323888259109317
0.00403551244494738
0.000482299027615651
-0.00353530451550688
-0.00129008228640815
0.00242212175036327
0.000483231298864961
0.00305905646338678
0.00754415742446479
0.00350489087143524
-0.00190511186203801
0.0130427869101764
-0.00989163149460881
0.00491592126679485
-0.0023670191315609
-0.0101233626997254
0.00271649080484204
-0.00191233466135454
-0.00223533446854018
-0.00624106237026523
0.00515297923197999
-0.00160201863511755
0.00802310654685501
-0.000159169054441244
-0.00525395629272485
0.00208068181818177
0.0012777191937754
-0.000957058557298773
0.00303367390972897
-0.00254695956701689
0.00367058729652103
-0.00604231206936412
-0.00511916509739774
0.00932627447059464
0.00143382188943764
0.00302255801745854
-0.000634432999753076
0.00587213159410038
0.0100977593862772
-0.00203058428759373
-0.0103302396357841
0.00173968053139339
-0.00552570255762563
0.00492136831492718
0.000473981050141958
-0.00521083198449923
0.00158726984126978
0.00206025363106987
-0.00094894828404235
-0.00253284795101616
0.00952234596166779
-0.00424463128054331
-0.010419955794127
0.00335033503509896
-0.0112895374668396
-0.0149565776777099
0.00685711020408153
-0.00470240002277933
0.00830886268639852
0.00759415103561389
0.000801779974314076
0.00688992148694134
0.00366008911521321
-0.00301250990962421
0.0116094145736416
0.0128910389421313
0.00388018004035384
-0.00742119666048258
-0.00311521821410676
0.00171876562499995
-0.00639525805030006
0.00376762945419729
0.00359710671875368
0.00327254178814207
-0.00357246055789662
0.0110677938872081
-0.000770937391752491
0.00462896172285032
-0.00829367211958731
-0.00758863249186925
-0.00296509041931659
0.00234781659645988
0.000312257958896556
-0.00124879804086153
0.00390751797436706
-0.0155690947110807
0.00790763877906064
0.000941487525498275
0.00282175885214375
-0.00609659205726765
0.00802129575271171
0.00390076479330714
-0.00155421209538154
0.00295769000490953
-0.00186251746081034
0.00217693989043521
0.00294805289129818
0.002939402892008
-0.00154248028559367
0.000772377532564095
0.00185246992671306
-0.00600924480711107
0.00728570741634749
-0.00277008297460368
0.00925924339849171
-0.016819556060564
-0.00124419900882444
0.00560574578626993
-0.000309755332618344
0.00356262402610374
-0.000926037954529502
-0.000463556289345468
-0.00401847004722411
-0.000931176259119315
-0.00465975479930525
-0.00156058047563723
0.00969049703032199
-0.000619195065609812
0.00139411404566658
-0.00804338722216891
-0.0037423672419632
0.00406954146297611
0.0109118624813136
-0.00740161934931749
-0.00326237362455917
0.0032730515415802
0.000310641588753713
0.00760984636760131
0.00308269126461247
0.00245845106151044
-0.00076633969240758
-0.00859035101732319
-0.00247556873629451
0.00217155262646895
0.0131558270677012
0.0125267340746524
0.00678943884715499
-0.00599432012613577
0.00768873789571134
0.000748099984925199
0.000747540749701736
-0.00119511499267677
-0.00403836368473875
-0.00660750903183716
0.0016628873268969
0.00422576202155867
-0.00180347156892879
0.00255944000480079
-0.0036041149484376
-0.00437076124704638
0.00772028482350251
-0.000300390566321029
-0.0486852269563385
0.00616016417374565
-0.0081632808765576
0.00696421335865782
-0.00377236723942731
-0.000946686637004035
0.00552744788376502
-0.00533997189696789
