0.0224506819135544
-0.00636161508682143
0.0131144677040258
-0.0067271837047479
0.014674192345024
-0.00768602369597571
0.0127395022603087
0.0171077483010642
0.0058375779162958
0.0151484648771014
0.00658914747836681
-0.0048132461921423
0.0166376576698875
-0.00913414860388484
0.0054734012432629
-0.00334254611157048
-0.00804909919462338
0.0021252029209391
-0.00327738583530723
-0.00270792064394743
0.0146430756019276
-0.0127114024479997
0.0080347916350012
0.0020167003365994
-0.000862526389209362
0.0146762494004797
0.00765737386705778
-0.00178247497072803
0.00253755634327901
0.000281231841777974
-0.00393625128218134
0.00470455405254566
0.00805394276132176
0.0219249444623275
-0.0216363363636364
0.00371672541209644
0.00472136654475186
-0.022113719912593
0.00244984459954334
-0.0200206506252528
-0.00911187398596069
-0.00251664896944426
-0.00388162045953555
0.0327325858210894
0.00764076959455195
0.0288335704924172
0.00254775245590988
0.00263206571065511
-0.00353036115207428
0.00118093202796277
-0.00299430181466565
-0.0155624230677763
0.00406769906753612
-0.0183224194979982
-0.00356410607116564
0.0125188443621769
0.0188714139630008
-0.00821168810605277
-0.0188592001525077
-0.00468823244841565
-0.000942053679848232
-0.0016973125403873
-0.00132237646200883
0.00378316455736805
0.000282738159316009
0.0133760168283339
-0.00725040886316386
-0.00280901677502765
-0.0161502441314554
-0.00200418974999239
-0.0245768384813999
-0.0191176176470588
0.0332832973528248
0.0289224810095516
0.00714481506595432
-0.00298701585887295
0.00599193906922468
-0.00651463024238141
0.00796251053864161
-0.0041821190368424
0.00233317774459763
-0.00344509304571516
-0.00457813701371701
0.00459919274827114
0.0097169112371942
0.00749511427778304
0.00716391459856491
0.00483310213995614
-0.00934747237775713
-0.00513013905715876
0.00156536835295351
0.0154454357482421
-0.0204617026834323
-0.0131251037411018
0.00187322286803093
-0.0163597268733315
0.0157764301865004
-0.0181511513328354
0.00476462731533012
0.0139415968523975
-0.00364799350302147
0.0289147679942199
-0.0046533030046223
0.014483472893335
0.00063251108037421
0.0149901032145585
-0.000444875436923953
-0.00765465078156924
-0.0249349632242347
0.00036796063258171
0.0108505747126437
0.00964248157918668
-0.0156770702888021
-0.0151945446224256
0.00808628155353763
0.00636182008447195
-0.00375633524954033
0.00220714552523704
0.00945126602721791
-0.000454531397972358
-0.012095325682933
-0.00165700087426135
0.00129090828836076
0.00313108032529996
-0.0111080418617462
-0.00213519307338284
0.0124663133773617
0.00753468698824444
-0.0100319104417343
-0.00184251491913823
-0.0043378034949294
0.004356702012144
-0.0147669407432753
-0.0257611241217799
0.0103846346153846
0.0125618573931889
-0.0130639095288739
-0.00380917048263651
0.00516203990859343
0.0155967567171327
-0.000374576267678894
0.00309135362997659
-0.00289507839194836
0.00814837524065859
-0.00575995917651395
0.000280377507392293
-0.00261565616210213
-0.00206044774919301
0.00900984488944601
-0.00753422923385305
-0.0110590443596732
-0.00360119418881333
-0.00665776114378691
-0.0112983529050489
0.00242107297266947
-0.00705248754608268
-0.00564314074375505
-0.0149706364472788
0.00824478013797103
-0.00423645320197052
-0.0115761155634708
0.0106105803681564
0.0118859450464139
-0.00479645635096093
-0.0139667357916148
-0.00458851870324184
0.00871833842350589
0.00576191115589464
-0.00632161213594651
0.000497057663957357
-0.00288128161189705
-0.0104623653800083
-0.0107743431834526
-0.00458058844830189
-0.0191226401562261
-0.00250206427235333
0.00689795150501671
-0.00799248528098351
0.0123469708067385
0.0124030697674418
0.00061260849247402
0.00632583396947584
0.000811132540133652
0.0182352651021707
0.00039798029254845
-0.0110392935542727
0.0107602572252563
-0.00616857016876782
-0.00130140155472425
-0.0191459899930636
-0.00878896287764874
0.0641303343464343
0.00668542783340209
0.00423478336410432
0.00527125762972047
0.0410906477365873
0.00586079686430763
-0.00682811386846738
-0.00174162624407836
-0.000551019273626885
0.0108416119383172
-0.00563529373664684
-0.00530166352282158
0.0056055872082339
-0.00868132139267119
0.00175142878637291
0.00441707931199176
0.00613832329567887
-9.10763066837017e-05
0.00473548865741713
-0.00661655022901197
-0.0178832028810804
-0.0246191102250011
-0.0284788842457164
-0.0132352745098039
0.0295082060703784
0.0143794437064435
-0.00818191410729796
-0.0162110503597123
-0.0245709540672961
0.0333866050241243
0.0111240281811964
-0.0158805703231664
0.0356760755611139
-0.00431761775560724
-9.4287328539111e-05
0.00443104553596685
-0.0101370564094514
0.00531005125459938
0.000377296747140932
0.00405430895821812
-0.0182176264103225
0.00325199416780508
-0.0118218801775373
0.0108055473071771
0.015271604904217
-0.0031964274740125
-0.00320661136665668
0.00936699764657023
0.0241844956880388
-0.00503389154248779
-0.00864687709177514
0.0187436583115057
-0.00318789504337469
0.00310669767714367
0.0170340956188204
-0.00170177336853072
0.00762604528643496
-0.014068159808889
-0.00930195946982859
0.0203281956334056
-0.00562849102117402
0.0142856779617517
-0.00478342638660134
0.00275928798859426
0.0410082978516493
0.00417801845308685
-0.00713252119722818
0.0103480629436414
0.00753343497150349
-0.00210031086365048
-0.0116180923692381
0.0107325551834319
-0.00261255679714967
0.00177439800210211
0.00497641708799623
-0.0132606124505144
-0.00306201411924811
0.00708132417951823
0.00245680275790572
-0.00101413840929365
-0.0081211319526362
0.0414499019189765
0.00941774621719982
0.00559788243391401
0.0165389515902934
0.0082539761904763
-0.00212534633087735
-0.00323417219927835
-0.00197847418503894
0.00539211794947181
-0.0217682938578098
0.0036281867582697
-0.0054627248040795
-0.00799680917616785
0.0120511605252205
0.0229302275088081
-0.00125842379470209
-0.0065364701558559
0.00990883852701008
-0.009419191374895
0.000950895426724996
0.00427486542115263
0.00859211722692632
-0.00375143424192503
-0.0166313876470433
0.00542481859473187
0.0066651115342784
-0.00401987852085095
-0.000553972771810907
-0.000475081158642254
0.00142597635840991
-0.00530026088757973
-0.00962302385276004
-0.015417955636537
0.0260989884503793
7.95008358556171e-05
-0.0224129709108249
-0.0098373902439024
0.0142868707259474
0.0110904477543143
-0.0287430259608803
0.00181354384327004
-0.0102032256249751
0.00540361621578178
-0.021002149479045
-0.00658782928061097
0.00680152167654691
0.00126669483645814
0.00809647465632124
-0.0122144985544592
0.0348098585584824
0.0495989932885905
-0.0209763092258145
-0.000876152906185146
0.0210459180317935
-0.0129606806221005
0.0018193640534625
-0.00631665209132803
0.00429083042178524
0.00142417122734528
-0.0346843643833451
-0.0158782288426912
0.00474051904092665
0.00720140728749952
-0.000821811308349907
0.0163678069358808
0.00760704054382133
0.00570234510156054
-0.0121386678474791
0.0106709784317942
-0.00431926102189883
-0.00506109402969723
0.00726687133252923
0.00304606813627251
-0.0017581156019687
0.00120081654948945
-0.0204701586513698
0.000408187755102096
-0.000244846995230197
-0.0054684869115692
0.00705786634481509
-0.00741582599149071
0.00755334956765141
0.00537806384144357
-0.00640299091594243
0.0152541239988293
-0.00723124704508482
0.00169957108610519
0.000727187542874264
-0.00734703691791505
-0.00455468087567334
0.000490219793203739
0.0106982852763975
-0.00913061556026795
0.00489281590702473
0.00803374158807735
0.0145709063389881
0.00849003418622574
-0.00416992925523108
-0.00110610729240723
-0.0117061061456933
0.00872352161801171
-0.00396699457341321
-0.00310657158589633
0.00423490204978183
0.00533098345003169
-0.000712275436680287
-0.00221763817174658
0.00246069211476363
0.000871019076165824
-0.00712026887467931
0.0215936812749002
0.012947413691351
-0.0181719649715856
-0.00909735692734126
0.00625248130197842
-0.0080226207961509
0.00475735795851517
0.0117582543264025
0.00662967751027432
0.00922053322827421
0.0131286525911707
-0.00962416590353776
0.00933508287803075
-0.0121295273404736
0.00782751911330704
-0.0113455111346149
0.0052372768095279
-0.00988360374245778
0.000851195569177454
-0.00378838731369691
0.00931313111463883
-0.00207615527698224
0.00192633689263633
0.00146121665355081
-0.00422364456900903
0.0121077120707598
0.0070100500224759
0.0128631730368292
-0.000522994169109614
0.0052321700921234
0.0128633796987367
0.0028630156888636
0.000366027374525624
-0.0128055023326357
0.00630042972943667
0.00162051420228759
0.00139727905272169
-0.0110890359269888
0.00103964797149425
-0.00155791539559524
7.43740270263693e-05
0.00170873692234452
0.00682339231886964
-0.00699813627992629
-0.0134272845676421
0.0156402881554896
0.00651506592429496
-0.00831180599437598
0.0139444437204339
0.00987568419624774
-0.00804057208169717
0.0113188475052015
0.00505449472689379
-0.00617860469604692
0.00397602105145634
-0.00237616638910698
0.000866077209684235
-0.00475952267627489
-0.000289790605383367
0.00152201202056967
-0.0237371484017951
0.00518911809588385
-0.000295044234732589
-0.00125404988571942
-0.000369325654548391
0.020097547512858
0.0106475519433225
0.00508855446920764
0.00684535058309499
-0.00368274795359946
-0.00149269271004304
0.00206445502908492
-0.0056833477437962
0.00114309797083667
0.00478160165506725
0.0108673490735949
-0.000491898514310862
0.00189809490333914
-0.00919167108639718
0.00609021993745817
0.00366008991609323
-0.000631152272421831
0.00105258947368414
-0.0103049496097419
-0.000779048062426235
0.00503290539994095
-0.00606574274274052
0.00340615957147539
-0.00742565802371942
-0.00156751685496892
-0.00121314489355806
0.0012146184016697
0.00735031016376531
-0.00821765349340731
-0.00228576428571436
-0.0257731327349078
0.00617281002097569
0.00160678500740263
-0.00364590931636222
0.00783085485824686
-0.00689864172325538
0.00548405986706868
0.00109089524728723
0.0106057747898947
0.00251585690468148
-0.00638129342237537
-0.000288706879943645
0.00411439316299078
0.0018689813682049
-0.0203056762684104
-0.00300269533483866
0.00763970441343909
0
-0.000291557925079067
0.00816739560390145
-0.0106329186256781
0.00380175467028621
-0.00728332103532436
0.00939104161281645
0.00377964814973608
-0.00550333068052145
-0.000436850165628444
0.00254957752439955
-0.00167122714265699
-0.000654992750581784
-0.00422403327105147
0.00680178473785653
0.0151823037866541
0.0109481144901611
-0.0353907137272842
0.00667745088551097
-0.00422772061771659
-0.0111997583544414
0.00140658866735865
-0.0083536997603697
-0.00872221566066955
0.0221102728276281
0.00441461983916969
0.0747198913896376
0.00681616762515724
0.00372343087086868
0.009915021243593
-0.0162960199371139
-0.00767186539278353
-0.00821015987383245
0.00745023418769586
0.000410935379872246
0.0113620050090895
0.000812195479568123
0.00453068689036074
0.00235604842094816
0.0110140971530195
-0.00664275306562556
-0.00200607204789705
0.00455637213359772
-0.00566963054521907
0.000335332378430753
-0.0015423552019298
-0.0183356506033693
0.000957847538099577
-0.0170198561103242
-0.00973502551609817
0.00301939462061962
-0.00154019186614951
-0.00560922751399606
0.00817930434878633
0.00587502464330747
-0.00876101334079338
0.00526094283474943
-6.97439127729238e-05
-0.00153524769989011
-0.00880622716233959
0.0110703139367352
-0.00969383506307153
0.0226760633802816
0.0100536564519098
0.0100900672936355
0.000404947343279005
-0.000202395087016694
-0.0106619945925905
-0.00245550097226999
-0.00417094700854703
0.00240322715190366
-0.00609630090772306
0.0132322392874331
-0.000476173296798499
-0.000272153799363517
0.000952957567137647
0.00632433173088742
-0.00750102061092106
-0.0270307151573063
0.0208538217293419
-0.00226214689257798
-0.00954997575644168
0.00450883727777929
0.0053863546079187
0.00892920554788645
0.00449318540740151
0.00386304295771511
0.000472637066994297
0.00708551849537065
0.0052934466197585
0.0121309538900951
-0.00329272295188454
0.00403039957593387
0.00282963924843727
0.00308420502056705
0.00758866277908754
0.000389546801985663
-0.00512726499055993
0.00123950035016307
0.00879597364597284
-0.00439196532465336
0.00272470331721197
-0.00174680719267872
-0.00356450414326959
-0.00279670243902441
0.00756580320270928
-0.00239509975129715
0.000129803386348604
0.00162200734373563
0.00148980433055423
-0.00135830152410399
0.00213731873590617
-0.00691522023951974
0.0215410446039037
-0.0066891953450392
-0.0148793742288271
0.00449210268911049
-0.00732379967118169
-0.0139723161668237
0.00086074689813942
0.00608675512087697
-0.000920720678338705
0.00809590638235602
-0.00430924512120012
-0.00478685901639342
-0.00243796527804008
-0.00957725929632469
0.00533513181730849
0.01466007960199
-0.0113102178401443
0.00555452636525899
-0.00473466802694367
0.00264284099202472
0.00981881383855021
-0.00241457836026571
6.54804757469485e-05
0.00732597438101856
0.000259694805194943
0.0129187619477495
-0.000128206115030505
-0.0047432281502221
0.00637593208279941
-0.00671949336744837
-0.00728049061939662
0.0134994935942432
0.00461066202329263
0.00637429862397054
0.00969089784358679
0.00131730126548391
0.00275656567963201
-0.0053729914453704
-0.00169600505708556
-0.00270554973220183
0.0100315205047319
-0.00206134679396208
-0.0153980475525177
0.00375076915923511
0.0151371208761615
0.00567758301520827
0.00179908180657518
0.00408721213988628
0.00598249664476702
0.00116487032576251
-0.00281694422259127
0.00718496087410858
-0.00475580162050493
0.000306334627368399
-0.0115752083021511
-0.00991391046479884
0.00569499993657296
-0.00143121346791308
0.00292890258036449
-0.00366593757094635
0.0064234422292444
0.00669229127858784
0.000861744392267605
-0.000246051651437207
0.010457658839292
-0.00237428474291634
-0.00231885037892376
-0.0148633367526044
0.00807154486615613
-0.00184776421626165
-0.00555346174939497
0.00862496255584611
-0.0130422021585568
0.00654492953820673
0.00675013021427118
0.0137786239991982
-0.00758449132436734
0.0141232393509811
0.00102488699056158
0.0030716093802774
0.00258176518916065
-0.00509037621488495
0.00541740789088641
-0.00011976291755833
0.00568835416107882
0.00607280874904936
-0.00118355429479355
0.00349565116421169
0.000531451866666144
0.000767077744780353
-0.00418651463379949
0.00384885114137701
0.0146876954797834
-0.00145331934767312
-0.00174653893586685
0.0135300168336736
0.00201395945737781
-0.00155049960692832
-0.00207051251137369
0.00743477630784328
0.0257437066519959
-0.00936981579414708
0.00973995636020608
0.00551987715015745
-0.0117555453422546
-0.000785540338988033
-0.00466083777335091
-0.00197464598025388
-0.000904403648538277
0.0140318882530301
-0.00574712082497986
-0.00112238059237468
0.000224698010430568
0.00117961018468571
0.021712274974409
0.000219609026304912
-0.000768591845245914
-0.00346129343061619
0.00937257113869849
-0.0154577341549298
0.00582525936199718
0.00215112517124449
0.00566899107634988
-0.00120403348728093
-0.0110136712328768
0.00470935218822799
0.00639684584530364
0.00443834520547948
-0.000327303478558805
0.00845840654843122
0.00129864716506534
-0.00189143435603145
-0.00503550267978226
0.00495212791010347
-0.000649780696916347
-0.00287184498176363
0.0139115201845121
0.00573476250686289
0.00351720767974029
-0.00403587174378284
-0.00197286053895718
0.00293836425135452
0.0014382571019711
-0.00164892553191498
-0.00250413445037945
0.00902682935035348
-0.0053994228913361
