0.0159475143704975
0.00637114479119627
0.0166987800109877
-0.0074902537224123
0.0056373429995269
0.00877036182224877
0.00663258940575417
0.00667794509265329
-0.00530690793042465
0.0172506048128278
-0.0180944052780699
0
-0.0145998394979107
-0.00252956902105761
0.0112308482481351
0.0266009937017286
-0.0116908389890724
-0.00759181680430632
0.00693825844046003
-0.00600706729700706
0.00462143631233825
0.00230008844391283
0.014033503600172
-0.00591870489963198
0.0168986955336548
0.0105907009694395
0.00178920503222613
0.0202415118176305
0.00383460323303275
0.0103803356648453
-0.014136607448617
-0.0317632188019146
0.00172203376719504
-0.00593084084341899
-0.00812799813008225
-0.0140354024412466
8.84438565595946e-05
-0.0213067277755572
-0.00659436332234042
0.00136402654029255
0.000635661079667837
-0.00916600400824019
0.0214324693167247
0.0190100614869995
-0.00431183565920312
0.0031816172659016
0.000792846431277416
-0.00290493843142492
-0.00538530075179577
-0.00239663581052241
-0.00115665985547342
-0.0133618383509382
0.001895982269845
-0.0157700277933673
-0.00521881518752221
0.0137137319150717
0.00998727991635451
-0.00350593318061732
-0.00315740195141911
0.000814443438914125
-0.00578713286145704
-0.0141882495913119
0.0104252976328563
0.00721330370379758
0.00979059939788973
0.0456055484837556
0.0163990382381813
0.00642002043639178
0.00713445532259915
-0.0165013420535268
0.00762648915131781
-0.018585543063307
0.0111397003720575
-0.000593220338983014
0.00678371067582462
0.00673794306229403
-0.0138040827725598
-0.0139124452132452
0.0184962236492812
0.0081932765283661
0.00251342993872794
0.0167975424771005
0.00419168248856217
-8.18628253396181e-05
-0.00941312121491567
0.00190053714841842
-0.0155876206185567
-0.0129859499582277
0.0164672101938241
0.0020876826722338
0.0392499916666667
0.00489135598501611
-0.00359078359399934
0.00456473921923428
-0.00677619568277754
-0.0215907704178753
0.00369151757684127
-0.0155292278795134
-0.00440015785139447
0.00858905117726905
-0.0124018192410538
-0.00477187119560996
-0.000252346910809553
0.0159023982482525
-0.00571471766961595
0.0209079128469492
-0.00644583071876348
-0.00320275937922543
-0.0197725659854812
0.00210119342491533
0.012664555581702
-0.00455520961661759
-0.0257093264712651
0.0203245520123749
0.00552390344349085
0.00374560515852829
-0.00812666914758009
-0.0130423709301699
0.00372719177313363
-0.00692041534172361
0.0088382851846398
0.00311686465434136
0.00419885784012664
0.00702455248328238
-0.00556384330782012
0.0174529937369521
0.000820797794510719
0.00623253229075704
0.0136919318751083
-0.0257275854412506
-0.0156791632282555
-0.0103956908986895
-0.0105896305439713
-0.00830551409961899
0.00319462959765171
0.00120492295025509
-0.017966164910751
0.00262607672664705
-0.0056748908182741
0.0180876110113934
-0.00681322139232132
0.00243138234000062
0.000866242188734434
0.00666433264095256
0.0159058209252141
0.00152329040205523
-0.0162244217077715
-0.0147741026417129
-0.0100261031393052
-0.00132101273480378
-0.004144638374874
-0.00168247587000803
-0.00177396668039675
-0.00648660914797761
0.0297826765008977
-0.00121590239027192
-0.00686957391304355
0.0340600563353477
-0.00973751921655408
-0.00470282183931992
-0.00352237107349873
0.0077592983491559
-0.00239539740264694
0.00334447300107654
0.0064957435897437
-0.00297212970495708
0.00204410179561876
0.0238843769845409
-0.00589406446865404
-0.000334037578288093
0.00375912625310448
-0.00932093011581459
0.00453629868501082
-0.0189831406759803
-0.0144062315984355
-0.00562188188145951
0.0109593980085292
-0.000516260848758554
-0.00542306112461155
0.00242339447443829
-0.00759797962355369
0.00591613875211161
0.00856251491361748
-0.00720353308289567
0.00621923657819567
-0.000171662806621398
0.00274748860009022
-0.0143847930954295
0.00642860736314299
0.00440227025295248
-0.004898590538857
0.030658908103818
-0.0144963554381216
-0.0133492048860708
0.00896243528987894
-0.00230614960187647
0.0119852839994057
0.0212334152883293
0.00430746351633982
0
-0.00420649132640205
0.00621220890717611
0.00238717478464334
0.0138786404010505
0.00672284146057711
0.0111835142715946
0.00151179980903882
0.0121553901925306
0.00478801405356344
-0.0117959148424309
0.003162071146245
-0.0286840027000157
-0.0228784679072128
-0.0494852117322284
-0.0065513625117567
0.0110788267542734
0.0340899736340547
0.00269110242398107
-0.00863881551692991
-0.0309644339500279
0.0114370262664831
0.00699185165285887
-0.0103720809061519
0.0207882292106081
-0.0234196185561242
-0.0292813894962687
-0.00599711774080625
0.00846461030712442
0.00785788923757269
0.00132890932943464
-0.00468942677462647
-0.010400906932188
0.00440170679123253
-0.0252213581114633
0
-0.0252316730935255
-0.00517692027817995
-0.00416313739874852
-0.0155819382422803
0.0109062541173028
-0.00926103702999881
0.015611468120212
0.0390929219004927
-0.0114144824871796
0.0157029093718288
0.00509274286188388
-0.00289540362546348
-0.010163294287567
0.000641730827984466
-0.00229042597727114
0.0169880437651415
-0.00334088487584649
0.00398625667656072
0.0120917162966974
-0.00909419546739676
0.0415692193770849
0.00276433996606174
0.0133528167926806
-0.00331547232803209
0.000938246348315408
0.0120153730211396
0.00218924718441826
0.0179802306666164
-0.00858369895728961
-0.0207293201616053
-0.0669896897132455
-0.0118451298405468
-0.0152143296048223
-0.0101123779930981
0.011161568188029
-0.00785784830948844
-0.00782571200878202
0.0198612272205294
-0.0123928624673872
-0.00188694219996111
-0.00529348704704147
-0.0210016719281096
-0.00495044665939959
0.0291678659805314
0.00132700473933656
0.0070995835583072
-0.0115611900701306
0.0407949109625367
-0.0120603018381078
-0.0113751505976645
0.0152478668803018
0.00460702114260592
-0.0103640925466761
-0.0267840588177191
-0.0034282448637607
-0.0341137117226238
0.00672734454437385
0.00815638741830993
0.0126718301070994
-0.0277216000358226
-0.00584104532539254
0.00965944054290846
0.00286025251859412
0.016719089299764
0.00638425245843255
0.00855439245910805
0.0121032783760602
-0.0103578063189588
-0.000285423411711228
0.00656706957266584
0.0131429649556929
-0.00914609408966682
-0.0337195259248286
-0.00926013292758099
0.0219402206015369
-0.0292673622046589
-0.0308440041486858
0.0180106629348069
-0.0755931219664318
-0.012396683475388
-0.0248844087205461
-0.012082204428234
0.0746370916593233
-0.00329714964785632
0.0355351833906221
-0.0184460117637468
-0.00188976377952765
0.0442831492584412
-0.0114826753775451
-0.0176278277728533
-0.00653464343803989
0.00125290249794219
-0.0260688211455928
-0.0701285209822586
-0.012780656598288
0.00699787746671054
-0.0159832877453457
0.0450800617358764
0.0195967786958353
0.0124821055173103
-0.000981933188656692
-0.0210767827891229
0.0377063591890492
-0.00279504416668608
0.0316946414037378
0.00940439945886307
-0.0200827540389804
0.00242969565055162
0.0151754981049161
-0.00342574476433621
0.00854166666666667
-0.00247880603181161
-0.00124252430642935
-0.0303752854071665
-0.0189243774075097
0.00119879029645187
0.0291716546477092
-0.00190375456677672
0.00741757950352073
0.00525928263384867
0.0391335984095427
-0.00140972714549836
-0.00746191403573493
-0.00701007822818256
-0.0080826787002799
0.00990208385462865
-0.00183843317992316
0.025171379560891
-0.00229566818453608
0.00210083035314956
0.0186682942731016
-0.00186204427810621
-0.0172803341635804
0.00499550424599882
-0.0151108068440524
0.00746944584637133
-0.0104198078432983
0.016604303430322
0.0104570755718723
-0.00591364090196767
0.00723770565895587
0.00620144723698979
-0.00352181565719212
0.0153151088227459
-0.00406109077666006
0.00718444660194173
-0.00240987087738331
0.00811676506168246
0.00469661641528574
-0.00734589772944083
-0.00970689063795604
0.0208656927322817
-0.0585607270926756
0.0076744623616527
0.00170355745361706
0.00970389165370045
-0.00713366689785011
0.0192595551268293
-0.00460153715098433
-0.00481949453761177
-0.0116623838703301
-0.00110000999999993
-0.0069076184493706
-0.00756048409961141
-0.0102589642537012
-0.00143677131697928
0.00339151068679833
0.00870640198831496
0.000609240436355574
0.0016236655000641
0.00151976701681167
0.0055640264150536
-0.0104627865098031
0.0344652192510653
0.00245700245700253
0.00147060784313724
0.0222221826290323
-0.00296875125395046
-0.00259345881669903
-0.0271571562849443
-0.00257369835400023
-0.0051608176823974
0.0020949621327806
9.95719293053199e-05
-0.00756522006336069
0.0238716657132898
0.00568183766297348
0.00233779457090222
0.0423712333844271
-0.0368264397384591
-0.0225534318566146
0.0253515342042523
0.0376666115736275
0.00465376015164254
0.0180655638676011
-0.00864498142365067
0.00651734887979893
0.00884633818793734
0.0342614436559001
-0.00970195753161585
-0.00458962035508503
-0.006118132701881
0.0123115804197191
0.00493520750035081
-0.00236777165980684
-0.00799933178622836
-0.00203805940696611
-0.00586045091829734
0.0108074223902057
-0.00282760453879316
-0.00416482949339525
0.00329242756609083
-0.00239465188470067
0.0224039556613456
0.00878262608695657
-0.0235324795529268
-0.000617937858562345
0.00335656747068791
0.00237701390534428
0.00974881424777085
0.0125250325082629
-0.0021475817490737
-8.61053689357183e-05
0.00146360737901663
-0.00464237448418148
-0.0124374072589171
0.00104952776104694
0.00218416916114084
-0.0130764537797616
0.00238498367975426
-0.00458234037938821
0.00292140583322786
0.0073263482449788
-0.00236597435070163
0.00333776905292527
-0.0022761270521896
0.0015793717506416
0.000262794563945734
0.0148012173760728
0.0151031324302286
0.00722664494405767
-0.00953832185753078
-0.0598261141921294
0.010786820159536
-0.0225989055223943
-0.00238549412580047
0.00156349669189293
-0.0051423874170361
0.018460403118346
-0.0103316933236068
0.0122710992382171
0.0195404014877836
-0.00718720516026272
-0.00437927432638552
0.00439853672534052
0.0111716865776359
-0.0136114637936315
0.00501797500032208
-0.00338806157674532
-0.000715709435638923
-0.0237242083363708
0.0046767078034835
-0.00346840093954714
0.00595348965011899
-0.0122917142439822
0.0186209157829762
0.00624436199095024
0.00629550307949445
-0.00947356340578753
0.00469183425621522
0.00628652907564486
-0.00464082093777363
0.0176634180728361
0.0148898854625552
-0.000520921945986297
0.00112920180133425
-0.00520560462943598
-0.00828540874636641
-0.00378154958914378
-0.0210981640280559
-0.0312020834268382
0.00474729591361811
-0.0180656287184431
0.0150957451664449
0.0126405897440502
-0.0494722271538934
-0.0343761883811546
-0.00980002999999996
-0.0213087564524972
0.00154776590453953
0.0224603342769492
0.0140064392181871
0.00119251717755686
0.00863526550868476
0.00354260961791164
-0.0146107565813662
0.00587127089006412
-0.0144439945697666
0.00190719729249555
-0.00851617089502388
-0.0289005762823421
0.00593132166350308
0.0143788148211195
-0.00254945956658081
0.0262754222732937
-0.0108586972761117
-0.00745289548340322
0.0121765293096947
0.0344862355889726
-0.0177342859243284
0.00591947507972113
-0.00176539821268529
0.0289841229021823
-0.00763871839094654
0.00615799095545055
0.000573749641388677
0.00200706304139531
0.00467384603868148
-0.0116776224878453
-0.00144093182403326
-0.00663775872932437
0.0219833135389635
0.00142140624866305
-0.0132475492051476
-0.00728808982823259
-0.0051197741050939
-0.0037867754886256
0.0205653122917215
0.00391561459187861
0.00428079325682673
0
0.014113839158852
-0.012142686570945
-0.00217476357460733
-0.00653845358228422
-0.00705835585876979
-0.00576366965924435
0.01362322705314
-0.00838818955721321
0.00259544364698105
0.00920420874772176
-0.01330040825954
0.00510300399477193
0.0124533289822142
-0.0122055064394834
0.00373562253380033
0.019753793112379
0.00720565218785651
-0.00622501178737378
0.0248691475773106
-0.00811895617262481
-0.00395475018978886
0.0058171466532646
-0.00422288625722955
0.0206508525799682
0.00858102256870219
-0.00420922428052206
-0.000269790443928608
0.0146635205230832
0.0264207462858344
-0.00354147024811624
-0.000693498607025833
-0.00260232479703615
0.00165241776867942
0.00208392814246627
-0.00658523502000741
0.0169210114797904
0.0103783089588578
-0.0013582682166825
-0.0129207413543077
0.00490870638368834
-0.00471336867403604
-0.00421902018442422
0.0121919236975023
0.000170886727676178
-0.00170827636302906
0.0106947299117401
0.00135447391910115
-0.00414234504909672
0.00636672309762165
0.0103753350390046
-0.00717983809634193
0.0121931132222184
-0.00681232848353419
-0.000920125447424702
-0.00301406558918182
0.00831372172801936
0.00916130590488895
0.00676735176639998
0.016804680987043
-0.00782006604466257
0.00593160802795167
0.00945071059489377
0.00144035367335871
-0.000639248891102784
-0.0063164707763651
-0.0040231735116123
-0.0025852318838685
0.00453586590422717
-0.0029833495319308
0.013586736537214
0.00925553324414707
0.00600839601562808
0.0135952534381139
-0.00883857989885506
0.00273784426588985
0.0111552615468404
0.0138867695527993
-0.0127073354543803
-0.00431597687861274
-0.0113785972385076
-0.00148764483645747
0.0225829610490311
0.00276052441498287
0.0253115997457645
-0.0155131411767133
0.00606062878787883
0.00775601639105394
0.00358660982460424
-0.00178684389526984
0.0110389790611407
0.00346736252008784
0.0144095864017177
0.0014494637324094
0.000506636297195273
0.00318265461121148
-0.00547991195500885
-0.00681496445809293
-0.00795686517421479
-0.0119940402646375
0.000223422947094098
-0.0139985477141055
-0.00279410214158127
0.0065126920141001
-0.00519150537381663
0.00627743150599436
-0.000676407350400532
-0.0105295496863202
-0.00364849503874265
0.00122065149190331
0.00510514305451282
0.00674701670087141
0.0221385687769902
-0.0102401572771416
0.00126533675033835
0.00282478433467781
-0.0045959601747646
0.000968163546083867
-0.000372018439936728
0.0172669840929816
-0.0160227400655486
-0.00661758470452867
0.0198352835403315
-0.00249538348623868
0.0042675372152885
-0.00359004309509692
0.0109559191176469
0.00705507283965834
-0.0191391655786929
0.00581700914243433
-0.00307476560432951
-0.00536052311296564
0.000886009617261152
0.00317174137196874
0.0120588161764705
-0.000653850629568686
-0.000872482714522449
0.00414761717989753
0.00260870289855086
0.0115640791300657
-0.00314377663613574
-0.00931768178561698
0.00586020832108081
-7.18909593029338e-05
-0.00539490705236922
0.0160555502696014
0.00576552047243517
0.0171266663030432
-0.0105064986744609
0.0048518878140551
0.00811759306302018
0.0106205610248586
0.00439590643302168
0.0126513441195746
0.0271475144901741
0.00170936876886119
-0.00236283143631644
0.00684205921052627
0.00333252759623415
-0.0172582803531434
0.00172306169873004
-0.00436626080004598
0.000996637873754036
-0.00796546331093773
0.00455007034894761
-0.00259774853134798
-0.00394023627820772
-0.00254770375652846
0.00820058457483142
0.0036001998933195
-0.0339467284524463
0.00453860548120777
-0.00732480137835712
-0.0164816225253991
-0.00813341775814813
0.00671565780425842
0.00400247162411427
0.00545530159337826
0.00201730669231037
-0.00819165550451262
0.00629949626581849
0.0239271259949327
-0.00230970711114764
0.00306401590059302
0.0027829824906267
0.00467069666745257
0.0197413289279254
0.0057482323456266
-0.00840887525680678
