0.0123898678414098
0.0157736741909165
-0.0045514861874959
0.00322751479289951
0.0032171314535423
0.0129610108477289
0.00211059232583022
0.0142161639011147
-0.00661913009115478
0.0101907499346745
-0.022762571132954
0.00714663862219811
0.00801579521723506
-0.000651753356798235
0.0103051390396482
0.00438998085939235
-0.00179969147705372
0.00103028973521457
0.00154372821079507
0.000513834309925132
0.0029529079471049
-0.00371223748816607
-0.00334063977025212
0.00322289544927168
0.0048830120791572
0.0199489268516075
0.00952851029266522
-0.00384992567560505
-0.00635835930681949
0.0189460988178718
-0.00443297623445382
-0.00593687089516071
0.00124424533422296
0.0104386228299087
0.0277948844618099
0.00275223166207983
-0.00918861531319248
-0.00445614848744191
0.00556494045173284
0.00156397975062617
-0.0283483483483483
-0.021757967610335
0.0165550869848374
-0.00509701628301795
-0.0073721856146991
0.01384690297465
0.0110504097342936
-0.0019649269311065
0.00689068570890528
0.0067212023287011
-0.00716190840402786
0.00317892162856093
-0.007434515176867
-0.0191552549323366
-0.00813713089977797
0.0246118377073414
0.0161369549150037
-0.0327312166985383
0.00551452562977794
0.00797704060939597
-0.00556453553692249
-0.0104451134156957
0.0129429250328494
0.00756732415333072
0.000861832039846799
0.0178373477672529
0.0662316187148082
-0.00113352978613623
0.00249652740588902
-0.00871627841142308
0.0169008107799475
-0.0170691289356932
0.00525534114601478
0.00568246404551576
0.00237312696063108
0.0105975653031596
-0.00713966979027225
-0.0020224719101124
0.0265705922089621
-0.00427725378372446
0.0114550280867936
-0.00272242180719984
0.00491369283874898
0.0105400632519843
0.00182793548387106
0.00364928632927519
0.000748583023236327
-0.00138924981001809
0.00866780133409528
0.00307661780019908
-0.0112110624553755
0.00791534940454275
-0.00244087859743691
-0.0100000212765958
0.006125080724803
-0.0150592334734431
0.00889175864472458
-0.00924333619948403
-0.00824476025168153
0.0214395104230913
-0.000963782415159153
0.00814668238825167
0.00361505566762133
0.0153617544231381
0.0200334524220973
-0.00306876016635116
-0.000923435255489324
0.00564851585398962
-0.0219567202197043
-0.00720469905835652
-0.000105195622524312
0.00957193646786569
-0.0133361944848428
-0.0177402330618894
0.0147280591153756
0.00137722216336478
-0.00476085504701051
0.0123312852131392
0.00724555256765513
0.00437862811465028
0.00685077877727958
-0.00412373195876292
-0.00331262946817035
0.00228502289748689
-0.0130570155440415
0.0073498951564448
0.00833850305735861
-0.000620198482948031
0.0225486139842779
0.0487558163058872
-0.0187114390432099
-0.00511102821134324
0.00079037738015475
-0.0211253693533912
0.014320269692607
0.00318154696397799
-0.0206144891850449
-0.00971463266545225
0.00858365011240547
0.00871329315960656
-0.00562472891974142
0.0042424040404041
-0.00241398113888514
0.0195604154063318
0.00474679579219162
0.00748033479291998
0.00468929269245799
-0.00758457828022485
0.00587895367193725
0.00292222860228986
-0.0124320124320123
0.0147521636506687
0.00426441170769531
0.00289515531953
0.00500388770215343
-0.00938339698614721
0.0075391262323603
-0.00767455885791546
0.00908735481269618
-0.0126461010279001
0.000194100527733276
0.0223127275453487
-0.00379572981202758
0.00266715554706987
-0.00684022407675799
0.0133920221924622
0.005097243626633
0.0163410775228747
-0.00332657543288528
-0.000556239569812655
0.00408157684298405
-0.00757575771573826
0.00670268118977235
0.0101719807656742
-0.0195898941704484
0.00130718956689435
0.00503543463326062
0.00649476723872255
0.00129054198781198
0.00128889704863022
-0.0182052589517238
0.0123618657494262
0.00962074023350112
0.0207073666849917
0.000897648098785453
-0.00735426008968598
0.00722808095410188
-0.000897075676459358
0.00933740365123725
-0.0001778687098003
0.00871882546763647
-0.00229313816004828
0.0129066475794439
-0.00541108386435529
0.00280798525798542
0.00647530637863669
0.00956360666192335
-0.00223908022323316
0.0044881581218712
0.00876442702808777
0.00528103909231614
-0.0301643460486137
-0.000524183120740762
-0.0162587584570146
0.00142168118002473
0.000532440125375011
0.00833623610613277
0.00439753753377436
0.011208476749859
0.00155871141119812
-0.00415012954694338
-0.0309081264108353
-0.0532162864501651
-0.0473126419379258
0.0148986889153755
0.0561753572127617
0.0368792075033211
-0.0057193922123433
-0.0165378749498853
-0.0221165970045074
0.0328971588785048
-0.0103148574127708
-0.0074968002833572
0.01713338277696
-0.00941858376052507
0.0124337175431288
0.0209499732878811
-0.00424549804078367
0.0110143718064599
0.00615002635740658
0.000349301444264594
-0.00768154692181455
0.0123152885292046
-0.00729930470456541
0.0117297270961085
0.0100363036851305
-0.00651014230786617
-0.0382824956619245
-0.000896521427290686
0.0201004842049446
0.0112596762843067
0.0104384481558804
0.0165289078330266
-0.00592821805677135
0.00153348102800277
0.0115685609317551
0.0102590146360413
0.00782422174130182
-0.00627685817183909
-0.0222739361702127
0.014790870452227
0.00402079081958107
0.0173535958618389
-0.00147613578028316
-0.00574904721174374
0.0158599540039641
0.0182143269405
0.0130969331880382
-0.0113511114614535
0.0127571202799732
-0.015902976410108
0.00112000000000001
-0.0052740610516222
0.00899738081627954
-0.0133757963913342
0.00516462242034565
-0.00497748884035776
-0.0101662254289782
0.0136941636778611
-0.00498554197491152
-0.0129303218511447
-0.0217782544620927
0.0157348170159084
-0.00214240276862232
0.0206440961295473
-0.00550161821200024
0.00862354390861597
0.0104855134542503
-0.0108556834427791
0.00371207236462356
-0.000160781478706906
-0.0127050659376005
-0.000325785963932068
-0.00244415842340162
-0.0272786993257319
0.0369437621653024
0.00226719028340083
0.00436259499697189
-0.0157657657657657
0.011278179143511
-0.0331339749981246
0.00167164827816779
0.00100136852474519
0.00616868956318783
-0.0137530741923139
-0.0151209845430108
0.0156943366716877
0.00755796090765948
0.00583427218422172
-0.000331455087835608
-0.00215518899204248
0.0156172456490653
-0.00507117609895014
-0.012989164748438
-0.0294852745208274
0.00669419865067611
-0.00886617190567185
-0.0247720965977619
-0.00105835246178076
0.0210135790038217
0.0283638706329989
-0.0267406664436709
0.0191809403694649
-0.0166158019667684
0.00948274137931038
-0.0278394710134837
0.0370695901992126
0.00237165851891685
-0.0246746501495572
0.015595252392917
-0.0167206958416534
0.0288044416310178
0.0249620336488106
0.0103669902912622
-0.0114006673810858
-0.0192751561898656
-0.0208298004506938
-0.065191266680541
-0.00642325173708003
0.00517175849966311
0.0132304488508068
-0.00398986224138309
0.0171158600552024
0.00984602560246994
0.021627388760858
-0.0116259237961838
0.0124648703031052
0.0208080638393642
-0.00696449816484623
-0.00598696554887057
0.0110135775079405
-0.00697872340425532
-0.00222833390469657
0.031437932166946
-0.00799467008669763
-0.00873069159283602
-0.00575880749053503
-0.0119250594220603
-0.00689658620689659
-0.00920135448615811
0.00788505344314006
0.00121696801112647
0.0184060079874977
0.00733162805348231
0.00998639099572141
-0.00201104414315545
0.00251892531517939
-0.0100503013391909
0.00473778357826671
-0.00926236090834687
-0.00798913792319778
0.0102809799472074
0.0100067844302372
0.00772458451258751
-0.00516575587954526
0.0221105356430396
-0.0126188135037693
-0.00348546058091292
0.0131579111732527
0.00558928142070414
-0.002125175809226
-0.00229356156137672
-0.0229885378328888
0.0119327563025211
-0.00132864974802616
0.00631959078131406
0.00627997046041884
0.00016427985160572
0
-0.00426934304534177
-0.0488126492218446
0.00156033287101254
-0.000865483815128965
-0.0142064966353691
-0.00843592237483581
-0.00336756481274603
0.020096051929575
-0.0193514815315292
0.00248887111111107
-0.00248269201068796
0.00106668444444447
0.00586037993499589
0.0150071153779503
-0.0219168891314354
0.00124486928685763
-0.00852573727399175
-0.00519528842708716
-0.0117053486710849
-0.00145776236410788
-0.00456204387886938
0.00128322642132406
-0.000366184554488891
0.0153846342631734
-0.00523082621267723
0.00253851305390707
-0.00253208532226279
-0.00471446945731746
-0.00127525963336239
-0.00364832178037211
-0.000183046506463724
0.0179454125994249
-0.00521678359417166
-0.00144661847100569
0.00651939502862375
-0.0127744327896929
0.00309826869142094
0.00962934212156008
-0.00395900665826887
0.00325205070468115
-0.00396178649309897
0.00126559390226744
0.00776453579334535
-0.00358358710654749
0.00935083601239284
-0.025832905294265
-0.0181053584491587
0.0216054949079063
0.0344576858507817
0.0066971622595291
-0.00227585788298079
-0.00386036133144885
-0.000352298749339508
0.00281938325991193
-0.00702867685819708
-0.00336220149928168
0.0205965909090908
-0.0173973556019485
0.0196529745042493
-0.00312554262892872
-0.00853513325204658
-0.00281096285351234
0.0137421252199479
0.00104270071180568
0.00520840295862524
0.000863540557390685
0.00621225183412855
-0.00788892114750606
0.00622300799388098
-0.00274866866086021
-0.00723510779044112
-0.015616883296601
-0.0139256301780363
-0.00929569197882896
0.00866120565359818
-0.00966012487799206
-0.00289017335819763
0.0076086592824518
-0.00269683571910884
0
-0.00396612576228372
0.00217192760180995
0.00776593837395589
-0.00483870976413459
-0.0106248876395622
0.0165635059440026
0.00984787859795455
0.0122340066583686
0.00350325801366247
0
-0.00855301084739024
-0.00704220082820772
-0.00301421975126892
0.00142274586519653
-0.00230866627049076
-0.00284798860804547
0.00535523027490181
-0.0181108132102272
-0.0171790419019718
0.00662375369360646
-0.0133430636692208
-0.00148199333086318
0.00389608519866091
-0.00683790414271102
-0.0135839965171567
0.00547068498285919
0.0127579927346715
0.00759538718043729
0.000735447706112335
-0.00716514789638067
0.0027756846266529
-0.00387523535477463
-0.00981843275287142
0.0129092233319135
-0.00554117114039843
-0.0057578194650818
-0.00336261915491531
-0.00393625131907216
0.00602182924391848
-0.00299289193776464
-0.00712947480543102
0.00453518535658293
-0.00395031978931526
0.00245516520386846
-0.00602871115189474
-0.00284300617297228
0.0102642271381064
0.00827841925575101
0.000746426572121539
0.0102554351994137
-0.00941310446659283
-0.00074523945389382
-0.000745869835057422
-0.00111963052808373
-0.00859329364082362
-0.0107405313736575
0.00914285714285712
-0.0228388070970176
0.0189298821711414
0.0329858199052133
0.00238570371129732
-0.000732277567416229
-0.0185049828323568
0.00672017920477885
0.00537735954014473
0.00682403159675338
0.0155705990108077
0.00739536449125833
-0.00143237247743488
0.00591712390173926
0.0181818366553239
0.00822830896758253
-0.00277826011460325
0.00278600034825005
0.0100711581871853
-0.00343814692928124
0.0093151111037586
-0.0222184078693696
0.00506906144151476
-0.00104349565217388
0.022980484383365
-0.00187195377372207
0.00170499567928406
0.000340425531915045
0.00918837842436604
-0.00944193206133992
-0.017702144680851
-0.000866383657362468
-0.000173395768296891
0.000867285312496691
-0.0045061004418353
-0.00574509062926698
-0.00175105932847019
-0.00263106481778874
-0.00896945112610881
-0.000532351394227137
-0.0142045454545454
-0.00306199567723353
0.0115628549796876
0.00839430225417748
0.0118668439933907
0.0187292137453314
-0.00549828169246935
0.00380091562196072
-0.0012048021068779
-0.00310186115977695
0.0025929473670856
0.0077586379310346
-0.00958087237671723
-0.00397303513513636
0.00173426985778713
0.0117728709062628
0.00444904182835448
-0.00408862003256183
-0.04002736982599
-0.00392011767498424
-0.0121645970603006
-0.0239043639278457
-0.000556641908844413
0.0220902547260118
0.0121685250241823
-0.00879235600215322
-0.000362074570525839
0.0106845343954267
0.00734635356842239
-0.0019565990402598
0.00837642116598802
0.00494872729060702
-0.00228633481733498
0.0109289264939185
0.00331304283567713
0.000521359045509984
0.00121589369463271
-0.00277583280318938
-0.0121781663187196
0.00158506519170598
0.00474767020832911
-0.000350017507000699
-0.000350157569155463
-0.00735548186884349
-0.00846857798165135
-0.00818503544154747
-0.00986729422794064
-0.0119586883848286
0.00183388963568487
-0.00658980401629494
0.00497514280449596
0.00476710662326552
0.017883212005168
0.000537863042987974
-0.00483784259383913
0.00630172837051268
-0.000715709442041801
0.0171889531670171
0.0073930468686314
0.00209676742966969
0.00331304283567713
0.0107750953984169
0.00395459078404414
0.00085631102682493
-0.002053371013918
-0.00171466049382707
-0.00515291987026945
0.00172655392702192
-0.00120646328852125
-0.00120793785663609
-0.00518312015924116
-0.00121576932213374
0.00991138966827987
0.00464869129997614
0.0118252446212594
0.0176151927910706
0.00882155430021458
0.00824946364874668
-0.00245462277115649
0.00984255265489753
-0.00422355418740161
-0.0202283526954055
0.00199798531471895
0.00531738118976399
0.00148760330578512
0.00396108268691209
0.0019726943293541
-0.000164101720031118
0.000656399748217851
-0.00524762217120367
-0.00642927794263093
-0.00564128090260496
0.00867680627398637
-0.00777503709222438
-0.00416805601867287
0.00150678051230546
0.025743915078569
-0.00211866033053032
-0.00130651641352275
0.0121013405690487
0.0163193248718585
0.00635925257999204
-0.000631927340156824
0.0055327696975267
0.00220089605092144
0.0128627450980392
-0.00464616695059605
-0.00171142064935836
-0.0102868447452092
-0.0198424881889764
-0.000803390077011801
-0.0144717481021346
-0.00603692272741185
-0.0106696983148292
-0.00298656047784962
0.000832068563821009
0.0126372300072701
-0.0170771915573994
0.00167053121165184
-0.0075050201385094
0.00504122013245567
-0.00284236744955069
-0.0114017439872861
0.00373136030751953
-0.0138560155457925
-0.000856751184771132
-0.0010290001538501
-0.00532190557939916
-0.00586815681512176
0.00763894123746311
-0.003962784218422
0.00155684134999401
0.0110535229342479
-0.00273317385150018
0.00650902695256894
-0.0073178355111585
-0.00205731177585078
-0.00171788355467939
-0.00137673375706882
-0.000861606080675648
0.000689893066574854
0.00913476387452605
-0.0104184459507847
0.0269244222803662
-0.092436974789916
-0.000370370370370465
0.0138940348277139
0.0127900602959985
0.00451019303626188
-0.0043103627873563
0.00342716456398207
-0.0199532802453122
-0.0143066397652238
-0.0124674725542436
0.00207273412474085
0.000752181271154617
-0.00131527618723648
0.00658509852925304
-0.00859811214953277
-0.00641025628939929
0.0085389182440434
0.0244590583458493
-0.00679520648677312
-0.00258881277408241
0.00778646658855142
0.000735853555263954
-0.00551477920901544
0.00776343836463744
0.00623626192223026
0.00127595695814886
0.00364101583833976
-0.0148739340672241
-0.0154667645835617
0.000374060213688576
0.00990835633171239
-0.00888557941503154
0.0140082178930105
0.00442066670803709
0.00256737580354627
0.000365849656698281
-0.00127994151179267
0.00970346044861703
-0.00253860371573511
0.0014543174497117
-0.00254127790887648
0.00327570512692077
-0.0025394340188748
-0.00891074708453365
-0.0144954311926605
0.00186188795125464
0.00334512166242096
-0.00111135391326711
0.0124234748748377
0.0104395608219618
-0.00271883279749252
0.00727004725554337
0.00396970422120924
0.00593102095490683
-0.00446667849800464
