0.00234233847355081
0.0159688419072577
0.00536712690692465
0.0061010294356334
0.00530602615122211
0.00527809623521391
-0.00262522022781853
0.0112803536619732
-0.0102249300943497
0.0202854612965642
0.0104933541973491
0.0116596832147873
-0.00324150915255728
0.0238482393441097
-0.0142932244324414
0.0119942353742528
0.00353796220657987
0.00493562488982913
-0.0121031051430663
-0.00585933948863637
-0.00785859946924095
0.0120612423413367
0.00729277824096797
0.000529736879220533
-0.0061771796681962
0.00372933752922511
-0.0067233014861996
0.0021374955849216
0.0046214363534105
0.00902333687190371
0.00666317739195477
0.00365788190210781
-0.00138837211711862
0.00486616258487738
-0.0100310965063992
0.00104816558182508
0.000349057597714753
-0.011165387299372
0.015878652081863
-0.0147621043847829
-0.00440683941477171
0.0205382259206801
0.019430933716706
0.0168482306619546
-0.00200835146443512
0.0025154787436612
0.00200741053876574
0.0237061427810972
0.0154924983692108
0.0146137787056366
-0.0237416904083571
-0.0207522373540856
0.00678806268913701
-0.00920902796893552
0.00464728630705391
0.0181728402143209
0.00292065547751652
-0.0126193494156391
-0.0014746846055167
0.00738431255963756
0.0104251508458242
0.00193459619433511
0.00756230064159924
0.00558930063221497
0.00762267734440725
0.00157601258351447
0.00298981908717266
-0.00188269526568252
0.0124175575670789
-0.00310518533735848
0.0179100142954371
-0.0243268203132371
-0.00611571271757883
0.00599553477444736
-0.00690084714243566
0.00852812697409977
-0.0530848723287679
-0.00545728451368799
0.0187895081275276
-0.0297045699363474
-0.00706479382565539
-0.0208368629652187
0
0.0280276648447693
-0.0193537199378565
0.000514827527029249
0.00960552332084941
0.0073054704841069
-0.020914184164038
-0.0177433077991956
-0.00122762188705727
-0.0244073744616792
0.00341970836177641
-0.0102242152466367
0.00779269662921345
-0.0422586397723674
0.00563280156337975
-0.00522781917050386
-0.0197071888083181
0.0212521539345205
-0.0142481814773154
0.0205400905081745
0.0048452851285874
0.0291172859464868
-0.00504600810791089
0.0137656586445509
-0.000178702873348202
-0.0101858472156156
-0.0115544143627806
-0.00803651141552508
0.00589210079373781
0.00695583000263911
-0.000363497559116577
0.0123658115160643
-0.0082629605986333
0.0124977904817567
-0.0137746148917848
-0.00453473599610488
-0.00327988332215956
0.00822670917318624
-0.011786073915283
0.00366974311926604
-0.00274226686028767
-0.00458295150472876
-0.00460405165016675
0.00980579111574076
-0.00403079867970701
-0.00183964308609919
0.00442318482945758
0.00403671559633034
-0.014802649583285
0.00704880356149129
-0.00442074038642948
-0.0197964666012298
0.00887129105322759
0.0041159400539581
-0.0217998517533017
-0.00323805714285719
0.00592388664537036
-0.00740879573344988
-0.00363634449760764
-0.00518632337329383
-0.00347557436811019
0.0108505520083211
0.0176346949447843
0.00659255980410611
-0.00149696859088644
0.0016866566400553
-0.00149676330221216
-0.00281053031310707
-0.00544909798103921
0.00283396939353864
0.0032026750865608
-0.00169014084507046
0.0024454665161775
-0.0120097389377042
-0.0169041589020262
-0.00540954425848328
-0.0157343045843046
-0.0132227753393636
0.00120001999999997
0.00579298829818242
0.00873888813262713
-0.00925380962288225
-0.00119240858505554
0.00298452061219723
0.0111089268002382
0.0147145376748177
-0.00908741281733549
0
-0.00936585365853648
-0.00256058696080363
-0.00829379953186804
0.0113500595111495
-0.00767865706480286
0.00496031726347956
0.00888442215658736
0.0170254996878865
0.00423317290295988
0.0291243538824364
-0.00409601571580753
-0.0200038130490254
0.0114460515622301
0.000377235005658116
-0.00490199839928362
0.00909433514767599
0.0163350175116417
-0.00868281897870282
-0.00969066343645164
-0.00715094104536962
0.00511753241537249
-0.0139543280021559
0.00535473311618428
0.0144569526345824
-0.000562591390864786
0.0103189307752145
0.00427119793022102
0.0133135535017177
-0.000364963510309568
-0.0113179812215769
0.00812403988183164
0.0126374180453266
0.0135648396895489
-0.00588868654731101
0.00646205360728858
0.0126627251649722
0.00405070454474665
0.00438519573356233
0.00192107935456098
-0.00557782823039621
-0.000350569681868085
-0.00455898657827425
-0.00405141800246622
-0.0474000699080285
-0.0308206455473329
0.0243295014496265
0.0102861228672877
-0.00185120325805266
-0.0191023560497906
-0.0268481381517893
0.00369145125915171
0.00309717382888119
-0.0183327093786183
0.0100255948501198
-0.0116777342997717
-0.00531707375575163
0.02059000279509
0.00290983516798904
0.00851059944853771
0.0036440928968946
0.0097458050928414
-0.00813777441332342
0.0101125548559435
-0.00925572363535554
0.00591033353841119
0.00966645222389895
0.0153932795194294
-0.000924366796080767
0.013693523062666
0.0270171417856362
-0.0154639003008852
0.0126376785094364
0.00588336601889816
-0.0127613793960077
0.000538581677942851
0.0127399784676117
-0.013288448144728
0.0129287307044124
-0.00443183832653782
-0.00124643874643859
0.0212158851845248
0.0106494415267013
0.00103648300287573
0.00431406377370047
-0.00738833320638599
0.0136749350874155
-0.0218579572770158
-0.00401536319859219
-0.00578436469385379
-0.00052894921493396
0.0104074794568261
0.0338687505912842
-0.000337723736276274
-0.00439192560148771
0.00967083491127996
-0.00302463461685887
-0.0359009089532814
0.00734262224925475
0.0348837562458133
0.0080496393082401
-0.0126435366387699
-0.00758207270706224
0.0178268075440813
-0.0210175476060459
0.00630434497025645
0.0159160004077887
0.00516668333333326
-0.0124357484258705
0.000335812620285258
-0.0109097344441177
0.00543017138978441
-0.00185655696202525
0.00963814693334708
-0.0209345171819547
-0.0121450395508902
0.0244155844155844
0.00963488843813387
-0.0120542775824543
-0.00508386731346777
-0.0294668545301798
0.00824852579852586
0.0184507742654347
0.0148693049006769
0.0289659308021903
0.00540101490674361
-0.0177437734006185
-0.00198871395425915
0.00282294913943959
0.0134128500316748
-0.00424839862339221
0.00443058753578263
0.00375755601629724
-0.0022786458704207
-0.0132136543754267
0.00297563223753916
0.00642826788950934
-0.000818915807092702
-0.000983396196800435
-0.00410172265624742
0.00313011526968521
-0.00443422572564012
-0.00643350390025577
0.0152748132160054
-0.0101390511810614
0.0170163888487758
-0.0232293693432526
-0.000831515036894825
0.0181424095158984
-0.0102991175510583
0.00181699699674609
-0.00214347890705757
0.0143753965631197
0.0254113377652929
0.0193804127183415
0.00779180326606843
0.019019700603671
-0.0107738995212776
-0.0096641199673535
-0.00123907996403594
0.0124068852788362
-0.00153184744993629
-0.00966549555078244
-0.0023237953993589
0.00590057435091396
-0.00200674594020911
0.0177881046314585
-0.00638306961779322
0.00520042850414937
0.00441267491764052
0.00727156469408974
0.00436157330009257
-0.0293500902867641
0.00308542116630695
-0.0112272536708976
0.0119769324626389
0.000307470037118618
0.013214504818239
-0.00166818314624884
0.00501294227516524
0.00680164710993658
0.00240198164837158
0.005990729638643
-0.00476403170355921
0.0101720421891411
0.00473861994281966
0.00397944005834749
0.00102758363061151
0.000733186662760232
-0.00527551305027874
0.00604012990748948
0.0080538144962099
-0.000580955873384914
0.0170057841421896
-0.00671717869490951
0.0093525467625899
0.0135423517165403
-0.00281288334213459
-0.0160789840316224
0.00243689786591461
-0.00572002002002003
0.00143819935909972
-0.00689350884217332
0.00896594334154899
-0.00157650859580805
-0.00588578777572279
0.00808661371841146
0.00143254552163152
-0.000429223262524703
-0.0250429318135202
-0.0255393817205071
0.00210875134973265
0.00541109282145036
-0.00597998214949891
0.00857271795977477
0.0111840146490909
0.0129774963273117
0.0125200316634144
0.00186911566344583
0.012342149827784
-0.00751345325328256
-0.00471364077378533
0.00272679391503994
-0.000715657619193233
-0.000572916069893847
0.01132130999314
-0.00255067309054824
0.00355164090853299
-0.0259060167880242
-0.0203457933540413
0.0139444287824104
0.00087792248362617
-0.00979397691600781
0.0147623269785158
-0.00334588313488171
0.013136797164303
0.00432207149851194
0.00286910060061829
0.00400512064053093
-0.001709673693983
0.0154131868131868
-0.00224882635983625
-0.00338072977548187
0.000706756183745716
0.0122880644510708
-0.00125569976993745
-0.00209558530048637
0.0114797704045919
-0.0170242629757785
0.0059138977434765
-0.000280011190369245
-0.000840058830581469
0.0022420963811367
-0.000559200247170155
-0.0018187604161124
0.0124737214428514
0.0159191726444954
0.00749424999992176
0.000270449005397522
0.0229854654270616
-0.000396603203986046
0.00542118228564781
0.00105210414187118
-0.0248292160471932
0.0114508819297772
-0.00279700312208297
-0.0177641504836055
0.00965459600687235
-0.00781147474747468
-0.00244332842251482
0.00544293115914907
-0.00257141700597407
-0.00257795125826121
0.00857022150536735
0.0106555302219522
-0.00627253436540787
-0.008998093056649
-0.00799571746854977
0.0101093583378153
0.0135244789417235
0.00827323169807204
-0.00674953697060698
-0.00906062588698375
-0.000537864708705205
-0.0187003896488526
-0.00301619130748054
0.000412527497077431
0.00137454295532646
0.00219634872193142
0.00301329946546214
-0.0140653551523138
-0.015235443846348
0.0174401973963487
0.0127178055138406
-0.00928200902861032
0.00248002197630148
-0.00357341936301758
-0.00303449655172405
0.00221365526028849
-0.0258144940415658
0.0085021680600823
-0.0143318256099993
0.00712758354589926
-0.00905874001249141
0.0234252242986652
0.0166084294038122
-0.00315753724094114
-0.00853880996365775
-0.0408389370979007
0.0224474284237177
-0.0138809494017267
0.0067508328030379
0.0119846489932744
0.0139573946144085
0.0129310348423535
-0.00301991772189203
0.0178989818765929
0.00811577167590971
0.00617199793602574
0.00293373790995433
-0.0152905333770846
-0.00540094532543722
-0.0128971619387912
-0.00467605562750728
-0.011607074273577
-0.0301970645910398
-0.00591039328627385
0.00217520304778418
0.000868137738849306
0.00375888401789459
-0.0156993230591964
0.00877971956568468
0.0130547428762766
-0.00544096537462579
0.0099338181677775
0.00627218798938878
0.000708358164519529
-0.00155719141502253
-0.00170133279032092
0.00568092568209466
0.00663749489161125
0.00280589229525652
-0.00489655827238833
0.00590476617059332
0.0252969660951656
-0.0223555067835945
-0.00864477121242646
-0.00126576656162491
0
0.0173214471955654
0.0141196570907989
-0.0449085573325537
-0.0148635270135267
0.00304655447555491
0.00404973971723677
0.0171420777050439
-0.0140206484347735
0.00373447269170613
-0.00329128520140032
0.0104809042216538
0.0088093638310327
-0.0159154507042254
0.0163160004444254
0.0208420779934635
-0.000551814058540878
-0.0265010086887926
-0.0060967107060359
0.0116975752267499
0.00803722526895712
0.00167859845233176
0.018014257533665
-0.0105624825634435
0.00873429954530569
0.00577237477261217
0.0110685706477178
-0.0178402491644883
0.00371548104349739
0.0149437478765082
0.00297178175026036
0.00242424242424244
-0.0026870482332394
0.00363730283023167
0.0025503624161074
-0.00348108171157901
-0.0202875453446191
0.00946246597538281
-0.00448311364647302
-0.000409375005586465
0.000409542662116014
-0.0120086928494636
-0.00690607715729064
-0.0134909871073438
0.0012688143239814
0.00661786848568857
0.00699398536841467
0.000972357298856918
0.00666115755373742
-0.00248138954395671
-0.0189331534144119
-0.00197210880327114
-0.00776280897001569
-0.0082503837161999
-0.00530698500707127
-0.00634454236033288
-0.0059498472819709
-0.00540150364963499
0.00836635880080827
-0.00611350827278778
0.0130345491071258
0.00766226710025331
-0.00301289826454365
-0.00129509285638485
0.012247809445308
-0.015658334519573
0.00173528556080171
0.0109715899078211
-0.0452662865238654
0.00912354159252859
-0.00222322510414674
-0.0248068627450979
0.0199542568178444
0.0146356483667214
0.0147188691575253
-0.000290165352765714
-0.00551359563301212
0.0118178726025988
-0.0082191638996153
0.0174469906578509
0.00743065129619969
-0.00113478014184387
-0.00866231208924506
-0.0262139385822644
-0.00941463624236671
0.00118803095860009
0.00266983098990892
-0.00221894976979142
0.0192735812871867
-0.0155636363636362
0.00295503841607569
-0.00662930200188427
0.012457318700875
-0.00776327850138914
-0.0152051820255442
0.00299812626290108
-0.00672552642501711
-0.0048149263438898
-0.00725725744265593
-0.00167531211237815
-0.00305118216394296
0.00749805684768345
0.00425284047708629
0.00952808486714685
-0.00674152808988759
-0.0135746751022018
0.00183478587661212
-0.00335766193640086
0.0140887895518167
-0.00634246441645314
0.00759878384807977
0.00603309173304245
-0.00134926542800295
-0.0085572735541618
0.0034826771126184
0.00724314202096599
0.00149809737827722
0.00164548995199665
0.00418158608395447
-0.0138310533560695
-0.0131201331057194
0.00229208428202665
-0.0108248062707611
0.000616538252922627
0.015711707199991
0.00545952364393321
-0.0119155499887383
-0.00610595310316131
0.00583623090406649
-0.00580236695075187
0.00829367211958743
-0.0079208679993642
-0.00122822053868665
-0.000922444231094111
0.00830898625354637
-0.00167863576497229
0.0100887193545922
0.0199757863203456
0.00667649831820483
0.000147428154677387
-0.00279992627763137
0.00783211195011391
0.00615844601870008
0.00014564266340833
-0.006993953387467
-0.00454887734265952
0.0125295703142436
-0.0117921819248165
0.00250450806590341
0.0155767517012453
0.00332795538521258
0.00187489194547963
0.00762917795265339
0.0174285857142857
-0.00659928381635377
0.00480559717314488
-0.0128006196539945
-0.00669707893986904
-0.00372976622765409
0.00331177840079699
-0.0142077784156143
-0.00989954840880636
-0.0058815025472283
-0.00887441193796157
0.00208924034952274
-0.00491440044931057
-0.00628551331936533
-0.020783207205325
-0.0195324063149372
0.000470572549019499
0.00188151461087371
-0.0067292799145765
-0.00189070423994486
0.0110498030323538
0.00390320044169234
0
0.00653185039509241
0.0137515449049515
-0.0160037034597821
0
0.011152432191835
0.00551470596683057
-0.0662705372679852
0.0502529278797041
0.0495571671792527
-0.00606862066514557
-0.0269546678494514
-0.0237219941060297
-0.00799501476728304
0.00584707657786154
-0.0149253883762643
-0.0110048323603694
-0.0212868737715489
0.0184544738582051
-0.000323572232267089
0.00420776817919144
-0.0178887996436551
-0.00180500495249436
-0.00526062780665371
-0.00247887960597859
-0.0057985916865706
0.00299951684717592
-0.00182749629219969
0.00848864818613038
-0.0107278593827365
-0.00316981987270304
0.0105439497907949
-0.00397485915907814
-0.00482209851716164
0.0030075356059327
-0.00749620202392465
-0.00587448788605283
0.00675335134222532
-0.00955894667853519
0.00220111747035023
0.00726474078838901
0.00369005373515696
-0.0185494652406418
-0.00885409501106749
-0.00704346344345419
-0.0107266264831596
-0.0342777019937041
0.0199203002549746
-0.0133167613636364
-0.0782796292963829
-0.00449041381315096
-0.0490292194928723
0.00185605271783662
-0.000617599809897063
-0.00267767255772755
0.00020656754260906
-0.00144536444352683
0.00909838690863563
0.00635250013017408
0.00957037243798875
0.000403307769128336
0.005040322783884
