0.0105688536256672
0.00246084296898452
0.0230131942313594
-0.0185962507498501
0.0085574263888315
0.0151515151515151
-0.0185074328358209
0.0298053518915646
0.0242173353745621
0.0152825547866207
0.029537092574186
0.0024827586206897
0.0145844523940561
0.023867670839915
0.00953645033112571
0.0204670159940432
-0.00359987152481034
-0.0162580903225806
0.00944388797072104
-0.00259872661122651
-0.0109432514084613
0.00421496323010961
0.0136411336212261
-0.0113871120959398
0.00732981656204656
0.0101351091476092
0.00874710596210737
-0.00255031886126822
0.00025563793772343
0.0104805728650452
-0.02327341318678
0.0230509965539758
0.0101266329113925
0.00776934798148643
0.00273566283848936
0.0121528025793651
0.0186228615872859
-0.00481118595140728
0.0135364035179213
-0.0240878130217028
-0.00439872944275321
0.0120274417266844
0.0172204462769829
0.00810681945891312
-0.00189210032857368
0.00829379127265906
0.0101057816711112
0.0097720335039555
0.00161288011000549
-0.0103519896399359
-0.00255695025569513
-0.0111862036821253
0.00636344567522973
-0.0142857373703573
0.00522691850795898
0.00141805716336418
0.0184093230684288
-0.0157590027458168
0.0115375085580995
-0.00139657824479933
-0.0170164094631045
-0.0135167186870628
0.00649040896588504
-0.00644855520536314
0.00769230806213028
0.0269561320112659
-0.0699186543535112
-0.0154845900228623
0.00253683422307649
-0.00227732793522273
0.0329698199340602
-0.00564694328504778
0
0.0249382222222223
0.0033727778064454
0.00768304885075399
-0.01191327110047
-0.013021485097143
0.10603469337894
-0.00110446211619175
0.021892923001041
-0.00346245408921142
0.0130293813904319
0.00857442621331495
0.0133900321655693
0.0104865771812082
-0.00560398505603987
0.0081402421206429
-0.0155279506320487
0.011566751031898
-0.0201662586347716
0.00806274118262817
-0.0143126926673414
-0.00533845802526334
-0.0094461782118429
-0.0188556354325019
0.018113540976364
-0.0147537426773705
0.00110105703589536
0.0156181041710977
-0.0101797058773968
0.0113785555497035
-0.00346170481476193
0.0154146544634248
-0.00513151592901451
0.00408343013289136
-0.00620721305207173
-0.00753818651733795
-0.0212674469936004
-0.00110862532632483
0.00488348512504966
0.0143582504970179
-0.00783965626479344
-0.0059262509673782
-0.00441600785126928
0.0104236194278109
-0.007462686403365
0.0223352272813968
0.00865241185377474
-0.007077031801908
-0.00561550768068053
-0.0178105990918634
-0.0168067665456265
0.000449865057351673
-0.00966728866906463
0.00227021571555541
-0.00792758740984889
0.0121005253904229
0.0103766970278953
-0.00111629825594328
-0.0120697580657237
0.00520359716733942
-0.00697729011928871
0.0335448557013793
0.0291667118055576
0.01044103984658
-0.0158161120124889
0.00492830533226085
0.0228144766390415
-0.00125080255887433
0.0118973074514714
-0.0109323226072606
0.000834223131715772
0.0287559271199864
-0.0085071502634626
0.0157303367572965
-0.00181013672948238
0.000201450731383224
-0.00423043924718858
-0.00222536920898242
-0.00567718978102194
0.0169249180888067
-0.00802081427753787
-0.015564988567516
0.00985624209740776
-0.00671008540056939
-0.00225170940641595
-0.00882234268271054
0.00434690531262882
0.012159954657873
0.00916310305104662
0.00746567781546248
0.0112157420388543
0.00316894421988745
-0.0211253693533912
0.0227913867369349
0.00492999418122642
0.0133437993199332
0.00697135954630812
0.00307692307692298
-0.00460126533742322
-0.00269643692975496
0.00135185402379023
0.0144648028723164
-0.0161596584091125
-0.00714973913043482
0.0124561889362362
-0.0028835255670896
0.00751877785846888
0.00325300433421361
-0.0236506008010681
-0.00195348704734288
0.0133098453709142
0.0198956731697895
0.00814395848757488
-0.00920529776441859
0.00303375035897813
-0.00378073709713656
0.00322576843973876
-0.0162663328213795
0.000384560676199186
-0.0201806461691456
-0.0204001765398195
-0.00861035259532139
0.00929111328180632
0.0126075042504001
0.0470356145073365
0.00358622121555308
0.00639458365223189
0.00915720460314717
0.0259259629629629
-0.0140794760260117
0.0119004213090521
0.000542771847295009
-0.0126582461601853
-0.0102563556870461
0.00185044408122792
0.0164388625127236
-0.00399778310008692
-0.00821018047418032
-0.00699045241003582
-0.0168580955909595
-0.0169587714339552
-0.0260685653083598
-0.0139736860072095
0.0247505399102013
0.0128554733151538
0.00115386538461548
-0.0117172491026268
-0.0163265302949168
0.0071132185909264
0.00235430640858736
-0.0115482481894696
0.0235643366336633
-0.00947955135383149
-0.00117191403961103
0
-0.00195537743362106
0.00803291520311689
0.00233234203435684
-0.00620515803761879
-0.0247804878048781
0.00120050020008011
-0.0297762184297318
-0.0125643668911301
-0.0150187320613001
-0.0067767681749944
-0.0238806599624453
0.00415032774465574
0.0197955183860012
0.0019197951808918
0.0215030653288679
0.007711504793664
-0.0171664536573506
0.0185185606060605
0.00640489642954978
0.00349008424327812
0.0110474015743167
-0.0113313845136134
-0.00798198919398285
0.00907775925154186
-0.00511142915559193
0.00472665433621056
0.015749662829815
-0.00604105920257747
0.0423419764517428
0.0048590863972966
-0.0100580462271171
-0.0435716881594372
0.00143001018529088
0.00183600571195419
0.000203583787343087
0.0146580011127444
-0.0437399678972714
0.00734364246747821
0.00229121025999612
-0.0062343933132667
-0.019029694688415
-0.0266467704114262
-0.00416116951379752
-0.038486913602663
0.0141811295932952
0.000225484889490257
-0.00293116134977045
0.016282179640837
0.0160213844241517
-0.00722728865527811
-0.00992722215189845
0.00289654628127134
-0.00177733844822658
0.00756732695303808
0.00198809366026054
0.00374775124012894
-0.0122995390357903
0.00333551248975938
0.018838697226035
-0.0145747658347888
-0.013465783961717
-0.014768404895243
-0.0120372248929643
-0.015632183908046
-0.0151798692199907
0.0128053361539169
0.0259892537108231
-0.0171154723870379
-0.00882286974692359
0.00234251586653822
0.0028043701144107
0.0207410626893498
0.000228356169597266
0.00410867372497892
0.00772902897344729
0.0135348065177168
-0.00734480302693075
-0.0349775127792608
0.00975831761713963
-0.0156465719200778
-0.0315567796062828
-0.00144825006034277
-0.00145027801426822
0.00871452411729545
-0.0215982251787005
0.0134903115035565
-0.00919653920619556
-0.0241816810987221
-0.00125153939295275
-0.00200506255613719
0.0286288046207936
-0.0485839367330063
0.025660764032313
-0.00425323982353676
-0.0361808551804236
0.0565692894533554
0.0187515918764272
-0.0210705492596136
0.0400792449321743
-0.00951479520659371
-0.0235350389897946
-0.0297589522872601
0.0248415456313931
0.0791491714073709
-0.0304836573347775
0.0222222936695577
0.00439403309925845
-0.00759848031314758
0.000696125322326102
0.00370971472966097
0.0362670354292669
-0.0176103651892473
0.03335604719764
0.0180061480455391
-0.00194135026010878
-0.0116706289172251
0.0137765361906845
0.0032354831053607
0.000215050536015893
-0.0180567497850388
0.00788093257443068
-0.0136837746810649
0.010129905307201
0.00174410293752136
0.021545113785743
-0.00852147440395135
-0.00279331751625878
0.00603316095669038
0.0119940246732495
-0.00338624338624327
0.00297303036738139
0.027524857082363
-0.0162785290805384
-0.00921665231601787
0.0107822835260525
0.0115038692427551
-0.00682386255533785
-0.000416427241649364
0.00999800083307645
0.00350583611029753
-0.00760376078914915
0.0304410223557463
-0.0152732723180576
0.0104081224489796
0.00242381346894827
-0.011686520014376
0.0199796130474945
-0.00819508311403316
0.00826279742569103
0.0143913854565538
0.000985201970443272
0.014370079023033
-0.0153308172973184
0.0244382725881642
-0.00673333974605617
0.00600422223505293
0.0142472278445751
-0.0821944191343964
-0.0204756368345662
0.0272381962154098
-0.0322713244698325
-0.0118946893842528
0.00128981083404978
0.000644031745640428
0.0137309372724537
0.00148148148148142
-0.0143702662721893
0.0248713555932967
-0.00125516739027554
0.00439880584839525
-0.0223149109006275
-0.000426621151309314
-0.00362787017439448
0.00385521533208855
-0.0136547687999738
0.0116807268007788
0.00342099636519122
-0.00831022799914771
0.00687580561074763
-0.00896291060685206
0.000215374681640235
0.00581270170478576
-0.00556511118225367
-0.0142057687086907
0.00393015292423904
0.00413218790778602
0.0220922903223864
0.0205552239998987
-0.0178571636212624
-0.00528541237389879
-0.00106267802471149
0.00680851063829779
-0.0101437024513947
0.00512386848847135
0.000424723856213838
0.00573250555127403
0.0101329746703183
-0.047857828541602
-0.0441176899886372
0.0105625490370276
0.0254488309679086
0.0186128956655685
0.00348053070523102
-0.0221114237565267
0.0155176232427927
-0.00261955899105959
0.029328081184681
0.00914310034325116
0.00695326605464097
0.0121363881118146
-0.000826896853977632
0.0155183109655157
0.000407416446315478
-0.00285130357846441
0.0091911970831533
-0.0143695405788301
-0.000205379872579514
-0.00287533380314919
0.0158599591320281
-0.00405517031630176
-0.0366449315277877
-0.00295857988165682
-0.000847838066977413
-0.0243953547814035
0.00521848205181641
0.00821979234263459
0.00321812908778973
-0.00919580877655302
0.00884955714010105
0.0036370986890415
0.0051162225538266
-0.00509018005980155
0.00405026646770423
-0.00382165621323383
-0.00831199950179029
-0.00408336565835721
0.000863206732844013
0.0107805086075785
0.0164249356564647
-0.00251842591737994
0.00315592264161424
-0.0174077600671141
0.0053361795234228
0
0.000637006396475792
0.00785060454380204
0.023157852631579
-0.0236624906856991
0.00105371968274559
-0.00926313684210522
-0.0344241811639571
0.00858281268888228
-0.00960076327293191
0
0.0191671958397708
-0.00886294893484441
0.00828793929282168
0.00108152714687426
-0.00259289115369254
0.00216633448873504
0.00691751002669738
0.00193207376848115
-0.00857077388346994
0.00540306894315967
-0.0171968830610491
0.0021872046765703
-0.00851156700130951
-0.0116662557781202
0.0077950553320687
-0.000662961325966771
-0.0192393405740969
0.0101465844485495
-0.00468747778320255
-0.00156985871271587
-0.00471695867026067
0.00699611809983947
0.00224119234068132
-0.0114043378487402
0.000452408967482443
-0.0144698168663802
-0.00573526038082128
-0.00484538532533463
-0.0157662876010599
0.0249704823328509
0.0220639633217175
0.0215875641648848
0.0044023992956197
-0.00109574838711923
-0.006801272189501
0.00397616523083721
-0.0110010998679626
0.0226918793616935
0.00478568621305864
0.0123403120229555
0.00384946551965193
-0.00362162342611039
-0.00299335043831528
0.00986487218818644
0.00191123380760239
0.0120813904196693
-0.0117277696335079
-0.0101716467508295
0.00620854220099631
0.00914893617021284
0.000632489985241458
-0.0153813530421694
0.00556392039375142
-0.0295808457296937
-0.0072367985630174
0.0187762094102053
0.00650474862325989
0.00366225780535379
0.0199613650998067
0.0277777777777777
-0.0135135135135136
-0.00643422581984221
0.009191602448122
-0.0107638167923035
-0.014647436395743
0.00254829050753869
-0.00190637580822661
-0.00806445263294686
0.00470682478789808
-0.0153321340573284
0.00216258641165301
0.00194216659473456
-0.0155072367004091
-0.00437543216747827
-0.00373539897760489
0.0255844728716363
0.0152687956989248
0.00360097444611251
-0.00422121139254517
-0.00233149639677832
0.01550879541109
0.010669498131161
-0.000621030829620617
-0.00517812769631587
0.00458049145493433
0.00725384455958555
-0.00987652304018616
0.00311722782870394
0.00497199088460731
0.0152546285406978
-0.00142131979695437
0.00101667344448964
-0.000609364208815744
-0.0126016054349267
-0.00164680931878103
0.00824746391752584
0.01799584793473
-0.00220974291301201
-0.00201324751412313
-0.00141214444220294
0.0145454747474749
-0.0613301859551935
0.0146373146931971
-0.017562198722049
0.00276648211251418
0.0106112056581324
0.00608989932990123
-0.00313091212690453
0.00376886531695408
-0.00458902804733052
0.00356240562526389
-0.0131551683682433
-0.0120609188345713
-0.00449772980290708
0.0137693416523237
-0.00870118863966862
-0.00877756387877471
-0.0218142121342163
-0.0194303594738273
-0.00743071380319738
0.017468148027761
0.0080267785073258
-0.0037601858827736
0.0102131214428705
0.00879125274725268
-0.00043575161499998
0.00392327803131476
0.00303951361182131
-0.0181818177882724
0.00110227069880353
0.00110105703589536
-0.0173779370298711
-0.025072734500682
0.00642946053798998
-0.00775724354290475
-0.00436888919894729
0.00646658213548701
0.000229417153308153
-0.0126175498967654
0.000697002771909982
-0.000232156953796192
-0.00371572216173421
-0.000233170152299733
0.00256472377161865
-0.00720932558139531
-0.00421646765557426
0.00705723392412283
0.00350380743976175
0.0135009779678996
0.0103353465701574
-0.00545583062260369
0.00937142857142859
0.0160778759057971
-0.00312010258792306
-0.0116253297563155
-0.00429764768825258
0.00159018627896401
0.00839190292583347
-0.00449844814436451
0.0207863091182245
0.0135015714918105
0.0135400521174918
-0.0885585218702866
0.0260047996691442
-0.00622122091146449
-0.0139114766076635
0.0108159654553484
0.016748010386229
-0.00160146423247465
-0.0160403303400626
0.0118770845802767
0.0103567546523187
0
0.00387239162312558
0.00340369866122092
0.00746264116999895
0.00291809209692695
-0.00581920322291851
0.00630353472775935
-0.00380317664869856
0.00134742873001192
-0.00829780219780218
0.00226139750652643
0.000225676895306837
-0.00428610402498963
0.00113275942756585
0.017877370850359
0.00377950200088928
-0.0068660462074841
0.00423726583407658
0.00599600279804591
-0.0050772407301819
0.00443754160195264
-0.00773143362049933
-0.00200347292980729
0.011376265385846
-0.00617554036171164
0.00909897893699574
-0.0131955572202429
-0.00245154897373623
0.00558534430676239
0.000444367937985524
-0.00688425509403168
0.0134167930810198
0.0114739629302736
-0.00959856020942418
0.0105726647324818
-0.000435919781257232
0.00414300034576986
0.00152008689511596
-0.00737207301327136
0.00524248591617504
-0.0106475662755325
0.00373384589795411
-0.00875277880190861
-0.00220746141738326
-0.00309734506421799
-0.00821131806011277
-0.0183486242637866
-0.00820608635071995
0.000689565648796187
0.000459347715678904
-0.00688712105401457
0.00531678249268519
0.00850767953517217
0.0259917686732383
-0.00333337777777776
-0.0182831446280109
0.00340679090181228
0.0185604345857855
-0.00111108888888889
0.0115684090863537
-0.0116560806761364
0.000445037838118445
-0.00266901696327881
0.0147190008920606
-0.00439562637362634
-0.0099337971287814
-0.000668851757808286
-0.0124944667559125
-0.00610022621329553
0.00727435747786509
0.0015797787953109
0.0128436229643167
-0.0160178194434302
-0.017861202803527
0.00713630311087243
-0.0166857142857142
0.0137145746164573
0.000458610399940218
-0.00458402464854402
-0.00391439097398105
0.00439211763255276
-0.0128884231786324
-0.0272790400391476
0.00359534986588317
0.0136135661240402
0.00141378419919369
-0.00776475294117651
0.0149395548939795
-0.00607471976810103
0.0094028676680098
-0.00512338158182069
0.00678831912948685
0.0169728908148286
0.00594416982422641
0.00204545454545468
0.00158766160127
0.00362318840579712
0.0103790388086642
-0.0171951991334344
0.00295389697586446
0.00928862730604041
