0.0256155730538412
0.0128565875502646
0.0326205546048151
-0.00462617524507125
-0.000486898021307414
0.0137283823898708
-0.0141103968527299
-0.00744413794801912
-0.00959818749999997
0.0149199815662839
0.019541632269646
-0.0012197203451797
-0.00440507241977095
0.00928722549108985
0.0122835279842159
0.012091552988202
0.00288090162754751
0.0038019347592011
0.00202007831874584
0.00642586712072579
8.34160980800469e-05
-0.00141871900067725
0.00839918522752225
-0.00194762550292815
0.00577122260897922
-0.000784354343123406
-8.26440807769613e-05
-0.00913106643445472
0.00325243506476913
0.0177057144379289
-0.00731027522947703
0.00608876437807493
0.00776934768632986
0.00511263954286023
-0.00339111047701846
0.0106534007909711
0.000320649298597209
-0.0111387089419127
0.0300243270256362
-0.0274182833408285
-0.00250772523645604
-0.00389259192061864
0.0271513388072728
0.0189433795510372
0.0115126684014235
0.00607523727255499
0.0055035430270256
0.00554940142991978
0.00113406922551063
-0.000188854064062327
0.000490955460315412
-0.00713389970912059
-0.00228104843168553
-0.00297210026694017
-0.00301921955179663
0.0170583512296996
0.0273631079770025
0.00675040754184186
-0.012098268503471
-0.00722977114209289
0.00029719103642023
0.00508875638849715
0.0119369195008967
-0.00478415370137641
0.00260537585389975
0.0142375521036615
-0.0111868036801344
0.00467135853905476
-0.0040321695801171
-0.0118535271827802
0.0145425095109348
-0.0130971225142271
0.00586130447330824
0.00260214776453926
0.00193734322637207
0.0138635093645345
0.00867219881983883
-0.0211194143706569
0.0206639552827752
-0.00753404990026452
0.0182406072355197
0.00699601115453374
0.00385967017543853
0.00681573561379079
-0.00447831297948176
0.0104268025377736
-0.000655744607420128
0.00366071628443643
-0.00987542168253086
-0.000173720243266673
-0.00868960686730869
0.0199509213204381
-0.0170511937303863
-6.99087206287308e-05
0.0114022208191078
-0.00944085097786396
-0.00244383464290021
-0.0149786489458476
-0.00181190583495749
0.0152340231969805
3.49857995833869e-05
0.0101669650177734
-0.00725351180397493
-0.0113616505378074
0.00597596206404361
0.0193680276764747
-0.0073793620689655
-0.00694782221988932
-0.0157768811189156
-0.00721520866077408
0.00844904031525417
0.00908831675524779
0.000914755168686998
0.00463974340949025
-0.00514310042683597
0.00889748178869376
0.00250976362050759
0.0106049650082414
0.00137620508603886
-0.00137431374846853
-0.00292450031841396
0.0013458040584875
-0.00503115541520271
-0.0170401856840575
-0.00588415845730705
-0.000815237072983033
0.00180911990622357
-0.00276183685325437
0.00255634839388863
0.000920845777775625
0.00102614466467599
-0.0036407302161009
-0.00950756688116272
-0.00429803706455434
0.0149640431654676
-0.0075134497091941
-0.0182474497777922
0.0107664571904309
0.0126308208663057
0.0206112939718117
-0.000870473501233704
0.00613339929046597
-0.00270166611587741
0.01170421658712
-0.000274586348420813
-0.000583795753781535
0.00477586001480956
-0.0163110004355698
-0.00076476862397179
-0.00327014075755194
-0.000418816082551565
0.0116972478946236
0.000586781272409187
-0.00596740704401488
0.000208192801226081
-0.00596725319064839
0.00258279013126739
-0.0175799583102431
-0.00648448339307739
-0.00741856395929519
-0.000467032000015744
0.0155299881299571
0.000991182023830417
-0.00657773127402139
-0.00729777854404934
0.000896507256141543
0.0040128481967423
0.0117046671350274
-0.00536143327002825
0.0113124689284185
-0.00231434187600954
-0.00892723920356975
0.0021987196815878
0.00173386408208343
-0.0240913034595541
-0.00452455948807384
0.0210530478931843
-0.0111818846279114
0.00824712029671004
0.0131090660022202
-0.00948419755519159
-0.0125649532813771
0.00288377127163719
0.013910341559229
0.00779924879959659
-0.00745741876831774
-0.074177745616987
0.0182980469269285
0.00605234742857985
-0.00235410287635662
0.0250946187158554
-0.0117285650792608
-0.0124224188973431
-0.00404307434941376
0.0293188495569476
0.0181127376294585
-0.00315629497085923
-0.000575716006461002
0.00162003522393306
-0.00248014816980457
-0.0102694440507491
-0.0107402041008384
-0.00875903500383113
0.0154080124067426
-0.0090314128133171
0.00793308275132421
0.0103964449421468
0.0121734171887462
0.0190428718016049
0.00133480275854581
-0.0110498962453107
-0.046112370177849
-0.0281496602486033
-0.026898790275903
-0.0222947972787686
0.0277498860506709
0.0149481195662517
-0.00485796362065716
-0.00891087960041526
-0.0284586179465902
0.0224922384520669
0.00688651044558686
-0.00785552835141912
0.0306074370495255
-0.0166265562697979
-0.00629662238143891
0
-0.0145114876865917
-0.00508036918134991
-0.000159544422224767
0.0101344330260855
-0.0257534623040128
-0.00964926031986846
-0.0287387066976917
-0.0195153003161223
-0.0207204544046181
-0.0013608340470479
-0.0304629075901598
-0.00734492208328741
0.0175390379324105
0.0410270178697685
0.0219041136763032
0.0175949282700421
-0.0186175935532412
0.0103092871056489
0.0212864340349288
-0.00552805356579833
0.00374702707837016
0.00463547598743941
-0.00975908149675164
-0.0265143422232968
0.0300321752792936
-0.00123371716275622
-0.0134639480681835
-0.00517531289210404
0.0359539854172093
-0.00469764318990606
0.00598120590826867
-0.021558003932252
0.020048740935906
0.0459960699869522
0.0337840552739563
0.0112431141406906
0.000592977088198721
0.00262980860883033
-0.00956788653559437
-0.00328213811208855
-0.00250725207656399
-0.00746545248698582
0.00585851743958288
-0.0151435407925663
0.00206039531550828
0.0162966870445744
0.0105653851775447
0.010677247182554
0.00077041198619332
0.00535148435796362
0.00422926572928861
0.00319490630848884
-0.00195428483757965
0.00380733919721288
-0.00274529507527677
0.0053971491368856
-0.0156723124057668
-0.0263532858869717
0.0240968488366282
-0.0066808858128935
0.000960750163471857
-0.0116296026524553
-0.00437033371683171
-0.0174833189864566
0.00557503807898585
0.000189940763878571
0.0232733727586447
-0.0234490103069869
-0.02648176550995
0.0189672746804042
0.00291091199066873
0.0202405494693783
-0.00741149558101806
-0.00354490309581124
0.00249783889991217
-0.00921138156151335
-0.0108592336433195
-0.0186826112785221
0.00404317566241419
-0.0289310893304053
-0.0274176578746748
0.00082790493109508
0.000827220071518919
0.0183906971178629
-0.0213456458188918
0.00862498327044325
-0.00468672494888323
-0.0113589423041981
0.0251514052604618
0.00244531121256286
0.0164247427880444
-0.0234790453077687
0.0216269313575281
0.0113463315800364
-0.0102675758176413
0.0240727145065656
-0.00320722809251939
-0.0231509078324291
0.03177340066407
0.0132368807854599
-0.0159072267767915
-0.0370529056116841
0.0235169601525167
0.00110927388885984
-0.0191128244478264
0.0353799775016141
0.00892268869486124
0.000810967785502603
-0.0168628018567502
0.00286520136143031
0.00896244000161328
-0.0119859625439548
0.0196301042856162
0.0221400800864839
0.0285165684346007
-0.00926637735511249
0.039408517560074
-0.0265685086560179
-0.00621145086622499
0.0177212698158489
-0.00191466711401089
-0.000325745621564066
-0.00354832178175657
0.0159515102778374
0.0187052249204889
-0.00400233490864854
-0.00334876799782324
0.0151022853187484
0.000278687144047662
0.00557318618653646
-0.0533443932706752
0.0318708723815806
0.00351060283687943
-0.00579520144864476
0.00917002646163101
0.00588177734361439
-0.00409668408760466
0.000843863185694183
0.0104681942737679
-0.00180771427375737
0.000383049483107856
0.0122893716853285
0.00674079882432421
0.0145184977292949
-0.00764367942595301
0.0100098845987207
-0.00194858896796901
-0.00868448604045491
0.00655345670628193
0.00114696895735511
0.00515550445365265
0.00576601095941043
-0.00883272480887931
0.00581770531354375
0.000501484443300226
0.00290725146198834
-0.00446486746076358
-0.0306915256399073
-0.00794167024317194
0.00765727616621259
-0.00176163166171706
0
-0.000415207612456836
0.00553865263191211
0.00454412334761312
0.0143934618667634
-0.0067567567567568
0.00741494217687078
-0.0101626715886918
0.0153834969472135
-0.016796560459473
-0.00495415482670192
-0.00992347934911142
0.0044044843504818
0.0107386352718468
-0.00273294615081676
-0.00229519378652532
-0.00971669356223182
0.0116843348176399
-0.00239903005040865
0.000858840920111792
0.00236837718635785
-0.00352703148144717
0.00848797594501716
0.00122665348680728
0.00500289645385976
-0.00768706092869875
-0.00334440502113909
-0.0020543606391108
0.00240172232348357
-0.00421010106199082
-0.00130621470857695
-0.00767540073973083
0.00433561100437463
-0.00711423544076695
0.0084174365217391
-0.00341480393076543
-0.0179281941144823
-0.0120880810572688
0.0347459715923881
0.00120666759433674
0.0112255395995242
0.00044258860028723
0.00292721591261613
0.0174099128838672
0.00770538353731465
0.0146308603515883
0.00218587049472974
-0.00491555385972475
0.0039584599179181
-0.00208548655452345
-0.00114287673469393
0.00441322663118449
0.00569568755085426
0.0100323818770227
-0.0687920557105021
0.0101503008954633
0.00548407613356816
-0.00775774241838989
-0.00204850123691025
0.0191242806345926
0.00617676292372527
-0.00790720285930924
0.0146960795683386
-0.000729131978853714
-0.00490866289978253
0.00116657001355391
-0.00935481041755759
-0.0076620558065853
0.00396214556653018
0.000944474831344078
-0.00313402989600409
0.00175784795482126
-0.0161981176748071
-0.0133091106003125
0.003233071508425
-0.0028068405173225
0.000417090053125735
0.0112542631949217
-0.0148387556274042
-0.0010459468013384
-0.00240830329104402
0.00300883765635085
0.000104639321656386
-0.0104635349104385
0.00549856561096584
0.00406633731107275
-0.0045385889458861
0.00476970145600775
-0.0109601874746129
-0.0316216368811371
0.0180764267242013
-0.0200465576506915
0.00679446575342468
0.00410001473640365
-0.00997318457661278
-0.00164249938657024
0.00599573723538827
0.0116654862388657
0.00445430698228511
0.0120878515858638
-0.00950530742049471
0.00738470627080523
-0.00162898219369323
-0.0163877156177629
-0.00230791210852832
-0.00296395571511676
-0.0175463894655798
0.00402212546125447
0.00727704446730182
-0.0194476479142791
0.00744213765878321
-0.0122995719989498
0.00605809422148607
0.00159830502768599
-0.00393378251096288
0.00443368862370397
0.00467380102635562
0.00239983011113543
0.0159483867403316
0.00474940384201217
0.00267009439254018
-0.108931925490645
0.00654252652743215
-0.00654010362380297
-0.0115913163588535
0.000531218085747076
-0.0172751612461196
0.00768811437293526
-0.00395905648233352
0.00422320711786672
0.0223880933318901
0.0170181916481098
0.0220071690232986
0.0282067986423062
-0.0122636876999477
0.00618885596772389
0.00892249204718487
-0.0141120680569271
0.00278639579108964
-0.0092116100753854
0.0224749540809306
0.009919530514793
0.0135054878097534
0.00939758805627422
-0.00345496598372563
0.0083936139417915
-0.0276852699992874
-0.0103845158186672
-0.00308412435903171
0.0050554440885493
0.000225213969036409
0.0124596866776896
0.0058565720433561
-0.00162135916981276
-0.000590591290130948
-0.00432122158659998
-0.0114989652657587
0.00461559925759336
0.0150904265087015
-0.0105976041140123
-0.010004473928807
0.0188586684784653
-0.00368717979862332
0.00773471399878756
0.000293856054081054
-0.00763645260965462
0.00307072525656205
-0.00881501477492319
0.0215822699107788
0.00677491418017695
-0.000795951536814998
0.0101745132566498
-0.000824330650715965
0.000430459878373313
0.0174985833064656
-0.000775306569801848
0.00550185846964557
-0.00259565410181017
0.00914336101121971
-0.0134861831662102
0.00187219261538307
0.00133983853994502
-0.011373278169014
0.00943841615494012
0.0761413662062038
0.000655777049180406
-0.00121240165613101
-0.00334609140668307
0.00780091180541076
-0.00757726844679896
0.00046078788557824
-0.0066776282894736
0.000264883927989734
0.0109584410908834
0.00370056672618713
-6.5219095736091e-05
0.0102783110572704
0.000904331130164859
3.23007428002509e-05
0.00406572548074302
0.000578439414083309
0.00375777413667366
-0.000191981319953238
-0.00723285881423452
0.00789807190594161
-0.0078361811834865
-0.00535139566661269
0.0221040247652291
-0.00757858990892568
-0.00332302775562188
-0.00198760944414866
-0.00234496484112279
0.00135235049771576
-0.00254022186495173
0.0054479322040919
-3.19942295349263e-05
-0.00561095230958264
0.00793187231902337
-0.00406276063859057
0.00658471103202785
-0.00398876756671185
-0.0133918333163772
0.0120473838461808
-0.00291986134993449
-0.00418338857602574
6.45952471316491e-05
0.00475005976427401
-0.00257280181017039
0.000225627125219452
-6.44369961636526e-05
-0.00509370704991319
-0.000745212440226184
0.00291845769961641
0.00384765262496023
0.00837441940163464
-0.00389689517590863
0.00176362991636436
0.00179256405491479
-0.0147302694675755
0.0081076696979212
0.000707740053895956
0.00151092033762046
0.0400589960822657
0.00179006548883009
0.00964265231714134
0.0105269028901964
-0.000724654281878734
0.0139904664652779
-0.0026522453778175
-0.0063643033481241
0.00646526560692595
-0.00155368682807211
0.0132563052630144
-0.0010926878012768
-0.0014486459747115
0.00186529977794225
-0.00200955431748984
-0.00906128780356696
-0.00176316929701315
-0.000359212705614453
0.00883422292648017
-0.0249643905105023
0.00837214963810351
0.00347199443429735
-0.00276794841243111
0.00138781711674829
0.00262117739602674
0.0039365256443793
0.00257420458647917
0.0012239826401319
-0.0107049026734659
0.021611397165884
0.0190593968309472
-0.00909086292572425
-0.00566821405749407
-0.000176295835583762
0.0167812579562319
0.0200595513482107
-0.0140829161646548
0.0152612461041488
-0.00158527388535035
-0.00337407352987562
-0.00270273684210531
0.0183996925425656
0.00268905042016798
-0.00715162885340448
-0.00182890830324545
0.00662440028188871
0.00526464566903417
-0.00228426924862946
0.00801316441798994
-0.023239021752317
-0.00476413319118085
0.00646803071065727
-0.00608675348369525
-0.0035604421963249
0.00628880336664772
-0.000284083743669616
0.0038075640799391
0.00761457832185108
-0.00227552820676413
0.00371675917865866
0.00821946585064803
-0.00342231780894242
0.00432752029411243
-0.0248526686732664
0.00396263756189819
-0.00147661351280348
0.00162094983570515
-0.00459938389472669
-0.0143183654138328
-0.00925974338901758
-0.0149249837180182
-0.000533676300502495
-5.92987043139814e-05
-0.00901892169836394
0.00311351675931348
-0.00202940276895625
-0.00565212750147459
0.00956388872180458
-0.0108436131908524
-0.00048188168793839
0.0169639776882613
-0.0146366118148615
0.00258587961000356
-0.0116066193241351
-0.00179025671677535
0.00197584581580124
0.0285480375667135
-0.00961569775422721
-0.000625401336865727
0.0107283526685442
-0.000707604072324619
-0.0170541655207596
0.0145884156245835
0.00375736390532544
0.0128216645769985
0.00395790704787125
-0.00585546969560502
-0.00994285948648754
0.0147253723360461
0.00861994225348806
0.00814346538207333
-0.00979018964252576
-0.00109536488458506
-0.0160443176995474
-0.00375388280458466
0.0089490076320633
0.0125460090023344
0.0074054170509199
0.000429121038977298
0.0064043628086583
0.000397769886363752
-0.00653154683372181
0.0205808743491982
0.00280080656170956
0.00388220300821196
0.0415658189103878
-0.000534182767505276
0.0153138434426063
0.00939722836636858
-0.00383341851035701
-0.00138743193717272
0.00411567881061226
0.00138366224819086
0.00591805657004874
