0.00796901332148581
0.0240218417181495
0.0134613482476627
-0.0064459029831615
0.00019656934444412
0.0057984864864864
0.00781710994008633
0.00746562931419059
-0.0133770276825319
0.00497465874877068
0.00941474337003534
0.000673076923076943
0.0023061208801769
0.00987439382368693
0.00436687884438514
-0.00907378991284158
0.00448304099515595
-0.00560247850351303
-0.0414438880687176
-0.0050806337441911
0.00360468598363806
0.0128703378368651
0.00443266364556716
-0.00304008038599501
-0.00541022012944248
0.0017802393256825
-0.00641723757115964
0.00546505371090089
-0.00059299336707197
0.0142391282776364
0.00204737252607989
0.00447556922042769
-0.0127857422081701
-0.00755490595672903
0.00563518525684259
0.00117965983897306
-0.00628435806301486
-0.00958492123275456
0.00409055160858385
-0.0147058328170294
-0.00877372897241913
0.000203448975445442
0.020750687025749
0.022521206228624
0.0017542149716967
0.00350229590911266
0.00484730964910685
-0.00192961887255927
-0.000579971017302117
-0.00280492313381298
-0.00581957334276573
-0.0148292390243903
-0.00495147539260821
-0.0163217252292478
-0.00799264500172581
0.0223354914124785
0.0144653235128755
-0.00639198532024809
-0.00692799874378469
0.00597972916004519
0.000198107782878765
0.00336771001750913
0.00552811434763711
0.0228745432664978
0.0177560127122369
0.00782725379265137
-0.00355576859111717
-0.000375631521751019
-0.00638797575541494
-0.00983259931452973
0.00353284626564943
-0.0185537206194809
0.012796887779023
0.013496659198845
0.058745761014708
0.010972381997723
-0.00291186794473008
-0.000796424778761073
0.00212556896198501
-0.0167034906459834
0.0101563632903763
0.0133463832489225
-0.00597067350926928
0.00962816014157908
-0.00367459307940698
-0.00386367238840024
-0.00167491181814339
0.00194261368653414
-0.00317264472395662
0.0185659798553091
0.001215163624817
-0.00338100569364552
-0.00730685462166714
0.00105148086965956
-8.74912480303136e-05
-0.0127812830399733
0.0024829831289257
-0.0205218924231254
0.00352208064150417
0.0118790403560376
-0.0126290019098364
0.00684563160274632
-0.010645938545768
0.018265711846124
-0.00541693450477809
0.0152678482142856
-0.00281417643843263
-0.0067906870693244
0.0179363873751628
-0.00139563853276037
0.0133647707888338
0.00965429687691932
-0.0119524804563942
-0.00216020041060572
0.00458953053542954
0.0106024996017153
-0.0116853891450936
-0.00276171564438465
0.0051059799626314
0.00525229038446939
0.00128481370449673
0.00761333605451942
0.00246201712826188
-0.000846874985655832
-0.00474660947414951
-0.00289555446935041
0.00307482058293784
0.00425749311550594
-0.00822452928227024
-0.00564249802819106
0.0162496692674692
-0.0170050342725473
-0.00146316375827249
-0.000861911761642187
0.0081090667375614
0.0129214614673845
-0.0176565341474224
-0.00025798933830401
-0.00412905806451613
0.00190032828626574
0.002413992627192
0.00163414470544798
0.00103042247149587
0.0152684763206643
0.00118282357905697
0.00143458227848114
0.00505602941023042
0.0051144463431152
-0.00500498844690489
0.00930583508807703
-0.00764181416763698
0.00359923827237596
-0.00333613005277511
-0.00794976569037653
-0.00109662586849535
0.0010978297770281
-0.00303670173673465
-0.0375666462887445
-0.0213626373626374
-0.00754578692058927
0.010137535930371
-0.000268799287971411
0.0016133369185265
-0.00411632214765101
-0.00269568691979793
0.0122533563790135
0.00329330668968941
0.00532291514085426
0.00141195728909294
0.00176239861396565
-0.00765307881773414
-0.00983956227000371
-0.00689343796490871
-0.00279452808077174
-0.0202495564929608
0.000276868433572552
0.00737934665144002
-0.0042120593737941
-0.0066206988505747
0.0164768954593806
-0.01229395341579
-0.00147516136340731
-0.00655592779623471
0.0103169536320087
-0.00147190436444988
-0.00396167307940243
0.00462491902113671
-0.00138110669937297
-0.00359578649820935
-0.00638477838438045
0.000465664010029787
-0.00465419342827889
-0.012531600112223
0.00369359801850933
0.0257595388065803
0.00975069459801947
0.00901890340764067
0.00839653289280373
0.00188020410278078
0.00178727432015591
0.0123996433969606
-0.0152435988235721
-0.0153901303616655
0.00427118316729191
-0.0145688170379366
0.0041321945981232
-0.00658437140529256
0.00690417030942192
-0.00338265688560957
-0.000366947979690946
0.0267045606432545
-0.00107253309990707
-0.0166428057150536
-0.0161965329172605
-0.0117462538361195
0.021525540880216
0.0654145567491606
0.0111789060866891
0.0011055787432801
-0.0314305467938282
0.0142080515929148
0.0107229160387661
-0.0108658113671923
0.00640080437331725
-0.0150408253552355
-0.000261762657273401
0.0134415728375665
-0.00413404526626426
0.00510251678031248
0.0112717087310987
-0.00638134949699098
-0.00179824457782374
0.00411772325641246
-0.0327210756244065
0.00291469702424751
-0.00105682956256725
0.00819889799876572
-0.0118048180149981
-0.00415893276419899
0.0137728362024805
-0.00420716116073838
0.0179561744744638
0.00933852988606088
-0.0163625713262425
0.0101898449747431
0.00836279866131218
0.00966139714142789
0.00279449581825708
0.00329336266328917
0.00412427412043237
0.00268231342793834
-0.00434714083730625
-0.00277078929925756
-0.0324997313926008
0.00617873966830595
0.0229198575613254
0
-0.00803244291956828
-0.00187523013978852
-0.00640478234679387
0.0029222518766181
0.00599877442799257
0.000255549878657169
-0.00178844322582949
0.00349802920824183
0.00297566732760579
-0.025175900439299
-0.000782573913043483
-0.00165349398125514
0.00453274926313862
-0.0165740717905949
-0.0140298594541628
0.014229497301405
-0.0107650311344739
0.011328124062723
0.0696772112280089
0.00915237474564945
0.00122560667722538
-0.00326425654264517
0.00654988543106172
0.00260289567914596
-0.01679376899572
-0.00313560519621092
-0.00157267612900713
-0.00265295964219125
0.0236076137088708
0.00430403609147345
-0.00153630632386692
-0.00720770147697514
-0.00473116909148119
-0.0117203505987977
-0.00340026532757887
0.0155613133987069
0.0166338821973624
-0.00346579350366716
-0.0169038823754762
0.0119292222477361
-0.000243894308943116
0.015369602217048
-0.000640733616524614
-0.00440772563237479
0.00458826359361852
-0.00681094534909588
-0.00492134743657957
-0.00778335520620577
0.0075176174420073
-0.00729927800569485
-0.017075195799425
-0.00224417757865802
0.00583136449657307
0.00770250136992723
-0.0206295228179424
0.00956696006824576
-0.0169576138747063
0.0124302467033612
-0.00292329400509572
-0.00100515164194559
0.0304376734791603
-0.00846286116415385
0.0088633731450698
0.0122834295940779
0.0148665941037192
0.0160741625142595
0.00631232820927141
-0.00619533004742012
0.0081040519269997
-0.0265903620078209
-0.00365281505598358
0.00175341514502736
0.0132070647910403
0.00369063217417565
-0.0130652323580034
0.0061038128243549
0.0061455957476455
-0.00211430701913007
0.00078473671819812
0.00172509214871086
-0.00696672407045007
-0.0237269665479507
0.0315704809296808
0.014167227392498
-0.0146639569140411
-0.000783253713217857
0.00517359880849733
-0.00327534908446858
0.00391205702076625
-0.00600106782013976
-0.0058020855747053
-0.00465302828107983
0.00681404806920249
0.0111749822932243
0.00801617993555226
-0.00200748140804563
-0.00618898368362164
0.00529341400393979
0.00596256005856088
-0.00815947938851558
-0.00395816822856798
-0.00498674629848062
0.0083790683252718
-0.000465923725528561
0.00691476149169978
0.00293202146919658
0.0015386752281481
-0.0026117454162099
0.0206408509131499
-0.037352881456297
-0.0122285647095711
0.0121418853719246
0.00141132192714966
0.00140934073434584
-0.000938256435680129
0.00148694632561397
0.00195358285571934
-0.00639525030108212
0.00784923064600895
0.0076324847803344
0.00115932906325056
-0.00764306344200616
-0.0308074623903241
0.0126023436731042
0.0101466347975168
-0.000941709173664096
0.00494858227866768
-0.00125060964122858
-0.00626072942761569
0.00551265540606427
-0.00673558897243121
0.0104872575303581
0.00179485767279886
0.00693253595059451
0.00116031558256924
0.0142945914741863
-0.00617046526485987
0.00804835155343819
-0.00714765444253873
0.00199123065069617
-0.0236184663514719
-0.00798494610904876
0.0028409169599044
-0.00377717966985858
0.00268565565064227
0.00779894426029704
0.00672237160947398
0.00527997544032788
-0.00193094923973935
-0.000541765976305841
0.00441352711173959
0.00524200581836265
0.0101227535332555
0.0015942301731382
0.004547912012699
0.00135824342683333
0.0792705029395411
0.00705165836910315
-0.000138685519318948
-0.000970732207941083
-0.00388671565954035
0.0130991495791764
-0.00467670583260127
0.0030403744952987
0.00578669038890367
0.00746572602739737
-0.00360322261481338
-0.00839244007085749
0.00977085240802511
0.00156726405451457
0.0144918020000491
0.0221313324248451
-0.00505219460528328
0.00323137696670672
0.00604744606430518
0.00104543611149088
0.00567844762254999
-0.00538682495603815
-0.00907014029363773
0.00539965754379246
-0.00772853716334654
0.00831679867986801
-0.000130858867860018
0.000589216950726223
-0.00287903549199731
0.00229677801887784
0.00150580065779105
0.011440151588938
-0.012926576958851
-0.006416946003032
0.00402004072689999
0.0118805246387714
0.00077837958540794
0.00194453592134125
-0.0117091342772787
0.022452005696092
-0.00620999371722142
-0.0048959287482041
-0.00375478731303958
0.00064985379589233
-0.00733816457762948
-0.000196251470651276
-0.00503830393197269
-0.0047349862519398
0.0128188387159729
0.00711114305265603
0.00155474514331644
0.0104779444377598
-0.0806502676989123
-0.00939919204208073
-0.00906658707525021
-0.0142563935649197
0.0180602178172462
-0.0122270827540079
0.0145248860376677
-0.00796945522100434
0.00575854526493558
0.00247406515533988
-0.0118460577991653
-0.00399598261735379
-0.0261499423105038
0.0139778496126313
-0.0100848870335213
0.00373787007127135
0.00533038346835446
-0.00472104904886206
0
-0.00977885871545547
0.00471663343331663
0.0112960681978129
-0.00500472927412521
0.00393649240089999
-0.0295527662681327
0.00800603851878967
0.000371162408171255
0.00571335591857669
-0.00110664016339457
-0.0163232588545923
-0.000600593213726852
-0.000150293005997337
-0.00105199878190576
0.010982337731573
-0.0165922328835818
0.00317771057241001
0.0100309377790462
-0.00298681306730597
-0.00344522158642235
-0.00631291907880538
0.00453793673772562
-0.022888178284767
0.00177219911983517
-0.000922975191253728
0.00230966973831448
0.00222746751321212
-0.00919678906182675
0.0204207845020172
-0.00462401462437856
-0.00274161149556951
-0.00221453231495694
-0.00336754160821851
-0.0072953232430093
0.0170186194161486
0.00844299833845752
-0.0103333457484789
-0.0283515646790568
-0.00337281360691533
0.0138517946458649
-0.000155286437765856
0.00892852463675786
-0.0392458570045215
0
0.0128954827856704
0.0036375059594933
-0.0105578003554649
0.00700746126759899
0.00419104067840448
0.00220489018355607
-0.0103716510655689
-0.0096069791887331
0.00432901241508765
0.00582697163016421
0.0058725338326715
0.0149900907297831
0.000855040848272592
0.01343592782836
-0.00229904964751904
0.00299562173752799
-0.0191453512154182
-0.00491883971082396
0.0132601180053382
0.00193588355223695
-0.00146844424969805
-0.00503091342951034
0.00521196409462554
0.0018573440500127
-0.0044801635148991
-0.00713846961753306
0.00929974217958529
-0.00843976810405411
0.00710606757935439
-0.00341166160028172
0.00505713845061173
-0.00108375915456183
-0.00798200601266308
0.00570275781980922
0.0148360177553202
-0.000688832790914473
0.00337011340946858
0.0096182824427482
0.0055950780884273
-0.00105262406015028
0.00534401621749181
-0.000598951829058558
0.00764094660120818
0.00371719588570341
0.00599964469297265
-0.00169349866106239
-0.0108415151808104
0.0128989790075673
-0.00257641504999273
0.0153505682656827
0.00872217606160519
-0.00562039923346591
0.0120290144927535
-0.0176858222057619
0.00371743561895999
0.00232394340575048
0.00557882174818669
-0.00619641215775557
0.0043500763463391
-0.00498089226146603
-0.0137115427658603
0.0439132117082723
-0.00838501984759044
0.00071062319933568
0.00248520198132196
-0.00155819528904499
0.00546246425768127
-0.00733785387251407
0.00184799912079048
-0.0032635119531077
-0.00355897204217481
-0.00585761104873173
-0.00524535467766551
0.00902918218680759
-0.00143172021717053
-0.00272423819900203
-0.00136584716148491
0.00158365248464798
-0.00301852812288717
-0.00122547576971244
-0.000360902193556778
-0.0280866353790613
-0.00720601733002013
-0.0035917016132273
-0.000751021305165911
-0.00127761162299145
0.00188125518760818
-0.00413101249910608
-0.0100309302369993
-0.00137127081255795
0
-0.0021360924300261
-0.00596329497026082
-0.00446086742160079
-0.00030908528570639
-0.0132147765014579
0.000626478179552414
0.00336542232211201
-0.00639625599991234
0.00494581578613174
0.000781235871464725
-0.0047615408261531
-0.000313733333333399
-0.00690410330224467
0.00458209820537059
-0.0018087762878648
-0.000236334987788633
-0.00386129229533028
0.00245231382161815
-0.00654988946851409
-0.00969100809985701
0.00232614907076512
0.00512163096288121
0.00382168795894411
0.00126900378697647
-0.00594106473290656
-0.00119533032425423
-0.0023934498928817
-0.00231926581638464
0.000240472945891801
-8.01570770969651e-05
0.00817507433297449
0.000874481271369021
0.000873709279210377
0.00753906027237417
0.00456838377889413
0.00164653440766394
0.00195694716242656
0.00132810937499994
-0.00312086296513781
0.000626132909747223
0.0186155497632468
0.00215003462028829
-7.6584172729488e-05
0.000153287356321918
0.00275820555445283
-0.0181082664231256
-0.0105049494399249
0.00699904822274156
0.00148381097656047
-0.005926403387149
-0.00258864913895551
-0.0191112934469321
-0.00449003363943201
-0.0144168890329611
-0.00653757440865632
-0.00279671794028125
-0.00420689587873724
0.011100041326209
-0.0154841883579253
-0.00299575606217461
-0.0149403307727289
0.00262671587764896
-0.00152116958470083
-0.0156580530569944
-0.0102321751444839
0.00243243851592023
-0.00849289373856399
0.000349558592795729
0.00620364367506276
0.0102465435829613
0.00352418784680042
0.0155888650963596
-0.0176266930926878
0.00240383750676942
0.0127612022480095
0.00194505708245241
0.0095374575572893
0.0117882784734697
-0.00256154361002014
0.0117637147855498
0.00237452720153586
-0.00424763934402295
-0.00951602937627516
0.000579758167628786
0.00297988582037734
0.00247588516094543
0.00905572561903578
-0.00636370237415351
0.00328435008387928
-0.00384647673546978
0.00460070650180167
0.00596992971843258
-0.000731680339294605
0.00211521318117813
-0.00422143205065761
-0.00619600501562023
-0.000410205079406034
-0.016331530838433
-0.00842652253940823
-0.095414355833645
-0.0219514459687202
0.00237755582734089
-0.00664141353621606
-0.00439349582789383
0.00498852657307225
0.000763592959839743
0.011827604419214
0.001225461892431
-0.00178892761311478
0.0105640636831936
-0.000373352626221402
0.0060691130918602
-0.00649649187935031
0.0134516110195717
0.0159461981002156
0.00762109410614142
-0.0139563841879413
-0.0261163359306669
-0.00684485688054648
-0.0125566656449522
0.00936995924543305
0.00483093681917213
0.0067873396156235
-0.0157303366367884
-0.00180748663030372
-0.00200132469265235
-0.00410618789050621
0.00699967391888312
0.00552276724974576
-0.0128787881227043
-0.0128549119887742
0.00767735650772883
0.00559354796810596
0.0166874944860695
-0.00848977438940146
