0.0367387691608425
0.0067042353229303
0.0332981190972119
-0.0180051355498722
0.0236483388613051
-0.0103806633344053
-0.0382558728559415
0.0319718252343399
0.00932547903169656
0.00215582580203977
0.0106535645158707
-0.021690724845298
-0.0244508192431875
0.0263380936135049
0.00351825334766387
0.0180449571650354
-0.00445661892667004
0.000712178240795724
-0.00945507310436067
-0.0264805706661193
0.00495521359947726
0.00325217163239633
-0.00365991855045233
-0.00293869650439438
0.0119999894736842
0.0179946330142982
0.00592616718321759
-0.0330116820623164
-0.0251050323037301
-0.0739144612415572
-0.0129144972512332
0.00447907847614704
0.0180708869036508
0.00772242951308377
-0.00308813908269479
-0.0338458566385564
0.01496261744404
-0.0269100616952138
-0.0019237225423524
-0.0362607147027897
-0.00124997500000001
0.00362953683029943
0.0335452666530673
0.0162886830220323
0.0390596448156366
-0.00879795505477454
0.00657060518731978
-0.00297757672927168
0.000804031720745169
0.00252497426345588
-0.0104178136329207
-0.0119157563184694
0.00304406963849346
-0.0270806589723511
-0.0195560532586936
-0.00012239353741561
0.012115995742455
-0.0178959619551134
-0.0390297705118224
-0.00345937206434188
0.00784263316845757
-0.0224518691472365
0.0613337489756132
-0.0104512354493732
0.0214959733537783
-0.000851477932751088
-0.00170439495622599
0.0204878048780488
0.0103967853728488
-0.0449438541119863
0.0142415108359133
0.0059828692067676
0.0273091397901339
0.0288280131005199
-0.0290537315329872
0.0162033702115896
0.00279336598681001
-0.00394619294585929
-0.0069913656490328
-0.00574980044884066
0.0145166523834539
0.0281526061907005
0.00577055914586655
-0.0129373496786742
-0.0086618989893299
-0.0126466539671193
-0.00395896613736491
-0.00268883560101907
-0.00117218382773843
-0.0154911397194124
0.00321856005743903
0.00546576732577142
0.00342709749135794
0.00270869142816199
-0.00375850368520692
-0.0201603277528885
-0.00902418470672384
-0.0127489435071766
-0.000491956720992559
-0.00406047757083094
-0.00642456124475999
0.0104452128934396
-0.00972189245085187
0.0196346710620769
-0.0126752097742154
0.0167880627876049
-0.00449196292975729
-0.00182929268292686
0.0175931952985509
-0.00156077558457468
0.00180367956692251
0.0140439926549993
-0.0123106174605604
0.0100670778986798
0.00130517324756974
0.0180116722124857
0.00419035017155855
-0.00173865776302284
0.0270552011011891
0.00746188832544559
-0.0122321174701815
0.00886169082691524
0.0360360010348197
-0.00119566304347818
0.010556121564437
-0.004199870727979
-0.012760895287543
0.00953010176875768
0.00965710678571585
-0.0154755717740278
0.00785941482524377
0.00357415783441661
0.0174832174624124
0.00350023338460148
-0.0170172390126071
-0.000215021505376334
-0.0101097221947819
0.00249887002934734
-0.0221089635453224
0.0243821004860214
-0.00714057124310297
0.00762780890142123
0.000432583535929787
-0.00367532150739758
-0.000325474673439907
0.00662037124615122
-0.0236118814016173
0.00209807866824385
0.0141046721763085
-0.000108681952718515
-0.0139100091472509
0.00286535161704538
-0.00384613186813187
0.00132371756594107
-0.00132196765413584
0.00937670139268176
-0.00153004371584697
-0.0141199757648864
0.00111022538025995
-0.00887207516628763
0.00548280165101933
0.019697262188991
-0.0104769074695047
-0.00573503927947594
-0.00798671085997305
0.00290732416415063
-0.000223034893008456
-0.0115980932663788
-0.0226784843510714
0.0040406140369218
0.0118431526751392
-0.00556815909090913
-0.00959894847219855
0
-0.011653328987039
0.00618722828917928
-0.0219282858352875
-0.00344010663914218
-0.00618978678276905
0.00850400068281232
-0.01520188890268
0.00759774499753352
0.00490719312122567
0.00393046693580845
0.0118638033946636
-0.0194630552296511
0.00310895622775154
-0.00214566697038587
-0.00226976469083451
0.00933915263430873
0.0113878880882128
0.00891385153849744
-0.0362705778750493
-0.0137515075090107
0.00905085594298294
0.0168484727272729
-0.00441056150209274
-0.00838119043514829
-0.00893501569669164
0.00231475384223323
0.00279570935197682
0.0132120727272727
-0.0160305785874185
0.0266261641337386
-0.000947430105461278
0.00557137262243512
-0.00872339953498991
-0.00273510537448474
-0.00429288094093871
-0.0041915928143712
-0.0298256637444217
-0.0152472546237078
-0.0244209711877903
-0.046838670967742
-0.0182754290669244
-0.0335080129691677
0.053645344765036
0.0299255255226953
0.0172233109971947
-0.0252036309214049
-0.000132511273734148
0.0112716875071377
-0.0165224490814988
0.00720001333333342
-0.0150913288973878
-0.00443551063345415
-0.00499531524233832
-0.0116689421303504
0.0102965409278715
0.0349233338727182
-0.0112920293439059
-0.0366534115543129
0.00454924173491533
-0.004116961543147
-0.00868124569381268
0.010425354172217
0.00288898052307096
-0.0484224815247605
-0.00389224431776369
-0.0018812880428738
-0.0191387412043099
0.0394678184931907
0.0251705915813425
0.0256624511395451
0.0190694612099145
0.0171201198970172
-0.00365341862804569
-0.0185961102855406
-0.00400324248723671
0.0049571678048923
0.0153313154157761
-0.0216649410890262
-0.00496581653561079
0.0190181281227155
0.00105882193015927
0.0347746278503753
0.00114996163685244
-0.0153158395741121
-0.00259241730155757
0.0283300855749222
-0.00556040713612049
-0.00673526479259723
0.0162486685645513
0.0263124386252045
-0.0148429715962822
-0.0188020799103991
0.00329942880839718
-0.0145458389715617
0.0110382872012176
-0.0144725154680404
-0.0132680541002727
-0.00600520903407853
0.0287628451374158
-0.0202987866641443
0.0235862007710765
-0.0080204325390032
-0.00988187910374438
0.000907310410698248
0.0124319993210051
-0.00831415963161941
-0.00257960792699108
-0.0023276864780114
0.0132209458659509
-0.0301906109809548
-0.0131908722646319
-0.00133670635842009
-0.025565466812548
-0.0178571833300611
0.00867137062937062
-0.00887409835520947
-0.023223320234052
0.00286446576912081
0.0259925603824289
-0.00863022041370942
-0.0283628751984993
-0.0268786283328885
0.00905852444660082
0.0226637390432851
0.0218737090768084
-0.00675965337953377
-0.00155963422032657
0.00127810284800045
-0.0123387175623679
0.00157956636386514
-0.00817204301075258
0.00462561433940434
-0.0258993237410072
-0.0223042107372617
-0.0167699043127392
-0.00384142581925551
-0.00138830783932409
-0.0122026108187399
0.0114151522843604
-0.0258194495980211
-0.00301536273656133
-0.0280165393186883
0.00638716006571971
0.0610251576724954
-0.0291410749604789
0.0320695581685553
0.00336753395476719
0.0604118812931251
0.0397064439733437
-0.0112079429033325
-0.0366639103927219
0.0289077006919058
-0.00409432432318713
-0.0245251343276847
0.0140968032000235
-0.0283748356029641
-0.00103244833189764
0.0162409412561224
0.0215021931860471
0.0204807572317098
0.016445993031359
-0.0034279446044152
0.00261424050632897
0.0205846018697158
-0.0307919982200351
0.00180350993885936
0.00193877581967561
0.00165864551924377
-0.0103491098337366
0.0319297402129151
0.00540470192123488
0.00591310275967727
-0.000267147635728771
0.0177736464580076
-0.0454307617946029
0.000687799203072936
0.00591065292096227
0.0248701831101392
-0.0207999733333333
-0.0028594634297533
0.00163860432997676
0.0162236268908964
-0.0136839815711836
0.0186344131651692
-0.0170917080663869
-0.00883034901738422
-0.00520829228629793
0.00303115174893498
0.00274721142525225
0.0193151232876712
-0.00886982884720722
-0.0221016542372882
0.00721014945049303
0.000275399232866125
0.00688136488404267
-0.0157189985938219
0.0255519504082224
0.000406215312287461
0.0273417038714823
0.0193676015976916
-0.00271421729168086
-0.0116640999655728
0.0156044449094035
0.0282763342134151
0.0183324839067363
-0.0102342912511538
-0.0042356672817615
-0.0145127361441262
0.00545893127303265
0.0176767809726053
-0.0101736851159723
0.00701926556805299
-0.0117001997361315
-0.0273299615282127
-0.019422503453742
-0.0043575991935455
-0.00371351449035773
-0.031283358708066
0.0204755402147399
-0.00605984362887579
0.0037934969189406
-0.0224051301069039
0.0216761010630953
0.0118918513513513
-0.0228365260217624
0.0140767941527071
0.010242614969378
0.00066706244219672
0.00813226214818652
0.0302830059395793
-0.000385149511736627
-0.00911657713597491
-0.0112737465666385
-0.00576673633944691
-0.00540474551272419
0.00238568597955013
0.0457490299781447
0.0127702876606544
0.00886392032119643
-0.0105184880712409
-0.0178839421946465
-0.011333248584404
-0.00231839261100464
-0.00787504528627736
-0.006636330686697
0.0151952326536668
0.00116123870967733
0.0119860941866785
-0.00318390231217147
0.0168646869885531
-0.0368135713940732
-0.0207409850904783
0.020780564806181
0.0156597291789009
0.0160606445827922
0.00556392246929893
-0.0237676065304681
0.00553910880609698
-0.0046118499772444
0.013384826771615
-0.00914403122032081
0.0208921438435841
-0.00966735694495025
0.00278905943670349
0.00316055633781431
0.00441082556801065
0.00138018825772357
0.00989850920682911
-0.00719604236218463
0.0198700832243219
-0.0110280846583987
-0.00136291663192811
-0.00893301511000033
-0.0103905111563787
0.0185957488198958
-0.0255836820262177
0.00548049968749043
0.00925344161811936
0.00967088634749236
0.0100758553312084
0.0160098897540599
-0.00812118787878791
-0.011976096493313
0.00803960440419549
-0.00368101840490798
0.0103448772294907
-0.00146273767110261
0.00354005135595825
0.020070575599934
-0.00655858565992629
-0.015124175132017
-0.0036563435591831
-0.00513759021406734
0.000122882082309594
-0.00540931917429643
0.00296658830737728
-0.00616218888541031
-0.0203372894387065
-0.000506341772151919
-0.00519245194012719
0.00292802025736405
-0.0021578827387394
0.00979514044275365
-0.022927677863228
0.0159876873643037
-0.0218274230268749
-0.00921119592083042
0.00563048295284219
-0.00611980444844529
-0.00484741242375442
-0.00776719336186404
0.0157887084069772
0.00587779534686006
-0.0141540575469663
-0.00447834574495132
-0.00330775328637856
0.0355767944888679
-0.00820406337125856
0.0164145786578296
0.00330624368395527
-0.00456275020119767
0.0204991212057661
0.015845239779283
-0.00135101943873805
0.0125446319651858
-0.00777359388379451
-0.00306035002912597
0.00110507119093639
-0.00257572675795092
-0.00418097638957204
0.00506292893073867
0.0251874066247377
-0.00539314464541851
-0.0303650688122682
-0.00198835588432522
-0.001120620125031
-0.00249319368619794
-0.00524867552794339
-0.00502513831721452
-0.0122473994538156
0.00600784842102087
-0.0119440284095563
0.0090020188013884
-0.00790215406451888
0.02453756549525
0.00112847648902825
0.00125258022307517
-0.000750625450322118
-0.0152728223061902
0.000635583491706893
0.031126985530771
-0.00147859775857084
-0.0115992471421613
-0.00124841451306901
0.0213749875
-0.00257005265659094
-0.00122696932515332
-0.00135136360316057
-0.00282941317715091
-0.0140636568976967
0.051676740532451
0.00666267674017806
0.00472758533592277
-0.00682275010415823
-0.00556675352362912
0.00464505722540576
0.00142267934612161
0.00366991827074803
0.00271293940449313
0.0131748614710068
-0.0112619648645756
0.00140905348008213
0.00257974909216396
-0.00444440935672519
0.00187965218939201
0.0103190080947351
0.002553307680905
-0.0100717183400689
-0.000818617686384693
-0.00948039537733159
-0.00508094074492293
-0.00296912124593074
0.0101251462820184
0.00742920964283456
-0.00152167856724805
0.0138335282356319
-0.0082100598447018
-0.0136411220814198
0.0125296220456175
-0.00385246304681475
-0.00597681926692095
0.0189813723178498
0.0121485942381117
-0.00320080007313217
-0.00814219064709365
-0.0256677194049652
0.00367871141611631
0.0109955069521044
-0.00736761765015514
-0.00447687339102998
-0.0105325325443787
0.00119600524822383
-0.00645085421635216
-0.00877715543530488
0.000727777760121784
-0.00981815757575755
-0.00758969255503283
0.000616787961021492
0.00110941810492782
0.0116981284533695
-0.00413831528051056
0.00782203617697386
-0.00861022324290828
-0.00758413455657492
-0.00591636900960324
0.000371952873603254
-0.0121467897868123
0.00966128016290901
-0.00397662477971128
0.0113536616006571
-0.00863554178720805
0.0237679937311102
-0.0160447313496317
-0.00308832624169209
0.000247881050107202
-0.00953919710679885
-0.0231394505243071
0.00768244577931987
-0.000127001275489147
-0.00127088572192446
-0.0026720830982101
0.0238581662614761
-0.0074766105919003
-0.00125548019446375
-0.00791961000931696
-0.00291429302874535
-0.00393957290787716
-0.00905842086214925
-0.00914122593385425
0.000779599802229747
0.0167489100265739
0.00459711415137587
-0.0105504260976339
0.00334021086023695
-0.00512165185970948
0.00656373255715836
0.00115079914526017
0.00408684530957171
-0.00368864142627934
0.00485123184345126
0.0119426122721715
-0.00100441930936812
-0.0178458966947341
0.00115158026483475
-0.00396214222807101
-0.0186064031823433
0.000392246323525969
-0.0218272899796813
-0.0098877343606486
-0.000134979760728182
0.000270009462546072
-0.0171367559420219
-0.00343218030929049
-0.00399494442732851
-0.0117566523475803
0.00111969213938545
-0.00824824560671389
0.0145192975889681
0.00347366953628359
0.000830767089023077
0.00539566969280125
-0.0122471312026182
-0.0105879355055438
0.0137989727034205
-0.00874995833333336
-0.00532443581374087
0.00619808441183523
0.00447991040179185
0.00195120557491291
0.0027819864067602
-0.0101261623041289
-0.0276065298821954
0.0100878658320775
-0.0192609227713467
0.0123654062369918
0.00273032060527778
-0.0117512182824767
0.00449533069163777
0.0101054429091427
-0.0185794337776269
-0.00524246411074625
0.0200556586167666
-0.00531001722158453
0.00057711731574428
-0.0168709161318216
-0.0124669697858611
0.0185652749572174
-0.00699918323128645
-0.0198237597598755
-0.0191760149812734
-0.00152738656594797
0.00856657448830167
-0.00060671924768696
-0.0080436789807814
-0.00168300181023551
0.00199229118773947
0.00703577578934422
0.0171628959394226
-0.0183664772530017
-0.00927899328503168
-0.000767618644293977
0.00414867842198285
0.00673302239427764
-0.00319195921580862
0.0138761203453457
0.00541434818512099
-0.00029911743602451
-0.00972620051694728
0.0190390148080992
-0.00622783196240129
-0.00731122085845515
-0.00165340450403428
0.00888292709674565
-0.000298522599656126
0.0117928201759314
0.0100324581002131
0.00204497519785241
0.00597673486812633
0.0017388059197565
-0.0131635475117988
-0.00996775124644156
-0.0146579506269181
-0.0159279481925794
0
-0.0166437018367294
-0.00885093140214499
0.00187997800783402
-0.00797501160320546
0.0042559899788146
-0.0106733638467018
0.00460099959703331
-0.00505369551484525
0.00555552380952373
-0.00252563543885198
-0.0049058079586296
0.0159033076351256
-0.00673137121585199
0.000788006291757126
-0.00173229921259843
0.00189302732123409
-0.00251928838039017
0.0276243102643823
0.00952385589935045
0.0022824406226043
-0.0153332617883742
0.0140301570454802
0.0100350164224579
0.00737615535149772
0.0116556937135592
-0.00679466795249628
0.00936949760171024
0.000294622058584659
-0.00397696279241377
0.00695050250145668
0.0104274789500649
0.0123546360891873
-0.0119167548624048
0.00377800058122646
0.00115810650960912
0.00867550557111008
-0.00630736793843567
-0.00375075014425852
-0.00347521006299478
0.00072657657657671
-0.00769575979254711
-0.000146239399838488
0
-0.00863462582658781
-0.00664300285335107
-0.00178337045945354
