0.0149420330269232
0.0134838194826636
0.0204995101547918
-0.0113076762354046
0.0156082212055975
0.00927393974798885
-0.00616961144657402
0.00911376316356849
0.00549735587703237
-0.00377507159593837
0.00927739460704813
0.0073795962552976
-0.0373987414830674
-0.0041389317986934
0.00563086234781407
0.00239967997867807
-0.0246044148263224
0.00204529599374403
0.000136100153384167
0
0.0227210612244899
-0.0021284555574953
-0.00173316886460018
0.00814638120244582
0.0164260833600764
-0.00677706216172047
0.0236189873194987
-0.000897320833295079
0.000384898630102493
0.0025650506276127
-0.00332600750482304
0.0136054029723833
0.0196276558233803
-0.0080724543494457
0.00513329140603647
-0.0245391258662074
-0.00319244038289979
-0.00576475802625565
-0.0050251255633923
-0.00815857280291921
-0.00940061414809323
0.00500852754678283
0.0209835803278688
0.0127167376420485
-0.0128106805078987
-0.00848007173377674
0.00673842184108908
0.0109409058838741
-0.00891271951982797
-0.00603793710369671
-0.010986247473714
-0.0163355991767746
0.00890135547633952
-0.0225177634311888
-0.0199380700550422
-0.00371129896907219
0.0375275094842367
-0.00359038578153126
-0.000133484585613242
0.00707419933460218
-0.0225314389343183
-0.0111186440677965
0.0087755381873027
-0.0248742965882832
-0.000836325643610913
0.0185547154017855
-0.00438296111812175
0.0110055850596895
-0.00639544173072359
-0.0172554786601813
0.00891861736570188
-0.0180940050250274
0.00928406297842521
0.0257839442508712
0.00652179365548333
-0.0322624181354637
0.0181335746091902
0.00520626127431867
0.00681477415231946
-0.00284281834941846
-0.0142547236353667
0.00537114715092768
0.00232873972602743
-0.0068334018541315
0.00330268345404372
0.00905220084749958
0.00978661139051251
0.00148069724753408
-0.000940860189761916
-0.0197766845210093
-0.00768594554370094
0.00193636229862948
0.0225013522224915
-0.00594036722019697
-0.00135811495415383
-0.00380795598814032
0.00300342662116027
-0.0160609770510278
-0.000968322022848023
0.00346164492575962
-0.00772729394608396
0.0108468635323675
-0.0130692526325699
-0.0128240594598289
-0.00720138378988988
0.0169250751507632
-0.00531464335664344
0.00154668159954952
-0.0137582894668697
-0.012384384341637
-0.00691834852630513
0.0104499416415111
-0.0152255810733016
0.00233376611242031
0.0101862192929829
-0.00259291277997453
-0.00187748416746059
0.0154825493346471
-0.0125391422057567
-0.00418471843356205
0.00796980124707125
0.00014378953834937
-0.00186859278424589
0.00662442377233785
-0.0191702998806782
0.0169195308319583
-0.01391280817681
0.0164363199999999
0.00457927896018639
-0.00413095459249091
-0.0117294800898595
-0.00274994950064833
0.00827284446232657
0.00561393399145049
0.00529633545238561
0.0236365645605912
-0.0161357075550941
-0.0104623917519132
-0.0278610809504524
-0.000587904165374797
-0.0148529705882353
-0.00417971351484447
-0.00299800634084846
-0.00556311816078425
0.0149682191558544
0.0181737085434399
-0.00687638644846778
0.00648207158877723
0.00424474531615937
-0.00306076369245345
-0.0219298239201806
0.00896857970198561
0
-0.00725922962962966
-0.00388004763826155
0.0107865318352058
-0.00696607370733549
0.0101492537313435
0.015514228723404
-0.0141132104999325
-0.00708386933046423
-0.00802617431667918
0.00224754277037897
-0.00313946782986196
0.0101979754049188
-0.00400838770771395
0.00640931622652063
0.00236971278301445
-0.00635342789598115
-0.00133823048327142
0.00134002374389386
-0.00877317472118955
-0.000150044995496867
0.00540135017550347
-0.0335770770459013
0.00941940983880762
0.0256998611427326
0.000596465297697302
-0.00462061437594952
0.00628927832119297
-0.0279761470822685
0.0015308940600125
0.00642002465362346
0.00713854842883022
-0.00135721614710349
0.00135906068621172
0.00693709868608372
-0.0286056026032172
-0.00878815897643903
-0.0149323220573601
-0.00915840804805279
-0.0148207171314741
-0.0100291006146878
0.011111110929557
0.00274722038223629
-0.0019339081697648
0.0045212175036331
0.00594764516874524
0.00015976349761071
-0.0226873621984344
-0.0593427680020523
0.0182481574861288
0.00290148489503328
0.00697753597609041
-0.00625315214646449
0.00204079935443535
-0.0162932626033014
-0.00759142525174994
0.0199930111265647
-0.0282938479050229
0.00105248205762076
-0.0497634483967059
-0.00424119491056607
-0.0422222037037037
-0.00657385911496799
0.0120669324237654
0.012884576923077
0.00968296979999894
-0.00169236555095897
-0.0246750988886797
0.0202781579814246
0.0179821496126387
-0.0169207887118034
0.0187252131402535
-0.00501301513158148
-0.00447848479193891
-0.00356134971176569
-0.0101580323551542
0.00874198040178609
0.00282588534943917
-0.00563591959421372
-0.000188966559606984
-0.00793647044355517
-0.0280000190476191
-0.0321379586936694
0.00911117653596238
-0.00521665329052978
-0.026421983605406
-0.00269320488916514
0.0218113839179763
-0.0156536087752309
0.0285006414085354
0.0301204825325398
0.00701756348962101
0.0572976964769649
0.0206884112172905
0.00556055605381167
-0.0164110236102207
0.00181361990956863
-0.000362074570525839
0.0220934077853421
-0.00637840195567685
-0.00213985370399949
0.0107219801773049
-0.00954740082129768
0.0116029632274186
0.00564679744650776
0.00263198797571551
-0.00630031512601192
0.0234237763899925
0.0201341934239512
0.0134953274881129
-0.00482691395383117
0.0242515634010443
-0.0272697900956959
-0.0219909686083599
0.0133883114791729
-0.0111788615992739
0.00411096258802734
-0.012453087895822
-0.00777336340945534
-0.0106197251152459
-0.0019356149239621
-0.0172778382003204
0.016146339571355
0.00141246471420309
0.0169252288976511
0.0136962725381415
-0.0102617066827142
0.00172804564935292
-0.0039675521137218
-0.0162799266962269
0.0015845070701499
0.00632801909523661
-0.0143231441048035
0.0458975722133617
-0.00457472043375129
-0.0308085276595744
-0.0114154901899455
0.0138567949217128
-0.0429297529349921
-0.0238007876931671
0.00506376594148539
0.0268706661690612
-0.0136289299223865
-0.00718496697098303
-0.00167006868936859
0.01691449845566
0.0104185708356528
0.00126626268571384
-0.00379402001062401
0.00634753366607765
-0.015137862132353
0.0102469712626909
-0.0248143275641066
-0.00817232540861823
-0.0280898865883937
0.00481695549838324
0.0270373719257
0.00410750552450501
0.0130160099110452
0.00220260646108672
0.0457875474647453
-0.019264413984743
-0.00678573214285716
0.00970875601777688
0.0215455662393162
0.0291093259388064
-0.00728319770861796
0.0339531985334722
-0.00907589138864329
-0.0123230310128731
0.0279885343451605
0.0185336555923625
-0.0318840428948162
0.0207917501795034
0.00521427416024567
-0.00259361326947016
-0.0326669759900369
-0.0759408602150539
-0.0196364
-0.0146512802170357
0.0111048369827813
0.00167535365459126
0.03902618399877
-0.010552673940261
-0.00343454446854663
0.0126972789280377
0.0395844334736006
-0.00155065469416504
-0.00258847277673047
0.0278546890632299
-0.0028614374684397
0.0340985133660192
-0.00473387217544474
0.032310939276514
-0.000317778842036542
0.023521996933312
-0.0195652633675384
0.0155211278986558
-0.0121647374221113
0.0208399747395012
0.00819668987338762
0
0.00536890610925278
-0.00366185529963603
-0.00474739641283028
-0.00107708881603585
-0.0124768488132118
-0.00982687552913941
0.00834911783238823
0.00984216497915447
0.00232057553094944
0.000617394650140435
0.0103346904107762
0.0291603664122138
-0.00222521867822467
-0.00862328252681277
0.00719862027594464
-0.0302264276220114
0.000767741475560024
-0.00552316661552643
-0.00478244369021896
0.00790567329388714
-0.0132265924281726
-0.00405239999673312
0.00219090759965868
-0.00452843528219193
-0.00517650196078434
0.00583416921583635
0.0195955475843308
-0.0182964788084798
0.00454191087053757
0.0054567977152602
-0.0136454803425486
-0.0198082531078722
0.00192466726302065
-0.0257723703253984
0.00361487013449113
0.03241648551354
0.0423406590177504
-0.00988895436380866
0.0210509366610039
-0.00300973677997296
-0.0217358792452831
-0.00216016053572454
-0.00633981773124548
0.00357914710304552
-0.034268864452438
-0.0051380861454412
0.00209814399771058
-0.00483167981961674
0.0202298103215761
-0.00253807102572856
-0.00333974231329925
0.0151587845909935
0.0113171488732655
0.0027976532668732
0.0131743031544158
0.000917806291059975
0.0021396912731162
-0.0111332011590666
0.000616918606842765
-0.000308199767641848
-0.0138760713247599
-0.0167292060151533
0.000954078565019501
0.019856965530469
0.00436146437826168
-0.00790945992977066
0.0175081285366869
-0.0288830406442181
0.00332224336848985
-0.0193944976157205
-0.0331242648838119
-0.011974072643039
0.0126241373506144
0.0134641123670214
0.0213219448692481
0.00819012365505056
-0.0165657377598875
0.00842235152502924
0.0159010927048215
0.0183399841897234
0.0189410483501911
0.00883745278854708
-0.00196340434924347
0.010139194608378
-0.00958800000000004
-0.0042353501098874
0.000911392954233925
0.011230809094412
0.00225126829887157
0.00134776881323395
-0.0128607890147694
0.0130283437955356
0.00358902331737587
-0.00074509013939672
-0.0149120195321211
-0.00393574035530531
0.0109421575558286
0.0102224899378753
-0.00967253019371406
-0.00601053316256051
0.000302282681714949
-0.0710291241054595
0.0104115827165838
0.022379632549032
-0.00362204724409443
0.0128023075707284
-0.00483773393140641
0.00689978046103179
0.00249188603787398
0.000776681647816746
-0.00589874280964742
0.00640218603369469
0.00232740119444852
-0.00804947393342037
-0.0110799465955072
0.00347169012895199
-0.00424595062116695
0.000789624131396049
0.00331391831014538
0.00393205398137608
-0.0101833304031543
0.00237420069642291
0.00315801347993006
-0.0267589646900513
0.016982030827041
-0.0238549614526883
0.00195501788929597
0.0104064878048782
-0.0363694566522282
0.00384101529991621
-0.00731996327865636
0.00251385964517703
0.0282513874958208
0.00211349380957548
0.00746267046500115
-0.00161027380387357
0.0101613064516128
0.0209164614255715
-0.00703780117356589
0.00992283792966342
-0.00810987173534594
0.00283020449151583
-0.00439007532753322
-0.0176377795275591
-0.00176340170305544
-0.0020876987313313
0.00064372385973166
-0.00659376005146339
-0.00793266958070271
0.00359009470610472
0.00308941463414625
0.00324201658683765
0.0100177574732228
0.0556710944063699
0.00166691928070684
-0.0137669595693481
0.0107377968787299
-0.0326300961091228
-0.00282398798795136
0.0125865322122949
-0.00574889674100532
-0.00703236421214681
0.0188856937537663
0.00154460925377231
0.00909938365819785
-0.00351525294207566
0.00460127321784998
0.023053465648855
0.0217877772933062
0.076383758195067
-0.0416553612614122
0.0147246360494677
-0.00669730728888818
-0.0216322511130145
-0.0025843646063356
-0.00201524396120278
0.0116832103942535
0.00513260628931578
-0.0209929503546099
0.0150681113474982
-0.011418727131565
0.00620848956949227
-0.0175061122827922
0.0106615450465672
0.0167630643105374
0.025724800657692
0.0106693088726426
-0.0167260894783087
-0.0181260873100098
0.011360451898905
0.00449311984704992
-0.0150964772840863
-0.00227073520111731
0.00640109503267006
0.027279151943463
-0.00756746009906439
0.00651602688961694
-0.00123961435921804
0.00303407797451172
-0.00962469367696839
-0.0033319173029559
-0.00585036905069836
0.0140114888323599
0.0292938360110335
0.00255070486107423
-0.00401717996786288
0.00510896767043434
-0.00628679758462281
0.00161533178603679
0.0133046357583855
-0.00145889916554642
-0.00358618669695598
0.00426551603301184
-0.0130076327585683
-0.00295860673804982
0.00660909099823437
0.000937960643358826
0.00401610457896018
0.02613332
-0.00896572256972084
0.000393418135312018
-0.00183484920701782
-0.00420178549360373
-0.00158221263619274
0.00528264652294452
-0.00801367545926135
0.000132366570457787
-0.00436963735578533
0.0271312800337469
0.00776898843316109
-0.00462547848835981
-0.0073576738433242
0.0036410662252
-0.00103656387665207
-0.0137483401750541
0.0718042994239307
0.0117791288343558
-0.0092166142277057
-0.0115054471789026
-0.000619155507202707
0.000743377533680922
-0.00965703886308189
-0.0128765973965895
-0.00557246714250836
-0.00407539495957965
0.00179026861087994
0.00255303816967256
0.00763939384212642
0.00290629268266729
-0.00478776597753183
-0.00620329171295841
0.0160509808917197
-0.00351051896914456
-0.00427785590294949
-0.00037904978998049
-0.0103653139885562
0.000127755778161154
-0.00063860789379544
0.00383390415335461
-0.000254665808224086
-0.00241949576492428
0.00357425343754159
0.00063590686965509
-0.00381333427770025
-0.0125048355555122
0.0102080502675805
-0.00511641084676395
-0.000771380827608525
-0.00759140494607036
0.00103723587594584
-0.00738246350709049
-0.0157880873667547
-0.0152459366299881
0.00726980354428908
-0.00414325046778929
0.00993152570308609
0.00465113621262447
-0.00595232819979707
0.00452423141652081
0.00622600360911374
0.00697734343045475
-0.0111125509507791
-0.0121628505045327
-0.0149893333111706
-0.023505367486559
-0.0482816314895659
0.0263157156048035
0.0327635768987284
-0.0205516965517242
-0.0171806923762655
-0.00659118775481904
-0.00822154887576654
-0.00567188756044545
-0.00131642527498488
-0.00878733170455959
-0.0174349881796692
0.00180455639097743
0.02146502455126
0.00264511377023724
-0.0109922316726265
-0.0085951537376191
0.00463373678224999
-0.00758818639470593
0.00179914550820737
-0.00897933253516903
0.00936265464568642
-0.0134649020625315
-0.000758310562380737
0.00591895592531433
0.00678943884715499
-0.00569466481216852
0.0128108368594073
0.0183036168885544
-0.0140289200642995
-0.0105231805169234
0.0134811559771972
-0.00458182059817791
0.00193028958961516
-0.0197095575114304
0.00362807245266605
0.00331378224602763
0.0118600959036166
0.0172106226346995
-0.00189612024201036
0.0149056992547127
-0.0131028947344662
-0.00335574841908759
0.00234230719784234
0.00204469107573102
-0.0166156534526213
-0.00459459012013352
0.00223338283303254
0.00178282578466304
-0.00430077117010241
0.000595784935891963
0.00833578445966054
0.00708596123666849
-0.0175902078922572
0.14726950823349
0.0275718952734021
-0.00329074792328188
-0.00838100317460322
0.043027291229468
0.0321670116206387
0.0278339954799574
0.00578636705074098
0.00575307763189148
0.00183040833632719
0.00456778577138284
0.000909423656821451
-0.00863148181834816
0.00423877873480594
0.00159706814523997
-0.00615035286502219
-0.00492780185817565
-0.00195782559120516
0.00103849522093258
-0.00691640345821321
-0.00348234466668962
-0.00314497386476353
0.00105160081674227
0.000350169262289368
0.000583465598021027
0.000699685131195338
0.000582717645559283
0.00419287206856667
-0.00243561815778681
-0.000697651419657053
-0.00523556737296915
0.00175440935672522
0
-0.00513722112931192
0.00281654738665127
-0.00245756591425039
0.0026982989840052
-0.00269103775955259
-0.000469274999279179
0.000469495321695934
0.00117313470608016
0.00785101981959313
-0.00406927092037501
0.00175103890959427
-0.000699195914210304
0.00384841982507278
-0.00046469562117335
-0.000116248255273677
-0.00174360108966176
0.0019795762219228
-0.00290528752218633
0.00104890439222949
0.00256143907976991
0.000348368361997808
0.00162526122156104
-0.00243392446029134
-0.00058095736028807
-0.00337123936426098
-0.00314946915375702
-0.00830796873751427
-0.0107375103244838
-0.000238501919775924
