-0.00323480705703694
0.0121159235803563
0.00320651994883536
0.00554014489665455
0.000423818614617932
0.00423641186690116
-0.0006327568023623
-0.00021110172623251
-0.020054908593095
0.000646337813284603
-0.00193756723492866
0.00884380912761418
0.00363478725678856
0.0217298683794178
-0.0198081947416221
0.00255271229749887
0.00976021621556944
-0.000210086152553135
-0.0100883560282322
-0.00339700651367325
-0.00639113775865219
0.00943402678889416
0.00361083247192728
0.000423280423280437
-0.00338478950708709
0.00297174691208357
-0.0114285925925925
-0.00513804335555645
0.00753171922677587
0.0130286202477574
0.00548174151380976
0.00461314750709052
-0.000208682947192562
0.000208726504854706
-0.00772279273638077
0.0107277658660547
0.00187304894636942
-0.00457002502222748
0.0100167783813347
-0.00991743760671748
-0.00146076800754458
-0.00188087782156221
0.0113065540748138
0.0144927746271797
0.000408163265306127
0.00693596491228066
-0.00384933136447863
0.0150498684177289
0.0112202163895012
0.00812363764367663
-0.0218160569611623
-0.0132609805103477
0.00529419659348007
-0.00425357513173141
0.0120016273393002
0.011055256281407
0.000795248524756431
-0.0127135280095352
0.000201166997964464
-0.000603480197213568
0.0102656803542673
0.0121538157432519
0.010826752181629
0.00603704015723627
0.00677502903600469
0.00230730637597798
0.001918262000417
0
0.00363771778671262
-0.00476917225368834
0.0118842826100931
-0.0392119712215954
0.00118292584418511
0.000393855856515524
-0.0263779532751565
0.00505458966952266
-0.0309797028963932
-0.0078886654718151
0.018623121602362
-0.0149958709942482
-0.0289885291138993
-0.0146048106828863
-0.0074106362813724
0.0285463103086012
-0.013877049530316
-0.00108248540988276
0.00715218914504101
0.00903804585672385
-0.020686735352671
-0.00348432070924731
0.000655659993691327
-0.0200917663225209
0.00624031660887714
-0.00708748584330077
0.00423818852383739
-0.0206574855619724
-0.00181451576321157
-0.00181772332732222
-0.00478030958342812
0.0169258459074602
-0.0114709404289461
0.0154721270654805
-0.0069460226989464
0.0185017824909748
-0.0106335624863441
0.00694135691894338
0.00444734257399726
-0.014390038272749
-0.0110063117699911
-0.00613220545383142
0.00571298015141597
0.00727116597460409
-0.00112797197708236
0.00767841029084049
0.000448229503546171
0.00627237917276835
-0.0146927878313796
0.00180754639889491
0.00293191249436164
0.00337301544022894
-0.00941277475151892
0.00339359720828969
-0.0033821196564654
-0.0020361990489548
0
0.0147358192079843
-0.00759606825719705
0.00135078799418209
0.00472120053956848
0.00402774678961171
-0.0122576111490441
0.00767148014440422
-0.000223869234214025
-0.00783881263879904
0.011738171822532
0.00356983489513607
-0.0157847932414406
-0.00429180031624132
0.00340285828480669
-0.00180868189011973
-0.0126840764356023
-0.00275290204175271
-0.00207039332711323
-0.00461044249399623
0.0125058128763318
-0.00160107498625173
0.000458098489892311
0
-0.00664064605636117
-0.00345783763352159
0.00161922276197091
0.00993073925937038
-0.00503091699062419
0.00413700317798216
-0.000457793555912023
-0.008930593493501
-0.00369685775639683
0.00139148890054464
-0.0120426123205188
-0.00140651664322544
-0.00375584524675332
-0.00235624416485014
0.00590458195559762
-0.00680913359943658
-0.00496451548379462
0.00926585887384168
0.00494347928436922
0.0147575782327847
-0.0136195752539243
-0.00514865434121214
-0.0108209602832727
-0.00832337713016351
-0.00215827332953789
0.00672910341915167
0.00167104324829426
-0.00142986180719407
0.00668252951396031
0.0168325983878617
0.00536255549924336
0.026437825288447
-0.00135555812722821
-0.0210407461302998
0.00207998613357963
0.000922532266546927
-0.00437794910700684
0.00370284664898968
0.0140650452862587
-0.0106867212369257
-0.00436676646135448
-0.00253926592797782
0.00092573480503888
-0.00624277456647404
-0.00232664029781282
0.0130596545461834
0.00230207187619857
0.000688998606132474
0.0185907964195546
0.00788641262085599
0.00514194053208161
-0.0120106986657185
0.00427742027363442
0.0100874241181927
0.0104304924449512
-0.00153744787035892
0.00989883435765138
0.0143759529514267
-0.00880395104144305
0.00368288561525132
-0.000647593324084039
-0.00496758110081164
0.00520948556544387
0.00107968039128292
-0.0120794216548873
-0.0484715512766715
-0.0247820548516726
0.0261176705882353
0.00687913306858223
-0.00387150990662721
-0.00754462699841674
-0.0230361667818475
0.00259372789436463
0.00141114769520212
-0.0140911689013073
0.0171510481181516
-0.00562065560607361
-0.00376825256166402
0.00969267162394027
-0.00187305085162848
0
0.00656812088744729
0.0132836168725239
-0.00114995400183981
0.00782868984572893
-0.0173635366689513
-0.00139495472657314
0.0123399065811429
0.0149494250229991
-0.00090643551084435
0.00453619868450872
0.0092571684520848
-0.011409440460639
0.0113147773549396
0.0114119939899753
-0.00907079625949569
-0.000669859328647826
0.00871322648405837
-0.00420826116463957
0.0144573401792112
-0.000877022563538166
-0.00109721307877986
0.00659050966608077
0.00872983413356621
-0.00562531359529828
0.000217624025622865
0.00239288661316306
0.00911453953495922
-0.014838688172043
-0.00371102371292231
0.000438234014860317
-0.00722728865527811
-0.00838299102656115
0.00333697434178037
0.00288252784401455
0.00464291399513606
0.00792253538561916
-0.00371174680593334
-0.0447074502584385
0.00986464785501262
0.00954109495683775
0.0132763279315105
-0.0253164562584155
0.00136709959824777
0.0179749939027305
-0.0143049613632114
0.0079365763236543
0.0164229242649512
0.00132806551571485
-0.00707347448835205
-0.00244873118649735
-0.00513276042997635
0
-0.000897285738120979
0.0143690836468549
-0.0214696989818502
-0.000678556902930616
0.0147125848800362
0.010037853667729
0.000441696122829072
-0.00353200890799132
-0.0143995794062823
-0.00202292640939861
0.0123873643068755
0.0102335704063721
0.0202598987007268
0.00388508509021879
-0.00666516906751968
0.000649328990274256
0.00475883625351514
0.0139934765555765
0
0.000212377928338725
0.00318397361103862
0.000211637757580929
-0.0101544108313942
0.00512925827892152
0.00701684046389195
0.000211106414461426
-0.0084441209297893
-0.00745160725033844
0.00471902627024945
-0.0083261955593511
0.00753494063433924
0.00726495742019151
0.000636381006287268
0.0163239565963094
-0.0162703174023847
-0.00742152247667505
0.0115359322466153
0.00084479412227223
0.00400934804830855
0.00126097094321276
0.0134340892828313
0.0132559861900579
0.0200327890446765
-0.00541084146649939
-0.0225670557612924
-0.00185528764606424
-0.00413046278936224
0.0124429487257787
0.0077837156902909
0.000203211377983514
-0.0235724451040936
-0.00291361088269748
0.00375704445835967
-0.00540648783530884
0.0217436118861127
-0.00613871508366515
0.0109120444718962
0
-0.00244395121971297
0.00775828909759091
-0.0237034436040631
-0.000207491185048592
-0.0143212536322126
0.0103179191274829
0.00437680283451436
0.00913056669704426
-0.00287886072632415
0.0136110532641349
0.00834179009799429
0.00625500390930189
-0.0016041307720901
0.00321349662154069
0.00760762747532273
0.00695406290665357
0.00276243093922646
-0.0011806768988587
-0.00551611526856255
-0.00416006339144204
0.00795699224189361
0.00453925417561685
-0.00628683668814001
0.0122577891554847
0.000195273433686083
0.0101542864704995
-0.000579914942973048
-0.00328823978165893
-0.017077372735831
-0.00572558713818028
0.00615561941708465
0.00118417214068178
-0.00512515276956427
0.0059441052913789
-0.00807561552097713
0.00178713260946917
0.00455894936454015
0.00453827940015783
0.00176782557454347
-0.0241176470588235
-0.0166767329716697
0.00653859841721705
0.000203045075235275
-0.00142072254921866
0.00691056896523223
0.00827614032547164
0.00300294288282399
0.00618766491767131
0.00178536004760965
0.0170297227722771
-0.0144081383487511
-0.0223231335899474
0.006465932250316
0.00662513538194887
0.00358996816094859
-0.00317965023847389
-0.00538279505582129
0.00100220487075964
-0.0172206050704967
-0.0211899135619433
0.0131140088860531
-0.000410848588898616
-0.0115108320036656
0.00769388646288216
0.00185720185425509
0.0138002474521164
-0.00121903695207171
0.00569566720911308
0.00262947011790993
-0.00423641315311685
0.0166126212193554
-0.000996392985253114
-0.000797945326192928
0.00558991814733467
0.00972805260528187
0.0049154540913201
-0.0023478575161836
0.00666797385103068
-0.0087668221793562
0.00353773577952565
0.00176265174769585
-0.00410563033800082
-0.000785178656952823
-0.000982396817980513
0.00412985266980748
0.00254598506568771
0.0197304555524604
0.00210727965311719
-0.00172051229744763
0.0270011484679979
0.00372927459016825
0.00780230325832054
0.00350228571428568
-0.0143276821147628
0.00894519194931065
-0.00646468427160496
-0.0176612935924652
0.00548828538985613
0.00903444364700845
0.000373064719771277
-0.000186500089753849
0
-0.00540837384200621
0.0106881676096693
0.0118738214518062
0
-0.00165016498624548
-0.0167125800420096
-0.00522979071292873
0.00450623374037673
0.00280377570093449
-0.00540542384322751
-0.00599700138686277
0.00226242454256353
-0.0097818096313016
0.000949848042360202
0.00284685904055526
0.000757021196063468
-0.010590033839069
0.000573356269113035
-0.0164278134260866
-0.0102933186912674
0.0100078887364186
0.0163201861993358
-0.00669091939034749
0.000769842201113091
-0.00557694230769223
0.00154712824496461
0.00135161225426517
-0.015619012425395
0.00568072489090565
-0.00740165562913908
0.00726065555848998
-0.00292230652942504
0.012114087534193
0.00637069510368149
0.00172645306490593
0.00478743767163081
-0.0304936529351315
0.0214271677103828
-0.0134719209675119
0.00175575504314285
0.00214218119346388
0.00991064924039353
0.00885124093032053
-0.00553120350944114
0.0199463179889972
0.00564121850319665
0.000934910246821241
-0.00410980766130775
-0.00881637574908312
-0.00264948902346718
-0.0123340035610247
-0.0144092221788515
-0.0113060041190254
-0.0173501771027174
-0.0064205457463884
-0.00181744749596124
-0.00546226987659326
0.0120016273393002
-0.0068341708542714
0.012548046954058
0.0145912255564908
-0.00394005137667663
0.00257116292382986
0.00789112266504488
-0.00704638872577812
-0.000197102306327523
-0.0037460961406528
0.00633285189655353
0.00235994109576954
0
-0.00412012940709972
-0.00118197404184295
0.0171597432512871
-0.021136319565639
-0.0057448692551505
0.00398485762073841
-0.00555661848693445
0.0101775691443311
0.00276568555443868
-0.0303387915815126
-0.0266152168505646
-0.00271344187017319
-0.00313934707282004
0.0149065501804211
0.0018618121638394
-0.0192029733636175
-0.00778945263157893
0.00869934206027279
0.00126203194652863
-0.00777306755349028
0.0116451196273555
0.0110925494159178
0
-0.0308424957391328
-0.00491243058521995
0.00364880875724394
0.00235245946759877
0.00128015791082059
0.0046878755593438
0.00551427336100629
0.011179055051677
0.0162703799806088
0.00964692098425846
-0.0144338079779185
-0.000412561881187989
0.00949234439728319
0.00347510234975901
0.00224080260745563
0.000813028438759522
0.00243702264674961
-0.000607759306973987
-0.000608209989531372
-0.00811352957633937
0.00961139019994306
-0.00364593890309783
-0.00304935968793174
-0.00101955544413634
0.0030617879950281
-0.00264552304935939
-0.00979389960391364
-0.00309083047786585
0.00744111187595875
0.0053343863219375
-0.00408165306122454
0.0182377052917562
-0.00140873418009124
-0.0114873037381561
0.000203914377245873
-0.00468811649636935
-0.00532463627586988
-0.00164706609017917
0.00288717249382664
-0.00308453623103988
0.00371287128712861
0.0158240854911633
-0.0178029739024884
0.00885686938943087
-0.00306243364638625
-0.00143362681000914
0.000205127161818197
0.00922700430592571
-0.00731409981076614
0.00388862046891902
0.00346589201765335
-0.0127996949857844
-0.00493932908005768
-0.00227499492347449
-0.00912112317076597
0.0100418412142644
0.0147059447950693
0.0138803015358113
0.0167103288387489
-0.00455445544554445
0.010940919037199
-0.0149547225501772
0.00519374739924605
0.000993620826708952
-0.00258084182213314
0.00318471324901637
-0.0125000391865063
-0.00542495479204341
0.00262628282828281
0.00201489014678846
0.00301630806354325
0.0150360863064136
-0.00869053903435635
0.00956363836548402
-0.00572324869639818
0.0125049024909707
-0.00548908078765276
-0.00709641237926273
0.00099263452437226
-0.0023799881943668
-0.00417493050049556
-0.00279494909163513
-0.00560566555344011
0.00221463669074429
0.00361591007665552
0.0012009808086666
0.00819672131147531
-0.00594882014673803
-0.0087772190549128
-0.000402515604800091
-0.00744914465267343
0.00730225166941678
-0.00483290374546907
0.00728452073187036
0.00381683414658185
-0.00440266150885216
0.000402010050251311
0.00421940928270037
0.00340140056022409
0.000199361906306539
-0.00378785885167454
0.00200118066837729
-0.00539247054124226
-0.00421684747423379
-0.00161326880419443
-0.000807857031220216
0.00646856667740914
0.00562359900334219
-0.000798901537847119
-0.000999380391752513
-0.00220090036014398
-0.00200519354331641
0.0020092224231465
0.00220575500713349
-0.0128051220488195
0.00608023915687061
0.00261887595928445
0.00221018685955388
0.00260619481543323
0.00139980009597274
0.005990395128179
0.00238187768197951
-0.000990079207920824
0.00237857279725318
0.000791002570694088
0.00632284121077187
0.00157074415864922
-0.00392074118489483
-0.000393623294752565
0.00433150217894274
-0.00529300157980805
-0.00118253838460625
0.00335434096290443
0.00412985266980748
0.00313356828958944
0.00956653632240267
-0.0034809515273827
-0.00213469827546464
0.00563984852741539
-0.00986265731701141
-0.0160156246871949
-0.0107185587392108
0.00521665329052956
-0.0139719766056677
-0.00506072854005146
-0.017497476398882
-0.00849037050133827
-0.00480365487043322
-0.00482694628218483
-0.000421678634402234
-0.000843902917978867
-0.00168923138325106
0
0.00486461516211123
-0.00820877744511805
0.00297111636186576
-0.00465503616822005
0.00170063771894902
0.00233448646720036
0.001905568494601
0.0118343406593406
-0.013157915347579
-0.00994711111111113
0.0132535915616416
0.00886071692570822
-0.00648268506900873
0.00884028662766934
0.0125182349259336
0.02575726407907
-0.00843708333541748
-0.0115478117595662
0.0043041401044448
0.00244895918367338
-0.00549676314122072
-0.000818771783777761
-0.0079902272487149
0.0045435978745807
0.00657894750367904
0.000612806385065445
-0.02184127283767
0.00792990433764218
-0.000206997933892339
-0.0070407950498903
0.00187695512248265
-0.00041634054087536
0.00603917117867558
0.000827923808157216
-0.00351598773592499
0.000622644250726445
0.00103710850522942
0
0.0186490268814348
0.00244098860862496
0.0135958200810842
0.00500500490480471
0.00816733051459484
-0.0207468875568684
-0.00282491923274986
0.0198301100700167
0.00476184504913313
-0.0112559046456537
-0.0039944278010785
-0.00842185699662834
-0.00364006059372979
-0.00913334686421763
0.00430149528881607
-0.00489492157648219
-0.00553394126800677
0.00865620362737007
0.00408663678150067
0
-0.00712246656740889
0.00635369939836661
0.00529537699777505
0.00465962308226064
0.00120996168582366
0.0118831817972533
0.00477703006460861
0.00515059429477027
0.0039416041016318
