0.0129307388481208
0.0114594942579207
0.00986200728399145
-0.00342961694721633
0.00583294440232218
0.00243562395690544
0.00769409344154748
0.0162466385412867
-0.00587508742797227
0.00517105932881146
0.0131155408056733
0.0179118959579083
0.00334393710496594
-0.00759438347590236
-0.00858840017941187
-0.00355397597119089
0.0157712994229682
-0.00910738444928105
-0.0126792203494867
0.00695374019360595
-0.00852082321809788
0.00252764703997999
0.00397807046118492
-0.0157375242397731
0.0141747466738886
-0.00234806290456924
0.000728523408156878
0.00240784519646264
0.00938498992751757
0.000608782991767365
-0.0023229977490653
0.00814946756432344
-0.00137475937174292
0.00247795696658737
-0.00670146102661695
0.0112260077285185
-0.00344528599231497
0.00263409433428285
0.000820940256436087
-0.0132341626750839
-0.000665013293449146
-0.0064885367933688
0.0213787447852218
0.0136080722179051
-0.0104599233813558
0.0214134366120711
-0.00597466637243849
-0.00654717734350507
-0.00264687777244144
0.010182472778463
-0.00514713433990499
-0.0185394877088738
0.0177365053114245
0.0041006259652665
0.0278344590703559
0.0184023631242283
-0.00143736650763815
0.010538777286885
0.000966515710608906
0.000660723741124247
0.00883745242946565
0.00724967005865995
0.00364870282630614
-0.00582668317988022
0.00295544750399612
0.0190290579411194
-0.00450913103224582
0.0100930677460829
-0.00233969092728226
-0.00571623040850888
0.00614220446519109
-0.0297909315733281
0.00377529439695379
0.0034100194892932
0.00869611692130778
0.00688697907261582
-0.0400551075678816
-0.00497232412372028
0.00329709441400694
-0.0119640667522465
0.0119530351517829
-0.00826828261982182
-0.00155353424704296
0.0076240911531984
-0.0230080349135682
0.0105368527531411
0.00938430227187648
-0.0183358451612218
0.00220981797547948
-0.0175346339255489
0.0172063803420242
-0.00168106744231422
-0.00226263952767036
-0.0108116818162983
-0.0022925624044845
-0.0350024198417566
-0.000775279645860327
-0.00288186651649447
-0.0031680302708762
0.0236966816717028
0.00206966224173222
0.0167953639916374
-0.00502486750855791
0.028850775564101
0.00313319060052231
0.0272774067482331
0.0010134640927022
-0.00359416333481399
-0.0136158511038373
-0.00772598530185897
0.00835712976975245
0.0139504070305365
-0.00675230742370769
0.0120118892456138
0.00691952101319471
0.00722312396055802
-0.0125000496140431
-0.00418571803570555
-0.0219285011977133
-0.00963082354810696
-0.00491452909678403
0.00572687431590513
-0.00720930422327126
0.000315791423966205
-0.00967917381338745
0.00180607143859746
0.00121949094741813
0.00148280991915684
-0.000264412245442269
-0.00185121656459564
0.00619997857347343
-0.00858439518157805
-0.0273572058432935
-0.00879301445790237
0.0147666148336929
-0.00434382911813902
-0.0158694883533154
0.00637256985144652
0.00847967067628597
0.0245700253749395
-0.0185451431455947
0.00141171202054302
-0.0167543085033895
0.0188595956514743
0.00460059549146452
-0.00447175257544452
-0.00405888085322481
-0.00239093083948771
-0.000272362335037024
0.000435883202850373
-0.00838684806630119
0.0113136916595595
-0.0017377647536535
-0.0131651229890336
0.0109702594587737
-0.00676157373227315
-0.0176777442002002
0.000558911327962708
-0.01351727650962
-0.0056621935017146
-0.0058652639037341
0.0101386411944251
0.00510345318615979
-0.00214389280677019
-0.00604959591930776
0.00830484627466133
0.0130317729051048
0.0129197076881553
-0.0132497829086249
-0.0164363553919401
-0.00730750584777384
-0.00764671856748689
-0.00885562422733599
0.00899282310865135
-0.0167328154394154
0.0118128888888889
0.0100565886011654
-0.000228851002198827
0.00606683833524024
0.0167254637428915
-0.00212625894065421
-0.00123360437890796
0.00404222445660873
0.00262805865864579
0.00379235406605716
0.00788932140981924
0.0111349371890208
-0.00201709106536352
-0.000710176998909406
-0.0063958784495225
0.00341114666073805
-0.00548305720246034
0.0180283874178964
0.00606558373351485
0.00317595406845128
0.000590255416450525
-0.00176973238714151
0.00580209522833397
0.0062493216202899
0.000849323216993048
0.00079551311383419
0.00635928467979774
0.00942605611667369
-0.013198382667866
0.012634800959298
0.00245367263189245
-0.00661391507938935
0.0048754547837484
0.00970367314235032
0.00640697553399217
-0.00816304039512805
-0.00507270039781871
-0.0116539509828955
-0.0415854816992921
-0.0273521766822362
0.0275566384901831
0.0206627190159767
-0.00759160625836652
-0.0271267350809075
-0.0240353102373011
0.0121136509946189
0.00445996148422156
-0.0168615109809073
0.0149782473699778
-0.0165595759598797
0.00263454744669378
0.0233063009631702
-0.0011164284979146
0.0119593158381657
0.012922442976337
0.00795991176491029
-0.0047598711391208
0.0097282228260871
-0.0137251095111458
0.00141887684406039
-0.0123705940054496
0.0086078300194854
-0.0143880360015114
0.012599849853467
0.0070712495176164
0.0118658446991844
0.00849920414736549
0.0230958080455688
-0.000417089832825179
0.0129870393362965
0.00375860362599822
0.000666863308543819
0.00799670383435802
-0.00854349068624638
-0.00441116623472415
0.0179803703870056
0.00511164542966025
0.020090583481654
-0.00222122024228688
0.00544180273791328
0.00782324818384073
-0.0087389981082947
0.00162530541458383
0.0138663867302549
-0.00232792567701712
-0.00641683902135104
-0.014335300231593
0.0213938094422881
-0.00908786491543256
-0.000784644456634953
-0.00363210455403684
-0.0399015073891626
-0.0173935305508526
0.0154039584200292
-0.00462824728788569
-0.0128125440464202
-0.0248063949674859
0.00697651082916195
-0.00431676084159427
0.0182519026039512
0.00420515127719856
0.00622907790831007
-0.00593039600333756
-0.0201475277648758
0.00667592376960258
0.00801100832906232
-0.019789447368421
0.0129939805360293
-0.0298950486611883
-0.00726697612792104
0.0312069950882603
0.00250854503357956
0.000692141823008585
-0.00377743654797791
-0.0118558130841121
-0.00232390964883478
0.00742142446084215
0.0200569768239125
0.0191881869138881
0.000672416482309091
-0.0152478264576016
0.00692836433070831
0.00396168690495591
0.00742467785800582
0.0016492655859881
-0.00138926674383533
0.00881075320681424
-0.00321767721805899
-0.00368929076267077
-0.0108002776095424
0.0199126654863817
-0.00244683695210113
-0.0211048288506839
-0.0285027774953307
0.00327781289808216
-0.006266477189945
-0.00684482617178939
0.00754327872050187
-0.00802545496013241
0.0121083565413298
-0.0309012617242895
0.011403886245593
0.0252874114716051
-0.0115845233766194
0.0269511485914495
-0.021563090467882
0.00403139125037488
-0.00273030686392284
0.00885760150771731
-0.00968441477034476
0.0117672451143558
-0.00382369085782752
-0.0191918432754895
-0.00815306029248963
-0.019454203626791
0.0127424919756187
0.00154515749232331
0.011240255351803
0.0153653735921395
0.00407832023359322
0.0114905349180132
0.0010039205591228
-0.000105589867071876
0.00131974876861229
-0.00268871266776149
0.0146429350810693
-0.00802338222336796
-0.0035188971697131
0.0254572397714066
0.00375203026060889
0.0108557072865478
0.00562281534627807
0.00569207121313564
-0.00981714029002179
0.000404684097276675
0.00126409462984078
0.0166144527499354
-0.0110277781633081
0.0027625848161652
0.00450808457477514
0.0228882624923599
-0.000828732978386149
-0.00956287535645917
-0.003103472906404
-0.00429903158321465
-0.000297756823821382
0.00809176421672197
0.0190574425892445
-0.00584713437859152
0.00952707936668595
0.00678898351592294
-0.00162606881991201
-0.00819118624715431
0.00777590425825769
-0.00896200021159765
0.00149916828905727
-0.00202806850715398
0.00691894739903542
-0.00225843062679154
0.00149295897463375
-0.00038471748571367
0.00577289666072311
-0.00387435774084999
-0.0217996451983014
-0.0217455722474691
0.0143007983346157
0.00756900666651328
0.00137476802057024
0.00304000985104214
-0.00444836959897066
-0.0122262886727627
0.0166526123840793
0.00215139346467064
0.0129780830852528
0.00394955697788157
0.0114181777833604
0.0105302434602423
0.00413070329006238
-0.0499251734286198
0.00393617388466416
-0.0370024909773449
0.0147081272658118
-0.0196108130301231
-0.0101294111110175
0.00186056638946286
0.00660303822740138
0.00317734322817231
0.00960411238825043
-0.00779238456225306
0.00530373308794396
0.00324658339048889
-0.000657354489409845
0.00313699657527322
-0.0043377434766908
0.0105876953572754
-0.00411051671485996
0.00422810192004941
0.00972383363550278
0.000992787306916654
-0.00689312690978805
0.00734046258215471
0.00540331642102454
0.00690264249916916
0.00974442263370667
-0.00155185485251452
0.00519698870851903
0.00710275391515625
0.00076765823237368
0.00239704688426179
-0.0123869914847576
0.00702177723970943
0.0247174757112405
0.00863483520831254
0.0091657798546525
0.00110652377426979
0.0142304366502277
-0.0122145168635429
-0.00896385521167131
0.0184145928552268
0.00992898077909432
-0.0012627310980714
0.012553047557702
-0.00923121188835152
0.00346583250183041
-0.00296045121592847
0.0033741227432702
0.000941604272705954
0.00430026867272293
0.00490636045815829
-0.00363962267679152
8.911261741118e-05
-0.0124721737193764
0.010690167036854
0.0132547235561071
0.00246658305702119
-0.0175307772179936
-0.00581370687440763
-0.0121002340164656
0.000409853392447257
0.00118335074287268
0.00300042731735961
-0.00747862467754556
-0.0202301264084415
0.00312280582909152
-0.00529690082103473
-0.0117245654734253
0.0113437345587457
0.00177597325898038
-0.011429960025287
0.00278438422230454
-0.00244719275148964
0.0107090814232718
0.00611462831136511
-0.00830437473944268
0.00902885032346679
0.000973582447275412
-0.0019916304397859
0.00255257343225246
0.00310155535410495
0.00678389397956614
0.00362116329994211
-0.00849509488689315
-0.0331199140102247
0.0113387568748573
-0.0252496750765484
0.00415620050411958
0.000625685824553246
0.0039439756828632
0.00412015530340937
-0.00429406945549071
0.0104460826062955
0.0124247643672586
0
0.00594870940211001
-0.00852114938818105
-0.00150280378772183
-0.0236583367496433
-0.00274596297575913
-0.0249746346788714
-0.014714630691927
-0.0158394633639931
0.00388307273715993
0.00167957047393275
0.00350592961237672
-0.00987340253164559
0.0172334182986436
-0.000653554199211204
-0.00905472138127206
0.00253819984420023
0.00481035483289394
0.000100811327345074
-0.00604661875276458
-0.00359927009021777
0.00234033066893424
0.00131977567940145
-0.0450651331664189
-0.0273384056869518
-0.00191011847208677
0.0168416552700772
-0.0145730635512398
-0.0194816207366986
-0.00194785737775482
0.00529747944797321
0.00915239632323273
0.00725557659973086
-0.0134788594815826
0.00835266073875807
0.00175548857473484
0.0163189035851328
-0.0073279811914001
-0.00700208450311213
-0.0123538262561077
0.000830246877417284
-0.00635961393176343
0.0105744049088425
-0.00451595435052365
0.00298743093016784
0.000165466075585208
0.00534936849556744
-0.0145365274623721
-0.0157527809324614
0.0143648563479584
0.00780549728029944
-0.0035958952090035
0.0202098660806735
-0.000489774149659894
-0.00125237392459165
0.014665006283896
0.0070384592477557
-0.0328122191201277
-0.00706089478740568
0.00716662777777777
0.00739153870451092
0.00191639374920882
-0.0262870155489565
-0.0108323119586048
-0.00164552877764612
5.68911632319313e-05
-0.0100023296771067
0.0102181345043306
0.00960337560184965
0.0278606239416967
0.00799478173241663
0.00173833114147826
0.0131779179992815
-0.0049242519410776
-0.00925179905864559
-0.0119441716494471
0.00604423852837432
0.00502484581407714
0.00717356141442216
0.00669079472626355
-0.0195637501369661
0.00880166749181788
0.00254701675904734
-0.00464865405405412
-0.00944935923454626
-0.00169955049450266
-0.0141688234207002
-0.00986011948805421
0.0339259526857782
-0.0121891764229378
0.00787752992826274
0.0129536232472927
-0.0175902172601282
-0.0165321518332231
0.00871214686375676
0.00758504062631604
0.00060443429297119
-0.00236138377721973
-0.00401825292033087
-0.0132641150296881
0.00358463103557982
0.0106596889977555
0.0224750570981291
-0.0024843756214219
0.00157015703687313
-0.00378405308978713
0.0110695592679304
-0.0103580098711104
-0.0101951738675219
-0.00756084248168221
-0.00960585740093767
-0.00334443154998088
-0.00844524594331242
-0.0146651875608118
-0.0307401393240581
-0.00679192624885738
0.00309213299746847
-0.00865496462558579
0.0165640379492684
-0.00352944705882352
-0.008146340312149
0.000535632650026763
0.00505624885458178
-0.0210701518259289
0.0130592749598286
0.00232751852861668
-0.0107174934930186
0.0114355044755525
0.010770591893414
0.00105964911656864
0.0117031644432024
0.0118002616508763
-0.0201080089636678
-0.00158304997165859
-0.00287738575454644
5.88633676290584e-05
0.00989345162114663
0.0108461189910165
-0.000403847692973303
0.00323174632520629
0.00419932706395132
0.000916474729820038
-0.00171695190790255
0.00171990490190521
-0.0157385684367554
-0.0176764395319559
-0.00532738835885649
-0.0178528929122248
0.0171473710617522
-0.0155477457421738
0.0202711249023093
0.00106750488661711
-0.0189584521162934
-0.00102661998977294
-0.00544066020361089
-0.0102115728127504
-0.0023335114795755
0.01963552174413
-0.0233624819811342
-0.0265793239373181
-0.0083819661768344
-0.0129994809682509
0.000843378938448769
-0.00162064052964606
0.0250633083911209
-0.00171019831855945
-0.00222085016925699
0.0160890238473768
0.00575790465488724
-0.0214063600760366
-0.0144982772001233
-0.00471025950987891
0.00376014262560775
-0.0141445648240709
-0.00248954404146706
0.00545120863822435
0.0142400421775437
-0.0045082564691632
0.00666364076699555
0.0266066763519275
-0.00582200432509061
0.00522637749797084
0.00682784394154257
-0.0029241648211078
-0.00804938250497267
6.28734977488055e-05
-0.00125800103806772
0.00220434564935346
-0.00144542822078098
0.00975458186612643
0.011966332414453
0.00880709517789913
-0.00744811341670115
-0.00504371380189794
0.0211424215239373
-0.0420752954021496
-0.0154837708521461
0.00552060601823468
-0.00766085934410654
-0.009650025609238
0.0102637519778648
0.0162679972667696
0.0169566146733955
0.00871031565259295
-0.0141861649853153
0.00275293746164129
0.00461715219025027
-0.00267059818242954
-0.00336286581936895
0.00956019786879136
0.0136163700234289
0.015631665979565
-0.0349305472863519
-0.012584126275003
0.0383596340694006
-0.0195042347854633
0.00359423695836392
0.0159308554973299
0.011183346570129
-0.0137043882221669
-0.00414401862743674
-0.0138303038044109
-0.0202295694779858
0.0155171132783403
-0.0177746730142118
0.00292076947994246
-0.00474833817185827
-0.0230279584547319
0.00651126440277028
-0.0087333806607145
0.0283235078854926
-0.00577522979992007
0.0151920652319146
-0.0138958192735836
-0.00369828471978217
0.00492802559999994
-0.00108265186389878
0.0085431683056485
-0.008281161789226
0.011792395085658
0.0130410574696922
-0.0077114737367262
0.00476315498575031
-0.017277968307474
0.01827984731933
0.0206944283791124
0.00622903206106873
-0.0197244639260918
-0.0110822681752781
0.00106428350502186
-0.00200120082556088
-0.00482519106623402
0.0105156981363352
0.0188808516670202
-0.0207937991802886
0.00924361370780336
-0.00358933730031163
-0.0081982053350167
-0.00407044268181533
0.00503020017109779
0.00888387784994693
-0.00632512732001511
0.00324506979390082
0.013374030025318
0.0133202255645395
-0.00327119574423074
0.0107572935170843
