0.0257584724029329
0.0178571428571426
0.0186403508771931
-0.0115715823466093
0.00980125238224905
0.00862766244270685
0.011761507618284
0.0153236996208033
0.0049440281030444
-0.00103565512780046
0.0145152143849034
-0.00306589174925631
0.000768810866222269
0.014084481794737
0.00555560634119234
-0.00401808136614779
0.00428648512355023
-0.00175756958284856
0.00226358160279583
-0.00175656219606346
-0.005530367157626
-0.00328617281885302
0.00481864062896276
-0.00706711274778171
0.00279616166751384
0.000253434721078971
0.0111506084934263
-0.00350887200456773
-0.00226358160279594
-0.00957895183155799
-0.0111988543853688
0.0138996403551939
0.0116780657953304
0.00451696384024913
0.0322258564133364
0.00266214908034845
0.00627562153029215
-0.0196689858399852
0.00367019827918291
-0.0192588980984887
-0.00546860551826978
-0.00674821328408981
0.0203824096435627
0.028606659151829
0.00575406391162936
0.00429082230534394
0.0113933061620386
-0.00422438384828949
0.000942752769267141
0.00518007993454006
-0.00257664564480309
-0.0159699381883542
-0.00405732677530668
-0.0357056793673616
-0.0288270363406045
0.0104912993607318
0.0172194470894178
-0.0336071214143451
-0.0105615662029882
-0.00859146055714644
-0.0186450357854498
-0.0176612260546219
0.0403159912916369
-0.00733173624853989
0.0145080189923505
0.0364015090067993
-0.010286000745459
0.00937893512347432
-0.015821220492215
-0.0262821900046489
0.0193920859538785
-0.0123394338128826
0.0213431557180195
0.0124872062952495
-0.00352378555247912
0.018186435968679
0.0210865536818021
-0.0111758746355685
0.00638815709120011
-0.00439453135728851
0.0191270725631947
0.000240591909514087
0.00240553283617984
-0.0167985849195385
-0.00732250409268975
0.0100812397384431
-0.00219084702089356
0.0112222243853515
-0.00337756324782723
-0.00314696191849528
-0.00437105390966486
0.00658536585365854
0.00363455294402715
-0.0111057224097403
0.00634770523309824
0.0169819743575454
0.00405539141485645
-0.0225707056307912
0.00656298022758817
0.0316348949529102
-0.00678841276244357
0.00824885694084365
0.00303882662549859
-0.00838967606618501
-0.00987069353397629
0.0125800851511966
-0.0171120487576183
-0.00906274743620317
-0.0243080150254638
0.00394671919223688
-0.00368555273499871
0.0143033788977405
-0.000972550426147523
-0.00608420540277443
0.0129774485798235
-0.00700983821633638
0.00267762888619139
0.00436999282277228
0.00338407066434798
-0.000240857636273684
0.00987951807228904
-0.00620372226198984
0.0146457616016442
-0.00307612413990188
-0.0170899829791128
0.0086935522820577
-0.0071821642327029
-0.0012057631732395
-0.0123128446312335
-0.0107552921046198
0.00395354573873119
0.0127984491066098
0.0133657101644855
-0.00479618693534323
0.00433734939759045
0.018474112284069
-0.00659606580456851
-0.00711403875333361
-0.00310477676390686
0.0148538325417427
0.00684610465424695
0.000234419684200571
0.00562592592592592
-0.0027972725968638
-0.0147264379318942
0.0149465473334971
0.0196353440774977
-0.0149013758574363
-0.0016290202087732
0
-0.00419582731021773
0.0063202479793949
0.000465131404274066
-0.00767258812706761
-0.0164011246485474
0.00857551214864238
0.0144072035899858
-0.0111757855372343
0.0129502940204782
-0.00418410041841
0.0133053221288513
0.013821653996775
-0.00318107262808787
-0.00296323234472839
0.00411513469981095
0.00865211788033315
-0.00925507921569024
-0.000455684676593515
-0.0063824710823448
0.0130763936682723
0.00769927536231885
-0.00831458426966292
-0.00725130280418529
0.00136950464803687
-0.0282652844373212
0.00914846330873886
0.0183635750813573
-0.00616297634871099
-0.000918718398743135
-0.0101149195402299
-0.0143985598142462
0.0181432615019619
0.0152742424270826
0.0104855940388784
0.00969988677194289
0.011170688613525
0.00198851091420726
-0.0132303864710204
-0.00201117318435762
0.00268694581280782
-0.00178646721273923
-0.00805371346635986
-0.000676567433468778
-0.00880169242153706
0.00614756403222061
0.00656259349541966
0.00472120053956848
-0.00783170749231832
-0.0074425349571493
0.00318118623863595
0.011098459293388
-0.00492833792402203
-0.0123817880406027
0.0186915892111144
-0.0156633926082658
-0.0236417584159236
0.00977876577930692
0.0177542083872311
0.000453126426214867
0.0022644474637683
-0.00971522863602481
-0.0330823849836922
-0.038933481856218
-0.0594156395777068
-0.0174889580399644
0.0369288001309456
0.0366384841567637
0.00123576374779444
-0.00345591229108433
-0.0470646035933763
0.0124772546795617
0.00975612298443851
-0.0132214841992635
0.0286007980262613
-0.0125250507277079
0.00583470349237469
-0.00353099603878959
0.00227790444332587
0.0131313390470373
-0.00149546364644726
-0.0252122310231595
-0.0322662748339636
0.0140248474722191
-0.0114822286012526
0.00316787214445946
-0.00736839473684203
0.0220041881759228
-0.0332036065681869
0.0083177354440569
0.0175625323276991
0.00915266688532101
-0.00777400881057289
0.0245494639710246
-0.000764695386183956
0.00892852018039481
0.00758530992630368
-0.0105394735527966
0.00329700735480598
-0.00631951450152901
-0.0206054688220435
0.0264935064935066
0.0123987348178138
-0.0029992253436254
0.0150414393342049
-0.00642138767985245
0.013919985085757
0.0235351550984273
-0.00910182035928142
-0.00531779079810946
0.0332927808849195
-0.00258701787394178
-0.0209856165998584
0.0248072976878613
0.000940094029144412
0.00234794552711892
0.0163972831201051
0.0147499427229763
-0.0181694076350081
0.012028683784409
-0.00685711999999994
-0.0200229914839357
-0.0143259974482857
0.0195377646047707
0.00373919131247513
0.0190919436765555
-0.00388398446424498
-0.00275224783267203
-0.00114995400183981
-0.000460511167395872
-0.00230359364201793
0.00484874151815418
-0.00229784007352951
0.0133579462624571
-0.0145454318181819
-0.0147601472610666
0.0379213240186955
-0.0117275597654489
-0.0155180511182108
-0.0201668757572294
0.013484740951029
-0.0245097805788984
0.00478585774621054
0.0311978313313728
0.0177829334360955
-0.0188336283185842
-0.0242831394873663
0.00616264532265109
0.00824494680223919
0.0128504442254778
0.000230749722295309
-0.00438198790631938
0.0148251802096446
-0.0114129191642794
-0.0108520200680668
-0.0294117180205417
0.00456945624966543
-0.0136461335887
-0.0417475960740875
-0.0144376899696048
-0.00514009252120262
0.0175665207327957
-0.0327494550076024
0.00419947528606168
-0.0214322802630571
-0.00854700877529402
-0.0153556038619506
-0.0134062383968875
-0.0219079583497515
-0.0326056421888291
0.0263775212889075
0.0079954026270701
0.0288952132831506
0.00715864537444943
-0.012848577755682
-0.0481861520856783
0.00261856277621675
0.0118978529279701
-0.0157728424368466
-0.0501166083916084
0.0171779765139861
-0.00965018094089243
-0.0450669610231426
0.0691963625894016
0.0226663293369023
0.00408279369837294
-0.0156840255591053
0.00767196835857087
0.0204976854759773
-0.0292681795849744
-0.0121195381543282
0.0113704674668142
0.021893550943596
-0.0393746659127195
0.0551536467751659
0.0279921181372245
0.0155597935226568
0.0136798909351543
-0.00836699077913616
-0.0359282506299264
-0.010446048020669
0.017688987665877
0.0370060015142137
-0.00270351431719285
-0.00135535379114538
-0.0122150108577633
0.00659527360800416
0.0152879602705989
-0.00215106217131122
-0.00377256793930003
-0.00919664568037215
-0.000819082696721707
0.0049180603780361
-0.0122348290439049
0.00440407352578731
-0.0112359544403422
0.0149666565983007
-0.00327687065201721
-0.0205479452054794
0.011188867132867
-0.0221301232569781
0.00792087739297753
0.0112264380795273
0.0199833755199383
0.0462585306122449
0.00624182038382792
-0.00568617228447066
0.00493888731637915
0.0150026383859285
0.013506574235139
0.00251443298969067
0.0524203675049002
0.000715038148594749
0.0107167653861984
0.00306317160846303
-0.0117453605825699
-0.00784402186831479
0.00934353093706131
-0.0166152618890277
-0.0190683321264783
-0.00688971473645972
0.0066897917073887
-0.00664533579509397
0.0272546574020156
-0.00144710567889794
-0.00120782602860747
-0.0191051278890025
0.0128205371592569
0.000486757522553116
0.0416059144333778
-0.0044382619846236
-0.00164242143694093
-0.00141003528578232
0.0145916444061358
0.0201809088336602
-0.0145520691223282
0.0110752191970465
0
0.000228251939753621
0.00479121584343067
-0.0161216844659017
0.014770343190845
-0.0129633610879382
0.00207373262333022
-0.0119567941155762
-0.0114033276378096
-0.0138889124293784
-0.0272141090287447
0.00638031901840508
-0.00633986863398539
0.0125152883435584
0.00920991319485776
0.0007204370970324
0.000479985624189494
0.0364595835082655
-0.0617912071694333
-0.0666009110359912
0.035940829809725
0.0214285708819242
0.0259740503003485
-0.00900688855857401
-0.0297224030882438
0.0172151898734176
0.0129417869586859
0.0181817685950425
0.0103764481268447
0.0191067355888879
0.00164059065575772
0.0262049356010794
-0.00820795694920295
-0.00252875862068958
-0.00276559121377251
0
-0.00231111624682234
-0.0178363686743742
-0.00235856120950184
0.00614661953065299
-0.00493428089910053
0.00259742633281834
-0.00400372124361115
-0.00969496311905971
-0.0121776978945153
0.0164370320627758
-0.00237807377831323
0.0226460304494391
-0.00606067570812696
-0.00140705913243577
-0.015735133126579
0.00310190885230255
-0.00475739760329674
0.00621410133843203
0.000237600961406237
0.00902400833474215
0.00847248724535254
0.000233442251269089
0.0004666355467422
-0.00443101668770951
0.000234293751096182
0.00070255267675523
0.0100631874561199
0.00973127896200188
0.00963740203591557
0.0015909090909092
-0.00635350578624927
0.00411052742382911
-0.0131908571027779
0.00391799962936146
0.00734618899572559
-0.0111668639205363
0.0170546673670122
-0.00770450922944699
-0.00867780295323584
0.01612533978346
-0.00906828363028134
0.00343175482570923
-0.00182403096616435
0.0116492008142806
-0.00316096177103264
0.000679456367861597
-0.0330466047985513
0.0142790492912206
0.00600041513960714
-0.0100940123881624
0.015063660947223
-0.000684908691436226
0.0219328307059627
0.0223563603845294
0.00131207085064511
-0.00218392657383859
0.0102867369290158
-0.0114817807625649
0.00153407842353537
-0.0205689929853612
0.00603219419268064
-0.00710637368657263
0.0145381797033812
0.018738932567484
0.00476089601300345
-0.0165841051044584
-0.00459918966272443
-0.00616068193265829
0.00841268578316079
0.00241495065674968
-0.00963642137538312
0.000221118969015333
0.00176875967278356
-0.012579982066211
0.00379968691105548
-0.000890692496103296
0.0291954764697009
-0.0125595928973582
0.0557017787588501
0.0361446206095684
0.0140337006007678
0.0324238619049482
0.00306396010984367
-0.0303550967858898
0.0120102576883194
0.00739293745552771
-0.00115870994899003
0.00696057604484568
0.00537632467832849
0.00190981661745959
-0.0171558905290868
-0.00814588812750405
0.0158389130981407
0.0146294126154107
-0.0127110228175115
0.00960799366625675
0.0237913965780092
0.0124558093984792
0.00605953004148962
0.000912557019300042
-0.0134938366156091
0.00646955661624982
0.0124885213500732
0.0121530561916732
-0.00949819013437614
0.000904649900488552
0.0153651120751988
-0.00267042914973925
0.00232063548732597
0.000356117529612954
0.00391669944513806
-0.0161375956044972
-0.0142393835616438
0.00292556231350449
0.0116682593133366
0.0117137678243371
-0.0220875850033414
0.0114753547732112
-0.00522234837425439
0.00832728065433463
0.00592456003726105
-0.00963764072171414
0.00865018891150893
-0.0373414322433191
0.00890868580347637
-0.00956587546788301
0.0185735512630014
0.00547044128373453
0.0243017958705438
0.0299220609065156
0.00154718932601661
-0.0087538279695788
-0.00831168831168827
-0.00785751702462023
0.00563180218233028
-0.00542521885588421
0.02005980925357
-0.00431257539567753
-0.00554398812293855
-0.00818818786800746
0.0140523449850694
0.000519625844448424
0.00657896490924403
0.0249398181104199
0.00755161939922799
-0.00316460687600584
-0.00434416054617071
0.00335628461151183
-0.00016728549644951
0.000334560059126243
-0.00852839479144474
0.00640912453349429
-0.00301652431763111
0.0319380893616377
-0.0270402187170585
0.00535742507952452
-0.00632807670821112
0.000837992319021152
-0.00552582040311755
-0.0011786327863047
-0.00640595077545514
-0.00305397019093934
-0.00204218863315819
-0.0124488235410782
0.00777069590744262
-0.0111377996720732
-0.00762431134334274
-0.0501134625458356
-0.00404415426308258
0.012366149870801
-0.000729206954574568
-0.00857509562898928
0.013985977180714
-0.00127039932015971
0.0190805564070609
-0.0139087548534681
0.00289330927474341
-0.00378649483928051
-0.008144814479638
0.013868649888114
-0.00377975155184029
-0.00885270131355742
0.0020051038642892
-0.0178278876145556
-0.0100018703462911
0.0198315618366407
-0.0130251151357592
0.00650563209118271
0.0247460748016224
-0.0115336813287553
0.0355515236299553
0.0068661973039823
0.00856794909193814
-0.00884192094313452
-0.00629695666597718
0.016546364785313
-0.0103895757575757
0.0143481884742542
-0.000690029313610063
-0.00155359917141373
0.00553250345781464
-0.00928474896836307
-0.000347119061907653
-0.0112846705307177
-0.0108867250063789
0.00692346859849224
0.00564174884270519
-0.060483887438922
0.00895689494308627
-0.000369909376733868
0.0035153192139743
0.0101400991836247
-0.00438039780287647
-0.000183281396577195
-0.00403375496821123
-0.00533875184094268
-0.0122154360950478
0.0146150087055463
-0.0121883652007991
0.00523458570818547
-0.00688112330295709
0.0138576212038344
0.0193941636386066
0.0246421457626771
-0.00618917782827899
0.000711761553171542
0.0033783426963605
-0.0072656388445862
0.00232063548732597
0.00302756890373757
-0.0110085049715909
-0.00736086162727367
-0.0101284317213162
-0.00548145441257075
0.00698146242880759
0.00729790170958045
0.0159391598612417
0.0130147976466393
-0.0017599260823653
0.0158673833591787
0.00173554324428227
-0.00623700612895006
0.00714782065641884
-0.003808222260689
-0.0064291747424704
-0.00192374956278418
0.00735941825827924
-0.0154810222480075
0.000353374570790654
-0.0116566586304602
-0.00142955685185064
-0.00447387250404663
0.00629155120813318
0.0189353519113968
0.00648665837155238
-0.0118446263717122
-0.000528803102414876
-0.00194005287583676
0.0123696942922777
0.00698198626318769
-0.000866701349743426
0.00277585015225279
0.011245709537123
-0.00667236943246585
-0.000172270062482438
-0.0077519553445643
-0.0204861118224344
-0.00762134022053673
0.0235756198044073
0.000697906112407942
0.0019180645830188
-0.0231465023172034
0
-0.00623556019534011
0.0132664218943426
-0.00336160651096962
-0.0017752884155765
0.00320113818246481
-0.0113455061159368
-0.0116550295857989
0.00671268154413429
-0.00702836521793593
0.00689658827210837
-0.0295602018745492
-0.000371471025260139
-0.0282423076923077
0.00133843214796237
0.0229139015259481
0.0199738473025948
0.0113469804419286
-0.00940998948280825
0.0016441358551651
0.0133138605393448
0.0084592871047644
0.0114224346140004
0.00599964729132352
0.00368361703854125
0.00436910163633164
0.011484252453728
0.0196111986992742
0.00050614138687366
0.00792581800886705
0.0010038815459259
-0.00518138040510174
0.00168009072580633
0.0171083531886675
0.00214381599841396
-0.00608849761395425
0.00596019847813922
-0.00971033606683136
-0.00830978920757153
-0.00351933981965269
