0.0179784705248989
0.000593662834386999
0.0229902557991768
-0.015513976866551
0.0153166416696131
0.0426457051741889
0.00667785225422302
0.00815362067228276
0.0119260183108711
-0.00365750474126236
0.0259686733119506
0.00530084820170762
0.00949118099800716
0.00835726016303839
0.00815846920281715
-0.000513808619494238
0.00398412810651916
-0.00563239865722986
-0.00296090370751811
-0.0125241321829876
-0.00536091767674229
-0.00525834100170874
0.00251094231560556
0.000263590821729665
0.00421718519572423
0.00485568260586677
0.0083583518349224
-0.000258994952195057
-0.00414560165447342
-0.00182125659602228
-0.00925330343073216
0.0184162201427081
0.0120124002069852
-0.000893414190004105
0.0127746552475045
0.00554997484296127
-0.00150530605236687
-0.0153266461137348
-0.00229650429815664
-0.0378516510684777
0.00239234456120019
-0.00702730063715995
0.0263052747537089
0.0339578449914411
0.00327169997141441
-0.000877950550183693
0.00841072014005917
-0.00323667364031688
-0.00212311727238657
0.000125181473712654
-0.00875991696859391
-0.00896350219623154
-0.00191085350318476
-0.0165921510297932
-0.0285529515164328
0.00935210445830603
0.0211780137189406
-0.0145172128446607
-0.00868073140445536
-0.00238823129674004
-0.0244713918214819
-0.00777094772381581
0.0120913027217822
-0.0062450037336409
0.0210382658895465
0.031442307504477
-0.060837906905586
0.0121546543603688
-0.0100982261203361
-0.017369754378691
0.0072952301809095
-0.00403901097330039
0.020556578924442
0.0224719091886034
-0.0113911279258457
0.0124712625378038
0.0191458155269562
0.000525499191060153
0.0145744871547013
-0.00362364450460639
0.00519549305612399
-0.00594390755839136
0.00441956323930848
-0.0132004275864021
0.00380329180327865
0.0142408673341929
-0.00682724488576247
0.0143969005031621
-0.0166218516381773
-0.0273047183822798
-0.00481220437941998
0.0150436943603907
-0.00264651316660047
-0.00318437031241714
-0.00612270755181843
-0.0249096029170914
0.0104381543864347
-0.0303113225499524
0.0151388009609645
0.0172604257735549
-0.00352917072157388
0.0202969339165273
0.00881169535883308
-0.00569085510034018
-0.00399301227178284
0.0188426561848816
-0.0087880117730329
-0.0108508667460632
-0.0197993712374581
0.00518636570982789
-0.002444005364725
0.00558045453136735
-0.00473738514093336
-0.0010880185106491
0.00707970076567865
0.0091929294417612
0.00736764883140917
0.00771279286088289
0.00580630780953162
0.00170554970210524
0.00392932557771641
-0.00339208079864106
0.00183270063925511
-0.00117597022312776
-0.00994246441804125
0.00792810517970399
0.00511272948495978
0.0164340945985155
0.00333635313743108
-0.0234045396238769
0.00746462797977188
0.00714939555439997
0.00219410161871059
-0.00682548598002619
0.00687239340486023
0.0140372951954335
0.000127025657277846
-0.00939679999999998
0.00205096777205571
0.00741975201278611
-0.00926987936507928
-0.00333241489358171
0.00308639395353927
-0.00358973076923086
0.00167263250549876
0.0107900323902386
0.0053373870800002
-0.00202255085295733
-0.000633248915766216
-0.00354878318000551
-0.0128466288661933
0.0110810461141471
0.00828344579733087
-0.0150404822406287
-0.00628766842037731
-0.00374483461402808
0.0155540631094215
-0.01301845598005
0.0153885292800071
0.00343866543958216
0.00456912038876611
0.0193303595873568
0.0019830937035199
-0.00247398577308189
-0.0101686385189564
0.000250513655725371
-0.00438374270459629
0.00528375909633305
-0.0120136022017969
0.0072197596156971
0.00477873508974103
-0.00175219019393769
-0.0137913487013203
0.00406812844809923
-0.034059279536872
0.00930658003268348
0.00558441558441558
-0.00542422833527068
-0.00506426424972695
0.000130435912407911
-0.0264909184323732
0.0046916757289992
0.0136091266287843
0.0164538631505349
0.00414400409033933
0.0058034175160766
0.016797089801182
0.00100875153813051
0.00529108107676035
0.00187962398948782
0.0108818390574799
-0.0137342365751051
-0.0543219427213892
-0.00729629904336571
0.0179072025148417
0.00328213215917383
0.00955252576688093
-0.00764749170064838
0.0082288925869618
0.0124368438285569
-0.000639846432761493
0.00320102440975734
0.00204216980324623
0.0129919370018612
-0.0138312462445774
-0.015555284967487
0.00440362653028936
0.0118632877422324
-0.00433291698314098
0.00319979533597059
-0.00548609360115193
-0.026042323003553
-0.0268704037637093
-0.0598267214331372
-0.0197236253919324
0.0393596880223051
0.0306627821391598
0.00233066897914247
-0.0162768839245399
-0.0311456905212928
0.016360505166475
0.00889574978819541
-0.0198740106315188
0.0312723408720881
-0.0132927026683369
0.00505193642851709
-0.00139634174547565
-0.00307597887622957
0.00883586218081933
0.00222432920895299
-0.00832290238995159
-0.034830019158764
0.0121738550724637
-0.0176116132652699
-0.000728800455782053
-0.0121061117883929
0.0149120767055038
-0.0341867772530339
0.00346443746745639
0.00885613889870274
-0.00148784409295999
0.000149038889151631
0.0230928922932261
-0.00815490048507084
0.0133606810547544
0.00623007850898616
-0.00979121712561037
0.00494407466674729
-0.0202575890571901
-0.0158026881672232
0.0280612699288905
0
-0.0100715513042899
0.00648779121203202
-0.0156753584624857
0.0309569123096618
-0.0307492145553291
-0.00327675012327588
0.008218813754298
0.0425373493028405
-0.00796128848230238
-0.0111779737916019
0.0191304347826087
0.0132252559726964
0.000280659649122939
0.016697096254964
0.0160088878830926
-0.0162999857525133
-0.0136702295959743
0.00307996640067199
-0.0143754217899394
-0.00934585063668147
0.00900510304466984
0.00552496135571379
0.0267680180289653
-0.00356742605244631
0.00220319462118446
-0.00219835122558887
-0.00385578337142178
0.00663538881036141
-0.000274608624004302
-0.00302199163370931
-0.00206671253605073
-0.000966436559436845
-0.0140962546421192
0.0329409326011176
-0.0158773913454365
-0.0215112805368705
-0.0300168690814102
0.00319629512723263
-0.0424330177074722
-0.00589836633854968
0.0255591194785127
0.017801467568523
-0.0322110329075785
-0.0251505865918499
0.0160666453236531
0.00957891179468962
0.0114458129082586
-0.00029787073866161
0.000446812636979654
0.00714610710573482
-0.0159645523735537
-0.0031545591107105
-0.0183845988790746
0.00153513972267638
-0.0332617729387422
-0.045187870619946
-0.0260710556946022
-0.0035806136886406
0.0155715095066993
-0.0427969180386493
0.0110895615016799
-0.0430013586873496
0.0103692921526415
-0.00738206684583953
-0.0126972789280377
0.0257211464266029
-0.0288375594183213
0.0315381587691228
-0.071875558734132
0.00134848776728957
0.0721431319738361
-0.016867019558586
-0.0332177398573144
0.0152916364868483
0.0247304206904131
-0.0125204679274094
-0.0156192214487034
-0.00317338062348327
0.00617973759626445
-0.025125609529127
0.0439098693411633
0.0358448975859547
-0.00105926908649845
-0.0176740891596292
0.0109751165536123
0.0112119774196828
-0.0209433122140091
-0.0260650903098132
0.0103359542266519
0.0122396414965422
-0.0113698068940624
0.0430814173618368
0.00962548144251807
0.00624024971815307
0.0106804308472082
-0.00289752864828796
-0.020854717948718
-0.00506279687609634
-0.00736974882015262
0.0243945730952801
-0.00327874023677754
-0.0174861155639238
0.00176207929515426
0.00967465293490433
0.0287455913329062
0.0150719731595592
-0.00967630980440959
0.00471694735988981
-0.0149228540396187
-0.00578723404255321
0.00136966272898476
0.000512873978017803
0
0.00734793233082698
-0.00254456314597862
-0.0202380615686746
0.0102412773782108
-0.0347079203658432
0.00160199359202573
0.00533143771103606
0.0162630722998054
0.0391372398978174
0.0056913289021987
-0.00848871476402413
0.00537181467181469
0.00617797639302009
0.0247262205352214
-0.00906884210526315
0.0114397779284161
-0.00775567955656298
0.0174238723334961
0.0232074263764406
-0.0175191459408728
-0.00811975787104346
0.0097913484717711
-0.0294070735972023
-0.0170324432192525
-0.00466507830723106
0.000334717096259984
0.000669360798840613
0.0219063883261938
-0.0119456715440079
-0.00579665442536181
-0.0133266535619966
0.00810398446733096
-0.000334952274911315
0.0303233545036581
-0.0126829105691056
0.011693000466189
-0.002930164414781
0.0212244734693878
0.0180655638379787
-0.0127198649497487
0.00731673305736802
-0.00426339793894215
-0.00158582300054189
0.000635339908439336
-0.0315873333333333
0.0252417808635232
-0.0124700081929657
-0.00372347417840391
-0.0203119918701333
-0.0184110297161879
-0.00118281514025009
-0.0150566737429084
-0.00532464779586672
-0.00621656017958894
0.00677671601697161
0.0122541079091147
0.00221648756295001
-0.0049335999478326
0.0304325173386044
-0.0876057408329186
-0.0763775385932883
0.00945065939258405
0.0173590793836551
0.0337422929447853
-0.0014836424882656
-0.0230312407132245
-0.00912545662073982
-0.00153488107319422
0.022867005709704
0.0071388502724028
0.0205185222809454
0.00182785600124014
0.0257252321524315
0.012273194374365
0.0124758214725005
-0.00277681365457849
0.00539507492856028
-0.00813572788644634
0.0164049392042747
-0.00772666525663923
0.00917111941216264
0.0931069958847737
0.0266666196078431
0.00504204759551041
0.0024323959019823
-0.00925083381101521
0.0079595283037035
-0.000911116200793094
0.03283167604755
0.00338488609499144
-0.00542684071575261
-0.00176959155787004
0.0119662871335118
-0.00379564963503654
0.014214551999254
-0.00317874589190492
0.00144945648498207
-0.000578853702640214
-0.000434554651648655
-0.000724369779384504
0.00507465557380504
-0.00432779861511812
0.00028982904765984
0.000434516216185843
0.00810767337483731
0.0101967403502832
-0.00142163784029781
-0.00170835711014683
0.00727315998546096
-0.00368107052305278
0.00284207746871901
-0.000425095649709384
-0.0119081937637059
0.0136299145034398
-0.0208068217747537
0.00346918184446365
0.01368488947522
-0.0153474769640125
-0.00389672385774675
0.0137641848926766
0.0157210087791766
-0.000422104966933845
-0.00591213392578649
-0.018266793333328
0.0108178274681141
0.00513698615476654
-0.0262635710884848
0.0151625756035909
0.0027287520922914
0.0219134631910629
0.0189207994091325
-0.00275099048491012
-0.00331031724137931
-0.00581242718482078
-0.0208797339019896
0.00412284641017036
-0.0264759320321082
0.00363583468191297
-0.00550652063450163
0.0166108123245292
0.0108929630597518
0.00708918200892072
-0.00211181194019161
0.00775963633294174
-0.00755986280274401
-0.00987441119867971
0.0088331098779566
-0.00466028822652975
-0.00383093059743489
0.00655175910200501
-0.009763619916899
0.00528715324576368
0.000568599874018583
0.0277027564668668
-0.00110580597765031
0.0453916262000658
0.0158855835863703
-0.00377900713523605
0.0269457826139614
0.00942552517066542
-0.0172871041009464
0.00821777124619039
-0.000254673978146047
0.00114644585987267
-0.00737999783076715
0.00346105618610304
0.00204398316356658
-0.0201427965287406
0.00195161329753302
0.023243746961596
0.0201776134450147
-0.0242567113354485
0.00917901557422196
0.00568465105181137
0.00389394543532307
0.0190190695450219
-0.0111739068965151
-0.0037252701319419
-0.0021189703806942
-0.00849364248048057
0.00894430620852749
-0.0183542648697348
-0.00381586095843833
0.00881003575076611
-0.00189850647010492
0.00177528529323756
-0.00392402531645564
0.00393948395121391
-0.00759491139240509
-0.00943874975921555
0.00077255983659219
0.0196860393761447
0.0381072176656152
-0.00717147224400649
0.00930462781586683
-0.0129791238966734
-0.000860267880289922
0.0190651284477812
-0.00917322894805617
0.0102327206837727
-0.032919365730134
-0.000623379075687436
-0.0174672734256451
0.00330161269841267
-0.00569553206694018
0.0249490714090905
-0.0337803539659843
-0.0156812461819572
-0.00757380497326177
0.00263153947368422
0
0.0018372572901808
-0.00484667303362185
0.0206660521170718
-0.00283725815273084
0.00232798758406627
-0.0019355096774194
0.00762771836141485
0.00218115211236447
0.0151069003314954
0.0272417199238022
0.00564772273717828
-0.0140398235116678
-0.00111446257765069
-0.00173545312347723
-0.0039736744563974
-0.00486222422219462
-0.0108995615134051
0.00329324901684291
0.00631233438091572
0.0243382640112693
-0.0156766560765057
-0.00186639286301882
-0.00747940653852641
-0.000251255956370655
0.00402010060352032
-0.000125050053179532
0
-0.00463024629557018
-0.00502894134990017
0.00657069758113082
0.0119256458987875
-0.0248108172086489
-0.0108128608216148
-0.0186471703022848
0.00629017183305414
0.00625076173654437
-0.000776472140926909
0.0116565472303658
0.0165151835038384
-0.00113355160872675
0.00920442590352866
-0.00537231377595815
-0.00992338889682975
-0.00164930220756132
-0.0010166602867796
0.00343462659414051
-0.0012677231719469
-0.00456970048958738
-0.00127515943063417
-0.00753315883554639
-0.00553196942498502
0.0152651999250244
-0.00981146751485218
0.00205898857365838
0.00577882345785952
-0.0079162793667007
0.026898379416926
0.0104023309888164
0.036343337769412
0.0141232789662495
-0.00979583347825441
0.000476758033927105
-0.00702887760236182
0.00515898032775008
-0.000716137511531878
-0.00143338507604651
-0.00251194982086
0.000719486757638554
0.00131816661419415
-0.00873618977348467
-0.00313898338430563
0.002664418069517
0.00132867494469524
-0.0371532198515508
0.000876960661488457
0.0115158218990588
0
0.00866234398372345
0.00368048083227857
0.0040337490290614
-0.00182616267136793
-0.00378092459521706
-0.0026934500489717
0.0166953230627955
-0.00169041294373329
0.0047169811320753
0.0027687853617433
0.0130851856031746
0.0190781018968846
0.0156976511627906
-0.00274753297647479
0.0169899550339805
0.00225764769195846
0.000112647819431766
-0.00619372726822998
0.0143909008498584
-0.00413309888739166
0.00257986533752419
-0.00783169639175529
-0.0162381822282365
0.00664834953343307
0.000910976998405921
0.0200227754261029
-0.000223120668163213
0.00100406069839409
0.0150451237586606
0.00494067841588341
-0.010051327543443
0.00286946250006115
0.00715300955806075
-0.0144230773958615
0.00875832623364725
0.00879220812819459
0.00305043029686858
0.00532201585749981
-0.00518578230738509
-0.0159643893144138
0.00286946250006115
0.00132051277691714
0.0059347292215568
0.0110346554248297
0.018802658106736
-0.00774285116400986
-0.00406205224814371
0.000644037794226282
0.00396862585105784
0.00662396381675134
-0.00477609844219795
0.0141836519414626
-0.00683492127938845
-0.00105875069535466
-0.000741907805869801
-0.0188799217106483
-0.00454051891891905
0.0156385205117613
0.00320790215594191
-0.00831378170965669
-0.0134350815408956
0.00686345999712978
-0.000973771931914724
0.0141882050430369
-0.00202906879569709
0.00353132167569803
-0.0033055875805672
-0.00609820256661808
-0.00968785770316771
0.00434784782608699
0.000973982662900719
0.00746028775998031
-0.0149173535093368
-0.00174315282990356
-0.0072028377344594
0.0168187202724115
0.0197838054054054
0.00667864928063922
-0.00726623849269414
-0.00180332030773278
-0.000637587686239893
0.00765632701343755
0.00970871655321415
0.0014632107023409
0.00135667919014826
-0.0040646066930049
-0.0115110822836141
-0.00582251752935115
0.0173570112934933
0.00282601001856797
-0.00281804619179715
0.00837340372227957
0.00674695896811128
0.00123727190921263
0.0189475438271285
-0.00151585653913655
-0.00718630544980858
0.0110103175047536
0.00121007363537506
-0.00664723530418743
0.00638755976034355
