0.0158060454563
0.00320699600410967
0.019299041194637
0.0153328849033749
0.017961319393144
0.0128118674035109
-0.00632489992260643
0.0203238407485034
0.00109442920780034
0.00655951670974608
0.0170522319973934
-0.000320354552759139
-0.00491399417889116
0.00128819106198197
0.0121154179944918
0.00646186426987572
0.00915687803058884
-0.000521433057616871
0.00396532392851245
-0.00363785473067102
-0.00198208844166392
-0.00512175196240727
-0.000630353015339424
-0.00252319167820036
0.0033726813882593
0.00115547272548766
-0.000524561966730897
0.000524837276404844
-0.00566573299057238
-0.00348206194414036
-0.00942396210453278
0.0099412075914096
0.00931411909459823
-0.00545307250992999
0.00811899022011775
-0.00313777844223639
0.0026230196752286
-0.011615749510585
0.00508208592108272
-0.0129569472242707
-0.00843108885051502
0.00721125789640475
0.00865566341834456
0.0214006252929402
0.00508243937008857
0.00175436528886741
0.00257546100752037
0.000411025482942806
-0.00318403858685246
-0.00329726934681296
-0.000103401216683507
-0.00661702846756596
-0.000624531627299363
-0.0213496778176322
-0.0100032136851844
0.0171987317768325
0.0190214842762808
-0.0188737840920876
-0.00634181369472764
-0.00574408029477547
0.00128378087853021
-0.0198738442087336
0.00109014495508086
-0.000217837303324919
0.00686204132146928
0.0154695042087947
-0.00511349722658461
0.000963743451801502
-0.023320495614447
-0.00865280365872501
0.0559054014825897
-0.0200899654703358
0.0201815158530376
0.00983883179988654
-0.00829190480021014
0.00501676421404684
0.00166385184426576
-0.00955147425249159
0.0147798319752654
-0.00258237790687699
0.00745651423895022
0.00945721638011121
0.00122202651391112
0.00233933075671278
-0.00273976653252872
0.00671553730886787
-0.00252678385836302
0.0149964127065272
-0.0103823601953152
-0.0049429841100469
-0.00304139297487227
0.00589792580426796
-0.00545896695226378
-0.0107745175068465
0.0030826448828607
-0.0198730069696883
0.0163043269230769
-0.0125462877940412
-0.00906056058302107
0.0138728215686217
-0.00300612622570606
-0.0120607506758162
-0.00578821319053513
0.0230761191587159
-0.00807034644448335
0.00469382482443437
-0.0034261004983388
0.000208396712332526
-0.0106239347854612
-0.00136853355865951
0.0057980496964154
0.00838481256116497
-0.00883481975714395
0.00188758387282317
0.000732677404933213
0.0107729106707153
-0.00496683573020318
0.00592760998637232
-0.00351497973177972
0.00114120760598824
-0.0056995129533679
-0.000208410637052903
0.0110497029083707
0.00185586146728256
-0.00946792239308281
0.0115324779220778
-0.00287591410357524
0.010609795825921
0.0169197429729921
0.000200501158680089
-0.000801703569478951
0.000200621805241497
-0.000902476659907392
-0.00943398243109184
0.00607908833067139
0.0125881164374184
0.00188955737773577
0.0121103933315543
0.00402122404885463
0.0093777373436239
0.00145166938059282
-0.000483214133652377
0.00193364594411682
0.00395642200008939
9.61361005753503e-05
-0.00759251299589103
0.00387373612485509
0.000289388373938326
0.00183233673773087
-0.00269540824110737
-0.0114864287931743
0.0101551895262106
-0.00106332530874798
-0.00870905781726561
0.0038071065246561
0.00554312932912326
0.00454546412871437
-0.0077019637710033
0.00417192199476091
0.00135264734299523
0.00318411813184216
0.0232759255239403
0.00375977069047617
-0.00477574674804992
-0.00555134555467951
0.000851518575995414
-0.00170165439309566
0.00909090926308531
0.00281534352130897
0.00402395654104493
0.00037283064243776
-0.00903755689858277
-0.00620537790329656
0.00652792828366877
-0.0131591410203886
0.00238117920528014
0.0214747438516676
0.00195347906976751
-0.00306380097543213
0.00251448135168042
-0.013562470718765
-0.00348433932603198
0.0079380457380458
0.00862552002154438
9.28983065087152e-05
-0.0038107260455702
0.000279893636872419
0.00130583901973558
0.00512346539587272
-0.0102873121355456
-0.000936407894593039
-0.00318684031892702
-0.0113775178444291
-0.00437510941958441
0.0142338364539549
0.018837713456489
-0.0338355927491096
0.00937705464784133
-0.0165892504804105
0.00221711012564318
0.0125997690429955
-0.000759897423631362
-0.00484786135497695
0.0124175754624591
-0.00915181638176832
-0.00314221109718749
-0.00181490110201743
0.00870817224880382
0.00313057572789766
0.00104028751731211
-0.00085022202834617
-0.0113464823875477
-0.0326128162320737
-0.0445872754406865
-0.020488359069623
0.0335938291318898
0.029538094012187
-0.00228336139332785
0.0101492238805971
-0.031126833071124
0.00742166523564802
0.00201841768163957
-0.0151072614049022
0.0254627055377574
-0.0118668030700718
-0.00363299035757358
0.0116478675686864
-0.00871040274460566
0.0226239567190394
0.00444441481481483
-0.00737463148597728
-0.00633976244694689
0.0039876483698067
-0.0157878663070983
-0.00474173714462056
-0.00395337042162458
0.000915896582212472
-0.0171834675583826
-0.0182081722239531
0.0219178182946718
-0.00371210547395018
0.00869381053527807
0.0239072647640803
0.000901853884138104
0.00560677830216605
0.0129430104949619
-0.00186745629776797
-0.000393904468914741
-0.0117230024288641
-0.0188397129186602
0.00304788174337078
-0.00222830946333508
-0.00274087904292197
0.00366449518860934
-0.00456385404794835
0.0745797132026549
0.00549921299422396
0.00122580854618182
-0.00216616123563773
0.0112317322670619
-0.00634683597486319
-0.00450869814492483
0.0125494901146588
0.00130462214713667
-0.00158211265468899
-0.00158461970157187
0.00364110723890287
-0.00874420465116288
0.00300299367498114
0.0016841411400863
-0.0186811137433424
-0.00590135172094697
0.011968594179077
-0.00539312129069702
0.017884293629634
0.00317753271028032
0.00354019949842366
0.00250647045575136
-0.00472261329239032
0.00753626700215126
0.00711050875325037
0.000916981494901714
0.00906923748372157
-0.00708124362993656
-0.00987475514652769
0.0163449716839508
0.00099945486097508
-0.00753382967293881
-0.0114322301603157
0.00444078099512546
-0.0144607165883761
0.0161682523364486
-0.0112204632239364
0.0175797596952887
-0.017001836983513
-0.027710646943364
0.000191315994478192
0.0110919485352468
0.0124834502077444
-0.0010274705964407
0.000374015905769465
0.00869240132147686
-0.00639357869521096
-0.00466287406519983
-0.0174271521382793
-0.0205969670850491
-0.0138253141254533
-0.0284331816720982
-0.0200183103335713
-0.00155538155214885
0.0168242079465759
-0.0171586245671076
0.016522882161814
-0.0216724902882846
-0.000313469184330173
-0.02090519537797
-0.00875413705037131
0.0122778677927382
-0.0040429514638356
0.0278816362794398
-0.00103926417543898
-0.0447357767976766
0.0274449575255937
-0.00116592118575032
-0.0134777030623675
0.0274311857511962
0.00628205410361105
-0.0297575795467945
-0.03034854691689
0.00232248401509572
0.00706167958937476
-0.012380826527254
0.0179720769688492
0.0131865624850356
0.000968021932149954
-0.0048355578086301
-0.00658677241564865
0.0229347934782609
-0.00541922212921875
0.00128208336072833
0.0144045986512527
0.00546961186494177
-0.0165288635434193
0.0294649179988318
0.000413318871805179
0.00712664738690361
0.0110757253394376
0.0054772392931226
-0.00474117839426547
0.00334475964545877
-0.00646529965582987
0.0167768381652635
-0.00269997
0.000902406470397743
-0.000200330595071074
0.0191382358976482
0.000491623247385942
0.0169025252181108
-0.00289913984637191
-0.00222914324481494
0.00543958248002663
0.00212540813205653
0.0190879778534279
-0.00510832471013445
0.000380346113536989
0.0135918640204531
-0.0112527851767891
-0.00825115689963674
0.0111886583150043
-0.00917345392800173
0.0102128379367998
0.00245655716011184
0.0131008485033148
0.0162805845433172
-0.00256315456908007
-0.00156018723898843
0.00294144679711872
-0.000458280630022179
-0.00770215491843307
0.0374237290942181
-0.00534425061042798
-0.00134325246428324
0.0112984400456897
0.00363542297956565
-0.00689105032439175
-0.00435909601070728
0.00142962833148008
-0.0133832974057227
-0.00207997825863659
9.06479400208937e-05
0.0085175968782385
-0.00395329728787164
0.0192133951000055
-0.00017698026687285
0.00601930595716293
-0.00387156174445125
0.00706654012071861
-0.00447330928035594
-0.00220264317180618
-0.00812360264900669
0.00569748943830706
-0.000354085152216577
0.0136367749933586
-0.0022713549203166
-0.00516588744563429
-0.00387258394985246
0
0.00318078282382039
0.00387530382353973
-0.00561508144547074
0.00344103594286338
0.00430843213817544
-0.00175104183373276
0.00306968960891996
-0.0125032872474437
-0.00540109783245812
-0.0107718238979466
0.00647941847157796
0.00160945105899324
0.00508836828481618
0.0155431216109112
-0.00236134344451089
-0.00368193214692725
0.0123185303595508
-0.0679704458590932
-0.0278840335386356
0.0189946569262214
0.0175108358358986
0.0290525438739353
0.00989029841853717
-0.00819086538461533
0.00628362645810365
0.00776095464337123
0.0177038150154571
0.00774114979785034
0.00845844114915906
0.00342350234246847
0.00187650122614302
-0.00102164993207599
-8.51712999888621e-05
-0.0063070483881863
0.00343084324318865
-0.0172664076804241
0.0480124984951509
0.0082994440750177
0.00765495115079351
-0.000490091496325729
-0.00155281953618147
-0.00384710655393483
0.00312247337195903
-0.00352228041411728
0.00115083434195107
0.00582969861376381
0.00775507755102045
0.000324025929300031
0
-0.00348206338135992
0.00333173254236518
-0.00210579086332074
0.0023537131917355
-0.0127935384615384
0.00344486554207446
-0.001062587904613
-0.000736404555571557
-0.00360303790690208
0.00583496877054568
-0.00645478394031207
0.00156252469675211
0.00788241228440412
0.00700611812627283
0.00687645006976423
-0.00570463607347449
-0.00145454545454549
0.00194220280003243
-0.0075922382294199
-0.0016277772858847
-0.00252708082704955
-0.0216574205487298
0.0118619832249769
-0.0121356644630314
0.00284135039808286
0.011499975
-0.0103805736623969
0.00949050092847559
0.00577269494024901
0.00450969993858408
0.00563215238540282
-0.0185064858402553
-0.000165365533664752
0.0111662363744212
0.0103067648261759
-0.0144117801892676
0.0102686270368366
-0.0017889168534172
0.00333981747572798
0.010716895521911
-0.00265076717247592
-0.0152223497028882
-0.00482536202237738
-0.0330374424720579
0.0288118212200639
-0.00181743902972076
0.00331044437125816
-0.00824878310033528
-0.0019130249876147
-0.00324999166666673
0.0051835297618632
-0.0043250768279528
-0.00158718571203054
-0.0209170018637133
-0.00213638699717278
-0.014901070863263
-0.00556376602246167
-0.00480813886535658
-0.00210820457161642
-0.000968309876202667
0.00511060014293063
0.00447095643026207
0.0234770025575668
0.00571335394508465
0.0166186193552889
0.0431192486552252
0.00567681298472866
-0.0309270156696376
0.00656331944017818
0.00277118750067351
-0.00820939614898319
-0.00376986568849047
-0.00353735609636974
-0.00123828947176485
-0.0047941890032851
0.00996674402048603
-0.0161184130940528
0.00242394686078184
-0.0108396814808639
0.00160164380683581
-0.00496546877630022
0.0077814342946434
-0.00428034403222244
0.0163520146354688
0.00306846072203593
-0.00372052096867759
-0.00307056431535269
-0.00857403667462009
-0.00755668358617434
-0.000338350262394593
-0.0117637690669001
0.00573781808010154
-0.00195847237809155
-0.00366862898787323
-0.00830622545218562
0.00759868763662364
-0.00171397717518251
-0.0120182163622322
0.00130334525339637
-0.00477261375863602
0.00924228774536062
0.00630672138228938
0.0160542149024498
-0.0011829235518872
-0.00465269439685889
0.00076488183699186
0.00203819957537155
0.00652601078949089
0.00479959574268096
-0.00863151749549107
0.0160608110889058
-0.00449245435505286
0.00275776357152724
0.00400035842987512
0.018261782864931
0.0132061875471783
-0.00152870704377905
0.00749396466549501
0.000239934417659127
-0.00847591569608053
-0.0108064193548387
-0.0024458094751082
0.00948018952696805
-0.00744817861354063
-0.00399671295263804
0.000245663743791091
0.00769611108315127
0.00528112601103148
0.0216600738302739
-0.00490469884013289
0.00731376097214587
-0.00244650779296429
0.00197784806997081
0.00473744958961775
0.00031434970530464
-0.0013355173121572
0.00511323147152543
-0.00117393757158812
-0.00368281608644061
0.0169091700053612
-0.00928071904221062
-0.000468485536214591
0.00406127013768276
-0.00505595838606043
0.00281447884248376
-0.00498952974227707
0.0122228710857055
0.0116881722782232
-0.00772758242679994
0.0106407971217397
0.000534004701777224
0.00144885619527879
-0.000913690688895463
-0.0124990466618905
0.00794936284907366
0.00428788647988254
-0.00274474679033998
7.64143713360976e-05
0.00986169268193104
-0.000681385283207381
0.00477239621136261
0.00173398674407399
-0.00353729974927741
-0.0034742599761749
-0.00636649982770188
0.00999235652208874
-0.00105732192259422
0.00189007327768742
0.000452746741540944
-0.00241368981122814
-0.012777771540064
0.00459516709683561
0.000305016395593771
-0.00121944967200549
0.0126669512552395
0.0365457821127235
-0.00109038966400699
-0.0039299103724646
-0.00409145189199411
0.00762972647098126
-0.00873689077232376
-0.000293742209051984
0.00646538824138276
-0.0051829036724248
0.0139418404310379
0.00311194110423796
0.000360745975320986
0.00137027256973132
0.00165643493022238
-0.00704627542355085
-0.0080376607659236
0.0032118255634781
-0.00356538619630142
-0.0182561703190277
0.00394227158669636
0.0117063198362131
-0.00161113874160801
-0.00696836342744278
0.00590920350460911
0.00124844330106555
0.00322689388073805
0.000731091491465996
0.00547885167272155
0.00857314740317605
0.00309748579684199
-0.00603228725314198
-0.0112708471563947
0.00591887442080186
0.00181606852197969
0.0150823068644099
-0.00942929461285469
0.0209851016223424
0
-0.00437911421981774
0.00177355269285706
0.00637344349115443
0.0054886918197965
6.99489122397701e-05
-0.0053183697124578
0.00640216692276763
-0.00398466961234534
-0.0139668097688604
0.00669078202395967
-0.0127270599525519
0.00787789845026499
0.00746111724468457
0.00874597974852565
-0.00510425800295733
0.0184131782197781
0.00669381666706759
-0.00445577856951684
0.00654132772956895
0.00129978115404605
-0.000888091852431883
0.00280353518860998
-0.00272754187770363
0.0105983111111112
-0.00771311892327919
0.000886328899868394
-0.0210504540319721
-0.0100904455829599
-0.0138488646748681
0.00613059599465759
-0.00892726377304265
0.00579065606982199
-0.00867155435821232
0.0154154584110169
0.00458981092323874
0.000562325140582853
-0.00154549343678989
-0.00823188601168356
-0.0043984887146038
-0.0145360770852524
0.00614599408215488
0.0114984266546214
-0.00944939253996457
0.0088940325476119
-0.0180577913249597
-0.00448881423721448
-0.00312722181818181
0.0119646889636476
-0.0113186354319772
0.000145872831747607
0.0121755464515736
-0.00115251745080303
0.00245184253914821
0.00553919881804177
0.0301903064114344
-0.00944445138888894
-0.00659003089308763
0.0058574595453238
0.0150845016142882
0.0163810486222515
0.00278819443478673
0.000271212519337594
-0.00318644745762708
0.0046929334468675
0.00216620632164766
0.0119562623864755
0.00961218890077009
0.00694216859504126
-0.00216678918909807
-0.00493518454342845
-0.0054226094073363
-0.00917546579157436
-0.00248295524136488
0.00585274157495097
0.00969767898080054
0.0235808304724063
0.00582407303322374
0.00823530886989099
-0.00370111654707528
-0.00409914801450251
0.00758886720725238
-0.00542535910417252
0.004299820112317
0.0114383918640684
0.0027167551346774
