-0.00912086181100058
0.0156678414479468
0.0547628219289853
-0.0184643872309984
0.0307319990823618
-0.0054210155402965
-0.00327034877779164
0.0173168061006781
0.0270560647364977
-0.0223307571528263
0.0392576902345165
0.0341689205299134
0.00315454092644862
0.00761342295972933
0.0206964188453282
-0.0363694566522282
0.0182030725082989
0
0.000328046574904928
-0.00459096558153893
0.0344259600465484
-0.0103502708654502
0.0281576821188196
-0.00140846630959424
0.0133208429192784
-0.00463969968204769
0.0212865441067971
-0.00395560608752754
0.0371162511514245
-0.00633285695632235
-0.0251964424900482
0.000456226263777948
0.0132218079078203
0.0461977214998566
0.00874553405017919
-0.017197256719766
0.00101227762798906
-0.0101127418359903
0.0227671492746853
-0.0139840749433767
-0.00853829257708516
-0.00569258485790147
0.03963589079701
0.0334651510872637
-0.00669497180776157
0.0236588868084824
-0.0137059396319791
0.0125340323560208
0.00228737890204522
-0.0177204998716739
-0.00423666814915058
-0.00205877021604761
0.00838950637311919
-0.0162302645935624
-0.0318868029344298
0.0164685803675046
0.0453648050705211
-0.00161718335379446
-0.0237581257084739
0.00719021017699117
-0.0170235868766385
-0.0037708939600809
0.0353286966121213
0.0231550446352076
0.0230281239552179
0.0262613055784744
0.0192865115520859
0.0200346522380082
-0.0116392575785914
0.00380280926654097
0.028840277921538
-0.0135407883705716
-0.0124022391666861
0.00304803717561697
0.000364725915815933
-0.0109356132101235
0.000491400479326831
-0.0289783882863855
0.032372242479205
0.00881923087725656
0.000728472550650006
-0.00691579730443581
0.0108735494410153
-0.0021754895377204
0.00605620169709797
0.0149290275687222
0.0202846849246257
0.025229600622495
-0.00510316398276267
0.00968880623428214
-0.00937008332874045
0.0385184843304844
-0.0262262600535366
0.0160018709939569
0.0154170246043912
-0.00873842680267312
0.0150964517906336
-0.00998703832000525
0.0109649126413898
0.0071583950268459
0.000646101651452735
0.0415411222888749
0.00547632781025342
-0.00195247152301858
0.0252264922191157
0.024907130661846
-0.0028417539585962
-0.00294814263073617
-0.0580524251729985
-0.0264727320288792
0.0622313084454931
0.0131538497793413
-0.0183760716581266
-0.0147523144292165
-0.00340762095859648
-0.0107760955180584
0.0137215668406665
0.00712959296476123
0.0243151223523637
-0.00200317516038362
-0.0106382678707173
-0.0298235234363252
0.00616900884743843
-0.00571550434223711
-0.0146321174749164
0.00689436791360176
0.00516167702517634
0.0147768185868122
-0.0104306720968569
-0.0253600605301606
0.012421073053015
0
-0.0101534317243756
-0.0143177268647389
0.0655826883468835
0.0082400607861628
-0.0452023403773348
-0.000634016716707819
0.026435444644179
0.00659316987740799
-0.00562885073819308
-0.00380818222280022
-0.00144642006977558
0.0189343089718714
-0.00934204886244783
0.0560680720801163
0.00931766484827401
-0.00240407736136317
0.00144593216591349
0.00770048135239665
-0.00926545975230764
0.0473389505655712
-0.00902140317650935
0.0158848023059024
0.000822933423345606
-0.01215161294157
-0.0252497588258483
0.00218240821882909
0.00113610108494311
-0.0323434657148377
-0.000781880375293142
0.0322770252792846
0.000852719340034946
-0.00643756526850991
0.0110529207542522
0.00207332954412087
0.0022571051959539
0.0319977761095993
0.00200030909255378
0.00653358456987996
-0.00576991535827476
-0.0170474883664081
0.0135608945837473
-0.027031955209831
-0.0454630580830111
0.0201881319072115
-0.00182511050576584
0.00904623196819432
-0.0277538965713666
-0.0142240923244243
-0.0486615593325019
-0.0114016320376911
0.0602052151051695
0.0028942216435397
0.0153249182072828
-0.0110751446738718
0.0145688897013103
0.00527499251904873
0.00223491391565789
0.0080473337991791
-0.0416466476709949
0.0349257731325348
-0.0524631869919554
-0.0431890394349508
0.0234249871307091
-0.00512121655518394
0.0164933287846762
-0.011265026637763
-0.030207996868569
-0.0440827446010211
0.003044277752976
-0.0334981568513731
0.0276808317859678
0.0302172699160563
-0.0226298805078533
0.0104529727947289
-0.00289213564199919
-0.0060241076084796
0.0205387434464366
-0.057516804135049
0.0178530461325455
-0.0549123103893506
-0.0408782377273598
0.0182117364360694
0.000620991165793283
0.0693893264495862
0.0420196740099903
-0.0128104493531398
-0.0143309067592787
-0.049227190594784
0.0323900650551452
-0.00466529052170028
-0.0230840531091658
0.0522969874428336
-0.0149322347566772
0.0190928261766448
0.00102195980470099
0.015199590961906
0.024134122905028
-0.00152746011226446
-0.00852271662552617
-0.0150980276636109
-0.00167843789822852
-0.0282448326805107
0.0163783858031736
-0.0200863020851236
0.016444690595129
-0.0576506570918535
0.00169264903509436
0.0164152206738737
-0.0099750149622968
0.00827629813087571
-0.0260527605532419
-0.0141688525405331
0.0359311366117103
-0.049994031216433
0.000881279113684963
0.00113202515723265
-0.0266364506413596
0.00451786492167461
0.0310973785659214
-0.0079760719834514
-0.0222361312119632
0.00591030435795203
-0.00791931271018886
0.0517574881358951
0.0105276163415935
-0.0562083444139911
-0.0205365924509516
0.0155943130807055
-0.0370322967741935
0.034972545958966
0.0266701845331483
-0.00277428741080898
0.0139099389501787
0.00124718134198054
0.0711260472237922
-0.0127921738060744
-0.0532453298768446
-0.0158019777602845
-0.0412136799295494
-0.0133174321369954
0.00601359064509999
0.0248406352927821
0.0422553715552723
-0.029971444846589
0.00730769230769224
-0.0108183657884688
0.0257334016246347
0.00740086543651697
0.0197983319586188
0.0136751522912051
0.00891357536425819
0.0103867595418634
-0.014061149027336
0.0536912259422047
-0.0139899457231561
0.00472944965441324
-0.0277841338182349
0.00247991261218705
-0.0407586175139429
-0.0358589954562202
-0.00929821655080321
0.0152995887798866
-0.0148157273038403
-0.0182520044375833
0.0267085765923767
-0.000127441982337273
0.00969256422943188
0.0018946823770285
-0.00012609682299547
0.0141218261031859
-0.0154171080442621
-0.0298017418916091
0.0143172975577954
-0.0595406005389453
-0.0564879102675957
-0.0287779890447436
-0.00402032435852739
-0.0125578713194479
0.00878113510456613
-0.0670868557895928
0.0382883043758044
-0.05996285931263
-0.00477990785494997
0.0205365680600105
0.0271016232895427
0.0590930311408908
-0.021482963172952
0.00320181449622292
-0.0556231585582146
0.0426456717516202
0.0637443577134689
0.0101567762668826
-0.0451019802455338
-0.00436222904502559
-0.00287055437768391
-0.0581818181818182
-0.046010312097812
-0.0269814169811369
-0.00866551111498248
-0.0236014506363383
0.0318711381153496
0.0661113644610209
0.036946615184678
-0.0257416265223925
0.0154663927823424
0.0199905127715456
-0.0259760767463669
0.0174065796455858
0.0131848063598305
0.00542213762561716
0.023882818986662
0.0594432682969122
-0.0201704397678852
0.0162365171251153
0.0415121837806613
-0.00123276260148564
-0.0412780318507415
0.0158774558216304
-0.0147845120297598
0.0400170924679564
0.000274893511401419
0.0112652835380507
0.0188832900572846
-0.0010666933333332
0.0280298859591535
0.00246691777980712
-0.00414454091626126
-0.00767324759621857
-0.00131069457494004
0.00944883239299887
-0.00585019515991159
0.0180462531967274
0.000642312155229696
0.00359432596676967
-0.00869787669480693
-0.0055483870967743
0.0147917347865578
-0.0115074927951349
0.000646785684821793
-0.0166752970957175
-0.0187984882345207
0.0325562839302824
-0.00389260412611903
-0.022274313753067
-0.00426325617541312
-0.0335830220386145
0.00844514709489919
-0.0157879470504089
-0.00265032772631257
-0.010909076923077
0.0138574093063148
0.00864718306752499
-0.00746682798672549
-0.0691000148941213
0.00448971864711178
-0.00148995821707565
-0.0267083569102519
-0.0134908011578659
0.00435118894642406
0.00649862323218109
-0.00292086074154385
-0.00416288923584807
-0.045363000177303
-0.0147583522542977
0.0274896790123458
-0.0017622076822239
0.0202214569054493
-0.0121126474752242
0.0280254622297047
0.0193618345527211
0.00987693389688293
-0.00285889260997418
-0.00150896340013407
0.00498718467544745
0.0039098045112782
0.00763922984903442
-0.0102570987181702
0.00540702897545753
-0.0123991779982321
0.0387232939234112
-0.00422311065161241
-0.00599584700186528
-0.0356039129674279
-0.00900082338669017
0.000769750627613197
-0.000307706497224891
-0.00323125106112476
-0.0125038285351008
0.0309519457409417
-0.00742984112645217
-0.00168043082310465
0.0284621431817029
-0.0833209058669976
-0.0584321204604427
0.0387864174723813
0.0243943254030641
0.0251093309573951
-0.0107459072494612
-0.0603833565617685
0.00578034682080908
0.0292427146720757
0.0331745940741432
0.0274995867111747
0.0179456067132675
-0.00683898145111028
0.0312165426539111
0
0.0194390565282543
-0.00538566253503625
0.0169763788386836
0.0205785010959421
-0.0861534147251388
0.0020059250734743
0.014320926568496
0.00910881998897128
0
-0.00677003149134892
0.00181766139734907
-0.0166313579774926
-0.00999388053514949
0.0119584564677504
0.0213320889298902
-0.00916605518409963
0.0160751890787021
-0.00880591044776113
0.0150579722898376
0.00178007703426331
0.0291722349944059
0.00143882014388486
0.0084770692091114
0.0229377540123163
0.00682448439452021
0.00456497434548364
0.0159735052613534
-0.00664133920630716
0.0141902167527599
0.00686121332271727
0.00507756574439155
-0.0135602763419267
0.00889493297418875
0.00307233498433956
-0.00625906279179989
-0.0215759975244171
-0.0131488696576121
-0.00860517660214388
-0.0653786644267116
0.0236667758038713
0.0149254471715217
0.0438293102100735
0.0638120838725944
-0.0123344201117018
0.000262863152359794
-0.0048625971803179
0.0134706416604511
0.00208501438845499
-0.0276983737919798
-0.0260799395244059
0.015105712716287
0.00473483508481687
-0.0135989637915295
0.0393119972887799
-0.010638258610957
0.0167263237295547
0.0151456333801088
0.0204501093247589
0.000378207732705249
0.00982737773110576
-0.00898318131046327
-0.00767971799068379
-0.0178888099467139
0.00284191950177393
-0.0119799051389891
0.0123859848390868
0.00334838368709889
0.00231025530431239
-0.00793949329950028
0.0131663480938899
-0.00522354453366158
-0.00691599623678274
-0.00361102652036338
-0.0199327072241081
0.0161120045415744
-0.0146868205176289
-0.0102888671755405
-0.00479809415964405
0.00535693063765708
0.0289063274277341
0.00116525119537148
0.00426745107287085
-0.0225341219400401
-0.0184429182746454
-0.00630789138886345
0.0255267284504763
0.00250234426445406
0.0240409081434219
0.00333549724190507
0.00920599679332579
0.00544787786646372
-0.0132308844098932
-0.0166006389120326
0.00376575759600684
-0.00103495468169656
-0.00479154357949307
-0.0659726627448969
0.0217330317878661
0.0201800392789766
0.0180432771986101
0.0153603522478758
0.0281872396269585
-0.0325703860376151
-0.00870919017288452
0.00813001552242287
-0.0226326491662064
0.0275485763581125
-0.00518068909701708
0.0082021093139466
-0.0107179878430274
0.00600442493141329
0.0140132606721164
-0.0015355469856545
0.00384471362097538
-0.0165964887885486
-0.0061015319499097
-0.0248170591644998
0.00656305885009068
-0.00212912835318357
-0.00560072024538538
0.0052299718385409
0.00920494942909489
0.0219431058309818
0.0142285089698231
-0.0211708189684572
0.0205863452768729
-0.0183837988412153
0.0309532843146481
-0.0102182166097472
0.130129991462274
0.0169166576500881
0.0232893317797345
-0.00433503861498996
-0.00936106424204641
0.0109878032966091
0.0106509724888388
-0.0134423059133736
0
-0.00686720093453674
0.00493905164154262
-0.00185669510390318
0.00426742536675162
-0.000980573120293871
0.00850691441799722
-0.00281174431911169
0.00455479887815646
-0.00896031552284293
0.00359470576487886
0.00325630098522645
0.0424104511522232
0.00228336278740748
0.00144971523247395
-0.0144762797484881
-0.00640017849963648
0.0098204860555593
-0.00857470485960599
0.0203565029080583
-0.0204671908304154
0.00168843390273477
0.00558363897142078
-0.00419061301803914
0.0172540657363263
0.00465401789938946
0.01070620764573
0.00875943165614168
-0.00252423260779244
0.00323919421764152
-0.0100897991111916
-0.00183468553832744
0.00265497804554271
-0.0271922287973881
0.0127722051750063
-0.00248085595370795
0.00829018652849745
-0.00113053439474198
0.00761393131775012
-0.00714793219646692
0.00935920983155802
-0.00163028328541159
-0.00265362310715589
0.016680280222265
-0.00463008564932232
0.00535948028475564
0.0241400326722998
-0.00284817324690623
-0.0136905349521377
-0.0254643801224724
-0.00122958299947062
0.0132348516134724
0.00273386993248548
0.00212055944784972
0.0240830214446397
-0.000295178597712664
0.0227362799751236
0.000866095626365304
-0.00990383653846161
0.0119451878028047
-0.0428022948983386
0.000701824758408298
0.00861637127775539
0.00754943891028992
-0.00502811791383218
0.00535078290429603
-0.00433670416259313
0.00900814716911946
0.0055920729912684
0.0010731804878048
-0.0008771464684032
0.0120952500613123
0.0167694484045982
-0.0469194028436019
0.026354986782049
0.0064923063902802
0.010493847776244
0.00200075268674516
0.00237710378201195
0.00588126552611001
-0.00141457939065848
0.00443858725506252
0.000658132750487761
0.0117448087945129
0.00687219539375938
-0.00249027859233131
-0.00268147013071718
0.0150194880862276
0.0139751457624642
-0.0360327891895723
-0.030370992797477
0.0105049728121631
-0.0226990657644076
-0.00185422072944053
-0.0037152620621359
0.0211972125378368
-0.0216221414880289
0.014635154005209
-0.000484056133086552
0.0107506150121066
-0.0291299441440213
-0.0341492202921436
0.00510933982107775
-0.0226718582485577
-0.00187246442959954
-0.00635748847391826
0.0229704540788946
0.00266586694007853
0.0195316083492012
0.00351059188096081
0.00679660149535422
0.00992752874235503
0.010026511057903
0.0120681070559612
-0.00663520543581508
0.00513067748894436
0.0152172009011422
0.021155439857492
-0.00157931997007921
-0.0149809247698807
0.00500659356691302
0.00883544514367363
-0.00307464822370906
-0.0115887663551402
-0.00841527026446165
-0.00562605114066783
0.00143844458609932
-0.0252800823518147
0.00746637186888321
0.0190150847679644
0.00220098564593307
9.54358800124844e-05
-0.0299789961806186
0.0155512010935277
0.0221942333785616
0.00312887073927315
0.00122870506912931
-0.0351175398848297
0
-0.0117405049578369
0.019800019407979
-0.0029123676747429
-0.00204458185224976
-0.00507314146341464
-0.0125515391483172
0.0081429992495432
0.023837717410492
0.0136617180361416
0.00199315677683032
0.0128824476650564
-0.0071074721780604
0.00244892158705712
-0.0168185755895894
0.0243692949576577
-0.00298534372636738
-0.000655001385187481
0.00262171340950235
0.0230668748026359
-0.0188042441222024
0.0040934227201308
-0.0409524506624664
-0.0133320932599345
0.00930191939592429
-0.0338572558428937
-0.00240986052454506
0.0226472073003967
-0.00354330715636431
0.00651920202527068
0.00372911670796627
0.00322645681684053
0.00691939375383099
0.00503286875725917
0.0107858536512271
-0.00209604613277481
-0.003723505895045
0.010733138681996
-0.00407698867851525
0.0154227245294867
