0.0136363894054188
0.00896862243359009
0.0140740617283952
0.00511320921735092
0.0117490434047736
0.00826052925009613
0.00189973875683047
0.0214506407247206
0.00568509094593139
0.00415321873557906
0.00562957254561613
-0.0077687765082689
0.00921133009122244
0.00422127771314829
0.00602142715365006
-0.0121965213259225
0.0110895277113352
0.00271368153067209
-0.00112762742444761
0.00293513201772111
-0.00945515576115064
0.00602271590909087
0.0184118944811011
-0.00576757960214813
0.000111590808919981
0.0051310539848064
0.0143158471388765
0.0054704593988959
0.00511426539468407
0.00584606454976511
0.00053810136527388
0.0182874894394094
-0.00158463969640232
-0.00137556869377697
0.00254297528744352
-0.000211424639248836
-0.00200839327713309
-0.0187480661477357
0.00831179844896157
-0.0150947857790479
-0.00652171739130436
-0.00678340247738718
0.0225820998301618
0.0323171381597083
-0.0108525616017413
0.00210989553634455
0.0170544587231174
-0.0063140564505324
-0.00375001041666667
-0.00198663741098537
0.00115244634318845
-0.0128714527599718
-0.00360440997340372
-0.0154271415135044
-0.00140476549162782
0.0189373436235323
0.0169923314786604
-0.0121136588948693
-0.00613108892454728
0.00212724958925481
-0.0102950646328267
-0.0187667560321716
0.0103824808743169
-0.00843698242629465
0.00479985829169527
0.0136793180579815
-0.00717581641290088
-0.00161805830479145
-0.00237710419090975
0.00454887892236822
0.0100269541778977
-0.0280742634500427
0.00779790199457753
0.0106799910488231
-0.00291133282103373
0.0129771492053949
-0.010248735139292
-0.0087368893187022
0.0126223718689362
-0.00107456481999924
0.00441054221612025
0.0122094780268991
0.00592527762299699
0.00189334174818567
-0.00724411548556436
0.00729697561964837
0.0036745196850394
-0.0075313913709496
-0.00326725347598833
-0.00179758908744843
0.00370760585365248
0.0132981741424802
-0.0371836259309732
-0.000757237110401765
0.0067120816267594
-0.0314012051059513
0.0105473187520819
-0.00791028371490721
0.0017718271836602
0.0164713466335547
-0.0071777707616455
0.0163215903568672
-0.00959258471214253
0.0132767658426027
0.00494038229040505
0.000854996259485041
0.00064065134777036
-0.00309466442316353
-0.0120958790857607
-0.00823493327299885
0.0112531302442163
0.010695819159374
-0.0138963437553284
-0.0115989159891599
-0.000658006141697864
0.00702369379860546
-0.0030514275708059
0.00590286382041327
0.0114105958947162
0.00719886107231127
-0.00682739506779162
-0.00601500549978529
-0.00270153444238674
-0.00119190593572538
0.00347146886526351
0.00918916756756749
0.0145688380196858
0.0183718511072943
0.00756871977922424
-0.00288123070590662
-0.0234262637063722
0.00496672318398139
-0.00820187188647481
-0.0220526081424935
0.0125759326230688
0.00246247318067505
-0.00779659322214865
-0.00365989227858154
0.000540222570013515
0.0210560088429326
-0.00211502754050397
-0.0135650592034224
-0.00182636437846218
0.0252932719710139
0.00262439633373091
0.011307653412048
0.000931814926258046
0.00103432974762097
-0.00392640012323209
0.000414937750727429
-0.00943594961767014
0.0110959595006381
-0.00362354295987344
-0.0011429863080421
-0.000103963386163475
-0.000104057424966997
-0.000728332111868291
-0.0104123280881682
0.00168345957824645
-0.00609237414156638
-0.00486154074630496
0.0196473865910201
0.00552024777585158
-0.00901183955860951
-0.010452597688985
0.00517593757633739
-0.000630580049155949
0.0215562990863576
-0.00277925882080787
0.00536751668148794
-0.00800820312098149
0.00103496167351591
-0.00279160460306449
0.00922756897545574
-0.0203410219988093
0.00220217069838324
0.00523176729099095
-0.00322679296346406
0.0024017961068965
0.00948019605125938
-0.0152735187766043
0.00251525890830551
0.00742210924431896
0.013074545613535
0.00645298596086197
-0.00763281075447164
0.00676849540009239
0.000407466647804
0.00173096427788377
0.00691198435389251
-0.00524931365332748
-0.00294297744121197
0.0276844885496184
-0.00940877479044488
0.0158968611046848
0.00364139352778858
-0.00137288680017
0.00422231949027174
-0.00743126060715538
-0.000295527528410444
0.0161608193882297
-0.0174554203610719
-0.00375047374654547
0.0123835939690193
-0.00362072602758157
0.012865812217639
-0.00155140118931651
0.00650673005237712
0.00482439217314168
0.00163240831219902
0.00210910750856308
-0.0192289488111447
-0.0307256544301304
-0.0378384007898239
-0.00125513020337686
0.0347680392662695
0.0229734242075381
-0.0137514837009994
-0.0104323400454943
-0.0323365730899834
0.0150848838789535
-0.00227040242991938
-0.0138601985932976
0.033878793114277
-0.0129856852997868
0.0103813546060092
0.013733458380464
-0.00893125922867521
0.011036816301401
0.00751126705080152
-0.000397614322020234
-0.0133253483159377
0.00393065910168655
-0.0105411403419221
0.000304362830851668
-0.00375286555443211
-0.0134392077638036
-0.0464396275244658
0.00898269461076406
0.00933170623195201
0.00860792791940335
0.0163312078250466
0.00445780639081295
-0.0203323461691851
0.0113780238385592
0.0140624791666666
0.0041089060936601
0.0077749565217391
-0.00954219856781657
-0.00686684431690066
0.0184726518375098
0.0135778394249095
0.00429871042985797
-0.0124427634127291
0.00584620507858302
-0.0126265355984915
-0.0415101699128201
-0.00571791601613902
-0.000639041519935213
0.0205669339542598
0.000835345123797016
-0.00239953056650044
0.0113992466618098
0.000930658679874519
0.00723137374282934
0.00092303589743592
0.000102490013422996
-0.00809426246094802
0.00816031418573115
0.000307366809577214
-0.0206903212339544
0.000209141301023674
0.0107707521940004
-0.000517308068805789
0.00414036844901799
-0.0164931240801335
0.0112147464117074
-0.00414594721768413
0.00551622594678958
0.00631404609963715
0.0089487244502291
-0.0166173622843251
0.00342112796414207
-0.00547576190230648
-0.0382297935127822
0.0190105202201227
-0.00211995981004698
-0.00658595715515142
-0.0128314482302647
0.00660745233968818
-0.00785540729581413
-0.00856825407488893
0.0112678914224751
0.01611854140808
-0.012988406259981
-0.0156401360763686
0.00175318865322849
0.0143295233937764
0.01498975471833
0.00254991492084855
-0.00434510381151865
0.00915381615179833
-0.00590652897176513
-0.0138991830238726
-0.0314181723387525
0.00966454153514351
-0.00154031248256481
-0.0254545234159779
-0.00621893925330308
-0.00409602917392227
0.0137096311402904
0.00653662775149466
0.018027097033414
0.00208978227210244
0.00493905164154262
-0.00611618624106991
0.00978020879120889
0.0219828601804641
0.00532424639232265
0.0170532033872173
0.0268694134618646
-0.0130831645655815
0.0189086839771593
0.000201674226895099
-0.00141170719797734
0.000605846719234915
0.00454137670971355
-0.0264215086756932
-0.00877108621314271
0.00603790351942335
0.0151076057026862
-0.0197756782828884
0.0121671999930448
0.000719202697643029
-0.0113963139343672
0.00675045169020194
0.00804620367142128
0.0135079818511259
-0.00171645797943809
0.00707997348801537
0.0223963342372202
-0.00432221991191895
-0.0146014599980123
0.0104125053187578
0.00594529341944683
0.0135934302677334
0.00534494644616235
-0.00589657822803025
-0.000583401422924901
0.00330807553325618
0.00610935785174482
0.0120481927710843
0.00180954285714297
-0.00323228437622813
0.00333809257678763
-0.0180607799827218
0.0159728359349611
-0.000857513125988918
0.000762931520475574
0.00619395833440128
-0.00350407248807927
-0.00152065195285456
0.0172282984433334
0.00168428927619657
0.00224192427159475
0.011464218366444
0.00746410820486831
-0.0209457693049342
0.0111173578931487
-0.00258713842962754
0.0054655304900102
-0.0026718352434878
0.0110854226327943
0.00155327551082518
0.00437871726750449
-0.00272475027656216
0.00537336961639245
-0.00597876624675031
0.00911327779695759
-0.0128240310803568
0.000823383054128435
0.000822632526094491
0.000182701619923398
0.00483973144297822
-0.00436207738674965
-0.00502004390325006
0.00853132724463213
-0.00700385652166902
-0.00531283329326437
0.014089760165384
0.00989825617785356
0.000989128684373064
0.0038627380524614
-0.00241608053691278
0.00304984742420578
-0.00813804328384893
0.012983445569076
-0.0196706634565316
-0.00254220085838208
-0.00336795008767565
0.00694129156893397
0.000181378684807276
0.0126961189633479
0.0017910361205522
-0.00259230349712247
0.00170276928297608
-0.00545757373510536
0.00449802070895933
0.00895575823192707
0.00798858483974474
-0.000264168726033187
-0.00827977634351962
0.0150990768309469
0.00909966743284918
-0.00667652810757779
-0.00104745113560478
0.00856340425439694
-0.00935714797014642
0.00244889810910953
-0.00209392770649286
0.0149501577622877
0.00318720831035257
0.00137389662866139
0.0150916991487302
-0.0151208062625648
-0.0155244623217929
0.0102805367684311
0.0245774320850072
0.00858516974303791
0.00484020687907538
0.006643924702469
-0.000990042083904297
-0.00049547445686593
0.0104106586004351
0.0029438302155218
0.00138604155913491
-0.00252400260543884
-0.00171413759343497
-0.00179886340640567
-0.00376801271677563
0.00115111820873737
0.00492771838160766
0.00163449655414749
-0.0451207497571923
-0.00939929086045699
0.00439922366945567
-0.0138268633832557
0.00113208218876459
0.0114822547971665
0.00636393194327423
-0.0112801233450724
-0.00760585153688464
0.000261261104337329
0.000435385292736346
-0.000696275009638425
0.00548682285316149
0.000692958008478906
0
0.000346239075099453
-0.00294191399152022
-0.0151870168744159
-0.00290801014518827
0.0053026777675178
0.000175797802197897
0.00325219310676439
-0.00464340287930098
-0.00871400397223832
0.00612675352175218
0.00997267690358639
0.0160782678070908
-0.00292395083353925
-0.00241502497127788
-0.00371780205022298
0.00321092589054262
0.0111591783937575
-0.0147146977048053
-0.00260480164287236
-0.0376948018361242
0.0195404014877836
-0.0193433900446333
0.00443363204217229
0.0224303932541141
0.00722466960352408
0.000874720083974934
0.00157315157443016
0.0160558816065599
0.0171762278052863
-0.00574130351669533
-0.0131623893824323
0.0136821617217293
-0.00415963486860027
-0.0137243289357144
0.00613662072955812
0.000343552947562831
-0.00163155865087738
0.00344058139617087
-8.57363248504273e-05
-0.00291473634093897
0.0132404782605189
-0.0349596526934179
0.00167057939847237
-0.00298451550183498
0.000616305676768736
-0.00070393311563699
0.0109183587214934
-0.0041807857186793
0.00192426306438809
-0.00733307706678987
0.00897022257470947
-0.0134228271570775
-0.0291545449394021
-0.00154698336106096
0.0414691574784074
0.00945130855302279
-0.00485476384663652
0.00618519900526882
0.00129871861471864
0.0129701683878916
0.0215962266906322
0.00977605280748661
-0.0381464631881914
-0.0190123798866548
-0.0321844955904982
-0.0333454237645394
0.0286838957630295
-0.00318934760687706
0.0115184478610335
0.00713962933321954
0.000269194180380516
-0.00690772398934492
0.00948512220826903
0.00975387919463078
0.000974840516654973
0.0217796110255764
-0.0151633302083587
-0.0168045392643132
0.00295303803131985
-0.000624553878933676
0.00517805543829919
0.00959234424344424
0.0161872440606534
0.00857066905773229
0.00927040343347629
0.000425199856689984
-0.00765105859859883
0.0179045399322058
-0.000589126409695329
0.00050524631578952
0.00589179371924575
-0.000920425053628549
0.00904523435435123
0.00232402882659288
0.000745246758111273
-0.00802648751388479
0.00533867213893902
-0.00589113024953036
-0.00317167186664991
0.00560996399564595
-0.0109908328224951
-0.00867148517150607
0.0107855371549894
0.0241976564660811
0.0144380801568813
-0.00323469179250557
-0.00275842929160419
-0.00301004723413678
-0.00122399833804987
-0.00220592316656987
-0.00311141414340654
-0.00279257494866525
0.000741256873692198
-0.00320986831275727
-0.00231193953998898
0.0203591737091919
-0.006326539002948
0.00832582632722523
-0.00331899946020409
0.00219294991407692
-0.000243115327361432
-0.00834953787005888
0.00147142971517322
-0.000816243558627971
0.00743400024723462
-8.11060655205864e-05
0.00827186778480038
0.00748009317976206
0.00399169720594439
-7.95324414832876e-05
0.00469181709741551
0.00649048619567782
0.00102231044283396
0.0108413621585248
0.00466313833314902
-0.00533768065791962
-0.000155576292493742
0.0193684274948418
-0.00198405184317307
-0.00451101790333464
-0.0039170123790403
-0.00424090517016107
0.0015486836111871
0.00363384888306317
0.00146369311245187
0.0106154230769231
-0.00312074885367841
0.0142017331129134
-0.0100128132197123
0.00882132319391626
-0.000527724995394774
-0.0015837620207787
0.000528720330536192
-0.0064930239296267
0.00699140533449061
-0.000150856544821498
0.00158496484319715
-0.00602865876477754
0.000379097818609564
-0.00227361126806247
0.00212684400122343
-0.00394140095194284
-0.00175033097175759
-0.00259183578398259
0
-0.00084072151760084
-0.00107090954091349
-0.00137829853367966
-0.0036807835693341
0.0080043720159364
-0.000458097270687241
0.00695136331979662
0.00713084471312464
0.0013558828470881
0.0113584698155789
0.00847898122303437
0.00442514947784178
-0.00602105138378661
0.0073871613868346
-0.0043997288406441
0.00294611466609362
-0.00337806423409071
-0.00537919801301012
0.00726041657313425
-0.00816417286592208
0.000148231361591256
-0.00615408935100781
0.00596839034451468
-0.000148242365714757
0.00897486973131523
-0.00926262595944005
-0.00912674158561266
0.00973493386359547
0.0146099233049517
0.0133762226938998
0.0090882502098113
0.000643395309938288
0.00614330287365883
0.00298188130712607
0.00502578027816858
0.00690245828715197
0.0121711661639747
-0.00152039394997361
-0.00179952247506987
-0.00117874080447411
0.00270738626780864
-0.0139158749111621
-0.00393174210153902
-0.00881088351345893
0.00398234973625189
0.00502908368893307
-0.00465151176722467
0.00715151900167155
-0.00604611902256325
-0.00282931804960684
-0.00127672723157113
0.00298294027735202
-0.000708157479761051
-0.0085741995668297
-0.00228724173290695
0.00150445594969417
-0.00708158067779152
-0.000216115556748275
-0.004035149186015
0.010996990225749
-0.00336339618708326
0.0132834849347745
-0.00396823285034831
-0.000426849749955216
0.0274733167259786
-0.00803549454117847
0.0153631078637522
-0.00405774432150241
0.0038671155841048
0.00584719013026036
0.00806998353118593
-0.00820890128394447
0.00444622745131373
-0.00531189063775239
-0.00212240178176648
-0.0116637873070325
0.0260326270177169
-0.00473610951144565
0.0052344593378193
-0.0184621362839703
0.00847454876997755
0.00109314754024559
0.0013648877456145
-0.00402097059963125
-0.00656908448452909
-0.00874768605340825
0.0018760961190718
0.0126231591646699
0.00986302739726019
-0.000203459031423603
-0.0139068105581218
-0.00736108965767002
0.00582169270740773
0.00261827318203411
-0.0491374767760798
0.00296330584733084
0.0079988539886473
-0.00221617092450066
-0.00114639959859009
-0.000573861256039976
0.0146414481498391
-0.00198061123224891
0.00368562630053515
-0.00346024995791094
0.00779482737368298
0.00196877371699644
0.00835089122807009
-0.00111352910970097
-0.00348359230463036
0.0102076907656274
-0.00422174530342068
0.0045176117418122
-0.0103093199357179
-0.00230694921804153
-0.0142947859290624
0.00156395111344199
-0.00532330190448793
0.00670759959117762
-0.000779706538422187
-0.00532028087309155
0.0128369917783697
0.0104914164063818
0.0008362483741986
0.0162918326153367
0.0160306705759357
0.00465243078217825
-0.0206040738255033
-0.00849716343096107
0.0118874972439353
0.00102447917425108
0.000887036038305533
