0.00773050779319395
0.013424712328767
0.0170315481464425
0.000797527931885478
0.00743686547480138
0.00290010545742159
0.00525764970405751
-0.00104605120052026
0.000261727741839746
0.00942164379538446
-0.000777780658543059
-0.0272443947264038
-0.00346761784648608
0.0123126067368147
0.00449502908513999
0.00394832829964065
0.0133718671571019
-0.00336357033047496
0.0109034008307372
-0.00513602992131568
-0.00413009787660823
0.00803517324856551
0.00642838792564637
0.000255569756146379
-0.00102173685712725
0.015085655456772
-0.00377838781414641
-0.00227560056322618
0.011910821386488
0.00826441272226397
-0.000496671659049874
-0.00646128198502571
-0.000500275137568673
-0.00300297805312755
0.00225903614457823
0.00200345604808416
-0.000999675131200917
-0.0140105325491487
0.0182695001268713
-0.0199351851498832
0.00686488650572659
0.00328287895368073
0.00981623458343828
0.015453714243612
-0.00662741744588013
0.0108722260718499
-0.00513319481789287
-0.00270272720632114
0
0.00221729490022171
-0.0103245329400196
-0.0141579490391431
0.00403121703278453
-0.0097866755225432
-0.00532181969898182
0.0292994140127389
0.0180692812836989
0.00291755402583149
-0.00921214545454541
-0.00293611458126042
-0.0117791411042945
-0.000248373479016628
-0.00596120248192755
-0.011494227886057
0.0184529823444646
0.00992797195512618
0.00712708299648757
-0.00122010736944844
-0.00561932567798684
-0.014742088089875
-0.00498743167019611
-0.0182958386819129
-0.0188919590958365
0.0288837106427269
0.00809307010386773
0.000250827891349115
0.00953100099149728
-0.00372675776397513
-0.00748127219357964
-0.0221105784449894
0.0190134131044919
-0.00302569339384773
0.000758700031393555
0.00859236795552176
-0.0338260836882986
0.0285269442809402
-0.00151290973272811
-0.00151507583409483
-0.00177035908522094
-0.00836083079906691
-0.00383231997527655
-0.000512977660272806
-0.00179622782149791
-0.00231365026665042
0.00798758031467206
-0.0120142385484212
0.00750315614472674
-0.0125834106980846
-0.00130036407541312
0.010416587999136
-0.00592780943112914
0.00362973813844958
-0.00439157851696159
0.000259418778946197
-0.00907906638337397
0.0109947117540652
0.00103575870108119
-0.0108638903259183
-0.0062762026006169
-0.00315786842105259
0.00739173686927819
0.00262049266247399
-0.0138525360090193
-0.00530084813146037
0.00293098862059682
0.00504790130307908
0.00370073995766651
0.00474061088383948
0.000524141519048893
0
-0.0146711299277512
0.00505179460112215
-0.00370367734665822
-0.00902814657461493
0.000268006430868217
-0.00080372350368485
0.00804286884833427
0.000797952170103811
0.00850385308254453
-0.000527035559234945
-0.00421829686264164
-0.00132377548318774
-0.00768825536351403
-0.0106866417312317
0.00351069412667271
-0.0131862755651238
-0.0149986100353755
-0.00415276866425152
0.011120322181809
0.0065989003739042
-0.00327776554827186
0.0032885446265527
0.00655550378160341
0.0157395395245341
-0.00427464600587757
0.00590292460423925
0.0216056803624605
-0.00600519597924787
0.000787969529813415
-0.0112860898312908
-0.00504374860864087
0.00186763607257201
-0.00798932111822426
-0.00241610738255038
0.00188374596340157
0.00188017727639012
0.00723863290184013
-0.0013308490817141
-0.0114605543710021
-0.000808816392558698
0.00107924983596197
0.00350409722394041
-0.0026859790491538
-0.00565588457700283
0.00243770327398196
0.00648478824559784
0.00161076510067115
0.00241224866222867
-0.000534786067658555
0.00588541985325253
-0.000265904269462935
0.0308592710827347
-0.0116129290322581
0.00182767628792879
-0.0216314313690757
-0.0383591625370494
-0.00304698077822618
-0.00194509575187007
-0.00668145916934626
0.00980938901345274
0.000555092993480333
-0.00138693485123254
0.00138886111111103
0.00194174762667809
0.00138424699291928
-0.00387058357039449
0.00305301146414139
0.00581070851717502
-0.00220077040994604
0.000827102288392556
-0.00220380171360324
-0.00220877961875265
-0.00387379645472608
-0.00611113888888903
0.00670768604549177
0.00638534147695724
-0.00524135172413798
0.00693288943613735
-0.00110165240700477
0.00496280672732285
0.00850471855954149
-0.013873722191171
0.0187586206896551
0.0178716490658002
0.0101090981644054
0.0173821433399488
-0.00284755364101585
0.0742471703011423
-0.00555821639540321
0
-0.0046173266285624
-0.0100097658693792
-0.0209617267808071
-0.0110831987132695
-0.00560359172713165
0.0233094256324431
0.00876090090711146
-0.00967739478107688
-0.00100228013029302
-0.0198143220419945
0.0176560379909909
0.00352024138798068
-0.00851916812828857
0.0126358352287086
-0.0117295233341652
-0.00580805584889166
0.0147320806383562
-0.00175219019393769
-0.010531644670721
0.00177394834703359
-0.000505970162053226
-0.00075925086101003
0.00937178318135778
-0.012547052072625
0.00254137242904062
0.00659057017514408
0.000503676668437869
-0.0254215706015604
0.00542352775249144
0.00102751091703057
-0.00923787505163287
0.0204610458311048
0.0205582984488175
-0.00323295208239127
0.011976022356486
0.00961538437831888
-0.000488424896497586
0.00757395553383811
0
-0.0191561823881579
0.00840543860555143
0.0156900952270143
-0.000241419261404752
-0.0079671177193199
0.0109515940618155
0.00409239277582119
0.00119872935024534
-0.00646542176558551
0.00337428279709417
-0.00144129230263534
0.00529230214096699
-0.0129217752351812
-0.00509088484848497
-0.0019493664242356
-0.00415034189820185
0.0066192692665048
-0.00316612267008953
-0.0112386757879305
0.00148253023270239
-0.0041943746408678
-0.00346878088531255
-0.0062158128737988
0.0155116083184486
-0.00271002710027113
0.0165514328063241
0.00607533384810033
-0.0115942989567972
0.0117303036036316
-0.00193241536558386
0.00435624394966116
0.00120479518072281
-0.0108303492377942
-0.00145978109293343
-0.000731067233648353
-0.0121921488511167
0.0145643058288967
-0.000729878381015903
0.00243481860238615
-0.000971508427083267
-0.00048626305649746
-0.00486502055789295
0.00733314593009071
-0.00169861688179129
0.00972294627425718
-0.00698124682279133
-0.0169697212121213
0.00764493237102171
0.0100342386188392
0.00678456505936498
-0.00601684731689167
0.00508472167275364
0.000481835725455682
-0.00168552857417581
-0.0110950075034976
-0.0095121707317074
0.00073868503475305
-0.0110728349181308
-0.00995267504236574
0.000251269156791523
0.00804020120704019
0.0144566803204556
-0.0162162158177834
0.00224775219161466
-0.0067281333982524
0.00250873049401101
-0.00750748267035761
-0.00655567322239026
0.0048222840191734
-0.0123769133619602
0.00383636848267876
0.00152868789808913
0.00483335016959163
0.00784812658227851
0.0838985409721542
-0.00834301235953605
0.0102827527393607
0.00485771455008099
-0.00851747257176505
0.00116087764104944
-0.0118274121481311
0.00234681994022967
-0.00234132527139619
0.014081154328065
0.0127285122131107
0.0141682593312733
0.00315455152873922
0.0105570979335128
-0.0488997755545777
0.00257071739727244
0.00466191120457293
0.0106729239291381
-0.00688712105401457
0.020111027282063
0.00997051869543353
0.010320821180166
-0.000666200325698307
0.00044444444444447
0.00155486450466458
-0.00487915280550022
0.00378876763514069
0.0013320825636749
0.0164080273351677
-0.000872622164048931
0.00152838431284685
0.00370616969056381
0.00152041699564687
0.0112773799332602
-0.00600478220019773
-0.000215706589674403
0.000215753129046092
-0.00237316083595085
0
0.00475772038245159
0.00365910468487085
0.00214452064884152
0.00748987802268353
-0.00191163968089902
-0.00617154687501387
0.00599569580309001
-0.00468288633461034
0.00384946551965193
-0.00489987228163336
0.00513812899032606
0.0031948242131028
-0.0104033337750885
0.00450544937769903
0.00128152498932077
0.00213308442548876
-0.00489570029799913
-0.0250266951871657
0.00416845089212603
0.0115796154686476
0
0.00237583158479104
-0.00323210514975203
-0.00410717700420138
0.0551335142174951
-0.00205725155200043
0.000206184300399315
0.00721349958779882
0.0102312259101949
0.00708936615534483
0.00905062330952067
0.000996671357252232
-0.000796515316676349
-0.000597807891590252
0.0011963508994477
-0.0181238800661996
-0.0121703450744491
0.00759751524440411
-0.0105971265539025
-0.00329557164357508
0.00661293669379903
-0.00246353936488486
0.0051450915826301
-0.0036855036855038
-0.0113028976572133
0.0145499893047187
-0.0010244416917754
0.0028712880587074
-0.00245404897938462
-0.00205000004202538
0
0.00657354149548062
-0.00448981632653067
-0.00717505139760244
0.000825954986578559
0.00391992977264422
0.0226057953144267
0.000803878649673573
0.00301208841389733
0.00240238233428669
-0.0019971839424805
0.00640384217722945
-0.00735738700820465
-0.00420671090571756
-0.00402335554261424
0.0143405984383196
0.0103544601681707
-0.000197122577961228
0.00926475458308706
0.0013671679420475
-0.00156038619075494
0.00781404586470114
0.000969160690056148
-0.0108442488544588
0.0185982177526147
-0.00115314243999876
0.000962074255107304
-0.0011534217608612
0.00365671677553348
-0.00651967376722251
-0.00135107119569444
0.00676455327543302
0.000767920906123987
-0.00326111637711257
-0.00731326034090196
0.00484683967247612
-0.000771773074598858
0.00251007911739576
0.000385227287566625
-0.0117442628368167
0.00331186427773766
-0.00485436893203883
-0.000780507317073131
0.0119117557491066
0
-0.00115789270551903
0.00869399183516206
-0.000574583424144515
-0.00172479877347631
0.00287966980226528
0.00421127472391758
0.000381261921106768
0.00838410823170732
-0.0028344294344077
-0.00663259427705143
0.000763086637279198
-0.00648112860238526
0.00575592873668329
-0.00934753946385114
-0.00134794916233394
0.0038565367555623
0.0226661732104076
0.0041321749011205
-0.00692104390050585
-0.00904123187040884
-0.0534119358788835
0.011245020306125
-0.0164813737791626
0.0018170805939246
-0.000806066118622883
-0.00403390463759967
-0.0026326649932632
-0.00284261928934015
0.0118101809853355
0.00664119554520415
-0.00939626149540196
-0.0135216551669355
0.0073649957576718
0.00406167733299445
-0.00829288042663601
-0.000407933926329318
-0.00183636000148379
-0.0165575844872276
-0.00706715844799077
0.0106761356499894
-0.00434960655239447
0.00291239858539627
-0.00414853773384227
0.0124974593833558
0.00514297459076385
-0.0110520055044615
-0.001241763245033
0.000207252391514867
-0.00704371245079771
-0.00709367828082608
-0.00210123975625143
0.00526426593959717
-0.00628410111922484
-0.00379428760105993
0.00402037681000311
0.0113804212564717
0.00270883506110309
-0.000831192868478658
-0.00644762868354287
0.00167464936152384
0.00397080476366996
0.0982513926259079
0.0271038865467734
-0.000553589233319718
-0.0173559638109304
-0.00169109354206898
0.00677585155701377
0.000186913434776059
-0.00691586915887854
0.0043290042475248
-0.00412297593472677
0.011102766486691
0.00688624604504007
-0.00998146062778038
0.00690812160365728
-0.00407938067865743
0.00335133128563259
-0.0118760254569684
-0.0028169389671362
0.00922790995208711
-0.00205262175779075
0.00878835078534035
0.0107506578174112
-0.00366765090166232
0.0150929499321573
-0.00235724379484148
0.0109051072337332
-0.00197772387590289
0.0079265540596849
0.00732797127206486
0.0044357699709765
-0.0024730612529047
-0.00371884179708093
-0.000177710635538952
-0.000355555555555664
-0.00106708162902358
-0.00783332767788247
0.00340925892696942
-0.00983546172515959
-0.00668230100564027
0.00309087272727271
-0.00326257035572131
0.00709218013849133
0.0054170999382972
-0.0062858836206896
-0.000722953163818874
-0.00705369855211246
0.00127502727595541
-0.00163725665568026
0.00674196416286499
-0.0295022805429864
0.00354349130069931
-0.00538935132151352
0
-0.00878178251121087
-0.000377002834627826
-0.00622285510508869
0.000759032243661473
-0.00530912001103057
-0.00781547860875875
0.00634009618328712
0.003054600934429
-0.0255043771316258
0.0201171675758365
-0.00765839555810832
0.00810337611023049
0.00708132057416266
0.00361083245174521
-0.00151488351609774
0.000379290726341797
-0.0022748625592417
-0.00532021650541104
0.00878706814850316
-0.00113616737102507
0.00265400947867311
0.00586125932806314
-0.00657900363573305
-0.00245973519242126
0.00815631623375723
-0.00696148609740421
-0.0111784769075118
-0.000574803613236363
0.00268402990797556
0.000573671139076026
0.00171977826410163
-0.00495990099045795
-0.00536807898772995
-0.000192791052567642
0.0136881244204381
-0.00513505115500001
0.00822024453794223
-0.0117558395238589
-0.00613967778472135
0.0140926643647232
0.00228446606290644
0.00303891726347882
-0.014580571585295
0.00307455797320233
-0.00747126422468847
0.00405325218966901
-0.00192237600922729
-0.00442987305199816
-0.00154764947857711
-0.000968804476481178
0.00155155156028797
0.00290476380528193
0.00463406053998727
0.000961041725178635
0.0024961020546812
-0.00593750250790093
0.00423886303511134
0.00537227562111053
-0.00553437001777224
0.00652465924919099
-0.00476644414172656
0.0126436779187034
0.00510783191245112
0.00150570296431951
0.00413458004387479
-0.0104810218978102
-0.000378305284250202
0.000378448453299818
0.000756591654181626
0.0319409941409943
0.0130037184250447
-0.00741274620479571
0.000182112925970257
-0.00673828082316519
0.00861747325600537
-0.0192691699425258
0.00166821127584393
0.0027756846266529
0.00387530916913281
0.000551433803256174
0.00275586992467391
0.00677902137123421
-0.0131028387060449
-0.000184381338742323
0.00110656582245339
0.00276346725798593
-0.00422559250413379
0.00664206629811681
0.0153959124744152
0.00595664238423677
-0.00466533285483572
-0.00667032618225483
-0.00635205104726133
0.00438359817351586
0.00363697022596954
0.00235551734653949
0.00108461677512661
0.000722228228200894
0.00198486113261853
-0.0207094907385105
0.00220667520767415
-0.0117431009174312
-0.00946904921149183
-0.0106841428560129
-0.054187212091459
0.000601021658694689
-0.0136136333610883
0.0121777755226304
-0.000200481255273388
0.00942641377002795
0.0041724417177651
-0.0229521166808049
-0.00546780061831109
0.00692323341634626
-0.0016178361654634
-0.00263311733103344
0.0194963233348366
0.0037848206417368
0.00357215724493254
0.00296620526003566
-0.00650634845216191
0.0121055965887198
-0.00352941176470589
0.00511613537977174
0.00920119384490237
0.00814746863525651
0.00269386179153619
0.00863557841804696
-0.00589804022264007
0.00708132057416266
-0.0007601102386946
0.0019018257169332
-0.0110099088838269
0.00441466427695447
0.00286638628448732
-0.00762191310975602
-0.0145929717898244
-0.00876853078721751
0.0139572049136467
-0.00949984453277064
0.00978665100802512
-0.00775345997286303
0
-0.000390720851547566
0
0.00859884731674199
0.000968785100391667
-0.00851720867208661
0.0214759660000787
-0.00344038608562691
0.00287690837892018
0.00803209011221862
-0.000758888270895319
0.00569589921002089
0.000943911630282956
-0.0020746887966806
0.00378002268002264
-0.00357753711960951
0.00699174251669477
-0.00825676471651782
0.0121098207042505
-0.0151430542103924
0.018602885345482
0.00503168095415596
-0.000185462636751343
0.00871663607999396
-0.00956058116493075
-0.00928160403344358
0.0134907441163714
0.000369772601220175
0.000369617439112568
-0.001477960438242
-0.00185010179186129
0.000556051889600395
-0.00444605409410892
0.00930405622240205
0.000921810437986226
-0.00110519430640643
-0.00479437580674891
-0.000741171007204611
-0.00278140181717046
0.00929713665483711
0.00313194552564378
