0.0130797566313838
0.00586845622837684
0.00991832000928605
-0.00346617572114893
-0.0243478260869566
0.00623882947118259
0.00708597599899541
0.0064497506171286
0.002039032797027
0.00319755795363053
0.00956250417632587
0
-0.00143510332950647
0.00373661961090499
-0.00572729127876803
0.0054723212709582
0.00601543970209129
-0.000569504572024648
0.00854712299413807
0.00593217480609165
0.00814380769042944
-0.00139286900318281
-0.00362613688290847
-0.00979848796756766
-0.00254452933402693
0
-0.0164398530736919
0.00345818433838074
0.00890295807007457
0.00711642450565253
-0.00904465774322616
-0.0219623496302811
-0.00845730509019227
-0.00264705882352956
0.000884665290474818
-0.00176776669910927
-0.0292208373901759
-0.0121616604488193
0.00677122149761655
-0.0168143997803243
0.00279850746268662
-0.00341088372093012
0.0164903240973964
0.0257116636493213
0.000895344726669078
0.00924260556819911
0.00531760740428977
-0.00205700858233915
0.0061837163187195
-0.00175583855755579
-0.000879478133113953
-0.0143779921139675
0.00833578445966054
-0.00944788926625006
0.00149028320388322
-0.0127976198093821
0.00994880976477597
-0.00298501492537306
0.00269461061708909
0
-0.00477754525066909
-0.00210032990697084
0.0162357496233161
0.00443792912538243
0.00147272455161351
-0.00617644117647065
-0.0124297717540759
-0.00569370709300887
-0.0111512658227848
-0.00396223700206533
0.00856790085679315
-0.00121362260963676
0.0194411615699368
0.0232419242180595
0.00203843913803126
0.00377800058122646
0.00955408194689977
-0.00659592792073205
0.00606232696484765
-0.0131993981750013
0.00639726683330211
0.00144464023563584
0.00144255626081957
-0.00633814480951167
-0.0115976218267542
-0.000293282487533131
-0.00674894326590714
0.00590844938897783
0.00469897223785543
0.008477082972145
0.00173915942028979
0.00231475687746663
-0.00663969418705834
-0.0119151409473989
0
-0.0152941176470589
-0.00388297491039424
-0.0170914253128291
-0.00488102516415567
0.0156346418036371
-0.0111682157812188
0.00915760129167276
-0.00483965502602368
0.0209725823116973
-0.0116105686216137
0.000903584310132821
0.00150463436653636
-0.00631006629537445
-0.013607529482915
0.00613123869194476
-0.00213284582571605
0.00671758778625975
-0.00970576252029842
0.00735059679322547
0.00729711180593218
0.00603685463215053
-0.00510056975094098
-0.0153799155609167
0.0012250228958639
0.00244726223454461
0.00335675923100398
-0.00577864945928686
0.00611807911037254
-0.00425658267730578
-0.00732830534351137
0.00984324883686538
-0.00517825128368876
0.00612372933251693
0.0416919950793673
-0.00642716914986841
0.00235230828299371
0.0225872983279551
-0.00286870330267619
-0.00345221538850493
-0.00635106831267529
0.00319584562439545
-0.0234578054867594
-0.0100830364744059
-0.000299640494318743
0.0095894518906039
-0.00593639079656849
0.00507608210952037
0.00713018419489009
0.00678463086816339
0.00585997638851521
0.0157295941899449
-0.0143389737407219
0.00727378548949043
0.0129982961582409
-0.0102652124322782
-0.00115243449013069
0.00807623352040565
-0.0042919025953676
-0.00747120711124172
-0.00550095525474936
0.000291208168338164
0.0194993591531036
0.00685129908225246
-0.0198468953785087
0.000578536303153188
-0.00231286498988148
0.00608527998176056
0.00460829479814806
-0.00659400783847452
-0.00692646424666887
0.00755588491717529
0.00374966851743119
0.00632186799775503
-0.000856596230725426
0.0014289510472163
0.0248287378758922
-0.00362018936229458
0.0111794581101023
-0.00165840243228299
-0.00968989506339679
-0.00698909700866646
0.0014076576576576
0.00449817261737406
-0.00335849426252444
0.00449309170196344
-0.0273972323175847
-0.0114976139264841
0.00756042476186169
0.00663777739464488
0.00688067640823742
-0.0111047554414795
0.0123812266052403
-0.0042662684869168
-0.00314184536657225
-0.00945564415726974
-0.00867804454729526
-0.00992121388969958
0.0106101090480399
0.000874861450135489
0.000291433566433463
0.0104863669975901
0.00317094272617302
-0.00172405177367974
-0.00230287839361665
-0.00230807847663006
-0.000289242319881922
-0.00954579114839471
-0.000876255789938107
0.0166617952838874
-0.00373769418452241
-0.018181874852417
-0.00617281011169912
0.0070984322064942
0.00528637313616365
0.00350563832895134
0.000291208168338164
-0.0119324792801955
-0.0167893956763064
-0.0302576983146285
-0.0176088976709576
0.0279874222637555
0.0229427966638971
-0.00448558625854034
-0.00270351448772854
-0.0265060534184923
0.0154702970297029
0.00670326020719059
-0.0145278445966148
0.0178132058411178
-0.0108630057592942
-0.000915161711871781
-0.000915999999999917
-0.00519565998790783
0.00952387126033383
0.00243450996851768
-0.00485731648018584
-0.0070164736734738
0.000307281115430991
-0.00890666434561826
-0.00216916640842901
-0.0027950309690985
0.00685147907656569
-0.0133004012805196
0.00532915360501574
0.0159027751792953
-0.00153477584194139
0.00338149410948363
0.0242034627513315
-0.00358956027520196
-0.00570405266574447
0.00845419711516304
-0.00778452049194478
0.00482800255968607
-0.00240234241448467
0.00150508725150256
0.00661262398557239
0.010152283657672
-0.00591194171374865
0.00356821279904218
-0.00444450370370375
0.0107143161139476
-0.00647812150995664
-0.00237113204676165
-0.0133690136660722
0.00632336664629207
0.00388991645062342
-0.0011922802143749
0.0029842735293506
0.000595060976047002
-0.00446033290335024
-0.00418160095579434
-0.005398920215957
-0.00965018094089243
-0.00152250304506718
0.0039645317485657
-0.00698660431267339
-0.0116242891289168
0.022593623565657
0.00665850464108653
0.00841861145030709
0.00238515198613154
0.0011897977748303
-0.00594180035650604
-0.00209205027172898
0.00179700514516323
0.00358741394357498
0.00297879058683348
0.00297006254648435
-0.00621850755108089
-0.0137068827858497
0.0305136876443315
0.00469067708324045
-0.0122556755179458
-0.00827172870143156
0.00297879058683348
-0.0148500157321066
0.0129635220357867
0.00625008965774354
0.0174504875051615
-0.0107559005374478
-0.0126359392487786
0.0145833937252022
0.00938691698445271
0.0107526591107237
-0.00345023011645285
0.00288511252163892
0.00489073676011142
-0.00543939307185803
-0.00949919346579198
-0.00174373728567268
0.00698695819429163
-0.0153223185891878
-0.016148061768994
0.000895344726669078
0.012224209534162
-0.0014727245516134
-0.00471976373334737
0.0165974204743675
-0.0090378136745719
0.0152984986585174
-0.0176759210475759
0.0188790254348656
0.0173711054611725
-0.00398403540079795
0.0114286285714287
0.00225983038080035
0.00140921645997749
0.0149170282836204
0.00332775919778805
-0.00331672194582644
0.0183028281114026
-0.00517434626431534
0.00958122117660065
0.00623644234716791
-0.0123955534250726
-0.00600278275564625
-0.00603900631347776
0.00718039235516144
0.00493559076129446
-0.000272933136538422
0.00955248388516594
-0.0113544735682901
0.00793002461033621
-0.00325553436637183
0.00979847524232591
0.00727765537884939
-0.00642221050099578
-0.00484783181126225
0.0119079293123701
0.00802353591932414
0.00795975080816524
-0.00157941555254448
0.00527289744265746
-0.0010490689470477
-0.00288789708584947
0.00868880989994736
0.00130514222643829
-0.00104277890920801
0.00521920668058473
0.00649013499480788
0.00902757286561773
-0.0143148776665357
0.00933602154211566
-0.00745110521331471
-0.00232979543541822
0.00882200288474322
0.00488680542986608
0.00972615817763001
-0.00202793404238444
-0.00508003568910431
-0.00306354368463335
0.00793859175258871
-0.00431915639433034
-0.0140341927541258
-0.00129397001278386
-0.00233221041720666
-0.00285716883116871
0.00729354017435635
-0.0108610815030298
0.00444439215686265
0.00156173875907006
0.00441793139293156
0.00698566587396288
-0.00513866932881124
-0.0222107432280285
0.00554672462898242
0.00367741003414768
-0.00314051303691476
0.016539800472565
-0.00206616730201015
0.00465841109364407
0.00721272539927864
-0.00485928413602488
-0.000770984322796098
-0.00360079723248985
0.00645327793220041
-0.00333421372997111
0.0115800305820888
-0.00330707190773161
0.00944356814701375
-0.0101137044276537
0.00332048514327021
-0.00432785143400838
-0.0168754789855412
-0.000260130032246342
0.000260197717486976
-0.00338104022416019
0.00469728601252606
0.00311685714285703
0.0056965563360063
0.00386204943357349
0.00410361610137921
-0.0107280198861804
0.00284017557449023
0.00952623583934087
0.00331550633296374
0.0114387646161667
0.00175923594472893
0.00577017045232897
0.00598658019456222
-0.00347143548368778
0.00472759404646905
-0.00222882609636399
0.004964035617671
0.00592733979119098
0.00122757181438748
0.00711135377909167
0.00560017044071093
0.0140436323012987
-0.00859601221117445
0.012283212909441
-0.000237901504589466
0.0123750832936695
0.0157498350787535
0.00601717209019137
-0.00276059344926183
-0.00576701295349535
-0.0185614625782581
0.00732865265552363
-0.00234693728357327
-0.00235234073640767
0.00424428200896032
0.00422634421225632
0.00280568155249017
-0.000932641663153322
-0.00186693124233039
-0.00140287584755672
-0.0044485835740713
0.013875846660395
-0.00394344690458248
-0.0130414069175921
0.00896642262939085
-0.00420944827920722
0.016674470799696
-0.00254102558232783
-0.000463177396943126
-0.00046341519925841
-0.00139075107535358
0.00185696370209065
-0.00532900834105643
0.00349410668530159
0.0027854919783894
0.00439810175004407
-0.00253514640551167
-0.00600737074878388
-0.0246397257089725
-0.00238317450865544
-0.010988986837339
-0.00942038601833883
-0.00243838100162808
-0.00146668296260077
0.000489620587007078
0.00489358954963515
-0.00949598246895544
0.00786627335299905
-0.00268295121951212
-0.000244509666043391
0.00195689819087841
-0.000244091802834356
0.00683758225060838
0.000970167353868678
-0.00193847831354499
-0.0359310520983503
0.0251825742931899
-0.0181773033204938
-0.00200155111329625
0.0140386566567725
-0.00618046956290552
-0.00348258697804515
-0.00249630547937318
0.0152652906723045
0.0133103524771998
0.00413519814801266
-0.00339147295037467
0.00777831812781526
-0.0147130008372649
-0.00293752768359989
-0.00294620672722812
0.00393989155528485
-0.0213391709590386
-0.0185464151104555
-0.0012767875383044
-0.0061365889507391
0.00360172378702672
0.00230710086168151
0.00588245554385969
0.00101695901261323
-0.00380995691668662
0.00127483423572583
0.00229185128596887
0.000508130068391122
-0.0185373027288648
-0.0300129350575455
-0.0168045069722855
-0.00434074866140122
-0.00735697527637669
0.00247049135328026
-0.000273877327491734
0.00766921433411172
-0.00625169866127473
-0.00519699110511507
0.00714880415586494
-0.00354903075214219
0.00849317808219174
0.00489000258380856
0.0121653683608884
-0.0232371533984282
-0.00164074377905377
-0.0104080257687224
0.0177137830690899
0.0103345662224639
0.00699859989240359
0.00400964982624985
0.00479235876484663
0.0214625584810515
0.00466928676184919
0.0123934675961788
0.00841627157399305
-0.00151747593531926
-0.0215298632218844
0.00647165398727267
-0.00694444426583229
0.000518000504584393
0.0186382858234977
0.0279543343305888
-0.000988899851943281
-0.000742365751051688
0.0183258539295232
0.0058366246555599
-0.00628633930642308
0.00973240923272067
0.00409633734939763
0.0107991605855129
0.00830963932359086
-0.00259006351330215
0.00849858336877762
0.00023405898328499
-0.00187217411654561
-0.00304811240102631
0.00329256820319834
-0.00304737458977966
0.0115213028808208
-0.00581125058112508
-0.00280565817161571
-0.0311841017029729
-0.0125847289448209
0.000245147064832141
-0.00490075949765356
0.00984971657597367
-0.00121919050081398
0.00366215829253291
-0.00754079281097553
0.00490198541426445
0.0109756341463414
0.0132689743481551
-0.0152380714285715
0.000725290117860711
0.00918098596716566
0.0057457026574097
-0.00452268529029687
0.00813008130081294
-0.00237189278937378
-0.0209225149566686
0.00169985429820296
-0.00460603636363632
0.00146122743640453
0.00218871600653503
0.00242664407732684
0.00169450492145962
-0.0176413480511999
0.00245997527872199
0.00907973006134966
0.00316150299517282
0.00557575757575757
0.00602700096432018
-0.00335490055116205
0.00865595094974747
0.00977353969550543
-0.0127478986603422
-0.000717336202773922
0.00598229227130198
0.00071358228559526
-0.00142624197765617
-0.00119016906404046
-0.00190653007403563
-0.00262657586851534
0.00406988269092645
0.00977584668039699
0.000472278652764002
-0.00660842592892197
0.0118793062485152
-0.00352197698990375
0.00400570226215136
-0.00445911747338368
-0.00801499330575162
-0.0102186306930309
0
0.000720240061452992
-0.00455849328214974
0.00168712934745097
-0.00264677568222382
0.00747881767240499
-0.00502871192666254
0.000481371852740553
0.00288667308154911
-0.0043176062441258
-0.0219224293867709
-0.000246256169766257
-0.00517366346390746
-0.00173353140828303
0.0062019348498652
-0.00690340219666175
0.000496524342018967
-0.00124067000597194
0
0.00273294409937885
-0.0106541374961808
0.00225394440270477
-0.00199902548725639
0.0125187784806906
-0.013105811402221
-0.00701576046103725
-0.0133737821505481
-0.0038362406054343
-0.0141206414859912
-0.0101563536376899
0.0144699560363037
0.000259310159250292
-0.00907438423645313
0.00601779157462601
-0.000260130032246342
0.00130080648545272
0.00259802532616149
-0.0103654055454782
-0.0191149520585219
0.0130806730667556
0.00764165987769005
0.000261453961221125
0.00156865359477121
-0.00417642902175852
0.00209693304865355
-0.00287734763274905
0.0112801681867829
-0.0005188067579458
0.00882429298791321
0
-0.001543555480925
-0.00206135011436881
0.000774541698941533
-0.00670789508296676
0.00753249350649332
0.00721832928027011
-0.00998208343997953
0.00103415201654622
0.00309914764723285
0.00308957260556131
-0.00128334192205726
-0.00642508352608584
-0.0131918779099843
-0.00131072077008021
-0.00393692934052126
0.00527011843820513
-0.0117955694995769
0.00636599452610098
-0.00843437028029448
0.00292400326751729
0.0100715875960773
0.000262345834102895
-0.0246589460823439
-0.00537923614846703
-0.00405619253650613
-0.00624501730952931
0.00628426263848425
-0.0168341831749017
0.0024855013113918
0.00247933891127672
-0.0109919486395151
0.00388994143429056
0.0107943257460748
-0.000273877327491734
-0.00766907738532352
-0.000275986751310908
0.0499723343464291
0.0362871689794155
-0.0104034509007865
0
-0.00307689743589745
-0.0156893257281551
0.000261275150247986
0.0039185215234725
0.00234192037470726
-0.00415366043613719
0
-0.00443175170928689
-0.00235666410988911
0.0104987407085952
-0.00883116883116897
0.00183438155136262
-0.01647925712791
-0.00611699500622309
0.00561956129567998
0.0106439057666894
-0.00157983149025798
-0.00632906151524582
0.00822722929936304
-0.00131621472407395
-0.00237219299873992
-0.00475561451813022
-0.00557470164983809
0.000533929539079603
-0.0104055496264672
-0.0140199514693988
-0.0265245283018868
-0.000280842712406804
0.00421472323686412
0.0145494116088747
0.00799782173181574
-0.00629272247038914
0.0214757158590309
0.00862533739220139
0.0211117328226476
0.00575768138596389
-0.00546445485297931
0.00968076897747849
0.0137341020989892
-0.0102248980118838
0.00129129645425374
0.00696417332989419
0.00332984110323165
-0.0015317080179581
0.00946047022601704
0.00050658561296868
0.000253113924050696
-0.0232851948005667
-0.00751492614667026
0.00522195836088657
-0.00805197402597402
-0.061010685022537
-0.0044617957484161
