0.0285210538894907
0.00385940542966567
0.0229245754125911
-0.0161469385382481
0.00933780418788888
0.026492950742526
-0.0131094627976458
0.0184032247849684
-0.00951081547583732
0.000274293545286852
0.0200219286895755
0.00228564139361276
-0.00348761890727223
-0.0017498586384459
0.0389697794514683
0.00168717709199839
-0.00686703809277023
-0.00574041733227881
-0.0111533658463898
0.00915607737319446
-0.00749506873786721
0.0300741508979538
-0.0182636398713827
-0.019520581173311
0.00293963137037045
0.00732751151951816
0.0111095885318133
0.00274698506528392
-0.00208719008154501
0.0111110849673202
-0.0193923728349676
0.00922880709897989
-0.0373612134280387
-0.00583525564295695
0.0226589674403777
-0.0142819010753311
-0.00338524044374378
-0.0029891441029658
0.0192151002677201
-0.0323572398401226
-0.00455992795799653
-0.0148528593163124
0.0379033811765059
0.0405918794139626
-0.00965424632343781
0.00118556178708662
0.0106578684210525
-0.00729069150607187
-0.00445896393442624
0.00223946767279837
-0.0155099890770244
-0.00507349786185585
-0.00885662944940813
-0.00609256693619586
-0.00476782428727296
0.0320285253771839
0.030901869206847
-0.00192976964120284
-0.00799178891488039
-0.0102650858922178
-0.0156228834350239
-0.00560156019198887
0.00657195564838942
0.0023984009700837
0.0190083868533144
0.018653690652038
0
0.00115256760930049
-0.00805828856485036
-0.00438431962407537
0.0106203860979199
-0.0269127134039819
0.00395104701698923
0.0211202011890252
-0.00218394153052104
0.00695250436339645
-0.0134253294134423
-0.0106273711442524
-0.0410007488080036
-0.00286844697266009
0.0106849178082191
-0.0130116428979622
0.042296099972535
0.00474308287897007
-0.0102281534165184
0.0152357439625435
0.00221853068844569
-0.0029948306121812
-0.0116233511819248
0.0206130813953487
-0.0174779781843081
0.000263605221552332
-0.0155447363696622
-0.00575404767480059
0.00188423949323391
-0.00282105043468439
0.00781348479805399
-0.018580404186082
0.00354129674588122
0.0270086590662324
-0.00806131909769592
0.00373032250813554
-0.0203079118825544
0.00447095256661578
-0.0133530754431221
0.0194121389087589
-0.0111305082472843
-0.00949277215874067
-0.014238786771101
0.00263891666666671
0.0148219970959413
0.020065533167744
-0.003746902030768
0.000805977198360397
0.0119447050880499
0.0100796018546525
0.0273108441538421
0.00549591016093842
-0.00953349458582675
-0.000256622183178234
-0.0163030162694989
0.00430643368027273
-0.00103952704053434
0.000390309588591764
0.000780093575342811
-0.0128621279347522
-0.000658107370698491
-0.00526802317924413
-0.00542825374590572
0.000133040463270673
-0.0070544259438744
0.00134046920483821
-0.00843369511781911
-0.0075603888213851
0.00720988961474944
-0.00526740943723114
-0.00991179878039916
0.00822818179451956
0.00680087078893643
0.00716030831506242
0.00509720972110506
-0.012678459895903
0.00865098640236606
0.00576252992109905
-0.000666262465039535
0.00813334666666665
0.00105807431479876
-0.00184963662704096
-0.00635344779536295
-0.0110563740508858
-0.00794714461064505
-0.00923287143970486
0.0215156910851626
-0.0155621677547335
-0.00408823946940218
0.0128625475407076
0.00999736598206025
0.00133760028524343
-0.0300561043273296
0.0031675388628627
-0.00521687288395789
0.00262217778943108
0.000963509952828234
0.000687513741920887
-0.018826371533312
0.0155462180519266
0.0063439385920856
0.0102781963782623
-0.0073250270303169
0.00915547963924568
-0.0219362903706511
0.00470714365054081
-0.00551194708557234
0.0016627823656028
-0.0235164611493089
-0.0110496960504149
0.00630285077504245
-0.00270465480427051
-0.00913502738038885
0.0106598389703207
-0.000997833466486187
0.0156941940758566
-0.00140477591221322
0.0151920391161648
-0.00734375799761011
0.000558361258492068
0.0069754464285714
-0.00734272651704082
0.000976957404690504
-0.00557725870639636
0.000560866517105962
-0.00756727848140026
-0.0115786500988421
-0.00657141428571428
-0.0033074920433207
0.0105324342961315
0.000428312386802965
0.0152704295704298
-0.0134945039850225
-0.0084070105443147
0.0117834178349427
0.0475784378594837
-0.0104393164197583
-0.00328809434958477
-0.00316155326460477
-0.00399881428566529
-0.00844524400753521
0.000139542021521555
0.0223370943321413
0.000546142269036931
0.00177432790122811
-0.0192098632367885
-0.0279204758416579
-0.0500142876530029
-0.0194043462964343
0.0228562349177408
0.00629871025794837
0.000596140107187448
0.0141494938062181
-0.0262886342363715
0.00754147778847014
0.00239514959303211
0.00462959983019129
0.0300283051893104
-0.0122672678269985
0.0119812971367241
0.00129939355185127
-0.00374912772167635
0.0513823014260995
0.14234587200366
-0.00457947681684223
0.0215496252191194
-0.00841430463667825
-0.00932232602658845
-0.0012063940307202
-0.0202923055889322
0.0146714583322469
0.00109351150327419
-0.00473357209289449
0.0124389878048781
0.00264997600517858
0.00720804918808393
0.00500961378862663
-0.0388084965865536
0.0150636008164859
-0.0025544216342831
-0.0047560853658537
-0.035044736735146
0.0994285968253967
-0.00669902964428193
0.0204651395348838
0.00615315619523349
-0.00192532269789392
0.00419837753994257
-0.00666662146892649
0.00181999764213403
0.0046554218235495
-0.00271253381399628
-0.017339064309589
0.0145312191734659
-0.00545643963332454
0.00697222555657162
0.00692396156467567
-0.0091308421725943
-0.0054607962352492
0.00457563497084479
-0.00284673195171947
-0.00239807011533621
0.0108745076594035
0.0439361803631795
-0.00075929057903712
0.018345581252315
0.000746178461703106
0.0133148704723542
-0.0109324191400952
-0.00223189508903787
-0.0146995850457899
-0.00270270270270268
-0.00151760433604342
0.00423405705966728
0.00940543783783787
-0.0143515471451788
0.0123872542908536
-0.00450786743603893
-0.00851753099730457
0.0345802526596375
-0.00409921173112482
-0.00168869656992088
-0.009197537126442
-0.00352114806315451
-0.00760251641077747
-0.00830811394044029
0.0196931446113309
0.00469486764089977
-0.0046729288584143
-0.0124839734049939
0.00194489458849612
0.00442139530611252
0.00880395113596677
0.000212899108268383
-0.00574591384084111
0.0155179470137425
-0.00368846036134951
-0.00655810232115395
-0.0173551643389089
0.00379237183018333
-0.0198617877791644
-0.00495600203889868
-0.0125068846155371
-0.00840618685937922
0.0125466371363554
-0.0222148465680989
-0.00970428175382032
-0.00818537026021138
0.0135998839195615
-0.0106651379815987
0.00347748939877657
0.0269146586577338
-0.0146232167688816
0.00182652972206698
-0.000113969915360723
0.00797717378917384
0.0229508882855021
0.0158046082292902
-0.00391688591374661
-0.0172583500625336
-0.0260087137267009
-0.00775989984342929
-0.0350775745282659
-0.000357556606494502
0.00369616059272126
-0.00653365407460205
0.00609831422091278
0.00618023539553403
0.0186628150879842
-0.0175092188661693
0.00967779972815541
0.0149619983064173
-0.0141656567046952
0.00630842304458934
0.0056883910574459
-0.0166223600354043
0.000939018642117206
0.0148939139753927
0.00103993527802237
0.0220478363862808
0.0189744745993394
-0.00986476380110002
-0.0104108359921451
0.0223981329774179
0.0158220961215565
0.00707984984380472
0.000432630331306916
0.00324327567567573
0.00420257529517531
0.0133061269813042
-0.010272169861273
0.000641964483650392
0.0140077528017883
0.00727612554516255
-0.00219848206234774
0.000944329051397075
0.00744233737018152
-0.000416200182954962
0.00114499843863869
0.00800579122478684
-0.00969566817005674
-0.0211436200157563
0.000106352412012622
-0.0179805834233553
0.00888407338404962
-0.00289953813682753
0.000215455039643597
0.000538333136481217
0.0302411220456547
0.0120128900445142
-0.00206437867664255
0.0110674389739345
-0.00992328388746799
-0.0130192396468199
0.00115159132595033
0.00847019790244263
-0.00456244287510499
-0.00197918750000003
-0.00146122537232474
-0.000418114360157151
0.0119209456840201
0.0159140337681316
-0.00142406675666895
0.00305595401967906
-0.00172639380799833
0.00844347888778807
0.00817113915578949
-0.00450274155487818
0.00241235304879583
-0.00972627063893694
0.010631794033378
-0.0159302377703684
-0.0153736711935077
0.00806533975871515
-0.00789821536359048
0.00516956156772586
0.0200575702524424
0.00262178083335241
-0.000704002816051541
0.00845406593745901
-0.0101796110832217
0.0301471869328493
-0.00225111093767472
0.00519912683541035
0.00478186781709899
-0.0121406372585532
0.0185822339846842
-0.0021235618170572
0.00299869422515076
-0.0203491171694645
-0.0101397812534005
-0.00367979103889238
0.00658810141744848
-0.00525583122791884
0.00737718088679462
0.0100939828769722
-0.00548641128637206
0.00433449897873106
-0.0379597362813067
-0.0193719612689239
0.00478268870867127
0.0186258590503503
0.0273262387784186
-0.00385641265271675
-0.00297792342620451
0.00826359003855859
-0.0140219121365236
0.0271407116102296
-0.00916531804144527
-0.00216493794041706
-0.00197243585853191
-0.0241106232443861
-0.00232890841780253
0.00588655237883429
-0.0108970032196851
0.0282566972177567
-0.00664688472281094
0.0153800164400284
-0.00491787164193713
-0.0302460913362873
-0.0507593920012293
0.0496081085453057
0.0451151304347825
-0.0128230809387987
-0.000594913249279294
-0.0113106358635715
0.00250878068221216
-0.00830832816199556
-0.000807530029272141
0.00404082238692438
0.00201224471287098
-0.000200783219230227
0.0022095108968565
-0.00841771712177863
-0.000303173329050166
0.0020218864137056
-0.0012106839827275
0.00343430303030301
0.00412728021450692
0.00380949373433581
0.00519329886727138
0.00357675104666177
0.00861295894242242
0.01423247980661
-0.00212911057526155
-0.00766173011675175
0.00146599882720877
0.016980559998238
0.0230304387585687
-0.00637839783905447
-0.0151987161332957
-0.0285659892638036
0.0235840447437949
-0.0211125222853796
0.0080756351381166
0.0127003027286019
-0.00829636279003032
-0.00214008748618433
-0.00370447448421762
0.0288650204167815
0.0155016354635924
-0.00758567154509904
-0.0161366328570668
0.0313638685715736
0.0193434578196172
-0.0106741993369747
0.0125415065927423
-0.0102003913424301
-0.00791313949208694
-0.000370997959562192
-0.000463870852327686
-0.000742606495610976
0.0202508124430876
9.09951727035008e-05
0.00373273866470281
0.00362813605442169
0.00542248521604183
-0.00773034606741574
-0.0025364435414118
-0.00926350913392504
-0.0051333487994627
0.000921385800436658
-0.00303777970278318
-0.00184676818522345
-0.0184088532545579
-0.0117802279541963
-0.00352854278534664
-0.00650779991401673
0.0144494752807913
-0.0157629477877304
-0.00607819573413992
-0.00203842949053867
0.0213014496897472
0.00838092380952382
-0.0263505957598393
-0.0332718220301415
-0.00612082054502017
-0.0225139114836777
0.00929561041107219
-0.00214898687935949
0.00440980403220581
-0.0113334692396679
0.0177630999119469
0.0145104003700538
-0.0109022201169567
0.00859539901502071
0.000902386222225493
0.00220375634170589
-0.0201899444220907
-0.034377180805643
0.0102471261252006
-0.00104567607588657
-0.00052335392571301
0.0172810426074244
0.0100896121720255
0.00947915595271476
0.00363490505215158
0.00432595564736493
-0.010317529593959
-0.0133603234809619
0.00379559898043902
-0.00265714875129586
-0.0161901226023208
0.0135402142789247
-0.00482994563415773
0.00929370133389917
-0.00255780647754877
-0.00543644487509376
0.0109323227200115
-0.00724340972995552
0.00585755843916491
0.0156314573650835
0.00271598419812968
0.00110354133226331
-0.0151317966215874
-0.0190272183458203
-0.00767561424434748
-0.00250860254016105
0.022948789688777
0.00297071287735973
0.0029618321739624
-0.00672093706886767
0.000820196833912101
-0.0146486473678964
0.00717325070853003
0.00113543562558127
-0.00979479347963275
-0.00718453761782034
0.00125855272697528
0.0109981773227383
-0.00103604437534321
-0.00487451783602
0.0109432311915549
-0.005360793814433
-0.0164801404494151
0.00769316058270797
0.0109809136902037
-0.00744802953238921
0.00270976558759028
0.0341960402681223
-0.00472362814070348
0.00777546205973412
0.017935801064054
-0.0104340687246409
-0.00308363675602952
-0.00169624823691628
0.00969509216306563
-0.0148485452835641
0.00874198177477847
-0.0072715908683294
-0.0117399754469205
0.0138085087584223
-0.0162242867546177
-0.0126234853113055
-0.00226828543701996
0.000206716964143316
0.00320277917963852
0.00401647794060711
-0.00389780498303016
0.00813511473447526
0.00337079666249651
0.00152696727495782
0.00264283398992182
-0.00618410387453472
-0.00530446807410456
-0.0026664136464688
-0.00236506940874037
-0.00577198533617773
-0.00165867718908008
0.00373832802476648
-0.0112766806837707
0.00146488437794301
-0.00261205728358638
0.00136179553071236
-0.00135994356564262
0.0056568301451585
-0.00656246874999999
0.00545240624559917
-0.0032328397458844
-0.000209290642199433
-0.0104646297711308
0.00602790833392364
0.012509229869943
-0.00166108803986709
-0.0115432711504463
-0.00199896890061124
0.0124393842247588
0.00499787583300848
-0.00714872587490867
-0.000521788573060733
0.00114846524481593
-0.00656999693993121
0.00104974803590707
-0.0468750204815958
0.00924198491849459
0.0151531664072877
0.00869842111151997
-0.0120302033429149
0.00021548490682699
0.00721825037707391
0.00267408284680881
0.00362709630098346
-0.0001063137732501
-0.0110556075263101
-0.0054821241049352
0.0174016434522799
0.0110485608535609
-0.00336240418960609
-0.00432257257401303
0.00232954251737505
0.0118317658216029
-0.00522029656734491
-0.00514271625884466
0.0189892919190917
0.00279537230750071
-0.00629775958808831
-0.00238964155844157
-0.0649864423553356
-0.0291823906124125
0.00275353360470243
0.00983981670847101
0.00815772698486894
-0.00966509295352569
-0.00544716277415458
-0.00901416030367597
-0.00310876230532564
0.000924024002679102
-0.0102701010722316
0.00209863596007809
0.00639910435366287
-0.00173412716763011
0.000347411704630263
0.0120398360282417
-0.0109814575836528
-0.00138795976622663
0.000810840899274634
0.000347158877576303
-0.0027765501439948
-0.000812064993459205
-0.00603733911659143
0.00362103721970541
0.00966017247812312
0.00276654755043237
0.0103460285169796
-0.00432355221667491
0.00125701059862848
0.0103857106692864
-0.0111826274842723
0.00502629649273123
-0.000227369849032599
0.00704869266767494
0.00519303442779351
0.00595236965462287
-0.00513563693200847
-0.00145884859770118
0.0023600695990087
0.0295997302477915
-0.0104540888499599
-0.00396171440645821
-0.00729205596526228
0.00901509202036932
-0.00176487969270334
-0.00331495027624318
0.00221735040634208
0.00519912599116967
0.00220091332009753
0.00296470846601515
-0.0151083540664925
-0.00244554249050177
-0.000111377314717553
-0.0079126933719148
0.00415639196213413
0.00469850100345104
0.0132502174201141
-0.0165934285714285
-0.00111743214029347
0.00268484173492389
0.00133887095856977
0.00311976601671304
-0.0127735422944968
-0.00180013507426202
-0.00879169286754167
0.00352510794803029
0.0131445212464589
0.00324340663266276
-0.0124860093362099
-0.00914433260003755
-0.00592454161756439
-0.0128367106017192
-0.00766278907451956
-0.0232829996105886
-0.00802593406710828
0
-0.00712470733304449
0.00158108730745465
-0.00595017622222649
-0.00623018560676536
0.00356485565002718
0.00465455664692005
-0.00121920267809805
0.0153808841645724
-0.000841536427025891
0.000842245207048009
-0.0110603270016831
0.0207877335086861
0.00202450872901627
0.00249582841093199
-0.00901010098423471
