0.0111028339658812
0.000629116363884963
0.0200045716733426
-0.00689236216380962
0.0225695429119122
0.00888373909140294
-0.00103917088250216
0.0105667016884765
-0.00140857621184776
0.00634764515823827
0.00830230178709623
-0.00657646370409271
0.0008072873927778
0.00564669543931218
0.00406414438502667
-0.0022901204274105
0.00427055459060965
-0.00637863162763441
-0.00315624577164553
0.0292475964204699
0.00344128486411699
-0.000623512610395061
-0.000208022667207208
-0.00171608514229871
0.000885590715778761
0.00333107262449706
0.0107381436792418
-0.00656948278730207
0.00134329924925902
0.0204828493273144
-0.00642089612693408
-0.0098209238790774
0.00390569924262696
0.0039415867742536
-0.000713843583363238
-0.0117359069647088
0.00686700768313231
-0.0122044513667107
0.00264753146842289
-0.00559180390179037
0.00452980844038109
-0.00870778552301088
0.0179869385620914
0.00842364776389504
0.00748739869110793
-0.000707780575716299
0.0030354699375601
0.0118531527250367
-0.00254222121259051
-0.00774614169676735
-0.0050365146557062
-0.00607439626310713
0.00713009400162679
-0.00657397218710498
0.0025451769286613
0.013252099719504
0.0167368011298537
-0.00778702339439197
-0.000347739904459687
0.0138136596273293
0.000441091998436782
-0.00186160106460909
0.00127611167968711
-0.00122549019607843
0.00613496932515334
0.00507313658536601
0.0114540918276966
0.000815801367057611
-0.0235892642032659
-0.00319172118414102
0.0157635320197045
-0.00324926289887384
0.00695766071599113
0.0040587358503521
0.00904711247766432
0.00639074325035871
0.00516537285251872
-0.0199896562161631
0.000144316162609348
-0.00495430028728139
-0.00101508679400319
0.00948413317557084
-0.00210910751867288
0.00451533303683016
0.0136763631808619
0.00825549595726938
0.0425303474950705
0.0109954085047668
-0.00812359376528449
-0.00832438231002153
-0.0213015658335448
0.00576408740309842
-0.00174226307027536
-0.01102279908185
4.64124827344037e-05
-0.0103092831858325
0.00764829691367064
-0.00814901047729921
0.00544602816901407
0.00989911729736437
-0.00675047164208653
0.0107997017242438
-0.00299343282211206
-0.000230971402120916
-0.00762340133410266
0.00446951455508438
0.000185367323290997
-0.00296584188683868
-0.00534508032568193
0.00551398598130848
0.0125011715192314
0.00899622272447398
-0.00504936082382423
0
0.0069952404581417
-0.00231552780930766
0.00496039398925108
-0.000996245972048615
0.00607404919960985
0.0056318991524924
-0.00170246418058861
-0.00233374016544219
0.000134948266284907
-0.00112445462938471
-0.0121577673616916
0.0141306907163212
0.00503420541233734
-0.00800540228965829
0.000495919935944444
0.00500180700253972
-0.0178899969416222
-0.00534148117873623
-0.0218937398883219
-0.00455185815433523
0.0316315035206829
0.00658016371011083
-0.02428729809464
0.0241474069186798
0.00885885900551653
-0.000945674757420023
0.00265931667421193
0.00449539228359708
0.00483330505482171
0.0208880863175882
-0.00728556841774031
-0.00355964838198664
0.00926166954966767
-0.00284038634575057
0.00315527408602234
-0.00781970629820095
-0.00101266293176872
0.00925561289283627
-0.00655050424580761
-0.00637395915482086
0.00977706188479655
-0.00806131872946336
0.00397506286868854
-0.00937048532286733
0.00417444723874727
-0.00473196543277821
0.00342147962557449
0.00301121680507244
0.00591609713024299
-0.00974368433538786
-0.00217174900655404
0.00373115969148574
0.00663804926920375
0.00580292783310798
0.0100529003469134
0
-0.00549564681285475
-0.00957276099987248
0.00382220375674813
0.00297602952041598
-0.0165379108656273
-0.00315026614716785
0.0126407487661082
0.00118677862922012
-0.001975577320114
0.00127564772554734
-0.0232404582910213
0.00589212876451994
-0.000536554286069357
0.0077844978921886
0.0285891953429191
-0.0134225336222166
0.0108928913931998
0.0109053313925451
0.00291092886358912
-0.0215980793136337
-0.0125207005823196
-0.00251825484820178
-0.00518202677465684
-0.0341926359726076
0.000599294722698929
0.0182438313668463
-0.00570088216992337
0.0297597749763328
0.0133893016342559
-0.004273300446751
0.0450623723653416
-0.00192761482537551
-0.0137290666559051
0.00889700721302611
0.00253167088607609
-0.0136784508330358
0.0199274498845117
0.0169860176221903
0.00522463382240712
-0.00732559016184353
-0.00494721722416902
-0.0355071592827844
-0.0216503851177142
-0.0271789330406147
-0.00257263497538041
0.0293678033085705
0.0361790537397406
0.00547279691863056
-0.0302531561181434
-0.0318061085862933
0.0319072032732841
-0.000609698645799517
-0.0134652128894058
0.0244710191460358
-0.0164704527887429
-0.00486607774816505
0.00814980616740102
-0.00139832637802073
0.00393818756372544
0.00322540654046044
0.0100795369516404
-0.00692502888457502
-0.000822951298879326
-0.0122242272120662
-0.00688985840369194
-0.00702605381759547
-0.00356015742547688
-0.0226430615400283
-0.0302503889645475
0.000895311465011206
0.015112240193734
0.00927557761978437
0.00546826131486688
-0.0254101643015416
0.0117701992966002
0.0178902488387618
0.00314180409666265
0.00640008630021405
-0.00969688792307011
-0.0355239912161591
0.0155356940919735
0.00553334888434254
0.00194218728323703
-0.00387684500740149
0.00236294303513929
0.0121568135741297
-0.00616525548629832
-0.00197588920999647
-0.00101294257550588
0.00281145318333675
0.0236234899933496
-0.0128861125499007
0.0337502742665379
-0.00998813728185621
0.0135555688888889
-0.00280639768288016
-0.00470519318050744
-0.0148890830589218
0.00156974480167849
-0.0198817923196644
0.0485197128901746
0.000958610021786432
0.00661676821079249
0.000259462025180346
0.00471247724108315
0.0151038986836951
0.00148370499746608
-0.000380935449735498
-0.00122801911876658
0.00199262733693639
0.00368118394992267
-0.0108764467090968
0.0153006688125843
-0.00764002599429092
-0.0085025171362737
0.0154443278955771
-0.00365529187125113
-0.018849628990679
-0.0104439464515748
0.00208476367953514
-0.0319001385579917
-0.0236389638984645
-0.00183423054077192
0.0168136857667025
-0.00749978779253258
0.00100146124822564
0.0278763309106775
0.000619382385609768
0.00601318040423737
-0.00325234476004188
-0.00692266876166803
0.0139862977800094
-0.00214559710438311
0.00250128132128125
0.00617204648070113
-0.00987559814723915
0.0110286482012152
-0.0122555711710847
-0.0254751585070185
0.0318750184686665
0.00332528982727687
-0.035890262403648
0.0247421790777802
-0.0365923985443514
0.0117291856439381
-0.0141291998057043
-0.00569586594895544
0.0294280458006269
-0.0121168468149095
0.0243946526054002
-0.0193348159645234
-0.00836576832941005
0.0248073472281063
0.0176211723867961
-0.035244203635977
0.0129628787344676
0.0172714703729144
-0.0258632278197521
-0.0308845259814668
-0.127382059185993
0.030007000961338
-0.0140480376538689
0.0257624031403114
0.051973340277601
0.0106703758850522
0.00679748853869944
-0.00684730907579612
0.0108480784755205
0.00891917850006352
0.0129059519354511
0.00462057791049597
0.00929152148664336
-0.0168929712313003
0.0127820768538058
0.0092459896375201
0.00604647983185824
0.0138869368053787
-0.00233514018477632
-0.0174649123610926
0.00769657324398287
-0.00713769753607985
0.012729516061768
-0.0103992540615748
0.00100516747396107
0.00415356253874766
0.0309091045454546
-0.00762784822361751
-0.00537613170287943
-0.00125077726592171
-0.0117631495503789
-0.00574792494792387
-0.000227549169668717
0.017575012120953
-0.0102465790360513
-0.00388788884115576
0.00490152500501995
-0.00596148501455585
-0.00363472502585938
0.018513442519196
0.00385028651571329
-0.000356801354220004
0.0016061434889183
0.00293988418708224
0.000310854497941992
-0.000399578216038421
0.00555210093964686
-0.0057423163820941
0.00870765931329975
0.0107905614077441
-0.00453155991285403
-0.00730987458999766
-0.0104061028830316
0.0288285933333341
0.00753575160335429
-0.0117348478840047
-0.00887307626683354
-0.0104006453328793
0.00439026607538806
0.000264903521901561
0.00379607587116193
-0.0147311285390944
0.00718557535647202
0.105596677498974
-0.00957915430861722
-0.000445149931426747
0.00757082995951408
0.00289308078300099
-0.00276454189293718
-0.00349535966642089
-0.00120954320529587
0.00871918231492641
-0.00460200089880347
0.0237597044351592
0.00400551354421008
-0.00348104590668474
0.00467070415523474
0.0295738093152564
0.00967590086103387
-0.000939531751505629
-0.00549199150604862
0.00347977525758814
0.0051640597888003
-0.00633742797320069
0.00471733696169263
-0.0192690710590099
-0.00869405954743641
0.00208634249168349
0.00107953504799196
-0.000808750259397306
7.70467154098675e-05
0.00774689767101711
0.00485711169596059
-0.00331123937395283
0.01328907880416
-0.0290183223135108
-0.0224723195607759
0.0209243388353675
0.0146618011382997
0.0106937833045715
-0.00367856571217273
-0.0110764425583266
0.00966094076179469
0.000533638290121097
0.0280042949479489
-0.00555946781482874
0.00447248335486927
0.00586243902406425
0.00608651748255573
-0.00472969878747875
0.00180508372937549
0.00838419865864393
-0.000619987598935334
-0.0114577053001002
0.011996603861111
-0.00109432081858307
0.0125611742803535
0.00306529403816636
0.00301993894704156
0.00189970615074775
-0.0017887808374234
-0.00670201087277666
0.00288658855247892
-0.000575653869732573
0.0101514666065619
-0.00559486862165648
0.028669723845945
0.0019509370904458
-0.0055284977984319
-0.0101744830539323
0.00759446822477283
-0.00571430324276945
0.00109300474390039
0.00433209252394828
0.000876700787253437
0.00161168492187813
0.00311335577558602
-0.00861347786952593
0.000457293594162023
0.0010547359056623
0.0156294323699442
-0.00674347931090613
-0.00706774943573663
0.00778429111971479
0.00330531640088627
0.005964773510444
0.00596391022314813
-0.011377293522342
-0.0176088813341495
0.0107617478457112
-0.0164769990515011
-0.00138419824604941
0.0105562499970231
-0.00826535573347797
0.0018796290318841
-0.00987613805309728
0.0106539311997618
0.0147157804328715
0.0045668397162244
0.00700995617698563
0.00134404166175561
0.00264992594366431
-0.0145877670706085
0.00707094997486446
0.00255945632539167
-0.023218037494896
0.00236634404043468
0.00599017643369315
-0.0161121050788091
0.0084016235329647
-0.0231589273755939
0.00263816757622704
0.00446966813714322
-0.00412683082625032
0.00904442958881768
0.00732060139028201
-0.00148887911002349
-0.0762266622704444
0.0102616663956212
0.0155597170866459
0.00438277934971576
0.011039803279125
-0.00538583469830256
0.00756623780814181
0.00294480964522115
-0.00844155867273733
-0.0160645429957872
0.00244524107622968
0.0036777535794732
0.0112170494125834
0.00850429986300005
-0.002749770852429
-0.00948524632352943
0.0106524974445756
-0.0710639625414975
0.023642013729406
-0.0120887526759084
0.0118457096951403
-0.0339618567431689
0.0053993760964659
0.00445538617918317
0.0258613821782177
0.003860556707179
-0.00596080454547854
0.000735074249126333
-0.027989405946332
-0.0256532521161864
0.00118380277873786
0.00868426617712292
0.0137833633092166
0.0210517843870004
-0.0248350193265652
-0.00108112363081925
-0.00990139473538931
0.0125106155611439
0.00283905547953411
0.0127198177321213
-0.00984329490264269
-0.00155081917529531
-0.00533671600361174
-0.00316313513513522
-4.02072610802273e-05
0.00461943769374695
0.0031986724542501
-0.00557988853519065
0.00128259318637269
-0.00344247848812207
0.00634634461590466
0.00602702180166492
-0.00126961712434503
0.0173995513828236
-0.00304550015884775
-0.0080679825475426
-0.0035140323999836
0.00487358735094734
-0.00540197939591514
-0.0100698063338526
0.00476572692950405
0.00346763921825355
-0.098744842285209
-0.0136623670426363
0.00630028588516152
-0.0157187020557217
-0.00798486045008218
-0.00409274226719625
-0.0109132374429223
-0.000969516638338552
0.0151571122501972
0.00951388868625824
0.0152861069524983
0.0256706248770542
0.0646921402555458
0.0063038391429997
0.0168936997060014
0.00600132742736248
-0.00359508540603437
-0.00796958861350805
0.00323740211715506
0.00573683131621916
-0.0107347674082167
0.0194602422627486
0.00337785145221092
-0.00328823290136371
-0.0142565001621338
0.00916366370844135
0.00359273569880036
-0.00208496855332385
-0.0199471637950657
0.000965387550921459
-0.00667070106480128
-0.0187305472006913
-0.00672000747625345
0.00290545810126686
-0.0424616553726431
0.0146086574449726
-0.0129073439829606
0.000172596236092781
0.0233000048174836
0.0121858616598776
-0.00878983950689649
-0.0552660708139356
-0.0442189924353082
-0.0154526735270373
-0.0070439465184321
0.0214244912872379
0.0140766528318101
0.00629709051569294
0.00502446460133954
0.000590851250242386
-0.00635905239173229
0.0213018975430128
0.00456541047860903
0.00900020041881833
0.00993552914621265
0.0187573471588411
0.0149356051502145
-0.00350981907154635
-0.00802036515222648
0.0234000732246764
-0.0115787695787112
0.00401758002147057
0.0106987614557303
0.00108360076370406
0.0338037332474663
-0.000644320052798242
0.0103155015538985
0.000638148616250778
-0.0165809837641236
0.012767028942845
0.00384180799099942
-0.0128368723144137
0.00977303145491137
0.0197568514569586
0.000196105579984396
-0.0494451674291071
0.0103951985017341
-0.00730794474313756
0.000616940175618641
0.0211261772980742
0.00209308080749415
-0.0247027989519617
0.0205510689061494
0.0313155565216034
0.00719985918923038
0.0228438428013327
0.00820420468020444
0.00599004290242577
-0.0098116129641298
0.00748841182272364
0.0063439765187896
0.00395414820726625
0.00940030415023929
-0.00397547373033036
-0.00155210098750291
-0.000481193299568639
0.01188709410834
-0.0121500713632204
-0.0264883272901061
0.0247736130024112
0.00482746094007513
0.00269784918434302
-0.00390681473040044
0.00318206530074505
-0.0188846086398018
0.00733087218045125
-0.00167946251108964
0.00231773831775706
0.000484876183889149
-0.010698956197577
0.00791320355879876
-0.0092343386362429
0.014565430943533
-0.0140588353862247
0.012146825789684
-0.017554291808388
0.011608489872341
0.0148127988477791
7.39810099763538e-05
0.0146694783529271
0.00251275668216833
0.0248828717935783
0.000212649737046267
-0.00584700187751952
0.0209945259381012
-0.00900718119671007
0.00930041266647708
0.00181497033158817
0.00202082441024687
-0.00538949223804963
-0.0124453702127056
0.000601840794429709
-0.00183962708781393
0.00333157988950994
-0.00222543107577577
-0.00821386759225928
0.00167779599332829
0.0135068029898759
0.00460633964240986
-0.0279314338985747
-0.015627236008832
0.00358468059871475
0.0159280734761666
0.000681670406851076
0.00516267005910409
-0.0202239381629301
-0.00575200039497614
-0.00615133862645101
0.014405198765193
-0.0127841543224254
-0.00143482447927368
-0.00287366547587109
0.00158874195282643
0.0135384874428224
0.00640585987261155
-0.0573216354807553
-0.0145784506318047
-0.0107450718725223
-0.0144431834448678
0.0132572259425812
0.0010640551724137
0.00385794813230533
-0.00321571372549023
-0.00700290758132172
0.00919178706478108
0.00561398003449276
0.0331447245710261
0.00211607076881415
-0.0224359416695653
0.019363506268081
-0.0146440956638478
-0.00837170910226659
-0.00646740373918608
-0.00810753107499651
-0.00361534953583775
0.00828235446717773
0.00989633897664022
0.0160740340557681
0.00209666461043945
0.0204275521069015
-0.0122273960857409
0.00539681093936362
0.00048800676774774
-0.00739129181477227
0.00604780016667528
-0.00251733539949917
