-0.00622474774940696
0.0206534789233113
0.0223917395523017
-0.00502915322889608
0.01141361449817
-0.00741575056288479
-0.000162400519733596
-0.0147823097013919
0.00395708148533958
0.0146165218363692
0.000647474921454894
-0.0037204788094467
-0.00357202467933115
-0.00407365168769191
0.012598167745389
0.0368395384850466
0.0210378532347779
0.00305256424233336
0.0152160679364566
0.0116906323187855
0.00933328888888885
-0.0146778224575586
0.00566073315927595
0.0739149437441877
-0.0180689379310344
0.0044950132182886
0.000839015498838691
0.00740530948721529
0.000832260772046123
0.0254988345067164
-0.0168918918918919
0.00439862542955316
0.0035582592035035
-0.000681890067315005
0.00518565782185654
0.00162903873858067
-0.00243969913851594
-0.0093749187330141
0.00850356557379972
-0.0153678364663109
0.0110496543908936
-0.0125682792036179
0.0178472747350202
0.0145439581351094
-0.009244399909491
0.00743749861139276
0.0025503624161074
-0.000535546912959095
0.00549224365727397
0.00626167083031381
0.00238315904121733
0.00264172503819471
-0.00764065300273209
-0.017921133202678
-0.00013519869686951
0.0378531291354181
0.00468933195347132
-0.00907554812947808
0.00261673426664921
-0.00887380956050421
-0.0213297572612149
0.0180276599481326
-0.00964709950170739
-0.016946943769764
0.0038007195276426
0.0246112247982919
-0.00633490852586416
-0.000531292329243094
-0.0065116013289036
-0.00668806830690027
0.0165633714903481
-0.0249039217089395
0.00869445715671158
0.0218182222222221
-0.00342694068431759
0.00449670672534452
0.00539834122705751
-0.0127030118818358
0.0167131319367706
-0.00300070442268208
0.00588857644304031
-0.00975673176440495
0.00683126615220986
0.00926407893089864
-0.008661900676455
0.00247786906624925
-0.0023416286324327
0.00339020723979111
0.00259915539697819
-0.00324044061593154
-0.000910273058250421
0.0110633603784107
0.00411946446961897
-0.00358973076923086
0.00617596492310901
-0.0126598214575379
0.0176143118458012
-0.011454779177803
0.00141626114114235
0.0195423504698169
-0.00151327863127571
0.0165445567062388
0.00670892052947991
0.000370220910406172
-0.00567480892363204
0.00880893322106524
-0.000983827351711319
0.00947921915009653
-0.00463410975609757
-0.0144572525928477
0.0139233711108062
0.00711134151817916
-0.000852191390944723
0.000243645668331904
0.00706544071460313
0.00810448791833762
-0.00875923968126902
0.0064156638855386
0.00180420978835949
0.00336173606241141
-0.0072992820390092
0.00120538815339177
-0.0132434267576071
-0.000488055154807765
-0.0231933721482758
0.0113721948777379
0.00395403435067343
0.00110764307692302
0.00725355334416311
0.00939823019650898
-0.0159613065040376
0.00159750558850469
-0.0323886509044621
-0.000507176346880578
0.010402130904424
0.0066540864619189
-0.015091032676478
0.00189948079144631
0.0125126132768221
0.00786414919655298
-0.00161006939831732
0.00248104450463904
-0.0123747064069968
-0.0319508340295911
0.0164379622977489
-0.0021647523515187
-0.00561514796305307
0.00333678139981464
0.0154770913277051
-0.00125957930796794
-0.00264849284085655
0.0154274275309201
-0.00311332491481975
-0.00911933757204242
0.00239538577912257
0.00616272151521269
0.00424994999999995
-0.00472986082797422
-0.00950477750756351
-0.00391411630987804
0.000126796807286
0.00975913790217664
0.00502073566011618
-0.00749343074809539
0.0123316470072776
0.00646369197502894
0.0139557488704984
0.0132765411273215
0.00192325996097464
0.010557948663658
0.00629228281043748
-0.00495523820303823
0.00189713075158315
-0.00497039053254444
-0.0236680060973357
-0.00560359388980836
0.0166605543302911
-0.00867575632427409
0.00802240214011429
0.0183286747859639
-0.0114860158017531
-0.00527074729501376
0.0104769146137174
0.00226425921753015
0
0.00428063030393888
0.00651199392034085
-0.00376426293931853
-0.00543156203963735
-0.0231509430196742
0.00656296799420231
-0.014126998309587
-0.0176362886065821
-0.00897644943244535
0.0130834196272089
0.0162671925526783
0.00109975567447496
-0.000976467716343299
-0.0178374958543065
-0.00422933205907861
-0.000124946903499845
-0.00624687648367217
-0.00704045754286586
-0.000126639650798732
-0.00126627831750947
0.00164824388303875
-0.000126607594936656
0.00455753904437373
-0.00466282305388344
0.0167130912871707
0.00709838080578895
-0.00259674777061647
-0.0280188679385635
-0.0397959556174501
-0.017800172925082
0.0392209077841246
0.0131442224437388
0.00231215163293919
-0.00410098685250537
-0.0298545879533468
0.02201888873881
0.00519135606003784
-0.0132988901213255
0.0256477237803643
-0.0155651064901163
-0.00116645924487002
0.0105098871156093
-0.00937333112634819
0.00868435492717157
0.00873811359547694
-0.0062420127388535
-0.0178182151565642
0.0214043191828119
-0.00268335030198441
0.00909671970159942
0.00380898923796358
-0.000126422973094287
-0.0174573680914344
0.00399130948863924
0.00872019715105687
0.0108059745331313
0.000251502949276894
-0.00025143971144781
-0.0177336682748417
0.00588988491395348
0.00165483710933922
0.00241447445890253
0.00418359549379788
-0.00315616719045786
-0.0349544330667988
-0.0140419953034906
-0.00106474115791588
-0.00466363738852893
-0.0040159974839088
0.0268817197074807
0.00929318038499516
-0.0540785753588564
0.0148066214750036
0.00959208360951425
0.0200722593307001
0.000655857248228253
0.0117986498662646
0.00103656387665185
0.012555021678617
-0.0107376194271652
0.00982042912288961
-0.0119002044299372
-0.0128204867544615
0.0125934535251166
-0.0300556929639672
0.000801348972832461
-0.0405712131322569
0.00584224517794185
0.00829769072874287
-0.0429297055037879
0.0110347379053417
0.00396880209912953
0.0204715086694478
0.00843940244105434
0.00370428047337468
0.00382720044684537
-0.0127995911546953
0.00427583448275848
-0.0120862247517159
0.0175170582510775
0.00970077852983242
-0.00690125827060195
-0.00994679125148923
-0.00894580187471505
0.00499931940010212
-0.00732357300026643
0.0122495134882803
0.0035753849893374
0.0112359545943017
-0.0199187119274238
-0.0132724868443941
0.00476385015704706
0.0125505788948623
0.0143231095672345
-0.00651736574290918
-0.00409997277846053
0.0215452029005681
-0.0110155692902858
-0.0137191246786557
0.0129459025899201
0.0175389931663223
-0.0101549176993543
-0.00269985143898877
-0.0338386586561448
0.014569922159005
0.012979881606735
-0.0234460465724365
-0.0171691096757274
-0.0046868623952927
-0.011986358105412
-0.0238301855525761
0.0155348877369368
0.015734295101024
-0.0114745121704745
0.022054614685276
0.00354911971751504
0.00424382503200382
0.0201436827762695
0.00566147488708824
0.00659063554604877
-0.0100940938506096
-0.0348628772219924
-0.0068532694624035
0.00632550334460924
-0.00199998571428572
-0.0157457627290901
-0.0103257559532939
0.0279205571820473
0.0221587286129548
0.00839158041958044
0.00596395300870878
-0.00289533989928792
0.00207412887168146
0.0209741545332669
0.0398703078759377
0.0224850007152326
-0.0030506928448123
0.00025496621190868
0.0319949279284231
0.00172923668143832
-0.0171393222475789
0.0178145529772245
-0.00382099114338696
-0.00358823311061607
0.00844405821984417
0.00357100115221032
0.00453991411042942
-0.00122152188024216
-0.00146746978601453
0.00906303713256484
0.00764653486644651
-0.00373401603471524
-0.00616614685245009
-0.0060827252828245
-0.00244794378633817
0.0066257791411044
0.00926379803432709
0.00205311586764068
0.00759306969274354
-0.0157894621002264
0.00583377498582616
-0.00555822847853482
-0.00243019432210723
0.000852618778383052
-0.00730191085072207
-0.00845902905479945
-0.0137240361173604
0.0126614270776517
0.00965584314998558
0.00269741301366899
0.010026889337575
0.00992736101519043
0.00671307855941206
-0.0132174322499131
-0.0014480873133309
-0.00507550453172212
0.00327943633476413
0
0.0083535474177614
-0.0235322244743401
-0.0225009462067884
0.00779877987421385
-0.00162262849640682
-0.0035004251406533
-0.0198218795611828
0.0078075134189497
0.0151130560099837
0.00150135118228456
-0.0543411097686031
-0.00132099080532322
-0.0227513365807231
0.00988094246944815
-0.0134030289049319
-0.0762124836813953
-0.0138235588235295
0.0238593207235109
-0.0106321578425774
0.0111880170764023
0.00858927038610369
-0.0053405745574564
-0.000145145833977844
-0.00174169806265023
-0.0053793981590492
-0.00131565552897805
0.00483024004683852
0.0023306044477609
-0.00828367993848789
0.00556865491115621
-0.0135529140096364
0.00280683992297703
-0.0145845321707955
-0.00224250264976089
0.00794124986338773
-0.00431089657994199
0.0077634663587578
0.00725922962962966
0.00455956771759292
0.00819909187998125
0.0133604122369968
-0.00616223855205278
0.0014419466890252
0.00417568052594741
0.00372816185053515
-0.00257142857142867
0.00329422801489554
-0.0044254816091871
0.0110410671362509
-0.00595668682579242
0.0174062215669122
0.0172486752839345
0.013509732375107
-0.00476059595051392
0.0043733771866441
-0.00612324142395537
0.0125958103423354
-0.000135235264132394
0.00716708615958428
-0.00187979315736597
0.00780201817605697
0.0184197148537029
-0.00104851896270575
-0.0127263315045089
-0.00611294352159464
0.00722022988072957
0.00238948619701351
-0.021454151199731
0.00284204903020768
0.000539824575973791
0.0107904371566017
0.000800613803025874
-0.0318666533333334
0.006059798842311
0.0131416695492812
0.0243209829936228
-0.0036934310432245
-0.000661935663470725
-0.0642555088398711
-0.00467215084265116
-0.0025604550827687
0.00385048471831939
0.00937638882478176
0.00957072443754847
-0.0128259439777244
-0.00649625777421992
0.00995032011230479
-0.00928928884070557
-0.00284127010713553
0.00555634689966222
0.00325865675095893
-0.0100268326515134
0.00285313845515378
-0.0119488472852556
-0.00662250225485894
0.00434786956521749
-0.0051948193999356
-0.0107340437849133
0.0148094141411765
0.000289033380855841
-0.00491122324521631
-0.00391923361764024
0.0123870294788533
-0.0130992224974922
0.00306299600533833
-0.0225388405935223
0.0159178813460596
-0.00688242778031312
-0.0014744765555883
0.0141760039253398
0
-0.000436779266162035
-0.0132557024543131
0.00989084764956738
0.00920913555274749
-0.00260718420325645
-0.0068254718729962
-0.00774964187380678
0.000442057170025878
0.00324056566858988
-0.0127734985644765
0.00178469666224546
0.00252372324044359
0.00266548204746742
0.00767987014739147
0.00043967461059613
-0.00454153224314302
0.00941867591252432
-0.0141419019764923
0.017894098585
-0.00145284028903558
-0.0138222604180592
0.00708177939040677
-0.0232933482773703
-0.00209988006899298
0.0150308133929178
-0.00710789289364566
0.0262489921141389
0.0251417388502178
0.0114828039200054
0.0114926422282451
-0.0101149510908951
0.0642496762528086
0.00131524399993754
0.00078819128286578
0.00420002613991266
0.0177754667945245
0.00783356846666616
0.00165644743922866
-0.0113217146505316
0.0088780621606015
-0.0149216418864103
0.00750908874958789
0.00154204574659489
-0.0123171539051283
-0.00272805912984952
0.0026052365222835
0.0113030399986613
-0.0057810511706603
-0.00839903099107164
0.0121188431618151
-0.00617994093420726
-0.00272054663245136
-0.0029878278908354
0.00377851465798051
0.0079179775711582
-0.00669678025249754
-0.0439517584837972
-0.00325465156644023
0.00272104761904757
-0.0118045459350562
-0.00288341334935016
-0.0053704211496659
0.00719918286587928
0.0145704192439862
-0.0169353750693775
-0.0154354469524652
-0.000140005595184567
0
0.00251996360072781
-0.00502724472800942
-0.0148771649122806
0.0106852824993509
-0.057654410553865
-0.0218399258590852
-0.0197278027179661
-0.00390015612793004
0.00877065023557244
0.00916000564135966
-0.0127692615384615
-0.0073242483192848
0.00659343788707312
0.00561447260069525
-0.0125621116984128
0.000157091256701491
0.00109924623115587
-0.00517650196078434
0.0023652160947718
0.018876781500708
0.025320473613732
-0.0102394362150618
-0.0139967284042266
0.012961024933221
0.00152319873501305
-0.00836506463878328
0.00904914152066616
0.00638391843161679
-0.0040778885980649
-0.0145586741110504
0.0235456898947819
0.00601416310286695
-0.121656008270452
-0.0159945210141229
0.00207503018934707
-0.0103538048256462
-0.0217959902980293
-0.0171122822499922
-0.00217626046746933
0.00327155579789173
0.00289855067212774
-0.00307084532025204
-0.00797244080399417
-0.00328767123287665
0.000366501740883374
-0.00549549368016133
0.00147353100988168
-0.0180246462759729
0.00355877511816383
-0.00821207509473398
-0.000376364327745016
0.00395336980333916
0.0050627412314741
0.0289179861536561
0.00181320029689203
-0.00108599095022621
-0.0210183007975775
-0.0111049233963524
-0.0127269324349616
0.0155450236966825
-0.00616012693671841
0.0103305593414516
-0.00148730244492823
-0.00577168135862383
-0.00018732209036243
0.00543174761999898
-0.00149035022354693
0.00541046661979361
0.0139172390780709
0.00256222552273466
0.000730211769445432
0.00601973732214511
0.0150498271967423
0.00196498749553431
-0.00427887323943665
-0.00143237247743488
0.00699300699300687
0.0210113960113962
-0.000871974189047942
0.000523634132944206
-0.000348935799023065
0.0136126180386147
0.00568178355090265
-0.0402328197226501
-0.0046379235704973
-0.00806453419470488
-0.0148147972832809
0.00935268676604961
0.0143532155822454
0.00286584263421652
-0.0094660293100185
-0.0174900291649844
-0.00660673493827357
0.00129318305388537
0.00369005528247124
0.00992641507623482
0.00382240633095021
0.00924747019954775
-0.00251527128997475
0.00198128602305481
-0.0188746895762234
-0.0020154085007178
0.00293739667821913
0.0415522782069875
0.0170473983463129
-0.0084672197765201
0.00836528392531743
-0.0414794669637146
-0.0513883528919646
-0.017107051566108
-0.0154708763386363
-0.00766057748968751
0.00217737529691209
0.00256758833561954
0.0141844371231061
0.0114607614607616
-0.000192029959669715
0.000576238943983176
0.00383952774044904
0.00688470057592849
-0.00930678027324683
-0.0138037001533742
-0.00719282673391963
-0.0174270608968083
0.00458349940215208
0.00912515373933753
0.0479654422639166
-0.00150067526729181
0.00939319932368954
0
0.00688624604504007
0.00887253267550947
0.00476361287051619
-0.014405561633844
0.0194264388423022
-0.00254081678914031
0.0198326058921507
0.00107050849367529
0.00998034200712272
0.00335279701262725
-0.00105525851116317
0.00422538739833422
0.00946705803879633
0.00521012486244787
0.0148583445947073
-0.0148110822331943
-0.0385346472876212
0.000179780736516477
0.00251570521057665
-0.0258111305644178
0.0360626140225433
-0.00337421411162819
-0.0083748575975563
0.0163521827007302
-0.000353606782998561
-0.00141496283312748
-0.0398512228099756
0.0147574066548128
-0.0103617346068618
0.00202057314512438
-0.00421629705254434
0.00386596097201752
0.0309921516778315
0.0200995549608758
0.0116826856733283
0.00689413995174082
-0.0196850058091409
0.000349240440020937
0.0104729968498343
0.0279840909998978
-0.000672105551070556
0.00823941469245981
-0.014509656679614
0.00440003384667453
-0.00151642802077256
-0.0156934868610694
0.0113149318938819
-0.00745894194070373
0.00068319386307758
0.00477895545314899
0.000679480222175677
0.0016974707180446
-0.00203353675761864
-0.00526400076861955
0.00136561961879056
-0.00477325264234563
-0.0215827677015628
-0.0152310751966225
0.0239999644444444
0.0269097926010344
0.0175823662694043
0.0109652601921459
