-0.0207231589426459
0.0246510929604276
0.0239481492249605
-0.0022529664440829
0.0150537849462367
0.00042372880458208
-0.000105908511098929
0.00328283384517625
0.000211146299580856
0.00527648785824208
0.00902793388561962
0.00228873276252406
-0.0207598098716965
0.0146279951082466
0.0238194627682882
0.00877552040816321
0.00728303654376861
0.0036151836992333
0.0295176800176569
0.00408201967229083
-0.008905227159137
-0.00595761310633469
0.00235800749025361
0.00656738894042519
0.0154834644954043
-0.00354809171028092
0.0105860644563154
0.0246642791226688
-0.012918206559818
0.0161001696271554
-0.0103780116823204
0.00561796800698589
-0.00195530722615811
0.00130609196182285
0.00121118976593326
-0.0107946771896024
-0.000846698000563584
-0.0215610678990779
0.00760201130873761
-0.0061121096945097
0.000576506197751625
-0.0220877275162124
0.0231758809157248
-0.0054707648436364
-0.000482561267634796
0.00318627015545059
0.0297400956739153
0.00261705771786258
0.00279670931658549
0.0102258808217905
-0.0115027148523551
-0.00521315407211242
-0.012726941673901
-0.0165876777251185
-0.015228934939759
0.0294607229022359
-0.000380309944856494
-0.0160738255285698
-0.139584295976345
-0.030446005382631
0.00509843551222122
-0.0119898665434602
0.0315053103210727
0.0174208140855021
0.000444752047036756
0.0110024223937846
0.00120920082214782
-0.00032936977757192
-0.00834708374474191
-0.0177206665442389
0.00473558451379885
-0.0277185722397197
0.00554021243698299
0.0330578156660533
-0.0175555777777777
-0.00497619328152454
-0.015458058122594
0.0116600550106192
0.023279710941905
-0.0220809194174399
0.00467551591571391
0.0107832579065439
0.0033688376181189
-0.000559541142910791
-0.00727884634001641
0.0174844327696686
-0.00232814863619113
-0.00522281376203604
0.0026810210907402
-0.0118093246031791
-0.005411454523499
0.0269779752099526
-0.0183222520600937
-0.0241736108798379
0.00218921532216587
-0.0208094382337511
-0.00892325957316575
-0.0114915525889561
0.00910828118148888
0.0249406897247277
-0.00590964058251542
-0.000233174026889271
-0.00921061009247803
0.00553064230887346
0.010766600729079
-0.0398286775560259
0.0580006993850235
0.00353322323987282
0.00011351504440027
-0.0200998982534611
0.00220190054233504
0.0243986231129063
-0.00654694690357582
-0.0213612652798257
0.0078950542631504
0.0190070387975358
-0.00497402221313603
0.0157919455507365
-0.00145403192242333
0.00190409948369274
-0.00413633328573504
-0.0188594517543903
0.000228787180119427
-0.0192175707896951
-0.0134126665130083
0.0033101668428972
-0.00848357457934812
0.0112893164280614
0.0165687900486202
0.00705121934917985
-0.0132002061570177
0.00523434913069276
0.00601717209019137
0.00621119148352434
0.0193186435990407
-0.00414932161375625
0.000112556302503508
-0.020605731800602
0.0114968954415879
0.00761535550300008
-0.0133107836816518
0.00628782432505059
-0.0123835155322716
-0.0159898654089498
0.0114565815822236
0.00138698571614615
-0.00265460529379746
0
0.00567061656425794
0.000115097810929887
-0.0158785517947968
0.105343179063991
0.000951935678528359
-0.00951066288208813
0.000533404442545571
0.00255915976284027
-0.0010635928865218
-0.011286169320404
0.000107710530823812
-0.00732207363016868
-0.0013016812820984
0.0112957640925384
-0.00279242828060966
-0.00829290270959404
-0.00456122926669777
0.00545494193956175
0.00466571160305063
0.00604823441184732
-0.00730006425550056
0.00854332206614772
0.00954321231946786
-0.00669150277872532
0.000213900776750542
0.00748339739701298
-0.0328947269290052
0.00724165028792689
0.0214596289283346
0.00266609798441175
-0.0118059246481363
0.0171132916967693
-0.044973544973545
0.00864264819944593
0.0101065364177362
0.0144644050396219
0.000536052750171878
0.00375011242365564
0.00330911614005114
-0.0118097778872173
0.0120586028873364
-0.00106380851063825
0.00915867925114644
0.00506538613200957
-0.0209995804493822
-0.0259545050612293
0.0128826029508919
0.0259810745946532
0.00656922038257735
0.00736838947368423
-0.0175548594844783
0.00818978966783002
0.000316478528151753
-0.0164522041763341
0.00117950887455476
0.02399055294022
-0.0210229367114011
-0.0411324581438559
0.00423394986072423
0.00221907252476661
0.00708512106531334
0.00637575017724812
-0.00283999990693606
-0.02519446790235
-0.0348353643068966
-0.0337641289296092
-0.0138571156490448
0.0395895180640038
-0.0210390333559229
0.00384199779274819
-0.0162660086560698
-0.0280850820668692
0.0232674625151998
-0.00513454748895303
-0.0131481818560403
0.0194247919169417
-0.0111152310572165
-0.00938737659816424
-0.00124687037083049
-0.00624219740929333
0.00904525148354884
0.0139442480079683
-0.0101915640915629
-0.0156308520576746
0.000252110907425607
-0.00831553452253242
-0.000889340628755342
-0.00928274426860054
-0.00680281058642995
-0.0323080911982977
0.00427350444471841
0.0268617563907616
-0.0082879952306657
0.0172368760188855
0.0301668541677316
-0.00485980062305302
0.00438264457322002
0.0182022069343251
-0.00330593861407968
-0.0105651225905375
-0.0218525202153896
0.000380794622756753
0.00583681019760984
-0.00302760198161733
0.0127799824469186
-0.00174911292167534
-0.00963710864487832
0.00151652981864769
-0.0080756971608833
0.00356186231316813
0.00836613016055443
0.0208673279371214
0.00123136314778183
0.0138974791267368
0.00315374810398472
0.00846438966618113
-0.00875304535364396
0.015967098487168
-0.0247647821113176
-0.0206324370341869
-0.00162060581375456
-0.0337120381426913
-0.00736527984707702
-0.0305909789117417
0.0102054785792201
-0.0146219055713714
0.00391206005309841
-0.0024187047142894
0.0121228586239994
0.0187650255358667
0.0361854590652333
0.0182803454362079
-0.0128759940402128
-0.000627154121642159
-0.0031375502008032
-0.0198917537454363
-0.0220937834834626
0.00985157007164994
-0.00988545824214859
-0.00013139778777993
0.0044671658853348
0.000523230890381976
-0.0166034387920889
-0.016484950591798
0.00473099467162763
0.0158751509249253
-0.030194662158796
-0.0189813866319246
0.0367484291062599
0.0201396339900792
0.0234272036025058
-0.0104167306991582
-0.0045483952390537
0.0133159925147779
-0.0073434678944807
-0.00986375042710896
-0.0232009958945996
-0.00295214719345738
-0.0185734178234152
-0.0274273183605956
-0.0375069948535532
-0.00615303234242504
0.00840224106145282
-0.0249964464261689
0.00239886067760997
0.0118157491502282
-0.0507021566680812
-0.0376829953646373
-0.0121359225264712
0.00982805912904272
-0.0116788641791122
0.0254390283932382
-0.0139244398207427
-0.0037331601406726
0.0400781844236204
0.0139411497493733
-0.0149854002015107
0
0.0144291409795843
-0.0126777829313545
-0.0147197460895748
-0.0119198986624253
-0.00772074980603987
-0.0152374617480542
0.0161316872427983
0.0244613964036935
0.0376344232247179
-0.00548614726518681
-0.0114924912199665
0.0116261041194821
-0.012871651459649
0.00807208966383399
0.00277180465747429
0.0052210685555405
-0.00733266127914245
0.040320019683594
0.00162723377595353
0.0205287109810768
0.00969607842825115
0.0134728685741521
-0.0188092493114022
0.0118189685133598
0.00398868962914634
0.0192961541162251
0.000278466051139459
-0.0258836762331801
0.00399998571428584
-0.00227655097149337
0.0295208059246661
-0.00900403077977474
0.0145373355530145
-0.00826672614310475
-0.0145874264550946
0.00267873960242482
0.0101236356809491
0.0104398669509949
0.010883056116989
0.00531479989022077
-0.0200623025645508
-0.00746992658085599
0.00696864111498252
-0.0192387404844291
-0.0032458932649464
0.00283172884744687
-0.00832985999350944
0.022209639015081
-0.01100279898317
0.00239400077752427
0
0.00814838437763399
0.00641024229625842
-0.000553877034701111
0.0117761014131337
-0.0128714639582564
0.00707451835619466
0.0104683611699272
-0.0178571153509116
-0.0097155443560496
0.00967068001879978
-0.0136035950360412
-0.0083028006840079
-0.00638575271199437
-0.0104255360079493
0.000865882510233895
0.0197549104471495
-0.0599547220029026
-0.001654632897655
-0.0292301177084472
0.0114853018780072
-0.00429644021164466
-0.0143319465916466
-0.0106316449442097
0.021965850536755
-0.0109788004013855
-0.00171984055221774
0.000626483966373881
-0.0209735486143927
-0.000159840130453115
-0.00927409642989918
0.00597164309185994
0.0144392422769375
-0.000790763877905998
-0.00269075656853435
0.0204730208053649
-0.00466567629864656
-0.023125
-0.0119961612284069
-0.0121418164157358
-0.003769239593576
0.0152985685918974
-0.0187945557551109
0.0110633914949902
0.00849256900212314
-0.00178139271255051
-0.00292018174756947
0.0190368047353857
-0.0405556595791847
-0.0434348477284074
0.0276617954070981
0.0164212121212122
0.00999330429724687
0.0108839051926766
-0.0349102615809178
0.00895873901284649
-0.00268051604423725
0.0305728041419924
0.011083961241531
0.0104788168705274
-0.00414808551372048
0.00592763556320519
-0.0237299247693912
0.00880915185659314
-0.00743853492884872
0.0164548384415961
-0.00577015556611893
-0.000483620836427834
0
0.0211290483870967
-0.0031590585506388
0.0038028362572835
0.0184688087914384
-0.0128641977463204
-0.0356414042336537
0
0
0.0216542175725893
0.0237449880478087
-0.0129202681482027
0.00410026809651476
0.0405214713529596
0.0159999698113207
0.0089140694967782
-0.00706823695666392
-0.00237287557467003
0.0141222542346775
0.00439747868077589
-0.00656738207387852
0.0155721610107245
-0.00376094331379773
0.0640336257862513
0.00382094710454339
-0.00788465219914769
-0.0137023836515874
-0.00847457591798095
-0.01401148883236
-0.0041210883563555
-0.0129852165243943
0.00881886681563882
-0.0110346375900636
-0.0252138088620835
0.015311521420166
0.00644209342128432
0.022694283465065
0.0335704253099391
0.00137624545134907
-0.0136064454753588
-0.00334398787838874
0.0103452818446146
0.00747199422188971
-0.00164807036528125
-0.0184345021754162
0.00420468126712503
-0.00628059996425412
0.0023877248197075
0.0176543918598406
-0.0126669150213514
-0.00864597697177483
0.0240541158561889
0.00274721142525225
0.00479449315068492
0.00708936624647216
-0.00541494495404315
-0.00163336053309704
-0.00722560346900081
-0.00233449601757751
-0.010323468401281
0.0019471348554343
0.0167962102054939
-0.00627984982935148
0.00796815485687374
0.00708731060021917
-0.00676681562818804
0.00218018806622422
-0.00978927220438064
0.00521758876238954
0.00286844697266031
-0.00898932195557955
-0.0042606513397293
-0.00565902024813048
0.0123542335875315
0.0433291649526943
-0.00617680410970189
0.0296217655532227
0.030439275231964
0.000747824975153133
-0.0272761610751506
-0.0274007561434253
0.00302794896034708
0.0120750620271672
-0.00985608857662956
0.00537005907976584
0.00156324904733585
0.0299167935711548
-0.0141450113665069
0.00102486551434455
0.0314819430698994
0.0233251246482662
0.000363712401901806
-0.0146648766291388
0.0238621762412481
0
0.0133349354477399
0.00841730903182714
-0.000470268057142342
-0.00388138098852198
-0.0056677646553841
-0.0123500892097147
-0.0257304202412029
-0.0151795139476677
0.00175437336763018
0.0063797221321058
-0.00509628359588365
-0.0283608692108837
-0.00822939468545947
0.0160768319490534
-0.0126324609174763
0.000258529345768643
0.000387571049416779
0.00464937362779283
0.0188970430788398
-0.0309109757529404
0.00455677658004894
-0.00414733000791445
0.00390425579928455
0.00777805299167822
0.0361461933662515
0.0170080068153442
-0.0246581548988808
0.00050062576969645
-0.0113835748965831
0.00493482228185282
-0.00856207525968466
0.00723901466190013
0.0129869880970115
-0.00535215361474495
-0.00926049259114037
-0.0141467099696024
0.00858421491668615
-0.00914635405047814
0.00230769230769234
0.0292913916602711
-0.0246054799974464
-0.00267548739139978
0.00970876353741401
0.0175860195143469
0.0116872186994901
0.00319520696097308
0.0162930546230449
0.00325462877597182
-0.00264328958392557
0.0381881450864199
0.0258761197493618
-0.0012442143990854
0.0218573039006578
0.0166241820916264
0.00261635225281753
-0.00108728932165614
-0.00380979632709921
-0.0156250114387569
0.00255304706640236
-0.00453937112488922
-0.0127905900215509
0.00405589220243585
-0.00729355900044126
0.00271276135737808
0.00169092550660488
0.00303844245961704
0.0150342650634219
-0.00541613788641382
0.0271170806695795
0.0152564816112633
0.0019183629560191
0.0117008719987051
0.00262853535244933
0.000209689595116469
-0.00325012591476603
0.0103082255180396
0.00374805818590129
-0.012031987883747
0.000524965879265205
-0.0117523920749509
-0.00562750053089833
-0.00939674299206095
0.00991705324729075
-0.00234818011851479
-0.00278166253576906
-0.0113721383046039
-0.00444931080956457
-0.00610418587539097
0.00372885501206399
-0.00819493033855756
0.00859321390084444
0.00644452190788014
-0.00488383986199081
0.00981561762862637
0.00259213749183007
0.00290849934485626
-0.00784097761205105
-0.00779474912434497
-0.00381886516489105
0.00843370180393088
0.00108610839578605
-0.0126939136962985
0.0163736043956044
-0.0117850148510112
0.0115973411029027
0.00529956743780624
-0.0100053795590762
0.00521629010702962
-0.00270270270270268
0.00216798915989158
-0.0150351438086039
0.00999344410264547
0.0103294225255037
0.00807145949357424
-0.00565815107629242
-0.0870732240398672
0.00929085039739896
0.00419482638079716
-0.00290090508238572
0.0119864890026764
0.0262189400439161
0.00840430319149044
0.011667996703367
0.0061511093348956
0.00731439972302184
0.0150645610186808
0.0109972021782105
-0.0163692361100595
-0.0139575157178174
-0.00370204719956646
-0.00524593442622945
0.0116458474504233
0.0197654209434097
-0.0172524277475521
-0.0105114977298603
0.00131422629097
0.00393744941485297
0.00566507238626124
0.0149496699154952
0.00213466747497781
-0.01459156475228
0.0145915050126946
-0.00202410774398276
-0.00651152860802751
-0.000214859782958987
0.00848998360591136
-0.02674759278549
-0.005365224890721
0.0178335873110342
0.0170884925058241
-0.0227562630502312
0.0028291838339678
-0.00401478932227473
0.000762610297825317
0.00838227728736918
0.0116593116158688
-0.00288119734159842
0.0171232766026697
0.000526041661131682
0.00105169843523822
0.0120810376703215
-0.00861525881732439
0.00366452719789501
-0.0356770181965677
0.00443526602260347
0.00161553046021612
-0.00903221505376339
-0.00911462634051108
-0.00087606219886105
-0.0208242222890009
0.0106335912529032
0.00487320849625417
-0.0288769085569192
0.0144137553692685
-0.0113000003792796
-0.00384750467870865
-0.00238553904788763
0.00774311090867696
0.00248588700564967
-0.0131875336656048
0.00513988560343059
0.0153408863636364
-0.0119753668041492
-0.00713635033004478
0.0427837982251273
0.0106127021747766
-0.00129915552779614
0.0133333658536585
0.000320913554100022
-0.00374289372809555
0.0261914329673065
0.00920507341433208
-0.0100539072329838
-0.0477437431108001
-0.00703682266201733
-0.00930126252466523
0.00950037990946262
-0.00431798051372878
-0.000889603024574748
-0.0223706404534366
0.00216305793092264
0.0185164718677322
0.00234217031710138
0.0119060750448625
0.00923682627585598
0.0100239486818909
0.00345199579672051
0.0105354013288133
0.00148935106382986
0.00499258556397475
-0.0123665467459406
-0.00610016040025352
0.00430703119499198
-0.0127586044631267
0.0251954816421487
