0.0130829086394315
0.00430460250647013
0.0247279920870425
-0.00868727477477471
0.0116845344317518
-0.00417064485081819
0.0120811851777969
-0.00206909113260889
0.000318979261260344
0.00845023902343356
0.00110671936758888
0.00915985470625391
-0.000625993720626217
-0.00219229561239742
0.0131826269117603
-0.00867407090068362
-0.00125003125000001
-0.0104818213542497
0.00758893280632411
-0.0036089753648203
-0.0185826771653543
-0.0125160301668806
0.00162492685042381
0.00794941609262523
0.0197971991019281
0.00315656560674626
-0.000786705462764159
0.00708551431539961
0.00875544103745218
0.0254185845668902
-0.0140568461876152
0.000153227035724735
0.00950341843971225
0.000759231692085915
-0.00500685753258345
-0.00411716974330067
0.00168427504775015
-0.0172729598677152
0.0203763723693207
0.000152484760746363
0.0106690594319607
-0.0194540949918289
0.00522922201918896
0.0263158043709331
-0.0149075726026365
0.0178571423166725
0.0127862172825983
-0.00366999396638312
0.00294676574568586
0.00440727192595869
0.00102382619465446
0.00204558731602589
-0.00904058008047293
-0.0111830784458958
-0.00491062521922436
0.0204874373940136
0.00527549839611652
-0.0123906417606601
-0.00516602214022144
-0.00356080108128187
-0.0138475423557153
-0.0143440126372936
0.0225183980165196
-0.00794005992509372
-0.00317123220822657
0.0225723065422723
0.00192588148148154
0.00754106199354121
0.00161433815107626
-0.0143590183150183
0.00505431864371864
-0.0247004729374282
-0.00106155592776613
0.0217094266718039
0.00846953899838598
0.00839839361728045
-0.00277618343728292
-0.0109890109890109
0.0117037185185185
0.00102504025442895
0.00760672897005965
0.00522649558187394
-0.009387666360129
-0.0134130055934103
0.00221666919511332
0.0134179150693012
-0.00480141111007948
-0.0181286252009174
0.0330552839157068
-0.0188814796287755
0.00837371823123267
0.0120921039057706
-0.0123794441862755
-0.00466404307441992
0.00629667584863558
-0.0100407740098839
0.00293993830574646
-0.00908694082865569
-0.00680371236793798
0.0229337297711474
-0.0101907698299384
0.00985447888967439
-0.00509766937968725
-0.0052701070200587
0.00309061087964446
0.0192194384260893
0.000143975814826947
0.00863556381826869
-0.00770549350155536
-0.00747776808343736
0.00825846167452005
0.0126455676186559
-0.00595995450603148
-0.0157031542168529
0.00536625113993838
-0.000288473744950779
-0.00937952340348391
0.00990531653589755
-0.0100967110890894
-0.00145705965862131
-0.00569093835825096
-0.0126210744441014
-0.00802617431667918
-0.00389563991296504
-0.0185018493455844
0.0110344980842911
0.00485068963391422
0.00181027301538284
-0.00120466789913165
-0.000603060437115444
-0.0147835719598196
-0.00597152062384054
-0.010628389113629
0.00482637374312445
0.0156492405384376
-0.000152585805373695
0.00137314614932649
0.00319974111837906
0.00531600882843319
0.0170720345347624
-0.00713018419488998
-0.00673245103126574
-0.00783244476325429
-0.00318808244171476
0.00441658517108823
0.0198636096981173
0.0286946170474394
-0.0105507006633706
-0.00861811289246439
-0.010461160580765
-0.0147410056735553
0.00498718467544745
-0.00796990977443612
-0.0241019247521308
0.0110282546300833
-0.0030726227114839
0.017414054822223
-0.00621017901591248
0.000304770609590443
-0.00563758977468798
-0.00858113672751659
0.0126738800312465
0.000152655684645397
-0.00244156878439761
-0.00458930681095426
0.0044567542646381
0.00535492647865787
0.0220667329488167
-0.00789170590281674
-0.00135068293639573
0.0145777124349606
0.0010368833939598
-0.00429122508756352
0.0108485063033361
-0.0285209509785778
0.00136192489824705
0.0188907365540498
-0.00919601035882567
0.00164672148293166
0.0195784923282922
-0.0121665492206603
0.00415490435012478
0.00679768011815218
0.0151182598760424
-0.000433877939046923
-0.00593079730641399
0.00945870184140429
-0.009081807305097
0.00523712555243305
-0.00824890038347026
0.00116740115522251
-0.00539284353020186
-0.011723271152499
-0.00148288844949929
0.00772208243077399
0.0235779247925445
0.00230354163984359
0.00287269450419303
-0.00658835577198502
0.00288346304954623
0.00891319749606678
-0.00983188942718738
0.00201466403841311
0.00775529259321961
-0.0028501782200423
0.00142916962370765
0.00713572142143581
0.00042508147938225
0.0143059919066852
0.0721965916464657
-0.0248762180890365
-0.00721251473704365
-0.0374007658441875
-0.0296296703160166
-0.0083537663834079
0.0284676841965921
0.00889710517997777
-0.0100784011736171
-0.00565612265757753
-0.0132252701934015
0.0208963398313351
0.00846987625465156
-0.00951847677719841
0.0223289140099232
-0.0176941950618853
0.0060512244877915
0.00433634086827084
-0.00821732556195032
-0.0033702851196501
0.00845426224525481
0.013553178706162
-0.0162668870103821
0.00854820615823693
-0.0104210086088508
-0.000842417848323174
0.000983684599005885
-0.00379059369125678
-0.0263529175077919
0.00564491275987322
0.0279216309187553
-0.00868097195970241
0.00819200530259856
0.00210145707907494
-0.0106249407329084
0.0159672890759059
0.00458972170821359
0.00761450889044002
0.010992072148833
-0.0114161997440554
-0.0133351804601369
-0.00055725235713755
0.00975877555727989
0.0067651249482259
0.00123428418086347
-0.0082180247029715
0.0205772395759016
-0.0289580506371299
0.00947603095105842
-0.00828279932957499
0.0193486508546019
-0.00204835441560758
0.00150519973986873
0.000409878387487739
0.0137940724693517
-0.00740944332172522
0.00868621064060782
-0.0187029063509148
-0.0255039078568492
0.0105529759392149
-0.0381509050403788
-0.0120150836127653
-0.0591941538461539
0.0224264604022186
0.0385376682852197
0.00234667057788207
-0.00936492592127169
0.0361891448828278
0.00627218798938878
-0.000849936299755494
0.0158798102350746
-0.00432667119813901
-0.0103728348961499
0.00254958930735394
-0.000706357738151531
-0.0125831607839745
0.0164662380564855
-0.000140794482062168
0.00493095217254358
-0.00729011615617225
0.00946201128264401
-0.0128708024816395
0.00524379266564057
-0.00676727759763163
0.0198722648632619
-0.0167014061712291
-0.0188252223970214
0.00418351125216399
0.0113489583199404
0.0127841047504516
-0.00575040649016523
-0.00310341378337442
0.0154238578017223
-0.00557414978890336
-0.00630601168293143
-0.00112821880534664
0.01567132526694
-0.0257159570276354
-0.0014267085990417
-0.0437205041783255
0.0129987001344689
0.0165190995640516
-0.0178467213536483
0.0115231049926692
-0.0140207242000771
0.00933190610777945
-0.0101262402425337
0.00593033384419583
0.016212218606108
-0.00275554761808028
0.0135253050167161
-0.00717463030062759
0.00289054768346442
0.0266608881202031
0.0136159605170119
0.00886302463458
-0.0119422789826296
-0.0169491657287093
-0.0395704200234478
0.000882842861725353
0.0239636146999536
-0.00387659716075817
-0.0211875621729992
0.0288617123332815
0.021468440469367
0.00588479728661362
-0.00250731296131346
-0.000279360420620489
0.0201145841662012
-0.00465557996242061
0.0213233726420863
0.0113147093565384
0.00745867055251281
-0.0203596115859283
0.0184885699996915
-0.000397495688385985
-0.00291623799267671
0.00239299385279201
-0.000397864710932061
0.000265304487250706
-0.00583634442016645
0.00733826580406682
-0.000132476821192107
0.00516623407514194
0.00224045870745093
0.00355025627020678
0.0117924659329141
0.00906497009757889
-0.000898357312586251
-0.000513808619494238
-0.00115662514218284
-0.00771999475398877
0.00829874189709257
0.0110596833575185
0.000763126401814196
-0.00419422979156081
0.00548820690461294
-0.0027925996800281
-0.0108197431471421
-0.00154424143024368
-0.0180434859153749
-0.00013127706703564
-0.00958260698346036
0.0078198015037696
0.0077590214655574
-0.00391485073397579
0.0127079912823795
0.00426900371530392
0.0011593971850854
-0.0012866443478301
-0.00785881185807213
-0.00623299555296719
-0.000391990074375959
0.0086275032679739
0.00751676995765838
-0.0109338695892428
-0.0139159710484585
0.0261145212345029
-0.00989722326874465
-0.000259600159153606
-0.00610311631987748
0.000914554469368056
0.0152721313761635
-0.0147853177524468
-0.0339292457495464
0.00337700936616248
-0.0215401052980627
0.0345349752339021
0.0053197764245303
-0.0115093933858655
0.0144539880292562
-0.00474935337403615
-0.00980918584811297
0.00722892933984998
0.00106329083102841
0.00796598513011171
0.00961543755572802
-0.0069145334138413
0.00630576696114948
0.00522195836088657
-0.0074025974025973
-0.00562606306424185
0.00342107894736832
0.00931024103566114
0.00441726641006546
-0.00439783997924814
-0.0126023254176649
0.00250002631578949
-0.00354382455587809
-0.000395139631062746
-0.00316243250971715
0.0126900062738926
0.00848454498780127
-0.00297699966406939
-0.00194731925155545
-0.0288760807313767
-0.0151353460950792
0.0138719436131096
0.0236082485469515
0.012056152851688
-0.00349610241501608
-0.00441782750023167
0.0129208817702604
-0.00438093023604003
0.0218713868980738
-0.00265956183712712
-0.00304759365079366
-0.00458540301654808
-0.00127957770237797
-0.00307501589718084
0.0186351887581337
0.00113545291104078
0.00403276632722793
-0.00677797180313733
0.00884626597420435
0.0116497554390642
0.00544817965705335
-0.000246268482004819
0.000739073663463818
0.00590845657086292
0.00171316689044088
-0.0185683481728762
0.0046054645061222
0.00718624714640392
0.00848815342000053
-0.00487925085828556
-0.00833537611337631
0.00791098867958007
0.0109148760005535
0.00533789882324376
-0.0012067816625998
-0.0579919798716436
0.0028216108397896
-0.00486000754930294
0.0197918010484976
-0.00315059869314682
-0.00518326182511397
-0.00139789042069172
0.00279970723340028
-0.00139595172350437
-0.0015249967842168
-0.0138729413262059
-0.000516275147795064
0.00374484752725079
-0.000643290853854617
-0.00437698249227614
0.00271537381512155
-0.0171502507872244
-0.0191550640362756
0.0107008557864938
-0.0165431449587916
-0.0018839995124208
0.0117298506601011
-0.00493074353770329
0.000267898761695529
0.00495375539017906
0.0138555825700928
0.00525626820647229
-0.00627454901960778
-0.0110496847296639
0.000798057994147339
-0.011297169359308
-0.00699013317636965
0.0123188840265784
-0.00575021403784726
0.000538009429401853
-0.00255413365444468
0.000269595698231706
-0.00646729983202232
0.0147817199561084
-0.0080181609510046
0.0156270504259579
-0.0122031836079479
-0.00322274737179074
-0.0122592343152674
-0.00218216039279862
0.00410053285398937
-0.00231415739605434
0.00272884427986297
0.00938905999153805
-0.00754916419520102
0.00638403940298682
-0.0122823059674614
0.0040995217272477
0.00367442826587805
-0.0173559186440678
0.00372563814370586
-0.0129226701380992
0.00167123948448866
0.0196051729589868
-0.00136368467574832
0.00969546594173987
0.0196104538920623
0
-0.0155192733189983
-0.00983566410892389
0.0394611658582438
0.00929439729407511
0.00817127128848938
-0.000771967035688825
0.0211149741499927
0.00151307531239642
-0.00239206848797691
-0.00744568418590819
0.00203427839709391
-0.00596373571789699
-0.00855243852705834
-0.00733874101554643
0.00298319073886355
0.00142247506989612
0.00968491710524488
-0.00268575258509407
0.000641138728861179
-0.012046687325986
0.0151771443858941
-0.0122667898730695
0.00155232852966392
-0.00839577650208678
0.00221447188541646
0.00883806839516321
-0.00219023439099841
-0.0130406073482481
0
-0.00248563572774374
-0.0123278950819673
0.00531139305036232
-0.00766083750707736
0.00425928407796938
0.0155070383899418
-0.00613418143562328
-0.00223242279100666
0.00157929712111238
0.0077530094021816
-0.00599816127270425
-0.00393549768061785
0
0.0107994205188988
-0.000912052117263751
-0.0208659102764739
0.00546078834680919
-0.0132467880049487
0.0013424352622482
0.0112616174426394
-0.0049052366432456
-0.0106580871478307
-0.0029625773508597
0.0118854266357993
-0.00320339036848349
0.00334761649705406
0.00720673962364859
-0.00185502846356134
-0.00132747905675079
0.00372190600603872
0.00794595396779352
0.0123505713789178
-0.00194680070291497
0.0153446029819349
0.00192111931554506
-0.0178959599426323
0.00468566953831417
-0.0123073451921922
0.00144281220993725
0.0191224628453821
0.00565482600320855
0.00472847284345046
-0.00216237590324186
0
0.0119821801905233
-0.00717973305428576
-0.00279119512813997
-0.00381673037701602
0.00191563211051204
-0.00650089253668151
0.00307926602311359
-0.00153494499872109
0.00281835774579453
0.0114972024974094
0.000505190704723324
0
-0.013128010437667
-0.00115124072652861
0.00704319411157361
-0.00267038406244124
0
-0.00102004335075878
0.00459477995136637
0.0123237328461916
0.00112948042168681
-0.00864980601666576
-0.00948406652796996
-0.0206817689089297
-0.0101681529157626
0.0114579612801264
-0.00924488245137178
-0.000919950107501566
0.0127598137105951
0.00129884403945568
-0.00363209254803964
-0.00429625060008465
0.00470702125887734
0.000780921435758586
0.016514902041225
0.00498912639092031
0.00076381111924162
0.00203505461580833
0.00177708811598243
0.000633590994262079
-0.0041788273498945
-0.0125889752363807
0.0162266834197893
0.00291464945306563
-0.00214806674435275
-0.00354563753899395
-0.0024145634155659
0.00611468789808911
0.0220308677374956
-0.0154856291441324
-0.0271801053582471
-0.00530327267632313
-0.0408322486129454
0.0136929904096261
-0.00387848082968367
-0.00281962931714697
0.0137337288434252
-0.0118209455197112
-0.005510806303473
0.0186512371577574
0.00212280739858817
-0.00900305850659422
0.00480963272704416
0.00917435193690141
-0.00895916972439614
-0.00252595051148685
-0.0141276557927185
0.00297419219988937
-0.0190052966975254
0.0123660485348454
0.00122145765472315
0.00189788539641667
-0.0100122576099441
-0.00861004533579468
-0.00137853596114501
-0.00124246269347161
-0.0299930623356754
-0.0111142490738103
-0.00936602278484089
0.00756359272727281
0.00967236940980376
0.00028591649168086
0.0207262009823643
-0.00462122926081909
0.0153347772837713
-0.00831367627306867
-0.00544921056308489
-0.0125034981736444
0.000853563794941392
-0.0237384228497063
-0.00116485148514867
0.00481052492158973
0.0152328884375452
-0.00257216336501143
0.00802289363798447
-0.00582723129864648
0.00500365997156527
-0.00995739644563032
-0.00977011522327909
-0.0293092869793758
0.0269057540536395
-0.00334783129612071
0.0170877462087375
-0.000574396906582453
0.0102011497184238
0.00583136128093775
-0.0029694428313144
-0.0129060271477514
0.00804606344959957
0.00741157312362772
0.0116015846066779
-0.0033566153846154
-0.014033117764998
0.0115285792334592
-0.0204023779372449
0.00775640587088167
0.0203818688493804
-0.0187176431746133
0.00313168683274023
0.0140485027096848
0.00195912401286202
-0.000139692741332187
-0.00977786058264341
0.0110029483848633
0.00181393893718251
-0.00431761820399934
0.00783333355247828
0.00346981248564271
0.00110641765810171
-0.000552652689388755
0.00953833339996324
-0.00150624402993615
-0.00726822565189877
0.00621628686581421
0.00961017350961968
-0.000679942878978212
-0.00381002867900482
0.00723943460236898
-0.00433957158501674
-0.00803590324260173
-0.00562960303090454
0.0055233638642187
-0.00508106289480903
0.0190476888494557
-0.00067727209326085
0.00515051511453657
-0.00283180944812256
-0.00297490208147
-0.00447580342564202
0.00572204344081606
-0.00230287185044697
0.00217238283306487
-0.00284514301165528
-0.00774455184088452
-0.0106805286961595
0.00415229065743961
-0.01061342478511
0.0040401365845657
