0.0196741057233705
0.00701611757910503
0.0234179029772752
-0.00510590005472966
-0.038775916388977
0.0134467075341111
0.00195118048780496
0.00584233713115245
0.00212964173747765
0.00850083108581257
0.0145593483800892
0.00132175229081843
0.00622293053409262
0.00730882669960975
-0.00651159069767437
0.00112353928376252
-0.00692104390050585
0.00169523450744014
0.00150428732606245
0.000375535124879089
-0.000375394151189701
0.00093884720010684
0.00356404045087144
-0.00485977570093465
0.0043200411600286
0.00617164753746668
0.00613386628501611
-0.00369482719943048
-0.00185421843129985
-0.00148619723253962
-0.00837211162790696
0.00281429648807308
0.00392888673659697
-0.00372718971300767
0.0117845307105224
0.00591606581623205
-0.00367581326961941
-0.0110680319326331
0.00223836966539137
-0.0295924250884049
-0.00805519769956264
-0.00193352664475011
0.0271212907230007
0.0267823274236136
0.000367376935477282
0.0100991371667121
0.00745319060000682
-0.00433053065068678
0.00144976440739408
0.00144773801837639
-0.0054210155402965
-0.0158067402651391
-0.000184567110377287
-0.0179099150664697
-0.01353634167205
0.00114347243866053
0.0154197794673478
-0.0144356955380578
-0.00894049838310829
-0.00556616144207911
-0.00965064640705182
-0.00604172664116687
0.0166666274509804
-0.00945028001736858
0.00136290885196844
0.0163328796422322
-0.00975706906447293
0.00135247300434593
-0.00983989929230566
-0.0194855806703039
0.0105325516693164
-0.0153391943102927
0.019772338725784
-0.00137091654189359
0.0184349473059444
0.011361448103216
0.00932974105102824
-0.0015091115453354
0.00151139240506337
0.00811169621247676
0.00486530697726995
0.0065176535099134
-0.00129507865485812
-0.00463134494257134
0.00186119486320502
0.00650191318960003
-0.00830564784053156
0.00241952354364416
-0.00464166348604411
-0.00261145303839849
-0.00411447532982101
0.0138967511737089
-0.000555714000529117
-0.0103780024161972
0.00486887622213938
0.00242267983600453
0.00539135517026668
-0.0140532909003961
0.00168792198049506
0.0144167758846658
-0.0112587670727206
0.0140003733432892
0.00220911266568491
0.0146951325256268
-0.00615495995094273
0.0138433146140868
-0.00251527128997475
-0.00270174711815563
-0.01264224332025
0.00164624114308554
-0.00164353548734608
0.0100604174157826
-0.00543286842751056
0.00109253463556214
0.00236451436886131
0.00108867717131789
-0.00199378292527763
0.00944426063486636
0.00629719300837728
-0.00125154657607729
-0.000537039016522689
0.00304492197582218
0.00732142857142848
0.00478638539266085
-0.00335211714890615
0.00300934668049746
-0.00988355100600069
0.00499114099790154
-0.00319262144035792
-0.00195731313243208
-0.0039222856124087
0.00715949538499183
0.00426511462591073
-0.00707834036731003
0.00481197638902198
0.00744941455393011
-0.00387318668790826
0.00459522783332544
0.00246305418719195
0.00386102141102151
-0.000349667826054723
-0.00891923749562784
-0.00123522150115485
0.00265021210778138
-0.00528632599118939
0.00885739576869105
0.0124670586046169
0.00485603537981283
-0.00120814637915334
-0.00328320378923797
-0.0119625173370319
0.00666778358772468
0.00122014992539921
-0.00644148688094515
-0.00227792185035924
0.00491749218330684
0.00646625294536429
-0.0055565202292065
0.00436528723590013
-0.00434631432545196
0.00471452767592107
0.00799442113322191
0.00586206896551733
-0.00257115186835799
-0.00481180623495114
0.00621654291141427
0.00274583833876774
0.00872837583433173
-0.00390227356468054
0.00545051959547793
0.000508250050961445
-0.00592621053291209
-0.000340657474717454
0.00783784303693724
-0.0223161446385074
0.00674388702251827
0.0118515800094197
-0.00152775420132401
-0.00425025501530096
0.00307324568891931
-0.0207659744680851
0.00417175394006186
0.0169638220529686
0.00646810212765958
0.00524265169554106
0.0127860365542738
0.0121262290344479
-0.0100114885934679
0.000994711538461424
-0.000828072195626528
0.00314931201228874
-0.0079312458691343
0.0353097762273522
-0.0152831563706562
-0.0218918480949494
0.0267246037535427
0.00520579135829191
-0.00291309268630691
0.0115240868118149
0.000320924261874245
0.00561435675328847
-0.00813525296116213
-0.00337727565133472
0.018557333894508
-0.00411910652913672
-0.00620426334387103
-0.00432207452661959
0.00482313497068909
0.00335998400000004
-0.00127568172979886
-0.00175636273740432
-0.0222328694817658
-0.0291183211333499
-0.0491996309755562
-0.0143540847067163
0.0346997489158531
0.022067784918641
0.00170006800408018
-0.00780717949107868
-0.0306192444512359
0.013411011590295
0.00435312554414069
-0.0135228502080443
0.0156414581496851
-0.0114206608163927
0.00122527566558239
0.00734262224925475
-0.00468589039718659
0.0156931478881657
0.00532190557939916
-0.0138319840534156
-0.0188744588744589
0.0150017296152489
-0.0133889067427895
0.00264358467946479
-0.000703128857499236
0.00949869866310293
-0.0200382822798099
0.00764573230278343
-0.00476435520608276
0
0.00195028361878435
0.0136259250973605
-0.00401536319859219
0.0103418056151061
0.00451080854460106
0
0.00259062167217206
-0.0110249614302319
-0.0125413865180282
0.0149938616156968
0.00938479302424766
-0.00206616728422282
0.00189787787953555
-0.00774928534527297
0.0133634157126592
0.0109607811433596
-0.00982547873666739
-0.0289136521999375
0.0294221645321411
0.00496322094814317
-0.0120913315379542
0.0172384077655028
-0.0044059991325538
-0.00578723404255321
0.00256807053586727
0.0204917516992529
-0.00686077666870077
0.0117944570107651
-0.0044962531972732
-0.0173970728905499
-0.00323464408462226
0.0165670540831264
0.00218417338709664
0.00553223786983259
0.00400135045015015
0.00514775813437796
-0.0011564513655451
0.00661597761521615
-0.00262898451151838
0.00411861607712338
-0.00541430672002774
0.00940283750252124
-0.00637359056011755
-0.0136512831192644
0.0168417372545981
-0.0042636766152836
-0.00889329695498531
-0.0108009471585245
0.000839963057953419
-0.018462604281215
-0.0205198529411765
0.0101257334169995
0.00708605241814642
-0.0219666723871633
-0.0286015255798727
0.00722537920474409
0.0156026368580573
0.0107716932584903
0.000524074055762824
0.000349240440020937
0.00960026165822558
-0.00432226832641769
-0.00746657405799633
-0.0146955913226031
0.0122513849431818
-0.0192948261461088
-0.0168127168663923
-0.0100055119154902
0.00036753033324266
0.00349011762472662
-0.0203185242482422
0.00728699551569489
-0.017807438323131
-0.00151089704417573
-0.0228863064665464
0.00271000774293473
0.0250965062759942
-0.0165724488351204
0.0130218496165866
-0.00737247609177782
0.00952199617299554
0.0250896444100979
-0.000183989694516051
-0.0288975509332762
-0.00985587603699312
0.00267991949923752
0.00840013347842428
-0.0299128739113973
-0.00253709982290784
-0.00117397767219762
-0.0483838794982151
0.0317002251255567
0.0193535718147162
0.0232922098257975
-0.00401681338976301
-0.00364891492222008
0.0117579219013506
-0.0127643736801534
-0.0227711501350829
0.015205391295525
0.0147830772223303
-0.0182096422545386
0.0341663406058894
0.00887290902637505
-0.00280684885491866
0.00281474943113635
0.00467814380011489
-0.0201154408663707
0.00494198812123203
0.000945697010510615
0.0359032893387488
-0.00218896388179501
-0.00219376595623832
0.00769508949450026
0.0136363636363637
-0.000717506726457318
-0.00484652674289232
-0.00595234498471042
-0.00743966598730417
-0.0104204751294246
0.00535741722967997
-0.0031238148887841
0.0101382304147466
-0.0116788140817302
0.00978580132939455
-0.0115194370363766
-0.00850911933945397
0.00690304130235231
-0.0211228271053766
0.0105999806700745
0.00374603865416812
0.0218323941033776
0.0116874365115938
0.000902508992689288
0.00198376912563081
0.00431961835277872
0.00931901450392503
0.0120738636363635
-0.0126315964912281
0.0151030919527912
-0.00157535442717749
0.00227904974966608
0.0206401966290082
-0.00565549291021394
-0.00224062392278523
0.00172746591341277
-0.007242662278232
0.00416885530658329
0.00242172630303195
0.00327865395550209
0.00103202616154152
0.0101374568704904
-0.00391222990453766
-0.000170799177411252
-0.00426985489786258
0.00360204122816543
-0.00119635963754439
0.0210472111746614
-0.00988764906611861
0.00914009786255598
-0.00301912115094127
0.0183378199585771
-0.000991210986142521
-0.000992244071568726
0.0087733653368649
0.0113226454106112
-0.00324518897865989
0.00130226273807588
-0.0172329220365119
0.00711331667306347
0.00098551246738654
0.00344606175658124
-0.00834019596597879
-0.00758573561322129
-0.00481889332003982
-0.00100178662550987
-0.00835701125331734
0.0104500080751724
0.00233526267997908
0.0104842902313196
0.00345848149771921
0.00262596422123762
0.0212800622033067
-0.0445583914819426
-0.032377134165792
0.0166435332871013
0.0271146150599353
0.0263988045824342
-0.0017793756065998
-0.0215523905615361
0.00298111952664581
-0.000330250985299707
0.0128840268767092
0.0022830887149381
0.00976247982041123
-0.00499518200136673
0.00793525506072879
0.004980671433783
-0.00159868907431959
-0.000800624486779422
-0.000961570482000851
-0.00577478344562088
0.00435624394966116
-0.00658634538152603
-0.00323416882276839
-0.00389352699373025
0.00960912020817184
-0.00193584442859018
-0.00937446273435372
-0.00554739752737154
0.00984410156121251
-0.00503650698678326
0.0142063842519142
-0.00273711153216694
0.00274462387382335
-0.00128806953327854
-0.00128966631129557
-0.0137207907389703
0.0181669564048104
-0.0028934255408043
0.00596490417483331
0.00208328518963818
0.00591720783491456
-0.00286170102188543
0.00398596932420325
0.00682866433494245
0.00630910074734703
-0.00564263331728265
0.00898491502183041
0.00843619720555555
0.00201389611089575
-0.00061844465058758
0.00680697720926626
-0.000460955732607182
-0.00322839339453995
0.000154256641224926
-0.00740161934931749
0.00528190126074723
-0.00448154851617277
0.000310524691416569
0.00481064541245657
-0.014054054054054
0.00360275689223033
0.00468242547213982
0.0130494944982371
-0.00536724436999303
-0.0155720472468077
-0.0101800629657028
0.00443036385394979
0.00708884688090738
-0.0109494759893634
0.0104380673730824
-0.00187821258222276
0.00203860749568752
0.0128325348096232
-0.00525346098186852
0
0.00683446754432104
-0.00941069114470838
0.00280330171006549
-0.0119583788159401
0.00188624649302493
-0.000156918727426514
0.009100863015848
0.00171046498866345
-0.00822724334763258
-0.00641726414802424
0.00283553875236287
-0.00738298774740809
-0.000316521606528286
0.00269118260855428
0.00047361856646666
0.000631229298267755
-0.00126159911685852
-0.000315821875388589
0.00789764637659696
-0.00250742826347861
0.019638648243876
0.00816637879302395
0.0322482194711906
0.0303523092929774
0.00617906343894603
0.0112825054819696
-0.0115802855975224
-0.0112873413712629
0.0138729341274395
-0.00142539900653382
0.00456749941671442
0.00412050315944179
0.00353756908271041
0.00253807113756532
-0.0212377221163916
0.0011496192642404
0.00602839115913278
0.0181196329359186
-0.00532508400609466
0.007748604913415
0.0106249407329084
0.0138331717549707
0.0096875288622249
-0.00418916216216203
-0.00895647960492663
0.00616190615037526
-0.000408355998570142
0.00394827790122321
-0.0052888528692393
0.0134969056168208
0.00618788034371165
0.000401056133647382
-0.00280634764649612
-0.00469051173852131
0.00296217865741921
-0.00818903230471291
-0.00338386586561445
0.0017656526592007
0.00216914310821203
0.00987559550529205
-0.00616208958708397
0.00539148118637334
-0.00911639678865239
0.00135296975494681
-0.00351306570698373
-0.00474573559322033
0.00653944123870742
-0.0119111672405726
0.0110958630136986
-0.002574109269045
0.00502574008316747
-0.00540616314113163
0.00910457992143399
0.00579046577456332
0.00227606099140276
-0.00414103654633924
-0.00670690784546313
-0.00688726508221749
0
0.00163180579777245
0.00800971990172572
0.00188550841750845
-0.00282294667055982
-0.0047182259369104
0.00839760237308407
0.00631297540549269
0.0125467568752471
0.00408643548528298
0.0107653934820897
0.00558514107248076
-0.00387490322590822
0.00181533965967295
0.00323582699363634
0.000645026431556506
-0.00012886797650502
-0.00103161827085951
0.000774467525823441
0.0150909069404217
-0.0104193142472419
0.00398054714871132
-0.00345317806744649
0.0014117171820256
-0.00563889536894657
0.00799075953039097
0.00166215319859542
0.000510607633934512
0.000382840024859776
0.00280567515338981
0.00101744884970545
-0.00101641469973834
-0.0026707237442728
-0.0235908957814563
-0.00117535588350526
0.00104595968700472
0.000391823416714399
-0.0032641338693894
0.00759761632683364
-0.00884035384400306
0.0121983214112886
-0.00168455362665687
-0.00493246359121935
0.00208708572464977
-0.0102837932829991
0.0030251611603993
-0.00131127717515667
-0.000919222640797135
0.00184001849599258
-0.0110193357856747
-0.0120705134907881
0.0143662722462565
-0.00727998647465311
-0.00319997333333333
0.0165863826488395
0.00434213157894736
0.0124459187096577
-0.000129425467513267
-0.00258828792241328
0.00467107824056079
-0.00929873434069495
0.0024769000453253
-0.00182054611650073
0.00156324904733585
-0.00221121236516186
0.0015643723316956
-0.0027332942149344
-0.00756985091739026
0.00105210414187118
-0.00709407486492086
-0.00449859739352731
0.0103668131410637
-0.00499865844509306
-0.0202273667401821
0.00620697603282983
-0.00268200348665681
0.00510954665417995
0.00414713043478243
-0.00399674937374761
0.0119047615862824
-0.00555187030926985
0.000531623001530424
0.00305570624640783
0.0144370331125827
-0.00156671897462957
-0.0079769843340266
-0.0139730818089495
-0.00120326198382648
0.00776337850037989
0.0195245182690327
-0.00169365550563683
0.00430643368027273
-0.000259836281962356
0.000649805025999317
0.00324717504213989
0.00686171690475712
-0.00720069463291872
-0.0138583086887489
-0.00656685062472884
0.000528833957282426
0.00369977536997879
-0.00381781205657983
0.0150654160186443
-0.00637935181302829
0.00235849056603787
0.00980392156862742
-0.00582520388349506
-0.000911458297729539
0.0118597154231834
0.00283361672892335
-0.00526591310986502
0.00451912218924955
0.00552699207479446
-0.00102263833480865
0.00281511189212758
-0.00357288489576801
0.00153672693234608
0.000383569880879397
0.00102252047603568
0.00217055669050059
0.00382218126696854
-0.0105343570182213
0.0107748077318472
0.00114208117479375
0.00101409558897303
0.00189948079144631
-0.0024014533973159
-0.00114030153300404
0.00291735174618712
-0.00113819400531168
0.0036717395414636
-0.00050452884462715
-0.00984483113044943
-0.0036965329648132
0.0078044136231108
0.00114261779139069
-0.00139488966022205
-0.0241270095238095
-0.00312292786266566
-0.0011748335573053
0.0118923554061301
-0.00167889706831981
-0.00258738670424119
0.00778208839901651
-0.00630628080976636
-0.00518068909701708
0.00169254007792086
0.000389901211595989
0.00714558909775787
-0.0212847531456949
0.00237247914699568
-0.0180145029054107
0.0186127477236206
0.0101222032338637
0.0122332515478007
-0.00797113664143922
-0.00298087076304443
0.00376967372936421
0.00401447806249067
0.00464336391904241
0.0093722430269898
0.00038156956061175
-0.000127183722131385
0.00356051632198007
-0.000633489625785466
0.0122986301902386
-0.00125248002266931
0.0043892401401866
0.00299670385799478
0.000995916818226972
-0.00111931346253891
0.00610057270916342
0
-0.0034649054192526
0.00496710548822943
0.0021005560360805
0.00530210863876968
0.000981258444514355
