0.0127270184276813
-0.00209446265341628
0.0191525507351746
-0.00901021987359463
0.00428629703302486
0.00672524573202282
0.00385409834810369
0.0214998850972596
0.00325735404660477
0.00974024700948428
0.0152114146028763
0.00109640643666253
0.00876128011681665
0.00241249692611589
-0.00782191354565376
0.00946035207254159
-0.00276346259413207
0.00204816867469892
-0.00553082855671116
-0.00048362955487391
-0.00665289722155327
-0.00328793217408918
0.00207695790047557
0
0.000121945871322193
0.00999633073261408
0.00519011479034681
-0.000360218544190993
-0.00168166966966976
0.00433160865922733
-0.0103031027877908
0.00774723389726151
0.0058858618618618
-0.00107470745342031
0.010041792945803
0.00366913252856271
-0.000825471668910338
-0.00920578274970674
0.00309710553056952
-0.0262439024610367
0.00512192682926838
-0.00994904173620592
0.0294117899365636
0.0284523690476191
0.00381990975598923
0.00576568259034027
0.0042420889217829
-0.00285420723161123
-0.00171735753228097
0.000802844344469644
-0.0040109785924598
-0.012081497545438
-0.0011646750388461
-0.0229710932142935
-0.0176632412261221
0.014700510623266
0.0118535085675351
-0.00757305626380178
-0.0112078569974534
0.00156756300494387
-0.0155309539015398
-0.00904974962882776
0.00580033328150464
-0.00171777914110438
-0.00184368237655264
0.0240118830687339
-0.0119048334822109
0.0091274189881323
-0.0114567899531306
-0.0334268386796774
-0.000504871872843315
-0.00593510529271124
0.0163872076170324
0.0154980373578792
-0.00233848615384624
0.00851223805853052
0.00685012844036681
-0.0104483175907742
0.00945370200566131
-0.0014595353750968
0.00219246046753874
0.00206609142034608
0.000606464546020646
-0.00957576969696972
0.0154204138467802
0.00674940331747131
-0.00526760451655228
0.0111926952072545
-0.00595096426866093
-0.00239460018179849
-0.00864140662505997
0.00956417698702605
-0.00647560866381591
-0.00506937851706402
0.00691495814630594
-0.0104819638554217
0.00706199952740771
-0.0187401162947662
0.00640704749102783
0.015303623898139
-0.00892316411431326
0.0163036496823543
0.000359140432887983
0.00382957165700271
-0.0125178235282961
0.0140045390799339
-0.00821520438659851
-0.0013205401685279
-0.0193532871894871
-0.0051482960248026
0.000616005391029795
0.00652627763238867
-0.00929771248587508
0.00765614938295323
0.00441177706891605
0.0019522206192315
-0.0373843142699348
0.0197343193016704
0.010296501546998
-0.00564831764124973
0.00518645325315692
0.00823093345869941
0.0087730108444013
0.0032612271619612
-0.00770527348194716
0.00703715134766192
-0.0024096024096385
-0.00253631633322526
-0.00629611363584526
0.00609236018033377
-0.00205883492793979
0.0046116139657375
-0.0101473424758074
-0.00927510350805216
0.00381864991377179
0.00527672119957612
-0.00646971451342082
-0.00946057266814815
0.00161246582935504
0.0115170278637773
-0.000367262487757203
-0.00636870774357112
0.000616331835930017
0.00985468095590036
-0.00524518155970299
0.00711212726748767
-0.00219164746834222
-0.00195236126732246
-0.00122263111355136
-0.0014689924967809
-0.0110334927056515
0.00743769697378682
0.000123071248544493
-0.00725882144757406
0.00148712352244074
-0.00655858202100179
-0.00386145993848364
-0.00962866062737699
0.000252575767142993
-0.0077000756412513
-0.00648776228866854
0.00985921920254085
0.00126788381128873
-0.00810433065589045
-0.00382998841235815
0.00961168793555922
-0.000380794622756975
0.0114285968253969
-0.0100439922148401
0.00279013323500643
-0.00151768053623369
-0.00278649788929064
-0.00851016098653012
0.0171663340293706
-0.0243073167680777
0.00335616363293978
-0.000643290853854617
-0.00437698249227614
-0.00530121568664155
0.00376967372936421
-0.0187775703344008
0.0110862350964589
0.0107035503106181
0.0113650781350896
-0.00280937307647477
0.00128065059703686
0.0168819537822751
-0.00113198336984066
-0.000881390100261781
-0.00352864533153496
-0.00417354243075752
-0.0185420248550171
-0.00569362067408941
-0.00273293871592595
0.0069164429172559
0.00518395514857661
-0.000773568869870123
-0.0047742322580645
0.00142617664045797
-0.00245980068513207
-0.00739779335245461
-0.0077144871450906
-0.000658887872695857
0.0138449769960431
-0.00923395772186175
-0.00932001837752705
0.00477012051450743
0.00316494782632337
0.00210336532141442
0.00144290955885173
-0.0113963196959036
-0.0204054721027497
-0.0248884620587043
-0.0338464993117769
-0.018951901824784
0.0362943937862024
0.0295156624633715
-0.00685871037424668
-0.00718238930435389
-0.0347801906558232
0.00763919029861015
0.00643680409458991
-0.0130755967442353
0.0246255753276043
-0.00983843963911635
0.00667141263327542
0.00112805981748609
-0.00591546478873251
0.00524220727565305
0.0102889785886815
-0.00864958147321448
-0.020968168335721
0.00934312203536014
-0.0165195525986962
-0.00275115849264862
-0.00740528499759174
0.0111176417332117
-0.000289424177252973
-0.0120115922434614
0.0180167431382778
-0.013093582733813
0.00218693699880079
0.0292406467628934
-0.00169615547703172
0.0191137768277123
0.000833537058896772
-0.00749584942398884
-0.0176224055944056
-0.0155181667288772
-0.00245840918413864
0.0176861981290433
0.00854709438235446
-0.0076271324451781
0.00412754044612762
-0.012898709586164
0.0661976029034692
0.00188550841750845
-0.00268849311316699
-0.00323500463040838
0.0174442332972644
0.00186069914568576
0.00318394812353184
0.00753767491916135
0.00643126377657799
-0.00639016692749084
0.00629998670954235
0.00339118308050557
-0.0181983751462369
0.00834112284312361
0.00288856339870991
-0.0147944101123754
-0.0118272292358804
0.0131790611460589
-0.00796387087676509
0.0234145042390823
-0.00143810959440738
-0.000130845776283639
-0.00288072530257721
-0.00695993415732288
0.00515735234763226
-0.000789435579807041
0.00263337732587399
0.0044648193180612
-0.0124198852770266
-0.00489810689835701
0.0114407479430823
-0.0114427858929737
-0.013970236084607
-0.0126838886427756
0.00232332929679724
-0.034633121605297
-0.0107344910705724
0.0189891773416735
0.0106486474436607
-0.0155274510825226
-0.0154907473457049
0.00686589862017462
0.00738748412256696
0.0259483274038457
-0.00412375257731967
0.00372676343934142
0.0052254812262722
-0.0138167172042878
-0.00832290238995159
-0.0181843060059953
0.00413165681345884
-0.0224177203851708
-0.0267054273815552
-0.0253503884685472
-0.00535494177853513
0.0261497761529064
-0.0275820121058613
0.0109449509351802
-0.00960666332398097
0.00939185570709111
-0.00716903621626097
0.00722080241025047
0.0285235213094426
-0.0299569331158239
0.0189573142359081
-0.00630156020100348
0.0330665091469196
0.0369774784267018
-0.0111345036420508
-0.0300741288441203
0.00867003635547237
0.0166083918503555
-0.0163370595634431
-0.0388985728277765
0.00788232517989518
0.00150395552726601
-0.0166690654253832
0.0316127047214705
0.0136195108681194
0.026142850501784
-0.0118132931450812
-0.00820969321618914
0.0149578563032551
-0.0184575907634511
0.00524782814133595
0.00986078900610199
0.00114879381316468
-0.00874928272017661
0.0331355949481176
0.00378145647671002
0.00934837475508221
0.00608243052709057
-0.00302282224543604
-0.00813116064308594
-0.00625266074402298
-0.00293622775179936
0.0185107143040448
-0.0132176654227315
-0.0149295385776348
0.0101983289008025
0.0265002664049356
0.00450760831181007
-0.00244764750547133
-0.00368054793238071
0.000136844993123164
-0.00807108093217734
0.00399946203283785
0.0151098757509667
0
-0.00595403231518188
0.00667026962524186
-0.0124408118637245
-0.00944821319249922
0.0139618752536288
-0.0254941383911149
0.00447677653287193
0.00543174072012231
0.0256268035565368
0.0332252696755095
0.00143792156862732
-0.00104427619051972
0.000914660929238975
0.0146214494679229
0.00797729017013271
-0.00906304616099285
-0.000644016513358991
-0.00786286393753888
0.00714558909775787
-0.000773968038208395
-0.0218177384691161
-0.00633490852586416
0.0053128037546446
-0.0100409826914789
-0.00854129187241426
0.000672970781087967
0.0100887818180673
-0.000665801074220318
0.0109275051848678
-0.00672295008274515
0.00345060394029462
-0.0195741830502025
0.00822880108844459
-0.00883055950844425
0.00472459490484378
-0.00927048233239292
0.0154597102104614
-0.00494117274069872
0.0276472680808677
0.0103173697270471
-0.00904856503298124
0.00613087627806541
-0.00090754573736096
-0.000519089035013853
-0.00103862637127861
-0.0124772416824217
0.00565939698633611
-0.012302093322754
-0.00516760295259577
-0.00945656607734235
-0.0207072870495918
-0.0152409854389404
-0.00808703279298606
0.00590383758650304
-0.00447177206461069
0.0018248877547693
0.011769594573227
-0.00498547299522878
0.0020877105661159
0.0211110694444445
-0.0533188133835207
-0.0284482048404657
0.026027712539439
0.028250203008801
0.0228484032996021
-0.00863375347904949
-0.0136853477293529
0.00854941859984359
-0.00514178717540004
0.0230479409441509
0.00136534684230871
0.0154077592259481
-0.00778839790803809
0.00324804443426774
0.00701477163151631
-0.000803831190788196
-0.00683729759148943
-0.000135016195058957
-0.00256518158498709
0.00324859244377063
-0.00580141638688259
-0.0426109229851833
0.0018426221753669
-0.00339555744199205
0.00354911971751504
-0.0120244161260599
-0.0120274348240226
0.00144924637681165
-0.000723516663488133
0.0114408829207435
-0.00229089360199841
-0.0127726607347877
-0.000145399038444571
0.00334403901343472
-0.00405736837973147
-0.0013095299879442
0
0.0053904866752692
0.00159398633258978
-0.00202546287505223
0.00101478685061829
0.0070962777510668
-0.00819672119360493
-0.00376978390938398
0.00247413771611327
0.00101626020686374
0.013778173188318
-0.00515022875106641
-0.0113603823502966
0.00756359272727281
-0.00274281807750054
0.00376366520661087
-0.00721084552701734
-0.0197558553024901
0.0165974355395331
-0.0183673766287865
-0.00519747580620589
0.012091431917941
-0.0115045127652871
-0.00566991968083796
-0.000150090038266604
0.00300172608442395
-0.000149663320375137
-0.0134690511822806
-0.0109223455983722
0.00552148798411745
0.0120500308740097
-0.012207943095944
0.014647528003547
-0.000751924812030125
0.00150498125680887
0.0154770691745874
-0.00355143523079493
-0.0112859228563068
0.00315408521615868
-0.0125767927447704
0.00318433676350294
-0.00740637802863486
0.00350242130356082
-0.0128983152382909
0.00245958482123343
0.0102744672638317
0
0.00121435949670712
0.012583414381192
-0.0112292257638984
0.00469407927477161
-0.0379803477914197
0.00266329303890678
0.000156281250000001
-0.00296831735765291
-0.00955814791601373
0.00759373528862106
0.000157041924274459
0.00989012543343581
-0.00870514507367792
0.0718205739375881
0.0283833658634489
0.0029876084366538
0.0387234468085107
0.00532568597600624
-0.0152132973969045
0.00937931034482764
0.00396284503962807
0.00353888657222146
0.00434015986680492
0.00310595530968438
0.00201939959638398
-0.0171973397823459
0.00314415575819127
0.0092668442055126
0.0203889014417742
-0.00119090909090902
0.00132484096483143
0.0067477373181335
0.0165593647816724
0.0162896319661185
-0.0255693038345083
-0.00744124040316552
0.00539264771001768
-0.00955001283228651
0.00383041875353873
0.0100000263157896
-0.00169365550563683
0.0135717217893145
-0.00321874605945016
-0.0109790496248787
0.000261146663184109
0.00404760433725571
-0.0107932636984848
-0.00696725384514252
-0.00370663219874734
0.00770653713243319
0.0148998557436633
-0.00779521881518486
-0.00982060980146882
-0.0368950130827157
0.00892490707332394
0.0073488565317561
-0.00661980572628229
0.00203999730776561
-0.00855044788273618
0.00328539343112699
-0.0073680037199072
0.0130583780068727
-0.00339213039588049
0.00530972111544137
0.00460460479981628
-0.0528444055001349
-0.0123826213383825
-0.0206081570919177
-0.00765151570999856
-0.00993483066622691
-0.00479257172948511
0.0189616562360417
-0.00561212532287891
0.0032675032446905
0.000296032555320291
0.013023486754477
0.0138788172627677
0.00605184420599869
0.000572916069893958
0.0241912679045053
-0.00321457708394524
-0.00308471676948952
0.00140645573576514
0.00365171363701045
0.00699692145251785
-0.000138993887423444
0.00180687985296224
-0.0120699635940631
0.0185367226307644
-0.0113056667765845
-0.00557803661383405
-0.00336555892204626
-0.00239197973828609
0.00564176288739748
-0.00813467006446
0.0089083284939433
0.00770853560500462
-0.0100139357437012
0.00800786737847692
0.00264811149825794
-0.0358632322528989
-0.00144173873353892
-0.00952936732516985
0.00276972311282009
-0.00857688605063411
-0.00542514686620887
-0.00294862146694308
0.0112376465135731
-0.00687236448124517
0.00426974394198298
-0.00087959244802216
0.000733602326233207
0.000879838748380157
0.00864336335647931
0.00697173585974542
0.00533672276541974
0.00803450536733896
-0.00384292616444848
0.00657235338112172
-0.00269687733272717
0.0172217330708302
-0.00293828175544586
0.00757789762621686
0.00696378800986963
-0.00705396927853519
0.0117007381013965
-0.0418559978737161
0.00819094744595183
0.00513102878386396
0.00524676709784888
-0.0038086613599756
0.0107617384270007
0.00672462903017479
-0.00111330363048556
0.00167181668531358
-0.0118219607281791
0.00661497509014874
0.00741059874485184
-0.0111034415918068
0.000140378947368403
0.0110861770674664
-0.00305344886661574
-0.0361965603175118
0.00693335229235803
0.0131975041342349
0.00948613943732712
-0.00336612889062582
-0.03349279576394
0.0142691322073383
0.000574117107429384
0.00114780492745226
0.00945834063425544
0.0193072254597608
-0.00376050123563365
0.00489302397445868
-0.0114078886230339
0.0118210529642853
0.000834450602657855
0.0182045305475895
0.00887131195051105
-0.00757571719631278
-0.00163580968326316
0.000136564722462262
0.00136516040955637
0.00927063419960827
-0.00932058637472089
-0.00409046927136447
0.00219052570932998
0.00737706314386877
0.00122055875293081
0.00352152232096659
0.0128223113954549
-0.0134595147460086
0.00243144674363682
0.0119929795444411
0.00279627171228403
-0.0143406589919176
0.0260002818536866
0.0116859106257401
-0.0245295123479748
0.0055880518580067
0.047763957455307
0.0131329836309386
-0.000872479089898515
-0.000623789889032444
0.00873794771267078
0.00334122022871486
-0.00308337436893502
0.00334029436248207
0.0336621956513488
0.0130024570439593
-0.0264955258241999
-0.00387081175446513
0.00449305414676515
0.00519827121375394
-0.00649429930260259
0.000484214980217779
0.00169387775695395
0.00700570108701881
-0.00215906193502224
-0.0001202307940803
-0.00396732387593179
-0.000724164169563335
0.012682630599316
0.000715720453994262
0.00286051244671004
-0.0181839555286898
-0.00375254807223635
0.000850546749068704
0.0150539996945247
-0.00908985756380987
-0.00470729039727924
0.0174630489626857
0.00286051244671004
-0.00130734491689266
-0.00249909559084982
0.00644238845144351
-0.000948340434467232
-0.0177978170123139
0
-0.00640250068135428
-0.00145900303951363
0.0148545116834717
0.0181164131521634
-0.00695267491217677
0
0.0053400262966663
0.00743622512469044
-0.00292911547578478
0.00728558183984918
0.00291647220116098
0.00837502607450258
0.0072672509570364
-0.0087036417773706
0.0176755780424118
0.0231581461304642
0.00576949980371122
0.000330921117905891
0.00264664755183053
0.00538941938824067
0.0037194616029117
-0.000326964577656685
0.00283473612260421
0.00217435304932545
0.0072683662399653
0.0173398065124353
0.00508154779887326
