0.0155756456938383
-0.000429011163213477
0.0111588093720647
0.0142190580267201
0.0124502508380362
0.00992049219553026
0.0116647903919536
0.00869829042080639
-0.00310844270204214
0.00583385648428592
0.00800003000000005
-0.00843259895537907
0.01180590330583
0.00355978454147476
0.00413839795326432
0.00451377668476982
0.00605641283413849
-0.00048544519828031
0.00116568872808043
0.00164957309624625
-0.00774971400514235
0.00312408474079851
0.000973216545012257
0.00175013129314805
0.00417354172739537
0.00338294029946784
-0.000192630771459923
-0.00346855185019213
0.00908830126655702
0.000766446274797827
-9.56917212739938e-05
-0.000382995013730514
0.00756704966346655
-0.000855632648433691
0.000951465289276143
0.00608364085789859
-0.00774753430640718
-0.00723666941258816
0.00297331665119271
-0.0134837525102801
-0.00067863510358146
-9.69444212608472e-05
0.0129026190744546
0.0147494774542869
-0.0018876546074843
0.0052954893617021
0.0060201205158521
-0.00215050029407671
-0.00018744377635449
0.0023430178728121
-0.000186975227311037
-0.0101000841672123
-0.00387336804673333
-0.0120448025029438
-0.00892771448454865
0.017047675649897
0.0207619047619048
-0.0125956148535176
-0.00595299053287368
0.00152095061371527
-0.0150911539949586
0.00424016587376408
0.0223587181878777
-0.00657034910296284
-0.00784196930619685
0.0300923334902898
-0.0108162893744346
0.000654205607476532
-0.00952644998599039
-0.0138613951760097
-0.000382491864935997
-0.0164530417404531
0.0171173118070413
0.0139605944930083
0.00650699729812332
0.00637122628020537
-0.00195519031914382
-0.0133395526121143
0.00709085772215734
0.011734885798016
0.00250537262240069
-0.000370242499349915
0
-0.000185157407407432
9.25634351018889e-05
-0.00157420134409125
-0.00686327212020033
0.00438925094528875
-0.00595071113108203
0.0085117946492641
-0.00352437395659422
0.00428145933951107
-0.00463392021067799
-0.00484175968637313
0.00673653649148198
-0.0167285783778546
0.00869563302375331
-0.0186469076213746
0.00897541270957491
0.0204410337927705
-0.0102939903497359
0.0207083862377402
-0.00165243734508402
0.00708043218390797
-0.00374357205287368
0.00568235720206811
-0.00100246055766529
-0.00355774483968951
-0.0148311082624433
-0.00724838762895286
0.00280815308793136
0.0234294975290628
-0.0137723642263076
-0.00943305306852094
0.00588177568964832
0.00361981629143893
-0.00730602998167107
0
-0.000372582462179305
0.00326187316136428
0.00204366926068422
-0.000741651967878343
0.00269042580303891
0.00545888220838497
-0.0300910652450735
0.00702084426905425
-0.0401356890911597
0.00137416572558391
0.0143109786603894
0.0045418823576957
-0.00596435803648943
0.00338718661788096
-0.00800542052469144
-0.0169178126770601
0.00998914044121113
0.000489571078449824
-0.00117446415140388
-0.00274381177627203
0.00795917287881998
0.0112107718617513
-0.0145570419004036
-0.00538058104695172
0.00295075249239196
0.0076492987383614
-0.000681265206812554
0.00477208804051421
0.00474950091595416
0.000385809361921341
-0.00588236275455245
-0.00349202652020675
-0.0109997563224056
0.00728344502526457
-0.00185649802057841
-0.0100832009773235
-0.00108782631266335
-0.00673200659871298
0.0067776336733254
-0.00792003746322079
-0.00898114967549302
-0.0156076531186718
0.000409175523543803
0.0141103983401718
0.00957851381326869
-0.00659139138893616
-0.00683623196103111
0.00708570698364497
0.00291487592551776
0.0169372821901912
-0.0199074010061357
0.00593266986222241
-0.00039985005597909
-0.0122000099999999
-0.00981981180218483
0.00112462940649505
-0.0181780947340298
0.00540883092790545
0.0273122169537672
-0.00070493452049547
-0.0029225132644608
0.0110167473010563
-0.0126961612785781
0.0132644590266411
0.00929349455381234
0.0131683366336632
0.000488566393265666
0.000390711087830953
0.00849446413775556
-0.00338850805122948
-0.00320576057498045
0.0182243639194586
0.00784839181139763
0
-0.000284957256838858
0.00303979300008916
0.0033147647813152
0.00462524061496628
0.000657709292492648
-0.00356804694835688
0.00772709175290931
-0.00289886847019138
-0.00515797632442971
-0.00584467372087716
0.000189683294042231
0.00322333134556319
0.000661491211491283
-0.00434412129893391
0.0144171203642227
0.00710614325683423
0
0.0010212700865404
-0.00556482099795952
-0.0141764967899972
-0.0262062164486153
-0.0403186728844847
-0.0104272019682852
0.0230179028132993
0.0140000200000001
-0.00956609448587575
-0.00876229214378177
-0.0206931686380764
0.0147707665354553
0.00444761952895978
-0.016202082634535
0.019333060160944
-0.01174108355763
0.0061940798275566
0.00403675462859043
-0.00211075489216506
0.0159146053174315
0.0104104995993408
-0.00245314483551584
-0.0196734204338611
0.00862926917000739
-0.0153202750294552
0.0010102949784716
-0.00222043798505367
0.0106211105541056
-0.00830749641447326
0.00393620298877262
0.000603176831173613
-0.0119562243741207
0.0171853067799597
0.0182945318233982
-0.00775575291816466
0.0108835262689226
0.00900458077722566
-0.001454981140944
0.00757721959243773
-0.0039529791365891
-0.00522699651973657
0.0213097408186165
0.00895582135057005
0.00396598670508053
0.0247366158765989
0.0160624143936414
0.0146341738383244
-0.000356134259259178
0.00436407200181743
0.00567533046932689
0.00749491200088492
0.000262550319227284
-0.0122495580343901
0.00868105242874528
-0.00158075871834296
0.00343038079988767
-0.000964244372997136
-0.00763361404199692
-0.00238723257979201
0.0108127357828107
0.00289341509267649
-0.0180975612370405
-0.00276019949710971
0.00794641964285714
-0.00132873594940863
0.0172077526558054
0.00296474537844427
0.00704229717550753
-0.00172671153023018
-0.00164312898840602
-0.00554399678544704
0.000435496504298749
-0.00243794518829688
0.00968840010473948
-0.00838520919778707
-0.0298142971825847
0.0248899000369314
-0.00412065586744959
-0.0107403208289575
-0.0118359167437238
-0.00045031519767369
-0.0110820436270302
0.0115706721652575
0.0193641450001274
0.0120162661247569
-0.0110878644046808
-0.0277213744430487
0.0073549897581493
0.0138813860847053
0.00649000693927793
0.000529970855313033
0.0018540302424479
0.0135706200148762
-0.00634668769813995
-0.0125120306893689
-0.025606946432687
0.00454669451171497
-0.0129446907491202
-0.0238444513587266
-0.00422777143502884
0.00754791032263258
0.0111433841076563
-0.0177811163794838
0.00867438258861752
-0.0175734244464361
0.00627977176555228
-0.0199508316953322
-0.0091655087474094
0.00428434287101309
-0.0102772640127717
0.0114615789290444
0.000581094430992746
0.0112283711398389
0.0246003635053091
-0.000280259713375752
-0.00915805047830942
0.00811091208253245
0.00561323796064395
-0.0111638014915583
-0.00649170188642678
0.00303030308769525
-0.00188818923504896
-0.0184449865830023
0.035848521803465
-0.00111633642415732
0.0168575668196638
-0.00302254991756734
-0.00698210394087462
0.0116569714740298
-0.0131686696510045
0.00528217013132526
0.00728239286645316
-0.00741281250332615
-0.00866680811973819
0.0242745542487319
0.000635612475318625
-0.00362970971768717
0.00546447161754626
9.05978244456485e-05
0.0039850917857045
0.00433021207632311
0.00179643399269858
0.0189186767588871
-0.00721576035916727
0.00975002659102997
0.00667136598791029
0.0100279211719567
-0.000604333927232359
0.00233238593067764
0.000258545206054839
-0.00146475101610799
-0.00431443614043003
0.00745299425819379
0.00137637849462369
0.00876209917491289
-0.00613132078685186
0.00591211555061366
0.00136282791545428
-0.0121640100742431
-0.00172218208186126
-0.0123350297593375
0.00637557205240169
-0.00390526762374543
0.00357207704802298
0.00668458187890297
-0.00517418079660381
0.00754162614821752
-0.00189280731585284
0.00224114296627631
-0.00404226380086692
-0.0605354215750754
0.0188435975839361
-0.00451100701952389
-0.00335322651271441
-0.0040011093570872
-0.00365198579066905
0.00705585101408923
0.00919019091555606
-0.0052294831762878
-0.00543822159995966
0.00929551601306344
-0.00270883069977434
0.00325940253307566
0.0131756973770545
-0.00267209413036684
0.00598372773078748
0.000266326351796353
-0.0038164552022093
-0.016215253318162
0.00796961615594305
-0.0107817157920472
0.0162579566986005
-0.00446867463105438
0.0184038335434404
0.000881514441440023
0.000528421696948778
0.00510565149833897
-0.000350332807847242
0.00613279311488335
0.000261293983326194
-0.00217637323470776
-0.00253010811734145
0.00218665263383788
-0.00314191825550847
0
-0.00358959023297512
-0.00711710758487138
-0.00398227433628318
-0.00657489986917204
0.00840713725797593
-0.00789356097560978
0.00670480952346852
0.00097682265361132
-0.00789566174684475
0.0180630954473202
-0.0248572775556833
-0.0060349398135906
0.0342546358723088
0.0234820035963024
0.0190908572740496
-0.00159612733874226
-0.00143035761767529
0.000674098415908375
-0.0105254292602656
0.00485065092586745
0.000338761850630753
-0.000254038259717926
-0.000762096731716344
0.0062711694915254
-0.000842167775680802
-0.0106203810740086
-0.00281133079258811
-0.00034174283617916
-0.00247842915172336
0.00368403869359124
0.00256077673818567
0.00170289489236852
-0.0103697575797745
0.0101348535600789
-0.011818722797222
0.00507655304528853
0.00188340898696016
0.00811761093837138
-0.000847652122877074
0.00593828484742831
-0.00362624382482291
0.00025389758351424
0.000423108817058537
0.00312945099054085
-0.000758819574347758
-0.0013501307678655
-0.0115757923375716
0.003761283883708
0.00340659178004743
-0.00297062468171783
-0.00442669614006386
-0.00273621212662356
0.00411561358438517
0.00546493889962485
-0.00518047558386414
0.0114393376424733
-8.44193091386058e-05
0.00202581242486866
-0.00303260890432655
0.00414024510587652
0.00378664603792145
-0.00511359707340431
-0.0149982979440513
-0.0210436266716231
0.00943721584345991
-0.0109071592167719
-0.00481360922783813
0.0108170170681297
-0.00234908643902754
0.00366266684682426
-0.00260661230712
0.00993116987602427
0.00690074182696443
-0.0121648673306383
-0.0118809819075705
0.004124995539319
0.00524427916286063
-0.00991217268216382
0.00597172198195173
-0.0135312349140664
-0.00601769911504435
0.00694442663817663
0.000707356334347597
0.0119278936207809
0.00532611547477613
-0.00990098149992169
0.0118420877192982
-0.00251408760319183
0.000173857121047449
-0.000868952018266311
0.00173940680798212
0.00911619204723024
-0.0577304123445647
-0.0106829714394532
0.00664515009958744
-0.0003667461263408
-0.00192606623797187
-0.00735161734975176
0.00379562128667721
-0.00230563497187131
-0.0179330929931596
-0.00583579642010157
0.00094677141791033
-0.00993192385611108
0.00659217553438762
0.0251518695410795
-0.00990648995636523
0.0250607906291229
0.00602076246978389
0.0172288811863337
-0.00294171866642901
-0.0044702727665672
-0.00152669962329044
0.00575643101277201
0.000178823108567316
0.00500720690297585
0.00596083619286758
0.00336072344565319
0.00317321295301576
-0.000966531956181904
-0.00307826745149342
0.0181738512249467
0.00207952509905462
0.00190230001033642
0.00828513830279265
0.00992892219585872
0.00330535644216212
0.00684241443256672
0.0144307573717466
0.00430068631872693
-0.00872928436136056
0.000249223222167805
0.00996674402048603
0.00123356909923644
0.00566736755646824
0.00106172817605787
-0.00367134698539606
0
-0.00114641333574161
0.000819798307432285
0.00172017526670754
0.00106302231529143
-0.0124162393794518
-0.00537636053967971
-0.0159667193347194
-0.000507098782944193
-0.00803244291956828
-0.00119331742243423
0.00401094043352113
-0.00764982562431238
0.00256961884368301
0.00350274232799452
0.00919463655026931
-0.00463980930791463
0.000254250364509767
0.000169496699783833
-0.0101660876807347
0.00710374895938903
0.00390922926674975
-0.000253949045643354
-0.00499573251474572
0.00229765122461667
-0.010528086351911
0.00935297743819308
0.00127520193679853
-0.000933953140889399
0.000764884860455117
0.000424558416702414
0.00823360509691207
0.0079980132008588
-0.000167075916635562
0.00442735781828896
0.00615439963663333
0.0066953048430658
0.00131370390579111
-0.00327998368052429
0.00287946516957294
0.0037735766403022
-0.000735567172805096
-0.00188105018110041
0.00163878235300907
0.0224967281167658
-0.00376030888487566
-0.00313202705907545
-0.0145814633347652
-0.00147155820797895
-0.00736860166504505
0.00544378102018772
0.00762920414062007
-0.0055361067241535
0.00384773632668467
0.00301741144142698
-0.00203268561724834
0.00325892949745699
-0.0063342375047446
-0.00547563741847301
0.00279396001653454
-0.00606406626291944
-0.00428727838826548
0.0019872899392388
0.00652839423967611
-0.0104269619763474
0.00414834484483828
-0.00404856650457375
-0.00132739338537091
0.00191064965718502
0.00248738079357125
-0.00306015207806953
-0.00323543219482803
0.00799000402846439
0.000660564770369465
0.00222788180166877
-0.00765684182164361
0.0115323903719604
-0.00959644044613583
-0.00289853416149066
-0.0126246260361358
0.00185061411130416
0.0123425862693969
0.00622045284896733
0.00568745466534781
0.00122942379756696
-0.004092992662312
-0.0039454544157338
-0.00676678494801131
0.0037387586927653
0
0.00405599708726112
-0.00239077487904105
-0.00875964781820271
0.00616927902049058
-0.00124286185694156
0.000414758582920394
-0.00281943785784688
-0.00266112266112262
0.00266822313015913
0.00523906029106036
-0.000744506967517489
0.00711980290487779
8.22194807690302e-05
0.00320564677936397
0.0136829001143079
-0.000484941800154015
0.000566060146658165
0.00905192736478
0.00440531845262826
-0.00199362038287687
0.00183775466499791
-0.0107672518129028
-0.00427315169130982
0.00226719838056688
0.0117143642891773
0.00351349508472021
0.00342165995737487
0.0147502064195115
0.00828387783904261
0.00325529365198274
-0.00903892136837259
0.00374207519319958
-0.00132037281553388
-0.00209989108570707
-0.00506580944689916
0.0022716041901425
-0.00445486528616323
0.00314022616910559
-0.0108780717708411
0.00110768257858762
0.00640162021972346
-0.00761734749858167
-0.00150354510951456
0.00784591852908534
-0.0110088937801195
-0.00572468805894943
0.00159933622712516
0.00143712574850308
0.00231205453240846
0.0040566496654737
-0.00554546449626558
0.00740858764764263
-0.0149454295029687
0.00465603275266924
0.00982816604349712
0.00854567198636658
-0.0114545662282642
-0.000952404761904724
0.0105656341888853
0.00691767162108081
0.00874393812925067
-0.00371496768048307
0.00644761924796455
0.00100342699912659
-0.00686251049637576
-0.00194099374361034
0.012446448562121
-0.00353432209916194
-0.0116432182644272
0.00475893301070784
0.00201886803425788
0.00325453692550459
-0.00988645238366848
-0.00234029951883452
-0.00344047230776823
0.00251078860362797
-0.00477414897333062
-0.0125039631172079
0.00716732499800909
-0.0256187077914232
-0.00178528762999375
-0.00975533680586405
-0.00517197282935666
-0.010562782637399
-0.0372810836149944
0.0199255219613619
-0.0216597548205277
0.0397638652543844
0.023380059729792
-0.000652700728666744
-0.00791966832332613
-0.0127561762364221
0.00616870628683475
0.000165733226985987
-0.00115970012293165
0.0110300379659971
-0.00344521356918337
0.00452714634170959
0.00516221726350197
-0.00081517894864569
0.00016313943052948
0.00171308432051842
-0.00228017909738976
0.00652957084221928
0.00308138987998707
0.00161685533428102
0.00435835344054314
0.00506266465665917
-0.000959486687455047
0.00792320947394676
-0.00262030327742901
0.00270675899445294
0.0057165622639912
