0.00512562797070948
0.0270269581156908
0.0172128605499127
-0.00260331927437885
0.158238191814652
0.00943659154929577
0.00265108141903392
0.0243529080941705
-0.015894565739783
-0.00193262004603478
0.0127247297624593
0.00273145311757106
-0.0128029831872238
0.0121412522568467
0.0141766764697837
0.00215048381315897
-0.012339042712957
-0.00393809076504748
0.00736197702418484
0.000811990808119889
0.0123056664897498
-0.00387391124934666
-0.00268200348665681
0.0127739271437168
-0.000132793414763688
0.00491305284591848
0.0145348705073995
-0.00885648617942814
-0.00538759541097478
0.0163825864345994
-0.00662942935135835
0.00170119083227394
0.0273023633976865
-0.00584942784650844
0.00498848810437424
-0.000509112892961516
-0.00331086213308118
-0.0145649679787263
0.00622331153468081
0.00141734310762343
-0.0012866443478301
-0.0167482987600504
0.00759960691823913
0.00780231449148716
-0.0144516516129032
0.0115214065797882
0.0155319307395305
-0.00841187877149974
0.00154235212561638
0.00988198177315147
-0.0151226581491256
0.0170322580645161
-0.00951535143364624
-0.0204944152683488
-0.0153000913390859
0.0324036507674508
0.0409055837639718
-0.0123578846356373
-0.00825820841487013
-0.00870555113031679
-0.0154002672775868
-0.0279214577569615
0.0175531921896221
-0.0108467725109817
0.0184964191175472
0.0342457794393971
-0.000125448383590299
0.025840416133462
-0.0149180852888003
-0.00868913874600641
0.0429501622470554
-0.0254532713956864
0.00234080331010955
0.0215093409352343
0.00300806156890787
0.00167945055566876
-0.00682634730538911
-0.00602918123718799
0.00994783452626469
-0.00972970570570564
0.0100678672957819
0.0118890961410747
0.00367906471210366
0.0036655669859289
0.00812915909975809
0.0298001986677574
0.00295045382601722
0.00769406000319273
0.0103301709034398
-0.0122250051491996
-0.00855078786737584
0.0135042551008537
-0.0305676414862309
-0.016747574110705
0.00258429469931731
-0.00785000604217934
0.0082663793103448
-0.0154602839819731
0.00797055693482185
0.0297414954653077
-0.011346681948424
0.0238812653864764
-0.00679346693840577
0.00547191056233576
-0.00215413839526546
0.0106805474223259
-0.00854406999024393
-0.00680356034009399
-0.0191801812617961
-0.0079152714275279
0.0110289213529655
0.00475808296989855
-0.0175560633505183
-0.00411473087502301
0.0107425806958161
0.00724124011067828
-0.00997218251326948
0.00222538072939948
0.00502512562814084
0.0148837093023255
0.00252063476765163
-0.0019428342857144
-0.0100767775088336
0.000231393877318409
0.00612928176096594
0.0175861954022989
0.0258669493489996
0.000110129927328728
0.00473411857901329
-0.00306814588936788
-0.00362718167859366
-0.0115830554532145
-0.0128348328757776
-0.0270209053822806
0.0127818501692274
0.00195041294399201
-0.0164892129511229
-0.0144370359114803
0.0122858827575694
0.0143540199707313
0.00230102398299636
-0.00344356048748073
-0.0044920525224601
0.0142312160129583
0.00935431168814449
0.0186482136534287
-0.000665671829546466
-0.00177635172643487
0.00756302935989184
-0.000772701215264404
-0.0241934939525021
0.00758516907992379
-0.00707861797752818
-0.0139187954989658
0.00700024107184105
0.00945871225071215
0.0188529912202984
-0.0228254626038781
-0.00238121096765609
-0.00443290505457239
-0.00331080047086652
0.0187857840050705
0.0131549243725
0.000887814883056226
0.0013304800680678
0.00907982524814144
0.0065840669346231
0.0132998360416494
-0.00548676725616237
0.00659888562096733
-0.00171954857432943
-0.0108730973288094
0.00892468466232099
0.000539406705698298
-0.0285714501347709
-0.00177576030578819
0.00933952614321698
-0.00506718445766907
0.00797166740478317
-0.00340507465504103
-0.0343877647617845
0.0126697864094305
0.0273895510889366
0.0150301148649454
0.0084306747221361
0.00128612000151818
0.00535217309681379
0.00617548991004013
-0.0144973862433863
0.00429509301927711
0.0133646959624152
0.00717450946586307
-0.0197988583678909
-0.0159238858608528
-0.00390965456321335
0.00610551672366433
-0.00314262032014112
0.00576148506927909
-0.0127540103573501
0.0101817499532189
0.0117047906699292
-0.0233529731837808
0.00581330494270693
0.0153762709501506
0.00386639454552262
-0.00759600933351867
0.0047433698847914
-0.00107295067831381
0.0090225995493578
0.00159669998729606
-0.00786478936612989
-0.039635737324815
-0.0452872940259388
-0.0234839828710823
-0.00646088761759045
0.0240847781300002
0.0244591013116287
-0.019857712814817
-0.000936889576494848
-0.0361035643207962
0.0177550644136546
0.00310664349129763
-0.00905294850695459
0.0381055285946499
-0.00648446032324612
0.0103729483552581
0.0146498670054245
-0.0210322649048689
0.00452907903229494
0.0168786011560693
-0.0110277513759407
-0.00827682511269856
-0.0159962680884294
-0.0245023091589388
0.00277747863247146
-0.0083092845820173
0.0196721680551832
-0.0272716562192251
0.0077130019588636
0.024419900969989
0.0193310839658445
0.0101221993061849
0.0183137986639024
-0.0208121696273197
0.0235647568441724
0.00665834548404987
0.00493275801343374
-0.043507374425562
-0.0149288433619977
-0.00367034103327413
0.00641711214694918
0.00614000457810815
0.0206548764306405
-0.00597911916776916
-0.0023134413758279
0.0553043130434783
-0.00648205910180366
0.0142651885436247
-0.0114479174504151
0.0100364400581545
-0.004804575129841
0.0137151636352333
-0.00335530905244419
0.00456122926669789
0.00248651891891893
0.00992126572022212
-0.00288312860900952
-0.0144570362322886
-0.000651939592002049
-0.00641517879291964
-0.0176187355313658
-0.0509078773835763
0.0205399068265226
-0.0092006328648867
0.023215321573643
0.0123652407858141
0.0175930080141866
0.00715781317383146
-0.00502951022337095
0.00153845054945068
0.0029625302058649
-0.0225358922421665
0.00346956918790298
-0.00289986603168124
-0.0418344285943081
0.0277842270471993
-0.00124944342061051
0.0238826225406572
-0.0125513385821542
-0.000562474678009628
-0.0106921330487818
0.00364048910943127
-0.0117887212447435
0.0104381280110115
-0.0252014201476408
-0.0018633282218472
-0.0110838526552777
0.00755073129894446
0.00772829021713606
-0.00453172215969588
0.00373526330653107
0.0139551579010389
-0.0103222958981009
-0.00915518589459752
-0.02046783625731
-0.000716394029850687
-0.0137411993370486
-0.000726896041593261
-0.0075169977867241
0.00965063511299014
0.0243194428476843
-0.0367351860744065
0.0177804653177021
-0.0181927951807229
0.0241747582322924
-0.0236041339995702
0.022211376174043
0.0184873102585601
-0.0155586876736769
0.0259818615654406
-0.0171548718134003
0.00902400844189022
0.0391856305300435
-0.0180047224098
-0.00738006218427056
-0.0163801576119851
-0.0106295148371209
-0.0356929462466138
-0.0118841175028983
0.0204209095464796
0.00589322305315743
-0.00292930550469916
0.0219121184499418
0.024676544393512
0.00549451712070947
-0.017323624757037
0.00118322294781903
0.0209169928769679
-0.0175945829099964
0.00848348031753932
-0.00105147802553929
-0.00842106432748535
-0.00247698752626802
0.0361830081589216
-0.00502105460530822
-0.00929011333203089
0.0106506833983799
-0.0170676397342164
0.0012819019061161
0.0105912944737265
0.0231486116976021
0.0165466238877363
-0.00254673906647629
0.000110945823469377
-0.00588298394418851
-0.00915587336212309
0.00642325910352159
0.00268732510776681
-0.00547185911317072
0
-0.00404223004810755
0.00710264962015716
0.00694050135586033
0.00833796581449575
-0.00264606403459966
0.0149237123029373
-0.0141596343352496
-0.0187824987563254
0.00427884256905409
-0.0210786406305946
-0.00469586541509248
0.000920609875244782
0.0216141404363943
0.00911542866176651
0.0171740942829059
-0.0191864929194879
0.00760116261570731
-0.00565788779296528
0.00490910425892332
0.0474075274786279
0.00116600598541461
0.00730547402770165
-0.000315303766189934
0.00914732405480678
-0.0105230461391005
-0.00326415706787242
0.00982455060956888
-0.00512603850302495
-0.00473181923726218
-0.0136291703406409
0.0022493465911595
0.00523669979694352
0.0102062409144428
-0.027046938340779
0.0121146894142139
-0.0167788821203376
0.0170652173913042
-0.0177406861173453
-0.00380813823052395
0.0123416778580534
0.0130542666295335
-0.00692227887279495
0.0184450509383378
0.00157946718353719
0.00651802965144999
0.0105494257478469
-0.00671836692506456
0.00489075972717501
0.000828435331883703
-0.0156234140584911
0.0017868299536139
0.0104920787009144
-0.0199356145765883
-0.005932800147609
-0.0102312584411967
-0.017228447812153
0.015010431083941
-0.0024826748972655
-0.00346291511901675
-0.00521223825441364
0.01004254983034
-0.00367445156894464
0
0.0146436595152692
-0.0184947934734362
0.0118723888873193
0.0136705702116131
0.010619093354977
-0.0419249562241243
0.0141478504057906
-0.00486648637540288
0.00412959152780679
-0.00119048698721891
0.0151695848394238
-0.00394921541361493
0.00535790827261029
-0.00522274568322323
-0.00514308357134707
-0.00926225114189017
0.0107620939398216
0
0.00161318557926915
-0.0364007205970381
0.0198350684162039
-0.003277928429128
-0.00822188107627841
-0.00585828444944958
0.0160106178338755
0.00295474949512187
-0.00491003808161405
-0.00986835558777477
0.00675527109340179
-0.0501595621973573
0.00833818201130687
-0.0223957390605259
0.00728377558915261
-0.00443196884609209
0.0101921507709448
0.00255124657713401
-0.0048582766289742
-0.00906659315432523
-0.00680354252199411
0.00696827700409286
0.00551256144704282
-0.000350005820016097
-0.00618435260855366
-0.0098625809525088
0.00509901565044446
-0.00188773001680675
0.00791961011630282
-0.0119619682876264
-0.00356086646884279
0.00154860041269567
0.0116555182765101
-0.0177521165707056
-0.000239425485119349
-0.16940024146295
-0.0138368267729962
0.0100848146765511
0.00260454344371963
-0.00562850331031173
0.00232214797323227
-0.0131768900427711
-0.00895085813790586
0.000592256431858562
0.00281140861759677
0.00708282457205955
0.00161173626373623
0.00599760084848455
0.00319908404242031
-0.0034787361495503
-0.00741821090909089
-0.0130422043681772
-0.00475128447665274
-0.00119352530499084
0.00433160586997494
0.013682421584843
-0.00410808367910309
0.00928115833593801
-0.00364910221430148
0.000146425427880903
-0.0130364734013391
-0.00178086977356207
-0.0255724196975194
-0.00411968257370032
0.0321741396740067
-0.0353273696603517
-0.000923188211207404
-0.00662251655629154
-0.0210852868217054
0.000475118791180229
-0.0174132980026372
-0.0024166586112454
0.01146645708871
0.0292191916139359
0.0184611079500638
-0.000609306912130791
-0.00259105315361896
0.00488997540067304
-0.000456189158875131
0.0191692521298075
0.025078370654676
0.0353866327475354
0.0133615334278914
-0.00471900049747409
0.00557805055889071
0.0145611286290235
-0.00341716766445233
0.0201617462536416
-0.000134364081784022
0.009008981753033
-0.0057302771091382
0.00415489875144237
-0.00226906039159269
0.0042809364548495
0.0130545224457175
-0.00604874400859656
0.0141554181323147
-0.00417438016309002
0.0137542972886717
-0.0105956714122714
0.0113621783988509
-0.0118802295485478
0.00261374814220128
-0.0160323642331548
0.0100675853773371
0.00118027540983601
0.00235788589771491
0.0207789344267746
-0.0058891178352436
-0.0185447902499732
-0.00104975726347922
0.00525419697573359
-0.010453364830176
0.00382931451884416
-0.00276241789380771
0.00118723126730602
0.0117259417200015
-0.0151061855045425
-0.00621437284996851
0.00279402592900335
0.0130024540399714
0.00196466278885832
-0.00718958169934647
0.00131673474588823
0.0172254825552076
-0.012280209251807
-0.0212014515795601
0.00574943166533703
-0.00678013817096335
0.00602335706094714
0.000931333106368504
-0.00319028300450819
-0.00840108036807796
0.00161379771901826
-0.0108754694867559
-0.0176461929590389
0.0185159036127165
-0.00583367257948264
0
-0.00136461519329434
-0.00204975403115615
0.00698345894815078
0.00965459600687235
-0.0146800808080808
0.00328045362053286
-0.00912805152239649
-0.0258490983425368
0.0187720823930018
0.0102521197007481
-0.0085024001234888
-0.0179806769855875
0.00239433802816902
0.00210765778017841
-0.00574868199663481
0.0142433217180471
0.0093158790132335
-0.00275515926464576
-0.00842657837307059
-0.00487599616712164
0.0177796024079517
-0.0100412108682756
0.00750314009305075
-0.0111709416309216
0.000557894026132377
0.00724845294810295
-0.00484359244828136
-0.00750940022197755
-0.00630524003200605
-0.0387760868239168
0.00894823262280275
0.00756039557371913
-0.00404049044557764
-0.008693118314682
-0.00657698060733658
0.00735618644466407
0.00262890313087638
0.00466131086201571
-0.0114542698063755
0.0118802874743325
-0.010726163523008
0.0187545641025642
0.00589677845385861
0.00672007415727549
0.000852109027007053
-0.0831559517077345
-0.0165609036285265
0.000157349698499454
0.0025177026359986
0.00533674470784407
0.0134270251322235
0.0106300101291013
-0.000609756116151217
-0.00915190692958834
0.00523405180471159
-0.0479326930505655
-0.00418204935441691
-0.00823773219189139
0.0201953902216485
-0.000638585578521589
-0.0169328599659061
0.00666233333340371
-0.00468121057818871
0.00291923451183917
-0.0143919631306598
-0.0113208037519146
-0.00315297056597985
-0.0136507408023973
-0.00945149367088605
-0.0163571139266846
0.00415730122986324
-0.00690013788338562
-0.0220601181170749
-0.035701563689193
-0.0215509666319585
0.0237199176152092
0.00919455665328139
-0.00109331266229384
0.00601973732214511
0.0174070528592183
-0.0089110673870777
0.00521490729698071
-0.0157424323526857
-0.00963282442748103
-0.000917654581844118
0.0473916430454013
0.0122764117853384
-0.00987524237915383
-0.0180227990193246
-0.00516744485330445
-0.00644816383850388
0.0028844419887426
-0.035772100741109
-0.0152870808219069
-0.00549036349867482
0.00228446606290644
0.00379859434763175
0.0172185436979582
-0.0117186946323919
-0.000941069058139066
0.0212885636289162
0.0138350860327445
-0.0356622823082657
-0.0283018867924528
-0.00854366990291267
-0.00783394030877527
-0.0120410777733911
-0.00119874128269215
0.00720135998394245
0.0232373792745733
0.0147515333850929
-0.00899001547417777
0.000579019483130327
0.00366510416666643
0.0111474536065241
-0.0207185131967588
0.0390139557453415
-0.00242848874329316
0.0773407648936042
-0.015817834448424
-0.00883080199277286
0.00124732717832021
-0.00907633046941325
-0.00305319683908045
0.0266619357471423
-0.00666785377547452
-0.0155449741115532
-0.00430644177283335
-0.0414489622833316
0.00564021443203999
0.0100952884615708
-0.0266518420627769
0.0216771249286936
0.0221477386934674
-0.00400577217792319
0.001096837274281
0.0257487226350883
0.0154887489937243
0.0113954766585647
0.0327613630223844
-0.0104062265724664
-0.00339214727598625
0.00323354333674408
0.00949952486005889
0.000504167383772902
-0.00268726901768102
0.0107780227218253
0.0153282072642451
-0.0103380047643257
0.0102802021177217
0.0126374692269817
0.0113452348242264
0.00160253199991889
0.0105599999999999
-0.0286574097530082
-0.0016299593033402
-0.0104489632653062
0.00230983332272183
0.0060905185185185
0.0281413780782294
0.000159102482495177
0.000954685790125254
0.00317916070577007
0.00285216284499823
-0.00474006944635696
0.00317505943244778
-0.0158252890619606
0.00418076867954276
-0.0224179660141238
-0.0135953810580733
0.00132842907126474
-0.0144278443520373
-0.0206966010432441
0.0106529035970291
