0.00583469004987713
0.0242584581215151
-0.00604969736002847
-0.00841752125851436
0.0211571372600237
0.00741776423026552
0.00634759450352651
0.00416300003139902
-0.0124371485536973
0.0132298815261434
-0.00225989950383187
-0.00893417630635229
-0.0481208850147059
0.0402827392252536
-0.00807792045333822
-0.00465358060168586
0.00428574025974027
0.0091814170650093
-0.00461303171946392
0.0167353630278062
0.00974926526655118
0.00815049529780576
0.00124375618796635
0.00534161490683238
-0.00420121092301995
-0.00670049667206829
0.0172391873614297
0.012403315731303
0.0163755333242228
0.0158730395527742
-0.0136278660610479
0.00619347315618723
-0.00722064368297903
0.00941935104020453
-0.00472480487952731
-0.0110372653444751
0.00708023503947608
-0.00846042679838965
0.00120176662903204
-0.0142839398459714
-0.00669755211772216
-0.0123820277062645
0.0213505591199246
0.0255225817394578
0.00651816804402117
0.00753561756740839
0.00245411943438123
-0.00233151086886829
0.0132039842672591
-0.00449773964361366
-0.00417053985171456
-0.0062820033304094
-0.00573633822843223
-0.0198987636877429
-0.0112925879695479
0.0105710202708011
0.0278946742309647
-0.0149725000578431
-0.00189996439733953
0.0132064361734763
-0.0325270651701707
0.00036410972647305
0.00922108733853655
-0.0340226256311614
0.00472937161740816
0.0122630739899763
-0.0214145861305117
0.0125046891021048
-0.00407560819963426
-0.0217013891580033
0.010647788194293
-0.0225762314344826
0.00846908764275622
0.0221402988746811
-0.002365280658153
-0.00199645622655931
0.00500117510623266
0.00199059474958685
0.00335233420223058
0.00247499078022506
0.0283915065203924
0.00672194230517209
0.00250386303193517
-0.00594671727053475
0.00406791088614722
0.00726883954406188
-0.00899091457459977
-0.00179054560548697
-0.0135135728230003
-0.000848587728175199
-0.00679443112823186
0.011116491435176
0.00471193686282234
-0.000962024965751707
0.00216658637056844
0.0103291013612994
0.0128387299272921
-0.0213615030995834
-0.00527698507832752
0.0196527364443515
-0.00567581884829127
0.0161731604791608
0.00362791118646855
0.0167909860822997
-0.0042430620725824
0.0122077274626806
-0.00921603150774875
-0.00849800164221393
-0.0135510546004657
-0.00516607972680716
0.00448481041597515
0.00223242859555373
-0.0100820746747219
-0.0194220625432956
0.026570011114613
0.00329410588235302
0.000351770642023519
-0.00152383077069096
0.00504814510448459
-0.00140174043450836
-0.0114632825234129
-0.0013016210791239
0.00627959700759262
-0.00365002943600623
-0.0144174067211981
0.00803354896802033
-0.000356833591054984
0.00499759632320784
0.00497274455331231
0.00565508973804496
-0.00702904162337104
0.00259557568202973
0.00553064230887346
-0.0121707786601795
0.0138608926022559
0.00385606441093578
-0.0169946098477659
-0.00970988785233462
0.000597907470928138
0.00657269359464618
-0.0144841618965631
0.00265029508130832
0.00216269366228428
0.00827231707122333
0.0141498576492238
0.000117270487545174
0.00480651800211529
-0.00175009919204416
-0.0047919122204747
0.000587140326784752
-0.00622064575894277
0.00649584283679783
-0.00516313065990215
-0.00353852327835025
-0.00106538821974234
0.00391043967188565
0.0147544851893946
-0.0104687796851369
-0.0019983307864111
0.0131919313735707
-0.00569632663437547
0.00116915703459797
0.0112110128883924
-0.00669816406966917
0.00197649105972597
0.00997912508702714
0.00206801468212281
0.0124970991458713
-0.00351033865950257
0.000227238636363758
-0.00374909124343636
-0.00672829269635555
0.012629150691829
-0.000793650820645642
-0.0181549762222277
0.0101699411784346
0.0102962356574197
0.00203827430728754
-0.012543801843006
-0.000114374002553541
-0.0178551556190287
0.0149166534184049
0.0176828691093291
0.0142164283273079
0.00111245968530937
0.00544510513268381
0.0058576368526424
-0.0145039003515239
-0.00356783356967716
-0.00693748438164421
-0.000338016901408444
-0.0116095467582331
-0.00353523768878472
-0.00961313834789901
0.0140975385475208
0.00398813801303244
0.00374532965900221
-0.00452285154855603
-0.00295322577290746
-0.00148094100570684
-0.0895607395422535
-0.00814537563363249
0.0123814905273154
0.0253339208286754
-0.029089665088137
0.00175513357484514
-0.0110124509567037
-0.0101226877150791
0.0149558859150243
-0.00491183866720812
-0.0150614095668546
-0.0503726291441788
-0.0162382268947706
-0.0397523950379256
-0.00171889419048521
0.0284114785934431
0.0160457936666887
-0.0060423372699806
-0.0176844301333696
-0.0233473424288985
0.0151209097027387
0.00297913187626975
-0.00975947707607394
0.0238537059319039
-0.0219028878348215
0.00855795166797968
-0.00989954758732203
-0.00542786729244771
0.00517019984935518
0.00828692694061783
-0.00453450474705952
-0.00868328825622766
-0.00100515509771915
-0.00258733649561582
-0.00533220932889766
-0.0202838896095577
0.00369713086229817
-0.0207750690684366
0.00210651522880712
0.0322823132817511
0.00858175999999999
0.0180271138175434
0.00679988705481716
0.00478407204164921
0.00546140565963293
0.0164345397032921
0.00150716628498904
0.00123141339342814
-0.00532931128723702
-0.024179172631142
0.0205546814100335
-0.00648366689153446
-0.0119410307667744
0.00801010354074738
-0.00836478425910558
0.0196823008441853
0.010202647321145
0.00109186574690323
-0.00613491495937057
0.0297667755893887
0.00532837351804982
-0.00172260498578758
0.0161932846399406
0.00966568729534201
-0.0659767891600213
-0.0383656110124214
-0.00820969321618914
-0.00537326451679832
0.0182508400715677
0.0187841272952145
-0.00886706507246726
-0.00695822229361609
0.0167309881309881
-0.00900139265826705
0.0185920808769811
-0.011007301560846
-0.00366303168513527
-0.00282811081973811
-0.00467945283661875
0.00156718901361463
-0.00739692713811124
0.00286620812361993
0.015147155681031
-0.0143581642123006
-0.0122821056390505
0.0209658316387604
-0.00354057493923554
-0.0218874499447492
-0.00755589944783475
-0.00673509487254353
-0.0349350698664547
-0.0184817318087409
0.00700275421715668
0.0183897854796753
-0.015781501797223
-0.0208141069871398
-0.00157452374663913
0.0111970193975715
0.00577035219415079
-0.00155061254615008
0.00139779471032431
0.00558301773031866
-0.00616893930715223
0.00356914948574949
0.00386578023398121
0.00924212905859911
0.0473138910552757
0.0230252685940571
0.0138176786531774
-0.0219193065032826
0.0212612408955433
-0.00618925340775089
-0.00141541397267042
-0.0127569236247942
0.00201003583603643
-0.0127525288328911
0.00841801136667586
0.0202935512250915
-0.0160812387654287
0.0321146666666667
-0.0144464651881224
-0.0193093031420425
0.0123598731716048
0.0271152178558995
-0.0252937256473732
0.0133295808279741
0.00531761832238486
-0.037305013212974
-0.0268941713768552
-0.0607727164588685
-0.0496756691927808
0.0374563009821876
-0.000962804878048784
0.0171860590165775
0.0214748137857315
-0.00108206829240798
0.000773676844304738
0.0162363233720835
0.00578206016764971
0.0208775346710297
-0.0121517333068286
0
-0.00690079466541893
0.00906353515393676
-0.000598817338376523
0.0308567695968611
-0.000145335658238932
0.0110449356501943
-0.021417248814144
0.00837250269175982
0.00203931530839574
0.0236952605946321
0.00468619723618846
0.00296818374558305
0.00760993528198894
0.0113286433566433
0.000691508800760854
-0.00304038138418483
0.0094261298783771
-0.0292501785223838
-0.00961946499874211
0.0361376792990236
-0.00454924173491544
-0.000692355639002273
0.00540464216160519
0.00606471373957063
0.00780928915767332
-0.0114192091196087
0.0171892186855167
-0.0143300930873314
0.00960083612119944
-0.00461899192203508
0.00682407561719978
0.0166734858346274
0.000666706666666794
-0.00732848738193925
0.00966444295302016
-0.00505191431731034
-0.000801670272670751
0.00882592951091121
0.0160392360541028
-0.00391394640798581
0.00877536368763243
-0.00142810963755302
-0.00208040556076428
-0.0209772117263843
0.00239554168745726
-0.0223048459904407
0.0157523630601897
0.0110961760255543
-0.00978445100295322
-0.00974756322269421
0.00862997526267661
-0.00882358253381355
-0.0101159968993255
-0.00218007905954609
-0.00150211655733512
-0.00410288549906113
-0.018538849217248
0.00167895618190905
0.0169019006510351
-0.0100275133230422
0.0147078812265855
0.0031451389229511
0.00967828503710066
0.0163358849736737
0.00504788795228328
0.00991276712065736
0.00444962677923688
-0.0118567296416938
0.00224164041358854
-0.0107880539195354
0.0035908630511805
-0.00596338465363611
-0.0183976131609754
-0.00679071058498071
-0.00505941494842399
0.00164918906956601
0.00740945420181616
-0.0143012125933319
0.00373077226485674
-0.0114262253775638
0.0087732073185689
0.0084207755819774
-0.0318959877387002
-0.0213518379333734
0.013581895876057
0.0219529573213697
0.025805537011981
0.0104704513126126
-0.0061902841122401
0.00934330424761831
0.0210625164869529
0.024306897591553
0.00538735255755984
-0.00153093907365165
-0.00268335030198441
0.00691855194419388
0.000636251463863147
-0.00928274426860054
0.00218197909475126
-0.00281763568602367
-0.00154126635575047
0.00797534108503584
0.00178661304509187
-0.00292997452229293
-0.00434389948935343
-0.00397789041447461
-0.0124967915809021
0.00117411608156259
-0.0125097605553756
0.0270520325554502
0.000642361540733383
0.0157935804748426
-0.00467706984354599
0.00533408700365978
0.00884281157944344
0.00701223382153482
0.0016165755189399
0.00384851630607619
0.00234976499691131
0
-0.0027143860808988
-0.000371136944917971
-0.00358912115386933
0.00235989312234763
-0.00656752192939969
-0.00449045788924696
-0.00714196233910436
-0.00126197630646074
-0.00290617896014889
-0.00633633220953833
-0.00318836866785521
0.004733815008505
-0.0017827582042883
0.00420974619479186
0.002540612264474
-0.0242016731931495
0.0176600566767937
-0.024754407627112
-0.00274759911029709
-0.0078719232764114
-0.0101825571205015
0.0114896596256422
-0.00409453182003072
0.0167109014135038
0.00847891946366186
-0.0075021991334161
-0.00821067347019389
0.0233902634268137
0.00873139478934482
0.000636494415389377
0.0127210276972265
-0.00364277096290955
-0.00176500252143197
0.00517802475372564
0.000879608035160517
-0.00853629131125833
0.00481131913859256
-0.00995464957214409
0.0170549064528447
-0.00638220466113359
0.00188918131261517
-0.00892529193242153
0.00849830078631664
-0.00339584949324989
0.0473245847381267
0.0782022551681469
-0.0306214227552049
0.00484212600512168
0.0176685742235625
-0.00450951537236233
-0.00939979583013162
0.0173773520363856
-0.00831551878448178
-0.0109915127478754
-0.00148942485666159
-0.00837640829887754
0.0152742424270826
0.00148170735084818
-0.0144532258636658
-0.00311773679255756
0.00544423710311048
0
0.021543720453558
0.00315776481691121
0.0195616083044952
0.00727749460188565
0.0022988506250432
0.00840982980362237
0.00487378956192397
0.00452681617295547
-0.00321883057571337
0.000107664152687592
-0.0117318259936788
0.025266815508604
-0.00361159978342462
-0.00490412564272524
0.00599963599741327
0.000851980812524245
0.00606512004473991
0.00719196169671177
-0.00588055216169625
0
-0.000211217919324436
0.00707868976061921
-0.00545527696181269
0.00295357585589939
0.00683635871189825
0.00271591968925367
0.00489635388887066
-0.000518297745369045
0.00342281906761466
-0.00537520168234862
0.00488464971019908
-0.00165480397859541
0.0023827100630136
-0.000516773449426022
-0.0167511427644622
-0.00357551808078738
-0.0126648759894459
-0.00160343126873019
0.00299783719490709
0.00181466695132348
0.00309004801470536
0.00775445090030225
0.0025297564289104
0.00609821253182408
0.00438916283019819
0.0068670897214953
-0.00434017787558683
-0.00653863013053724
0.00376097990220448
0.00312234589670402
0.00249020551432455
0.00238040770915737
-0.00134225093117712
-0.0112696855741347
0.00250973551740241
0.00511106691005314
-0.00145288499945118
0.00394925167377624
-0.00238090067041208
0.00217909093558921
-0.00528061699563853
0.0033308941396899
-0.000726206045504885
0.000726733803986912
0.000933748323827643
-0.000621942352136862
-0.00103710850522953
0.00768270348837219
0.00226664954186395
0.00945721638011121
0.000101853363600357
0.00702579174244788
0.000606643061544121
-0.00232413098549045
-0.00648239623774749
0.00152922832212177
0.00274841210807031
-0.000609125964691426
0.00152362625262459
0.00020289047064681
-0.00263640227226514
0.00386332854957994
-0.00283572013035693
0.00101563072329491
-0.00284089900245321
-0.00824173797559768
-0.00646357847067214
0.00351098734039601
0.00339578102490212
-0.00153831398752302
-0.000410856610406185
0.00154131730374019
0.00584795315637687
-0.00336599343771948
0.00296797669601867
0.00285713265306131
0.000915791625109685
-0.000711599043053734
0.00162762965531127
0.00233600449254534
0.000303972027480448
0.000303879656565309
-0.00496200506329114
0.00926110300710148
0.00484021387194122
0.00351227288485156
0
-0.00160004000000002
0.00120195317315508
0.000800340144061051
0.00159932025590437
-0.00299396216548786
-0.00630635623010289
-0.00211543272233616
0.00272566127045559
-0.00281887641560696
-0.0075719331376497
0.000712105776843108
0.000203273349498767
-0.00264256532820983
0.00621625413888482
0.00101274055119993
-0.0013152266821217
-0.00182352347101122
-0.00669842694304712
-0.0114437822179284
0.00268735917312668
0.00639104202884155
0.00276559467680815
0.00337079666249651
0.00173062195671525
0.00985773353947694
-0.00301904992394941
-0.00131218330473393
0.00555888405985683
0.00211075489216506
-0.00521561700749085
0.00524296229078436
-0.00200598802425234
-0.0016080804020101
-0.00442917271709975
0.00293225474353376
0.00766201214513518
-0.00750375210116316
-0.000604818566677934
-0.000201694575365119
0.000807041944903997
0.00705650222953147
-0.00380385377770065
-0.00271299244512646
0.00151135516372802
0.00301805828937507
0.00120364095898617
-0.00510921658986174
0.00322222340594558
0.00150559073087186
0.00631394073275149
0.00966032229218916
0.00187416655772821
-0.000689179875947521
-0.00256159605911332
-0.0068154386964725
-0.00696176011053928
-0.00120175265301459
-0.0060163038398785
0.00665796449080891
-0.00581222561567074
-0.00110876928846659
0.000504581241262958
0.00272310634950879
0.000502947103257823
0.00643410066920569
-0.00299673356311325
0.0184350669959938
0.0152483518888666
-0.0045542055587463
-0.00301766758441535
0
0.000976362057730107
-0.00165820332593269
0.00166095753123519
-0.000877848250424695
-0.00253833837742845
0.00107664678627084
-0.00332417875756919
-0.000392387671328542
0.00382727176001429
-0.00576795380029382
0.00216323506872884
-0.00304157188072163
-0.00413344154971507
0.00909179742876165
-0.00303592201512159
-0.00147348718643947
-0.00324645345309493
0.000986952230556781
0.00276078688149828
-0.00314650943401695
-0.000394565014634973
-0.00236824560364102
0.00494559851524423
-0.00374012802638046
-0.00414935779342651
-0.00327382926764408
-0.00268740915012033
0.00369264482113696
0.00427562891518352
0.00297032673267328
-0.00286279359735064
0.00851401824544062
0.000981623609061844
0.00794349310636977
0.00107024714020487
-0.0038876567585544
-0.000878095441079085
0.00800780257797262
-0.00280954269705913
-0.00514911104634219
-0.00156253903198167
0.00205398086960051
0.00614939012638516
0.00194021144857959
0.00213014138390921
0.00135264734299523
-0.00328054808259892
0.000483978688751829
0
0.000290266091732327
-0.0186689887406363
-0.00502705781252999
