0.00183523743977965
0.0169453179274246
0.0531411844179241
-0.00320720547359421
0.00815102977586935
0.0121276595744682
0.00798824889636318
0.011470260449004
-0.00350511340206183
-0.0165529271031275
0.0448138237915805
0.00845755134917447
0.0063897761026448
0.014484106568091
-0.00430277715034666
-0.000196385778825303
0.012966581022924
-0.0046547904450196
-0.000779442712392941
-0.00195005854036767
0.00879251660805003
-0.00154952543967601
0.00562562571533709
0.00192899305555549
0.00558338478212139
0.00631822707256369
0.00551744662257514
-0.00775778648090009
0.0360412478268735
0.00165646966109079
-0.0031238148887841
0.00571430414746543
0.01942811547969
-0.00377560236921259
0.00306807435480971
-0.00899604141791865
-0.001270951297351
-0.0165424474292838
0.00720894666206817
-0.0253257652660758
-0.000753172646334455
-0.0113058036555492
0.019630245480651
0.0181308598130843
-0.00440611337605823
0.0108795869444958
-0.000729678949288659
0.00146042353889064
-0.00200512209250592
-0.00529682191780811
-0.00973189514748252
-0.00852955683293155
0.0001870020537309
-0.0155197830964846
-0.0165242728765709
0.0179606028961106
0.0163157089037318
0.000559977599402739
-0.00895520555803009
-0.00621231186393667
-0.00151547638728011
-0.00607095439330207
0.0171788894288774
0.00975792813364751
0.0087343986483106
0.0127119014869548
0.00163725665568015
-0.000181656371564531
-0.00399631251582766
-0.0162320439090993
0.013533537514526
-0.0223156583982315
0.000748381651106023
0.0177602722841552
0.00330639241929442
0.0126327721097175
-0.0171759172450567
-0.00165564750449498
0.0285608992076654
0.00322465066284483
0.0257142678571429
0.00922705447818695
0.00396756936402332
-0.00446738823939197
0.00172595791725838
0.0082701411393844
-0.00427204374572798
0.0118414106744464
0.00237447426008264
0.00541455179067851
-0.0104341807618371
0.0193877554317645
-0.0228561732208237
-0.00426839679016566
0.000342935528120814
-0.0119986458690435
0.0135322521431689
-0.0225950024852791
0.00122591948251904
0.000874637078000395
-0.00174767560734579
0.0211835262812241
-0.00617179817686264
0.00569256502169102
0.00394511155995048
0.0128139417873558
-0.0104588227135429
-0.00375044323218543
-0.0463723313889859
0.00125603804055263
0.0172042834624424
0.0218464066894435
-0.0139655344827586
-0.0113655885883125
0.00318358678486774
0.0015867418620108
0.0022882942741016
0.00052690552383039
0.0142179741229072
-0.00138452754213436
-0.00849223555472722
-0.00804053501207025
0.0308370044052864
-0.0015384615384616
-0.0184899503509672
0.0146519443693722
-0.00017187554312792
0.00980055020632742
-0.0682785458879618
0.000182730259818298
0.0151653754796273
-0.00845934110044377
-0.00127064803049559
-0.014721937477281
0.0202914964082548
-0.000180835288721148
-0.0233273241108014
-0.00573962250470739
0.00670391048968511
0.0118386975242564
-0.00475323574491338
-0.00495960699778852
0.00959942808194314
0.0168221250104612
0
0.00323682785044377
-0.000179279437546476
-0.00268910008406409
-0.00233688652998587
-0.0023423603603604
-0.0146288245372733
0.0258431080307349
-0.00107202070623524
0.000178823108567316
-0.00375534705848879
-0.00825702761186553
-0.00651585520361986
-0.0165785938527711
-0.00351980363097448
-0.0180331099082894
0.00189318439984842
0.023998508087623
-0.0101494742600013
-0.0117449853047163
0.000754593501399503
0.000754024519397323
0.00376720663025032
0.0174516791621004
0.00534852443104894
0.0181618425302454
-0.012072036036036
-0.0153200796892183
-0.00351922565218643
-0.0167285690841741
-0.0260869933426467
-0.000194138198757798
0.00776552155952315
0.00115586592178785
-0.0111603230486758
-0.00350262703838544
-0.0328060932006659
-0.0286694534356845
0.0187070667489699
0.0065293616212756
0.00871672374957533
-0.00542596484831059
-0.00262681339152093
0
0.0147892825204765
0.00279496905569965
-0.0185148516822615
0.0245435907615335
-0.0293011098515586
0
0.021415521546309
-0.00239622594264266
0.00560454374708841
-0.00517519883856687
0.00220088035214094
-0.00499101617089237
0.0204655096308184
-0.0119937276446376
0.00139303482587061
0.0349761923688394
-0.0276498261271187
0.00928124030966093
-0.00939150832730362
0.000197471850731379
0.00513434054372697
-0.0194499402966626
-0.0142255860548988
-0.0359756293500888
-0.0309930634619439
-0.0232811145187362
-0.0305190249614397
0.0434283088235292
0.0363356309183001
0.0197620267793874
-0.00312569272241314
-0.0313545150501672
0.0217953819594303
0.00232314687742963
-0.0195954492118722
0.0464216644406119
-0.0221811054052394
-0.00420081906740566
0.0033748154397808
0.00546567164179113
0.00982640561043668
0.00828161507829428
-0.0112936137311372
-0.0072690131975488
-0.00732213404439608
-0.0177028447270212
-0.000643617235708605
0.00364959194291137
0.00898391443850266
-0.00466391794207832
0.0123535247635032
0.0418683156294619
-0.0218093901453958
0.00681257239497479
0.0278860159934384
0.00658284447271407
0.0114942927367081
0.00940436893800234
-0.0126164790372671
0.00923925711105289
-0.0083755356447216
0.0341780003928502
-0.00417857533984523
0.00267022696929242
0.00133153890051374
-0.00398934278095264
-0.0101086782376502
0.119267779604324
0.015321053537614
-0.00288231603933531
-0.00663157614977761
0.00427935653130285
-0.0357933879595496
0.00265159978787355
0.00476024321649771
0.00280750999096302
-0.00349957993002348
0.00790168555045323
0.00400695107989724
-0.00728790547825942
-0.00314630314886055
0.00999472225135412
-0.0161458338939525
-0.00952879864227274
0.0133618383509382
0.00334034804253958
0.0155948659540914
-0.000172498277648425
0.00293352885360609
-0.0132484689134286
0.00871839611921166
-0.0100258949015002
0.00488910424305922
0.00990443110172778
0.0032691328848784
-0.0130338190184562
0.00243266728814362
0.0206275267919489
-0.00900140949386197
-0.0116538135956749
-0.0157794352619883
0.00299510229017264
-0.0126471280519936
0.000177939871516486
0.0236570255486122
0.00903563873215707
-0.0265197348028242
-0.0281266589090157
0.0160174921007916
-0.00376207452525978
0.0196007908721312
0.000881816562930959
-0.00581501321585909
0.0106345625889601
-0.0150824272185199
-0.0240384437321937
-0.00857509562898928
-0.0104895104895105
-0.00650924307234524
-0.0321976238187055
-0.0259187615876449
0.0168784349309288
0.00624877965726944
-0.0331845339255682
0.00421515455640287
-0.0399760151904061
0.00395590264326273
0.0163831809128332
0.0167313616295188
0.00943200845145453
-0.00437369790007347
0.0123801712308238
-0.000591775136256967
0.00907840967351126
0.0352043607431183
-0.00188924995276785
-0.0414537746941596
-0.00770140220579396
0.0200994626865671
-0.0269215188030246
0.0204490974248377
-0.00432223951582555
0.00138121546961334
-0.00729062068965514
0.0150853113321694
0.0273758706956564
0.021888046785534
-0.0117339916508473
-0.00565403306343693
0.0102350458769918
-0.0198873737314704
0.00421127472391758
0.0123904310406104
0.00357744297538232
-0.00525326463889797
0.0226329875518672
0.00368862036723305
0.00826903742260332
0.000364497910779971
0.0109310076686282
-0.0173004679293398
0.00403449484750595
0.0135160182648402
0.0102721027114039
-0.00802711366344788
0.00215786725125211
0.00735688139242785
0.00819378354459888
0.00865727945785455
-0.0012261341741111
-0.00210448965275345
-0.00527247784631013
0.0017668375182629
-0.00317462075529762
0.0157466383581033
0.0167218080473786
-0.0162755013924191
0.00905609575256339
-0.00379699695887115
-0.000173284820282671
0.0112632474660066
-0.0207333615364399
0.0129483285057452
-0.00120917258955222
0.0107229159460394
0.0124914273184706
0.000845073545549191
-0.00489701106219176
0.000339402681147183
-0.00899072079744323
0.0107839955763094
-0.00321757837794379
-0.0030581209130458
0.00579413769597825
0.00643852931209765
0.00875414111938921
-0.0205273538226753
-0.0281137847693609
0.0142005081661902
-0.0112359035863752
-0.0134615557087141
0.00372140705298607
0.00988704113501138
-0.00506994746381217
0.0126515726585839
0
-0.00815549178977115
-0.000699807557732579
0.0157563203038571
-0.0101689072733541
0.0100992164374021
-0.0134459235802767
0.0227153416040538
0.00341706822855059
0.0231568193427552
0.00582457979697115
0.00545997692686928
0.00411387197630408
-0.00688302196001322
0.00775580883682547
-0.00507617488128376
-0.00378536878819524
0.0125557907245297
0.00440528627173631
0.00844705964186065
0.000966446489483186
-0.00370130356777132
-0.00613795832660313
0.00601337568687432
-0.00339261701477811
0.00599776310581568
-0.00708994510006533
0.00632909779826529
0.000483841331522017
0.000322372657602044
0.0199806313248367
-0.0436018648278336
-0.0242814829157336
0.0203148806500761
0.0162601626016259
0.0228571755102041
-0.0086193293337804
-0.0138464174231779
-0.00310202448979591
0.0116278904089766
0.0242836328314715
0.00205471787577038
0.015457333897245
0.00248530611146203
0.00418340557509422
0.00061718872449279
0.00524292999978204
-0.0038349438921631
0.0078533259053486
-0.00825046638275617
0.00893535609703555
0.0111467861092314
0.0785260785483832
-0.00210026609073843
-0.014592311544506
-0.0068347284564404
0.00186375627240154
-0.0147395398428538
0.000435715335823206
0.0105982002293059
0.00775752035975419
-0.000142594436419174
0.0015683062670131
-0.00512456939501771
0.00157391617647606
-0.00228577142857145
0.0070161229677046
-0.00725155673961164
0
0.00443994557433425
0.00199629268485491
-0.00384227994203568
-0.000285671428571499
-0.00114319800757934
-0.00114452071117266
-0.00100257805786297
0.00329753405017907
-0.00957423508541433
0.00331846784932832
0.00230077649840688
-0.000286901016652741
0.00157865958668202
-0.00429865304056953
-0.00719528010347614
-0.0336280630128442
0.0190491081160675
-0.00721231948153334
0.00504083046882875
0.0210945564081049
0.00202253680984499
0.00259515567192703
-0.0051768909235419
0.00549288811795301
0.00287527322815628
-0.0111811780051269
-0.00811836728972004
0.0150540635794814
0.00417568052594741
0.00143386869612461
0.00486832788478408
-0.00740946138501009
-0.00100499563565914
0.0145136091112865
0.00509916445040126
-0.00126826382847045
-0.0132637640780118
-0.0167309881309883
-0.00436304524831166
-0.0100789075384006
0.0106241852128162
-0.00102204704400766
0.0121309854466818
0.00346567509025264
0.00374157443492806
0.00315413620071681
0.0244390306640128
-0.00669647042410726
0.00716294974001186
-0.0136660997582778
0.000989679019241851
0.000706144037875278
-0.0199011438221917
-0.00864063915205548
-0.0136547654651229
-0.00441832093024097
0.0208580479543801
0.011882335548983
-0.000572834009083811
-0.00931368377541653
0.0102690050660834
0.00243377243904863
0.014424479338381
0.00239332679703397
0.0123596213072874
0.00721415074322573
0.0148760610158696
0.0097720141150921
-0.0045699461137112
0.00499597637040194
0.00134353083434102
-0.00174422382589867
-0.00631723101297754
-0.0476125524144462
0.00440274083779335
-0.0029694428313144
0.0121968653468483
0.0116294516619257
-0.000969529126157664
-0.00194092618636876
-0.00361154337023328
0.0204934328526376
-0.00956280093836614
0.0131034068965517
-0.00762420725490287
0.00932913992768736
0.00638848715509055
0.00175576712917658
0.00040446273168282
0.00242587610886291
0.00658787334987387
-0.01095231691122
0.00135042533354124
-0.0159137015262657
0.0083596134252486
-0.00122321279632465
-0.00775615751139347
0.016867855646403
0.00256229258092255
0.00349747126701483
0.00804288225316041
-0.0046542422069511
0.00200403478968703
-0.00680002666666668
-0.00147672174726055
-0.0067222374316579
0.0117758938187287
0.0131104080267559
0.0178264749309465
0.0194603004810507
0.00865360120504977
-0.0155185840141664
-0.00166598746207858
-0.0302952623800959
0.00966370122234972
-0.00498227369800475
0.00803796294686987
-0.00366011764705887
-0.00052480975433189
-0.00301920451562099
-0.00855818335318692
-0.00185921639339115
0.00478968840927685
0.00158900959702102
0.000396602332054519
0.00766488721197001
0.00249182950819682
0.00837257958208837
0.0019460430216387
-0.00116540200056692
0.00129633136241036
-0.000647281218210227
-0.00738436306816015
0.0199686627524669
-0.000895713348798233
-0.00281763568602367
0.00577956581326
0.0103435706894031
0.00278049787232693
-0.00264682392976168
0.0151649822506628
0.00858950557476668
0.000863971890791237
0.00900239284757132
-0.00134442679051572
0.00599679361151373
-0.0074209370104964
-0.0225517353867746
0.0117868589341694
-0.000247911754916008
-0.000991719375027178
-0.000744472055811962
0.000993443449564646
-0.00148868624874465
0.00683318441627989
-0.00592303793283533
-0.00248258447076921
0.00298652310867942
-0.00645156343552278
0.00024970029346405
0.00536830225638707
-0.00496711790596194
-0.00898531170542793
-0.0117113833667607
-0.00815503281772301
0.0113053063363466
0.0113058941653215
-0.00301467148580992
0.0175129009381543
-0.0117632983713895
0.0159128434008982
0.01578686443545
-0.0151772703353901
-0.00382194545898218
-0.0200495413347942
0.00138925233644849
-0.000504489841033129
0.00656147634069404
-0.00589186433089628
0.00416133653866324
-0.00213484875555137
-0.000125874655498071
0.0130900067875397
-0.00111810165531379
0.00360696508440395
0.0106580862397301
0.00882886540175853
-0.0436367707658966
0.00699037874936437
0.0135049849739373
0.000871730976149454
-0.00846088060989614
0.00451751776841469
0.00924419703019863
0.00408468864853706
0.0104782787051918
0.00634374763518664
-0.0121226818310748
0.00171798997958006
0.00318512813371785
0.00402982054011258
0.00814884446425634
0.0174930271141636
-0.0407872203361261
0.00185415322981086
-0.000740345438358658
-0.0102481049573554
-0.00099802889231404
-0.0047453170643027
0.0215809418411899
-0.0227216659966021
0.00125672992333814
-0.00778203860379167
0.00670460442613763
-0.0159588334767823
-0.0173668884527363
0.0144249648248849
-0.0148603129608073
0.000390091017162808
-0.00675933965943076
0.00654364577706334
-0.0006501494916058
0.0210773091194729
0.00382257885489645
0.00330035546205076
0.0187246455120871
0.000248435180642215
0.0181276257992595
-0.00414629268292677
0.00612294851222384
0
0.0064508029965531
-0.0119724873147301
-0.00954711173367595
0.00580821813663412
0.014006634893803
-0.0189021933709221
-0.00321109048769808
0.00830130105688642
0.00405507510647851
-0.0048953739431572
0.000614967423809398
0.000860361346357585
0.00908753530639816
0.00340755758567735
-0.00206183148799866
-0.0233349297925977
0.00659529608517562
0.0143405119834406
-0.00121884212484435
0.00622333152739474
-0.0280135463014012
-0.00224580156591891
-0.00100040013754654
0.0107648142541596
0.00173373374613006
0.0044505007349549
-0.00332304000000005
-0.0027167324259052
0.0033432019974442
0.0157966063901838
0.00619611240909035
-0.00338081381308852
-0.00835961947710673
0.00268786811699129
-0.000852930425246701
-0.00756101219512195
0.0103219959568197
0.00814884446425634
-0.00229221863062157
0.00713426869894573
0.0186096167774088
0.0153229969506363
0.00777802423703289
-0.0112889761845174
0.00256321792932046
0.0257988834701144
-0.00872320183719966
0.00228567999999996
0.0126567963280546
0.00945843957794046
-0.000111578357800735
0.000111590808919981
0.00323480193564318
0.0061151432929698
0.00718312536596599
0.0023041365185883
0.0025178325674402
0.00873547698765065
0.00530424351496772
-0.00269193487589314
0.0104728241047456
