0.00391637778503728
-0.000118146358583648
0.00425632527178244
-0.00647519410230302
0.00118496268734392
0.0207125108465502
0.0360621529699015
-0.00615551216912169
-0.00585590070306641
-0.0331898621793143
0.0219098189082558
0.0198348541637829
-0.00685779674618758
0.0116595771636665
0.0734026718114804
0.00125094339622644
0.003956241417296
0.0147256870268588
0.00991315298749407
0.00465491803278706
0.000503656330616886
-0.0107721733459745
0.0110929775881747
0.0170105992352412
-0.0282066406551204
-0.00264794780226196
0.00837332788726641
0.00344299746835453
-0.0133212135763937
0.0166718323618236
0.00855128755430012
0.00488776059850382
-0.00377205685471627
-0.00298926860313609
-0.0340795129738058
-0.068494597651431
-0.0509829729088411
0.0184924504098209
0.0429786845430482
0.0543190820996236
0.00752431795330089
-0.00912773533335809
-0.0248089084560758
0.026620812510914
-0.000104579674870098
-0.0065878596649962
0.0217894736842104
-0.0201916039971154
0.0111449583519614
0.00436724559357882
-0.00455527506181896
0.0263130311739359
0.0474260336441021
0.00715941363042361
-0.0220940926434984
0.0124754122060291
-0.0114485398273018
-0.00451466291603353
0.00749287193138115
0.0148742241926954
-0.0281554144070524
-0.0677646783632834
0.0300127717115026
0.0212853587650894
0.0142655206096933
0.0160598603491271
-0.0196347926601729
-0.00801124566381695
0.0209973858469088
0.0116670062454716
0.0100664386239251
-0.0198354624061047
-0.0396841449254449
0.0227179175855048
0.00593028456991207
0.00369699233219434
-0.00477845708646463
-0.00820245065317138
-0.0538578304819399
-0.0190811324822754
0.0221691052652391
0.00712316621567433
0.0191069137831654
-0.00186451210001548
-0.0132835096172322
0.00652077184432542
0.00731457703180505
-0.0114107777715606
0.00765997877250846
-0.000208237011436463
-0.0200042201506844
-0.0129314844501442
-0.0533780960006701
0.02939494452705
-0.0556666888888889
0.0271797276663073
0.0223367346276035
0.0309243921568627
0.00163027928202841
-0.000868077219267516
0.000217158987463995
-0.0262757660429047
-0.0385816123996433
0.011134295857872
-0.00298235833906857
-0.0318683394355348
0.0375519420665016
-0.00836096686200816
0.00750751888409518
-0.010546887175964
-0.0074151316745481
-0.0363020902603501
0.019504465879703
-0.0221393812761475
-0.00492179174068397
0.00123652771473259
-0.00741012711609079
0.0201567119513484
-0.00963533381230242
0.00024635468890466
0.0126815930475057
-0.0156839027355623
-0.00432309787948493
-0.0117851009578823
0.00615111693943682
-0.00349343721788054
-0.0234130828816921
-0.0384615384615384
-0.0672000133333334
0.0313036453874165
-0.0038807899132145
-0.0278280216573805
-0.0177473299951052
-0.022147691482487
0.00342713450414056
0.0255420567592548
0.0250507247335863
-0.0371520972290988
-0.0117371325271637
0.0181116535315966
0.225867564133346
0.0161769953610089
-0.00351168207889507
-0.0367672631305274
-0.0134146097560975
-0.00444995044623109
-0.0398559592766831
0.0294402910695311
-0.025510216480523
0.0511159947336459
0.0478437665769595
0.0379034141129992
-0.0233819691047128
-0.00481303226969065
0.0204969192546585
0.0110772486651916
0.00902961736165708
-0.00143176235369902
0.0148165607643311
-0.0117744024490757
-0.0100083879423329
0.0109520284487679
-0.00952384523809524
-0.0228364671695841
-0.0123001225473509
0.00909085893807493
0.0175243492228105
-0.00776226832367266
-0.00965653366719299
-0.000246815610225215
0.0264197407407407
0.013711811567378
-0.512044553417805
-0.0151807049513591
0
0
0.0276485998615355
-0.00666660032660904
-0.0151006767707336
0
0
0.0172791541640291
-0.00574166561982314
0.0591914967097282
-0.0581553542300778
0.00458274531762659
0.00360146501730885
0.010287038467897
-0.00544639425410665
0.0100000683382522
0.0136727775724055
-0.00558143321411342
0.0694574867757609
-0.0146512101442434
-0.0177541290185959
-0.0070040993068099
-0.0407280726998469
-0.00640421812097935
-0.0260204996796618
-0.0129901776141463
-0.00372488252033898
-0.0680458746071012
0.00267453915328475
-0.0296078820252486
-0.00192412875227532
0.00660976649851786
-0.0361149075601624
-0.00113538459330731
-0.0136403308303376
-0.0048976318064281
-0.0020266591930912
-0.00725271317548615
0.0184102645721393
0.0209469524502082
-0.0210792879856769
0.0215331923484408
-0.00281059626237712
-0.0157835246941568
0.00400918147692697
-0.00256704537865338
-0.0357448987161777
0.0148279663630753
-0.0017533725449016
0.00702580904028394
0.0232558153151567
0.0352272632988089
-0.00823273948925829
-0.00968453309548845
-0.0241441592326599
-0.00807376009227223
0.010755755188619
-0.0371009490940468
0.0197132317801674
0.0184534568967034
0.00431400632729351
-0.0171820742945059
0.0101980769230769
-0.0337466993796769
-0.0477611940298508
0.0626959874608151
0.0592919729031283
0.0136452798663327
0.0120878564786893
-0.0361021172638436
0.0211208122287136
0.0170988150633653
-0.00271155090261532
-0.00570959776263169
0.0355482362592288
-0.0171639296848145
-0.00537348185455455
0.00567260940032388
-0.000805774912704726
-0.00672042992687016
-0.00433017579620643
0.0130469961117969
0.00563455862624074
0.0346851387406617
-0.0330066795514873
-0.0418666666666667
-0.00500974116337327
-0.00139857342657346
-0.00560226875063674
-0.0312676338028168
0.0255888637856605
-0.00368588035157358
0.0293112985006061
-0.00663527822146959
-0.0100194823267464
-0.00393590104020247
0.0448772226926335
0.00216094003241474
0.0253370094521299
0.0160357777067357
-0.0188875540032314
0.000791218396161364
0.0213437939039844
0.00103201759711125
0.0123711343394621
-0.0101832487317527
-0.0159465788079582
-0.00679555707242863
-0.00263152631578945
-0.014248046741528
-0.0457708499526003
0.00140249641500723
-0.0313725201296213
0.00520520501994204
0.0235904501490476
-0.0148960924735193
-0.0296719266668166
0.0232284929860918
-0.0261494260387765
-0.00295066399972466
0.00207161876082806
0.0103366210768867
-0.0111077758289324
-0.0109371261639298
0.0251046032607471
0.011661866229209
-0.0121038036857695
-0.0204199830927648
0.0116140255143524
0.0117750364505433
-0.0200756188558516
0.00534444774346787
0.00561128158265567
-0.0102789430331555
-0.0094955486796573
-0.0143798377956909
-0.00151987832705913
0.0127854497890687
-0.00180345656747816
0.0165612471111487
-0.0109596866682279
0.00688829011345571
-0.0255800424027376
0.0167888593888192
0.0213148897834017
-0.0176367430922988
-0.0137641839475872
-0.00182029738532463
-0.137689991629788
-0.0320762061305532
-0.0353240726629306
-0.0218950547376368
-0.00192971825549981
-0.0135344542330064
-0.00627205017640142
-0.00197242603550307
0.012253043962571
0.0128855910626477
0.00578253640005655
-0.00728248371023388
-0.0111968725868725
0
-0.0285045674148938
0.0192926856628892
-0.00157732643622532
-0.00197472353870465
-0.0601503759398496
0.00210522105263156
0.00882357179930993
-0.00333194502290723
0.00877555369828675
0.0890638810714119
-0.0163560282861914
-0.00309358070017096
-0.0224980596393305
-0.0170635310689076
0.0117076705692369
0.0139665209084805
0.0637544667453758
0.066222676055395
-0.000347015961138064
-0.0416521361212127
-0.0097791014205324
-0.0281638624725676
-0.028980090327437
-0.0124030624962427
-0.00431707221350086
0.0126133223250562
0.0140131563249064
-0.0218809605328584
-0.00981161695447408
-0.00198176773682124
0.00198570293884037
-0.00435984938565204
0.00199040597171973
0.023440603893524
0.031444099378882
-0.0135491531802785
0.0316673800712468
-0.0007396819253076
0.0111028867505552
-0.0124450951683748
-0.00518902891030393
-0.0126676602086438
-0.011320716981132
-0.0324427850212677
-0.00355029585798816
-0.00395882818685678
-0.00794916534181245
0.00641033679528591
0.0226910818992403
-0.0073959125186488
0.000784313725490149
-0.0168495297805642
-0.233957791948984
-0.0218522383898148
-0.0361701083069207
0.00386313444463937
-0.00274887285602676
-0.0192942678773025
0.0286676768596021
0.0546448117292246
-0.0134713996617305
-0.0204832447225187
0.040750670241287
0.0231839773312725
-0.0115811675941002
0.00611314345966085
-0.00303792405063297
0.00457084791412665
-0.00707795717502735
0.00967418582862445
-0.0277357034795764
-0.0373445001377333
0.00107764014426914
0.0204520452099033
-0.0168776380209725
-0.0177038636107222
-0.0109228842666786
-0.0198785742750649
-0.0033802253521128
0.0033916900287343
-0.0107042816901408
0.00341697058183188
0.011918217257763
0.0190689848569827
-0.00495321959273543
0.00995575221238965
-0.0405257393209202
-0.000570776255707672
-0.00399765848086819
0.0412843439630537
0.00770919603524223
0.0103825688733643
0.0189291508923743
-0.0249468683651806
-0.00381066936251118
0.00273229523127316
-0.0179836512261582
0.0299666481687015
0.0258621781175743
-0.0320378659643978
-0.0130221920781335
-0.00824628871653166
-0.00997782649790313
-0.00559915982087567
0.00168924549549532
-0.00168639675736937
0.009572072072072
0.0100390964863357
-0.0320265029250966
0.0228179678940121
0.00223084216397118
0.00946021198999492
0.0926130701550756
-0.020686175580222
-0.0200927357032458
-0.0152471083070451
-0.0021355579284571
0.00642043839377004
0.0148857530508109
0.00157155578837087
0.0360877596188411
-0.00807667885293695
-0.0101780661577607
-0.0282776849214559
-0.0132275132275133
-0.0364611796246648
-0.0150249312757336
-0.0039549150307957
0.0130460585959193
0.00335940630686427
0.00669648437499992
0.00388026586029566
-0.00552186606726301
0.00333148250971682
-0.00332042058660753
-0.00999444752915069
0.0314076836791926
0.0179445360491863
0.0122864322802581
0.0010553033743903
0.0131787039103164
0.019771124858019
0.0311223979591837
0.0489857520527339
0.00235844328497903
-0.0075294117647059
-0.0360360360360361
-0.0319724545007377
-0.000508130081300684
-0.0335536349771225
-0.0136770120988954
0.0261333333333333
0.0213097713097714
0.0137404580152674
-0.00100401606425715
0.00502512562814084
-0.01000005
0.018181869605145
0.0178571428571428
-0.00584795321637432
-0.0637254901960783
0.00628267015706796
-0.00468262251210316
-0.010977470516334
-0.0179704016913321
0.00269101184068909
0.0161031141225503
-0.00581088219756998
-0.00743889479277371
0.0123126338329764
0.00740343733474358
-0.0110235701324709
-0.0307855626326963
-0.00766697699890484
-0.031457062281619
-0.0102562968807007
-0.00057570520577388
0.0432027624883202
-0.103810099182214
0.0147873690696243
-0.00789307880346568
0.0165239290085679
0.00120397343744894
0.0348767309005851
-0.00232417212807501
-0.0203843913803146
-0.00118912009512484
0.0184525010983632
-0.0263004660256887
0.00120048019207686
-0.0239807553956836
-0.0393120983223526
-0.0313299232736574
0.0178217821782178
0.00843060959792474
0.0115755627009646
0.0133502860775587
-0.0100376411543287
-0.0278833967046894
-0.0104302477183833
-0.00527009222661401
0.0192052980132451
0.0149447693307341
0.0115236875800258
0.0113924050632912
0.00876101376720895
0.0136475797985374
-0.00550795593635245
0.0381539076923076
-0.0207469460138147
-0.00363202179176758
-0.0194410704399193
-0.0272614019368899
-0.0292993630573248
-0.00721784776902878
-0.00594844679444817
0.0232712765957448
-0.0162443144899286
-0.00528401585204752
0.000664010624169986
-0.00331785003317853
0.00399467376830898
0.0119363395225465
-0.0150720838794234
0
0.0286094477711245
-0.0103492884864166
0.0137254901960784
-0.02321083172147
0.0046204620462047
-0.0177398160315375
