0.00773634558986069
-0.00030704745300314
0.03593911841499
-0.0207559982657375
-0.0258895972209177
-0.00139875669249345
0.0071595330739298
-0.00633589862463291
-0.000466687373767427
-0.000622249922032192
0.0210181833399854
0.00625184488405495
-0.018184543663723
-0.00833461954005255
0.031595299610895
0.0105613461243614
0.0203044478767127
-0.00029259586143382
0.0121487412177987
-0.0014461026335183
0.001448196874833
-0.0037599709686198
0.00696765858615178
0.0160011816058474
-0.00099318950095395
-0.0157648052398918
0.0101009517979249
0.00957140000000001
0.0114618087296392
0.0141297417946424
-0.0373844678544479
-0.00444247648158447
0.00590177037852979
-0.00415000011877509
-0.00229912356942785
-0.0115224254644967
-0.00422558660135763
-0.00790155153067318
0.0107668725211285
0.00437770332344067
-0.00421330802808906
-0.0304932010504816
0.0406321469154038
0.0258857548550759
-0.0260784599357639
-0.0149080628112933
-0.00396705859438884
0.0026552883906179
0.00176539644650897
0.0104274936365101
-0.006831424021429
-0.00629298971775227
-0.014874844922685
-0.0237703094632979
-0.0165390801507456
0.0364371835429091
0.0256910764931215
-0.0090815004588547
-0.00768668122138416
-0.0078951290896806
-0.012762733115998
-0.0167300076045628
0.00850725418384357
0.00414119657307954
0.0169543297096584
0.0426553907282852
0.00576205721008494
0.0256373531939273
0.00488758553274682
-0.0151472762645913
0.0272329892131229
-0.00989013681922335
-0.00180363480012102
0.0122307998460485
0.0101606203443465
-0.0036699198042679
0.0110504223164845
-0.0192956416138172
0.00949369840396241
0.00558806036287152
0.00230412042027961
-0.00256922258657055
-0.0116594356925316
0.0167352533131617
-0.00391257409841961
0.0162535008464446
0.0111955754017212
-0.00421771440048202
0.0119125341144919
0.00732512791759987
0
0.000389533816659293
-0.00778813603322948
-0.0121664047052223
0.00370809154527652
-0.0130623565114132
0.0133689832423003
-0.0158312128848964
0.000134075070618689
0.0278783273019703
-0.00834525992058266
0.0163050090043388
0.0196661663863369
0.0154802693942464
0.0122454582592892
0.00518452030157968
0.00503495026403034
-0.00415439903002923
-0.0251534233128835
-0.0103209319230173
0.0136080125552083
0.00263498131166795
0.0105117752215353
-0.0241485572755418
0.00774111635831898
0.0105779619404125
0.00735197507788166
0.0232558893248831
0.0177707926070894
-0.00522629753589987
0.0162388059701493
-0.0129244272118435
0.00238064510461489
0.0178126113288208
-0.00665033251662572
0.0307728682170543
-0.0483136497649578
-0.0149664758125707
0.0120336215890906
-0.00840744635101021
-0.013444791992364
-0.011786348031251
-0.0197539575041361
-0.0171102403774337
0.00528685981756993
-0.0109030271934325
-0.000389028660355395
-0.00441105333650604
0.0132916865595958
0.0169753082053674
-0.0103692460705804
-0.00434454371723625
-0.00705847040704499
0.00930585474199686
-0.0034574979360994
0.0133641737342587
-0.00355057063149888
0.00012718248594612
-0.0049624636703125
0.0034527623249494
-0.00955779254344868
-0.0102934119842146
0.0189807597238887
0.000382827261618424
0.00267820417404896
-0.00915797483698866
0.00616169432190761
-0.00433781588001569
0.0486929267042542
-0.0107526398217322
-0.00358204051383382
0.0110326022321208
-0.00367822471010837
0.000369160709595029
-0.00123013900848812
0.0195836428234106
-0.00169120564607894
0.012826669893514
-0.00621261678435436
0.0206780716518393
0.00577147218441754
-0.0122965686848577
0.00960405547090604
0.00916028164039284
-0.0349121377865704
0.00614978897865659
0.00982742066568965
0.00391637778503728
-0.000118146358583648
0.00425632527178244
-0.00647518232928701
0.0011849508235573
0.0207125108465502
0.0360621529699015
-0.00615550097717965
-0.00585592315964301
-0.0331898512276814
0.0219098306247176
0.0198348310058512
-0.00685778558101335
0.0116595658437657
0.0734026838222517
0.00125095382049412
0.00395623096486286
0.0147256870268588
0.00991315298749407
0.00465490791337797
0.000503666408212311
-0.0107721733459745
0.0110929775881747
0.0170105891698156
-0.028206631037213
-0.00264794780226196
0.00837332788726641
0.00344299746835453
-0.0133212236682297
0.0166718427604313
0.00855128755430012
0.00488776059850382
-0.00377206678125996
-0.0029892586687924
-0.0340795129738058
-0.0684946079980422
-0.050982962367721
0.0184924387057013
0.0429786965285541
0.0543190820996236
0.00752431795330089
-0.00912774570572572
-0.0248088982478573
0.0266208232451342
-0.000104579673776639
-0.00658787005307682
0.0217894736842104
-0.0201916142989594
0.0111449689832825
0.00436724559357882
-0.00455527506181896
0.0263130311739359
0.0474260235103363
0.00715942337461306
-0.0220940830373503
0.0124754022602984
-0.0114485301251576
-0.00451467268623018
0.00749287193138115
0.0148742339783885
-0.0281554334201136
-0.0677646591923803
0.0300127501064285
0.0212853693177384
0.0142655206096933
0.0160598503740648
-0.0196347928529355
-0.00801123573002205
0.0209973959418008
0.0116669962428317
0.0100664386239251
-0.0198354527302458
-0.0396841642770319
0.0227179280986416
0.00593028456991207
0.00369698234018823
-0.00477843722363125
-0.00820246057412299
-0.0538578304819399
-0.0190811431421199
0.0221691163733586
0.00712317684718644
0.0191068924688318
-0.00186451211932881
-0.0132834993773351
0.00652076132686674
0.00731458755755865
-0.0114107673981169
0.00765995770577299
-0.000208226600192263
-0.0260389537331746
0.0210672864705959
-0.0200042304145693
-0.0129314951373303
-0.0533780857514075
0.02939494452705
-0.0556666888888889
0.0271797394323976
0.0223367229169886
0.0309243921568627
0.00163027928202841
-0.000868077219267516
0.000217158987463995
-0.0262757660429047
-0.0385816012488851
0.0111342841304969
-0.00298235833906857
-0.0318683394355348
0.0375519420665016
-0.00836096686200816
0.00750753043410657
-0.0105468985190004
-0.0074151316745481
-0.0363020902603501
0.00726751471093801
-0.0197211149725293
0.0195044661189629
-0.0221393815425339
-0.00492179180124486
0.00123655246107202
-0.00741015172507953
0.0201567246446006
-0.00963534600891203
0.000246379322481616
0.0126815805791289
-0.0156838905775076
-0.00432312252964417
-0.0117850886986726
0.00615111693943682
-0.00349344969448662
-0.0234130706544867
-0.0384615384615384
-0.0672
0.0313036306460837
-0.00388080377322786
-0.0278280220445799
-0.0177473016245226
-0.022147720301551
0.00342714945611688
0.0255420567592548
0.0250507102534236
-0.0371520836276311
-0.0117371471985243
0.0181116686460807
0.225867564133346
0.0161769953610089
-0.00351167037340516
-0.0367672744453723
-0.0134146097560975
-0.00444996280717025
-0.0398559473553516
-0.0616837433936701
-0.00289415663986092
0.0294403048912315
-0.0255102295644345
0.051115980955746
0.0478437803119676
0.037903426622381
-0.0233819929279981
-0.00481300764687176
0.00558030753968253
-0.00727581735236493
0.0204969192546585
0.0110772486651916
0.00902961736165708
-0.00143176235369902
0.0148165607643311
-0.0117744024490757
-0.0100083879423329
0.0109520284487679
-0.00952385714285719
-0.0228364434055982
-0.0123001223960579
0.00909083391826493
0.0175243494390804
-0.00776225628925442
-0.0096565458906378
-0.000246803270639639
0.0264197530864199
0.0137117873466444
0.0145942575841067
-0.0123962808467716
-0.0185908593767132
-0.00868718650306921
0.00949364608112724
0.00687243774119994
0.0255059028737659
-0.00945817375058389
-0.00153254741170461
-0.0155843927076454
0.00191894943437165
0.0275316734498443
0.00151451544802028
0.0129114804487267
-0.0548920290562234
0.00607533384810033
0.0376810851361795
0.0121043066132285
-0.00919958601655924
0.0146238851149543
0.00549078026746219
0
0.067804298798537
0.00127854251012138
-0.00851249165726775
0.00343421335050431
-0.0417112513368983
-0.00312497774832543
-0.0161218316166591
-0.00455159318506138
-0.0230910368957002
-0.0753569389187922
0.00607446246896792
-0.0264150691823899
0
0.00981914703309705
-0.043500535133033
0.00749060975145488
-0.0135421667551778
-0.000807617722335507
-0.00619612085657639
-0.00867441064446772
0.0237899644517363
0.0120192310902574
-0.0163631305453452
0.0254896968070835
0.00235478800746236
-0.0143566427993567
0.00423728836002568
-0.00501049604485748
-0.0392260800424065
0.00855175172413802
-0.00437634014287902
0.0112637081723237
0.0260798417256225
0.0336245962404023
-0.00973363192280652
-0.00724260217278827
-0.0242313698741176
-0.00694264333931527
0.0153266742491711
-0.0354872900152167
0.0219660363517868
0.0239118746933937
0.00655995784413643
-0.017466162214125
0.0167153360762891
-0.024530245302714
-0.0390583991691172
0.0445434880035351
0.0594349680170574
0.00955977358490556
0.00747567885682332
-0.0304229285184269
0.0165815556994502
0.0168130999655258
-0.00222112537018759
-0.00321545881770957
0.0372208445960507
-0.0069378231324837
0.000722789724056261
0.00337022139214693
0.000239899232245655
0.00551688667586681
0.00572523882276887
0.0113851755218217
0.00492492975902725
0.0172695924046484
-0.0511584996558845
-0.0396518365654777
-0.00176231113387948
-0.00479200480242092
-0.000506842384866868
-0.0372717555089187
0.0247563596324369
0.00102803906450788
0.0277278041661666
-0.00724449181225306
-0.0108203567780394
-0.00559656561697863
0.0473266564338706
0.00366392290336903
0.0279873935264052
0.00213068171729724
-0.0155918726391745
0.00935932370335135
0.0225867089256608
-0.000697465738082714
0.0141926477431364
-0.0100940123881624
-0.0213210187104975
-0.00260480700923504
-0.000237369426338341
-0.0130610303238891
-0.0464388824244735
0.00302798377421176
-0.0299370817610063
0.00959540950219373
0.0254302080657591
-0.0142785578295871
-0.0251587560436471
0.0234618607022457
-0.0236881316193649
-0.00208719008154501
0.00810460130718949
0.00907673731647463
-0.00436900539707019
-0.00335573033785597
0.0259000252292145
0.00732140855033059
-0.0112782199860542
-0.0215463365894465
0.0152850007919689
0.00484822671212615
-0.0198070843116536
0.00207259078096333
-0.00129263185108586
-0.00362410034625682
-0.00207851379171142
-0.0153605831814631
-0.00105766790058182
0.0132345159670333
-0.00417972842684755
0.0104932059415848
-0.00882658359293886
0.00811948664222095
-0.0223434906550537
0.0178048892424956
0.0135770499628474
-0.0105615662029882
-0.0122364228065607
-0.0010542172128154
-0.13219004579472
-0.0328367294872828
-0.0128889975758881
-0.0146496496815287
0.0051712668011874
-0.0186495176848875
0.00884669069462651
-0.0159143223152217
0.0165016507096254
0.0149350978875031
0.00223928342930257
0.00829875518672196
-0.00063311174422287
0.00791891035793468
-0.0204274041483343
0.0247032723772858
0.00500929852819976
0.00654214994032087
-0.0420922302045116
-0.00258481413296241
-0.00129578874973146
-0.00389234511839109
-0.00358186270211203
0.0186274509803921
-0.00866217516843126
-0.00323627831715212
-0.0107142860621521
-0.0144403680485845
0.0133199795764243
0.0167598093986197
0.0429863916293993
0.0207622869538271
0.00151800247474188
-0.0221280374581364
0.000310043416617667
-0.0185931205453982
-0.0211556678244396
-0.0196774516129032
-0.00921349158320139
-0.003321188863461
0.0013328557147616
-0.0219633950736571
-0.00340244992863048
0.000682758597379429
0.00375301957533325
-0.00645819170632222
-0.00615809100239484
0.0282272643107491
0.0224305315557238
-0.00818598532462389
0.0059424890741997
0
0.00787660019286496
-0.00521002947606741
-0.00556464829998837
-0.00987488511767243
0.00199464760638302
-0.0262109829532509
-0.00511069846678025
-0.00616441759710906
-0.0196415920055134
0.00316344452852557
0.0266292212113097
-0.00580204797959205
0
-0.00652241697639611
-0.257429189446123
-0.00232661703117731
-0.0368470598485513
0.00242135593220349
-0.00483096595019483
-0.00631072815533984
0.0297997571958843
0.0298861005692601
-0.00506674366958737
-0.0129629629629631
0.0206378986866793
0.00597421874999982
-0.0114207405856894
0.0110905735254425
-0.00457029271345044
0.00413223121523276
-0.00914499272313696
0.00646049838486396
-0.0142136182583045
-0.0409301860465117
-0.000969980554316963
0.016019417475728
-0.0162446249402771
-0.026226372025255
-0.0179550133643399
-0.0279330610496159
0.000522518313611053
0.00574412532637081
-0.0109034787123573
-0.00157475073883206
0.02313349106204
0.0184995384634912
-0.0221998486377396
0.0108359654714119
-0.0306278713629403
0.00526592943654558
-0.0057621791513881
0.035827186512118
0.010172990844354
0.00251757288431143
0.0356605223505775
-0.0257032480260306
-0.0154305126928821
-0.00657234547157004
-0.0173028498727734
0.0160539625092677
0.0331294070780119
-0.0202268870251603
-0.006545870768083
-0.0157121135326913
-0.00720901132852747
-0.00103739621175314
-0.00259610591900317
-0.00572613252088139
0.00471209424083763
0.0104219900770199
-0.020629139795211
0.0236967351237494
0.00462962939148004
0.00921648698328292
0.0994419634420074
-0.00830641439778512
-0.0148906468124708
-0.00566844591402937
-0.0337291702484166
0.00393313667649964
0.00832517140058764
-0.00291398737251103
0.041889817735518
-0.00981762551742049
-0.00897072710103874
-0.0195331110052406
-0.0140913022351797
-0.0399211907382361
-0.0277206878850104
-0.00264002097993554
0.0111170466446293
0.0094241361256544
0.0108920637504115
0.00359153412006163
-0.0035786811645544
0.0102617239610057
-0.0066024374503586
-0.0204498476712601
0.0292275052192068
0.0197769786905162
0.00845350529818467
-0.00295867835509467
0.0158260146303666
0.030184954713488
0.0340264177693763
0.0575868399262722
-0.0082108041577702
-0.0108932457127126
-0.043612420986237
-0.0331643958159556
0.00142925202477384
-0.0256898192197906
-0.00830083007812499
0.0167405719714706
0.0266344309927362
0.0169810369348569
0.00974030657422564
-0.00643091410197516
-0.0147942679054216
0.021116894468179
0.0238971047794116
-0.0062837519621296
-0.0672989641959786
-0.000484309927360704
-0.00193793614040383
-0.016990291262136
-0.014321037037037
-0.00150295598712202
0.0230807325639739
0.00294271716246786
-0.0112470410148146
0.013353165843381
0.00732059541239627
0
-0.0179263090080576
-0.0078933892451899
-0.0228742405333546
-0.0117048346055978
0.00102991761071047
0.0298353379714333
-0.0859141358641359
0.0142076510495985
-0.013469828311952
0.00436919739864527
0.00924415493442932
0.0371767800203007
-0.00779220779220768
-0.0204189005235603
-0.00855157715401267
0.0150943943447113
-0.0323951672862451
-0.00219533491741697
-0.0203520902090208
-0.0387421694970338
-0.0309580005281541
0.0114527426160336
0.0125148383483409
0.00353143025309022
0.00762469252930753
-0.0145518044237486
-0.0295333727111636
-0.0121728545343883
-0.00492914356130636
0.0136223529411765
0.0238240058751373
0.0161098448687349
0.0176159120601342
0.0051933064050782
0
0.00688869115958668
0.0330672729152066
-0.0093818979369813
-0.00891364852848753
-0.0236087676442515
-0.0322396066643863
-0.0160617499144409
-0.00302303488373434
-0.0048514251061248
0.0201096892138939
-0.0119473715651134
-0.00725519907767835
0.00243599269183914
0.00121512765584009
0.00728155339805836
0.00662644578313243
-0.0143626579510866
0.00364310890364949
0.0296430109108887
-0.0217391304347827
0.0114114114114114
-0.0190023752969122
0.00181592009685239
-0.0217521463294349
