0.000678031783766464
0.0154874264928357
0.0195405101690778
-0.0155197832415835
0.0121557356460853
0.0188590163471756
-0.00156550332684413
-0.00894669819123228
-0.0254071296065276
-0.0196714761299515
0.0102278877760418
-0.00260338446247588
-0.0129544081021964
-0.0333006960489852
0.0157041848744941
-0.0231421446384039
-0.00122538547942419
0.010326163180169
0.00242863792754511
-0.00252372304711734
-0.00890596111539221
0.0306341264168284
0.025463192311503
-0.0124637777777779
0.0083162020185521
0.00475456054249102
0.00202799607837778
0.00934850598788528
-0.00697033303818384
0.00596156730769226
-0.0070732745056411
0.00442817687027852
0.0145678077273454
0.0100131965802646
0.00542463534277271
0.00725580465116282
-0.00905057267316745
-0.00829449184637954
0.0163518272210572
-0.0139621171712969
-0.00178171419525242
-0.0195396341814833
0.0117849474431844
0.0385416673966226
0.00182369840108865
0.00719032473313042
0.00198800824189371
0.00892862578270082
0.00402249922170816
-0.00614318910256406
-0.00107493508218948
-0.00224195135428296
-0.00260651622134611
-0.0204560149548886
0.000367994490377166
0.029887806324955
0.0102687831104347
-0.00256320490156625
-0.0585733284638605
9.4145333097595e-05
-0.0182588423529413
0.0129422493134359
0.0242286286493041
-0.0100721122706328
0.0108280036636237
0.0192077013647824
-0.0349732798322022
0.0124870338468306
-0.00927299737659482
-0.0108573197625353
-0.00227098788796365
-0.0275986622230907
0.00594947825952863
0.0166763817789062
0.00352853324882196
0.00560673746250862
-0.00784352674352673
-0.0111438996312774
0.0217684646503564
0.000471295239983238
-0.019221719190287
0.00806997821385269
0.0177261126465262
0.00149823015733452
0.0021505657452241
0.00643779623063989
0.00482058019410658
0.00119935419503059
0.00617402339220496
0.0302225106653995
0.00764512414694862
0.0100573446856169
-0.0153724782142105
0.0267896471181679
-0.00751622462203017
-0.00722487832237673
-0.00455943872268028
-0.00484449929397079
0.00832001217064948
0.00491577431383017
-0.00349406874142033
0.0185834060556906
-0.00025816696019354
0.00964106928881936
0.0122772784356955
0.000252665705735788
0.021640282559106
-0.0109618559142527
-0.0168333083333334
-0.00542470743961587
0.00647692198660033
0.0158340646203905
-0.0188380593578557
-0.0403534112679756
0.0330205650940207
0.0121689859941898
-0.00160869527043683
0.00898918773726565
-0.00235338706454735
-0.00219035388855138
-0.00042217999962546
0.00641948649733504
0.0162819468521704
-0.00916667798056581
-0.00166697778795677
0.0096009434763813
0.000165360125692571
0.00099217034292276
0.0126373007351119
0.00073412725504296
-0.0198875373724422
0.0132224199584199
-0.0174819194839764
-0.0230557348847693
-0.00119708425473497
0.022001532779754
-0.0260512655231513
-0.00774055236279059
0.0270433814585236
0.0180605876961868
0.0124347180411519
-0.0212068784378993
0.00259324909993941
0.0188569298098777
0.00114649904883724
0.0287116728016359
0.0170960716110675
-0.00883437545666876
-0.000709867492584504
0.000868268989371312
-0.000946395876662565
0.0397852936532996
-0.0135135058190593
-0.00277050942326429
0.0111899751321196
-0.0129741052657719
-0.00170108247582024
-0.0145612112573682
0.00157193268320532
-0.00761203013419143
0.00774950978767608
0.0306025889735941
0.00753773435473537
-0.0157938258022546
0.00737094566297047
-0.00868901696697444
0.00945713531381109
0.006245776858256
0.0197562635700834
0.0033402389894579
-0.00591849531580224
-0.027461502845185
0.0772880818871793
0.0135672894840693
-0.00960119826755623
0.00551938127203755
0.00696685403377106
-0.00265559445539454
-0.00210218614872615
-0.00533677395304333
-0.011789608688582
0.00650095032150166
0.00617500181826269
0.00874721390897348
0.00265737762237772
-0.00662583321851618
-0.00828472272690484
-0.000141621238938017
0.00552289897395464
-0.0123934586435271
0.00549022459893056
0.0054601402507406
-0.00564206248321075
-0.00496497606337409
0.00769835379491379
0.00664923981924193
-0.00611338635532843
0.0267957716799241
0.00392485723128444
0.00301784630278767
-0.0155907954188049
-0.0100027989023368
0.00154364997070866
0.00378305997677386
-0.0131211963506506
0.00487978804298983
0.00133720181116748
0.00569297867369256
0.0168425750742209
-0.000343663230240598
0.00357513929684017
-0.0330890043633006
-0.00318830241737489
-0.0557253243908546
-0.00504337952382183
0.0357088912843262
0.0297297821649285
-0.00425626726072026
-0.0230105871272561
-0.0390841478714025
0.0346031039201935
-0.00843475160436424
-0.0012574746466828
0.020589534273751
-0.0200290997090907
-0.00251774302150631
-0.0110615444185942
0.0153891441504093
0.00036968062877718
0.00746440776682289
0.0197328921792088
-0.0128048274514362
0.0128252499548276
0.00237428583443822
-0.00021543208794117
-0.0409935478997404
-0.0266506808406846
-0.0394555056312719
-0.0298662425323585
0.0301254034293363
0.0132201027677286
0.00569350787358469
0.0246894716150339
-0.0185697120166668
0.0136043547520819
-0.0169700479556466
0.00831762384937806
0.00599224902723727
-0.0116809929084554
-0.0115059563007833
-0.00839336441212002
0.0258723782031691
0.00723898959104075
-0.00958261249996661
-0.0209894110178086
-0.109508232170971
0.0377695684837671
0.0167313674014153
-0.0156925779598998
0.0399862026888469
0.0123466854491217
-0.000654841624864511
0.0249815963627356
-0.0183794391751594
0.0178280940354314
-0.0169558907218739
0.0240012765763151
-0.011282369209579
0.00530372861935491
-0.0342925664954847
-0.0264050579654839
0.0181941756964588
0.00392452398255627
0.0202112695613923
0.0145116414638304
-0.043072966199406
0.0287201708310352
0.00734695510204086
0.00737435968599076
-0.00450485084876273
0.00678784646464647
-0.0246408146605928
0.0313529056456443
-0.019069655803564
-0.0388807379391454
0.0109173405241252
-0.0197572294622996
0.0272440268936383
-0.0127203110468932
0.019873692631579
-0.0133762941674817
-0.0278683911267619
0.0185089008777926
-0.0131856819066127
-0.00539611991434696
-0.00998970005193678
0.0363604735243606
-0.0114990935999588
0.0282754613638989
-0.00379850543019822
-0.0106929792000413
0.0171764058177863
-0.011367421559021
-0.00441592245665534
-0.0131391750462662
0.00432498311270324
-0.0230516169889387
-0.0242004759948264
-0.00460589008669809
0.0185086497199318
-0.0188711866055493
-0.0284951461666479
0.0190650965914776
-0.0180788091383343
-0.0164880006684621
0.000186234510955563
-0.00409723441751786
0.00532959341738004
0.00874257836893344
0.031716789892281
-0.00732797127206497
-0.0275477578763457
0.0427698771367304
0.0215731624784548
-0.0258103936734161
-0.00463867983298272
0.00241975260047056
-0.0251229061264713
-0.0419112248540791
0.0100506938829263
0.0328847715945253
-0.0673455925744673
0.0256763398784783
0.0176481485200815
0.0154571162197383
-0.0038982551308383
-0.00307493477450604
0.028413880333001
-0.00272649279947745
0.0084753574644485
0.00560270176747868
0.0185118351771372
-0.026204280084852
0.0306242358261057
0.0141538549450548
0.0185506153038262
-0.0166808425531915
-0.00995328016311858
-0.0224669903179211
0.010642121266321
-0.000530970701159705
0.0242585663813697
-0.00259316271772558
-0.0285986916422454
0.0145419311104267
0.000175844177138229
0.0255847024017004
-0.000342914696220942
0.0197238914353495
-0.00243882760276426
-0.00598549133403747
0.0105164783134093
0.039949659421743
0.0114599140840961
-0.00486715862335974
0.00537201727572145
-0.00574209271666071
-0.0159621242634495
0.0124714623410498
-0.00941951541276476
0.00146293886977444
-0.012011061418511
0.00616067038213686
0.022287558531922
0.00391309691811936
-0.00262510542220273
0.00590210574020023
-0.00293373764033289
0.0205169145129225
-0.00506508213098911
0.0117480654761903
-0.0106053187353865
0.0342696507983671
-0.000529593758535563
0.0211172351315938
-0.00911727050278632
0.00366550737326854
-0.0021613848425337
-0.00463108736812501
0.00232636959051358
0.00224592336811047
0.00896401019511517
-0.000148100976999244
0.00540537566667076
-0.018338533055962
0.00240084039917376
0.0105531246871258
-0.00451784907368258
-0.00647281433009983
0.00112332640304968
0.00314158870309544
-0.0154351501347018
0.0212815294529742
0.00697061148072931
-0.00986814985696338
0.00178508743291372
0.00126215010376218
0.00785998066246485
0.0106680181087113
-0.0144863512588755
0.0116708667576131
0.00642515300105106
0.00652937482673743
-0.0053337535918353
-0.0205072608695652
-0.0232299996039061
0.0104522079107188
-0.00951956346542049
-0.00242161345861658
-0.00432413116166808
0.0105904685714284
0.000150821774357768
0.0164329257822127
0.0255117405966105
-0.0143187446797711
-0.0509171081969821
0.0210266000229855
0.0102967896684314
0.00494607306735517
-0.00417608482433618
-0.00891109077712771
0.00725343374748322
0.0107269298736317
0.0179605084622045
0.000583267699525658
-0.00502770311032841
0.000439384831064427
-0.0110533269083279
0.000962176123071368
0.00421509292953015
0.000589116334555717
0.000883095345779461
0.00963233823529408
0.00670015303619764
-0.0115025468133559
0.012002342008214
-0.0555394348824084
-0.00474739641283028
-0.0034620481139267
-0.0101134718606769
-0.0229293556158995
0.0212324634517278
-0.00211039546489922
-0.00328971572475478
-0.00290768565815325
-0.00567459817956961
0.000475562762347392
0.00475359685665033
-0.00354831256899535
-0.000474835788363492
-0.0287388018167809
-0.014998402347571
0.000496573998562511
0.00322579812695123
0.00239097203074468
-0.000822495462699524
-0.00930198363594048
-0.00191105113271384
-0.00557780538849972
0.0145668065609077
-0.00132026567670163
-0.00413120717285964
-0.0141873310726569
0.0158222268978288
-0.00853354619387425
0.021141464379401
-0.00531909996691726
-0.0118469927145951
0.0190658644653579
-0.008251658361901
-0.00691981223263705
0.0120281788794314
0.0123770655737705
-0.0019432029480495
-0.00624642669537834
0.00244900408163273
0.0118077928711451
-0.0106237424547283
-0.0151305621085172
0.00536880317171895
0.0101872986346756
-0.00634351826889645
0.00851203961368463
-0.0198831681554684
0.00107646769255121
-0.0067824647347815
-0.00074953363175323
0.001416834759844
0.0184753073077462
-0.0105409464914434
0.00627634011978984
0.0231432092432207
-0.0105077165397885
0.000810619318980077
0.0193584887360967
-0.015971410663034
0.00524872432973922
-0.0074704796766083
0.00696018140110377
-0.0226651667362991
-0.0206414641552872
0.0273742724787731
-0.0148753496505982
0.00149340414414167
-0.00347939693048949
0.00507108649870247
-0.0186104215283636
0.0143278210817055
0.0377233159571801
0.0253823286522727
-0.068717758374477
0.0145899544761035
-0.0186777024793389
0.0202964800454182
0.0103177876959506
-0.0187908820459006
0.0315570446554045
-0.00992812180101799
0.00326099777397681
-0.0144644809761819
0.00659633085913858
0.00892853851689823
-0.00340990506470584
0.00350305498981673
-0.00129893651566815
0.00869776480322937
0.00451290207149335
0.00104289609237229
0.0127424588294796
-0.11877820403312
0.0100574891338228
-0.00364511903506981
-0.000803042741143845
-0.0267012405777485
-0.0682630987845325
0.069128476539779
-0.0137238463663996
-0.00410910526505215
-0.00253184548510743
0.00357240753297705
0.000655737704917891
0.0103913124882982
-0.00704161956823868
-0.00961088942075006
0.00244962316232922
-0.000188016913759026
0.00310210574644021
0.0196794960142395
-0.000367622467927875
-0.00239031908771681
0.027923683938371
0.0071722699733523
-0.00186931642760602
0.0024079640348158
0.00240209960138626
0.0144670722369233
-0.0061242780544809
-0.016285193948683
0.00894854586129745
-0.0117073170731706
0.00717942205869138
0.0157711570229575
-0.00780700877192986
-0.00159138005842641
-0.00159390773045254
-0.00106432815964519
0.0116310488759048
-0.0104441107522537
0.00975607982261639
-0.00834427770477431
0.00434009735447138
0.0034394567725502
0.0218843208110768
0.00154812079336342
0.0122799487920984
0.0290126067784002
0.00915087364012668
-0.00228745193080782
0.00671415721069724
0.0138267998493729
-0.00722023253557591
0.0064646707070708
0.0114813325215255
0.00531829642836246
-0.00829059600014848
-0.000318471342650839
-0.0217425616715923
0.0223886668991506
0.0078037584359969
-0.0222028922598434
0.000484832323232265
0.00105002828608414
-0.0171050666918661
0.0013134378591364
-0.015822265556101
0.0118283878760086
-0.00633904662600604
-0.00513666127100243
-0.00483012983294251
-0.0119665271966528
0.00550521724400777
0.000926558280605061
0.0257510472818137
0.0334728200301322
-0.00396919898412962
-0.00725275358848532
0.00883113373203503
-0.00962921344487622
0.00498194467614166
-0.016230902694491
0.00495774540834071
0.0026688313357246
-0.0058073962137265
0.00154141649291883
-0.0046982099157119
0.00154630906943165
-0.0101576468415024
0.001559822700268
-0.0172950901639344
0.00166817083716886
-0.00799399643580634
-0.00243432390919984
0.0173342819701878
0.00430104211247251
-0.0242958083395786
-0.00219466529758872
0.0215718045983573
-0.00264988402368516
0.0328794414998432
-0.0055466478207935
-0.00978093128915147
-0.00416328163265312
-0.00549223715865632
0.00972634355423674
0.00906123265306125
-0.00631016093916226
-0.00439632818698477
-0.00359802924525288
-0.00812471905005696
-0.018699346196431
-0.00151770660232209
0.00219559199789887
0.0101111981799797
-0.00867535056745128
-0.0233927809960546
0.0107702914142735
-0.0105702669946341
-0.00809858705953292
-0.0127681146382728
0.0188280742977978
-0.0142487129296534
0.00604462538686601
-0.011668373795485
-0.00493390308370034
-0.00540109783245812
0.00979255746830687
0.0190425460636516
0.00216281692751341
0.00906425273011924
-0.0073573445748768
-0.00827371376604091
0.00391063700356309
-0.0120325487889339
-0.00797332886988511
0.0175763821093766
0.0019095651584895
0.00389844061335864
0.0186400073862618
0.020162631140608
0.0121242237522707
0.00164099938400875
-0.00442333708349696
0.00641763200248779
-0.0210922334859385
0.0192083099917875
-0.00237627824994857
0.00320327720739222
0.00548550029053119
0.00211710776186158
0.00885678069391416
-0.000483295731852573
-0.00515712337078367
0.0017819617834276
0.010672703751617
-0.00464001599999997
-0.0007233242360285
-0.0115016486527523
-0.0815297382989465
-0.0223245576450538
0.0103298204935682
-0.00600895067264584
0.00315797161133324
-0.0228458445763627
-0.00239324376282446
-0.00267577973821131
-0.00777126497442004
0.00102565034965041
-0.00475040047736208
-0.0138511467262732
0.0210685483229986
0.000929510212083429
0.00520009276255751
0.00397228637413405
-0.013801987486198
0.00755736144803132
-0.00138903604757912
0.00593478323200225
-0.00470134574019143
0.00602020926164482
0.00294604116333907
0.0011932990417971
-0.0196204272485558
-0.00364723650986631
0.0149239345323453
0.00897069293361774
-0.00962415233041525
-0.00536790359922534
0.0240067179305228
0.00408902305981762
0.0189139909502263
-0.00115460524574496
-0.00800285441937454
0
-0.00797776995298971
-0.0158127770093571
-0.00853837694708737
0.020001889434242
-0.0156150882321363
0.00793139352577699
-0.012809973347882
0.0103809714559364
0.00706354449933877
-0.000455419934919155
0.0110270570210411
0.0116279157810002
0.00338588603619661
-0.00452893167099788
0.000356833191022865
-0.0178348494545644
-0.0273288725924176
-0.00513390287876148
0.0109776503851071
-0.0169837772621809
-0.00349315527743876
