0.0326736272710344
0.00408256974370591
0.0272192904086368
-0.0129741620552224
0.0099143035506617
0.0108095627262492
0.00534698827310121
0.00553567802677768
0.0034542314707926
0.00989670836807988
0.0120366961664899
-0.00157879167290198
0.00126504320825371
0.00863339623183634
0.00427970759040575
-0.0270241973497993
0.0121781752785155
0.0099208654353562
-0.000104525026554003
0.00229935200668896
-0.00823775790953585
0.0142992323173248
0.0178293871894954
-0.0135451774407745
-0.000103272763748996
-0.00144552403604592
0.00196466758313174
0.0103199172276591
0.00214503570694502
0.00530013245030969
0.00435973854891225
0.00777310736469028
0.00971652790310484
-0.0112103667298502
0.00662189237728272
-0.00408655428911475
0.0110087972579822
-0.0191051381638826
0.00645884575472166
-0.00972627063893694
-0.00496157341106573
-0.0246260209003568
0.0343244764595614
0.0312689028774349
0.00244522696489091
0.00536640658340137
-0.00184397319639007
-0.00165287314832996
-0.00126604012465914
-0.00214530466664165
0.00508155956060663
-0.0171123192437982
-0.00306654478451063
-0.0164714826004315
-0.00201780663787909
0.0102102913507944
0.0477333833683578
-0.00936003847258948
-0.0112803508360937
0.00507066781850796
0.00252257688949253
0.0109358073950294
0.0125406664037975
-0.0014181148175697
0.0350312146838321
0.041437961946579
-0.016249433750539
-0.00348213392857144
-0.0143356239195804
-0.0140896552297127
0.00857458978954995
-0.0287046259137456
0.00978824470588235
0.00484664922316469
0.00102031353344434
0.00833952943549887
-0.0112111927954419
-0.0103159853218585
0.0232886003059178
0.00807558953771137
-9.10514354310887e-05
-0.00364160610493824
0.00292397655475174
9.10623161249902e-05
0.00236860715228038
0.0235390713763435
0.0335641884150901
-0.00833335037227911
-0.0119552715931733
-0.00341954396967448
-0.000264006677318074
0.00677642365862252
-0.0134615469674555
0.00850610483336789
0.0085222368652258
-0.0166391147605269
0.0178951546215933
-0.0212358830072084
0.0023119509364391
0.0191624909584591
0.00322077828745071
0.028373075921909
-0.00776239472905149
0.0200680360555787
0.00666891469380548
-0.0134150627125693
-0.000839331885507222
-0.00772847775765728
-0.013376244157393
-0.00248842455390064
0.0151398021505376
0.0253368184842502
-0.0223966859504132
-0.00710122574096528
-0.000766249487430759
0.00289703474014114
-0.0029736534317838
0.00715810834525965
0.00304595138258823
0.00379584132106681
0.00310926890756291
0.00460748082581519
-0.0216811044309725
0.0364814012956018
-0.0237664395356323
-0.00109508045737583
0.00590316232242949
-0.0123239521489266
0.00381974371988369
0.00363605608597917
-0.0206420419472232
0.0116138852652079
-0.0338463741422357
-0.0194525040097482
0.0161579440546149
0.0120141434279366
-0.0103875263684973
0.00105843694826402
0.0111904486948708
0.00801671300075446
-0.00786655428769023
-0.00113268278642542
0.0106420273084615
0.0230450369148538
0.00674937152408139
0.00393866581850899
0.0062604338999892
0.00572372445316316
-0.00643351214835886
-0.00722233942572093
-0.0112885529321366
0.0102334152610524
0.00142323988505422
0.00493225200805258
-0.00291155480335703
-0.0176038793792435
0.00509552441613592
-0.0143641405046749
-0.00102874408866271
0.0032610057775766
0.000684235713480863
0.0133345159985387
0.00649512425571164
-0.0139959604425075
0.0113047256896774
0.0216002684081291
-0.0148910321293864
0.00960415082017962
-0.00463228558716433
-0.00066485497108193
0.0207068440748441
-0.0290858730501201
0.0265167748009862
0.0075206244172219
-0.0167139797160243
0.00668370316554645
0.0113114508196721
-0.0127249071014324
0.00287337661724618
-0.0119515958758483
-0.015907191778969
0.00471457320015634
0.0235462216707298
0.00245595575184687
0.02082485146978
0.00688000799999999
-0.00738917044820298
-0.0086448571199873
-0.0096891079481487
-0.0145943821509273
-0.0020685090015844
-0.0106127103008647
-0.0116483698709733
-0.000508775640007175
0.0308788606433372
0
-0.00789992613314505
0.00696751836376119
-0.00420101311036225
-0.000413623959083731
0.0254882663187113
-0.0151710541505981
-0.00180269582265913
0.00541785421113117
-0.00179621974699007
-0.0086700881945021
-0.00561056119498082
0.00414868911754129
0.0231366969873581
0.0135680827006945
-0.0181673227091633
-0.0278363899704885
-0.0293012936864405
-0.0503095893559475
-0.00407495245857115
0.0316420795151278
0.0379869384627793
-0.00416063524226806
-0.0134720499102324
-0.0265341407052931
0.0142058602736179
-0.00210106796548015
-0.0142994738889284
0.0331968224172587
-0.00870009505384084
0.0146853925150263
0.0165282182888127
-0.00758208949238637
0.0189303560544052
0.00933102565467814
0.0174164256307647
-0.00640922429970436
0.0120029475626444
-0.00814912041069682
0.00284714064914993
-0.0177644631551304
-0.0389792150955228
-0.0315373885484904
0.0134871698355059
0.0156715197367228
0.00517195922468816
0.0190378267812552
0.00690061420683974
-0.030087747094229
0.00327442473224249
-0.00300608090698284
0.0274810040061855
0.0271652979080732
0.0120806136302243
-0.0154851038871701
-0.0155648562300318
-0.00158105186953572
0.0062510416840047
-0.00256775442969204
-0.0191828353958287
-0.0364067645719519
0.0185396717079287
0.00526225854489737
0.0243714410398304
0.0034346652399766
-0.000584404746906131
-0.0161222956822512
0.00772629485249032
-0.00867805192218307
-0.0256672182333089
0.0138695395487574
-0.0122171983424968
-0.00479048871684495
0.0142656832790884
-0.0116489603214165
-0.0150165966909674
-0.0124977486261301
0.021631773749869
0.00500789843612726
0.0250021944663186
-0.0564605799573561
0.0211516230991129
-0.00717001852553756
0.00918329139859875
0.0107783547879079
-0.000611904532404339
-0.0142557027901243
0.0314967884969992
0.0118699206628261
-0.0224413381710417
0.0238260695652175
-0.0155426705544873
-0.000258881882188478
-0.00716253038908865
0.0100825377640363
-0.00197914122690934
-0.00112092599273339
0.0151920848544167
0.0103732759937651
0.00328199102445526
-0.0285187130639263
0.0137282334657227
0.000255497819419359
0.0106437327887647
-0.00294890887271204
-8.44515830472625e-05
0.0125918868825845
-0.00751128359205466
-0.0107635302852932
-0.0100306019213755
0.0018890692245328
-0.0101988515598218
-0.0294397961631275
-0.0172182359610398
-0.00526508695478989
0.0244570172575833
-0.0269909045610029
0.0140071313556589
-0.0134525548311203
0.0302919839926414
0.0196304757571422
-0.0112379213238268
0.00731279295154175
-0.00830932374163684
0.00511555843487987
-0.014303238103749
-0.0084572686111053
0.033937934115764
0.00633896296148095
-0.0173440505422733
-0.00992269959402969
0.0128602838137473
-0.0217162527596213
-0.0152166486285655
0.010361816315992
0.0142136914640629
-0.0188042845273069
0.0108479205157859
0.0297800214630657
0.0273556313094985
-0.00718517310603961
0.0019583057120045
0.0305064326988442
-0.000989486294784014
-0.00784155992007329
0.0083194677617171
0.0010726485414021
-0.0183796584788649
0.0215785058199582
-0.00328758943515395
0.00453535922821868
-0.000164152027581577
-0.000328415427050532
-0.000821271339992213
-0.00460304111119381
0.00817504555202397
0.0246539610010308
0.000959256610060022
-0.00295482348702425
0.00040051262155405
-0.00296239386769581
0.0175861400271913
0.000157804607340495
0.0100994636278913
0.0138258783369511
-0.00924568198412645
0.00256631161260779
0.00705867215418365
-0.00115542630893595
-0.00601479828889262
0.00791314233885854
-0.00330967523567849
-0.0189204101119619
0.00779280535427573
-0.00906034530235378
-0.0093797034118458
0.00517188096753651
0.00372042264354588
0.00757096985242178
0.00172198651030064
-0.00507892627569329
0.00376970071829574
0.0210468824199497
0.0262834712643678
-0.00724248525869786
0.00879962348377439
-0.00260945341797314
0.00343852596381011
-0.010727070518211
-0.00549695770714709
-0.00295308532845018
0.00318964931901244
0.00272521562186734
-0.00324632324683471
0.00212072257911622
-0.00204069990236111
0.00477131955013044
0.0067838170917891
-0.0215617642364877
-0.00726908704156259
-0.00570375344135365
0.0127131705426355
-0.00826700098183542
0.00733248699185673
-0.00390770837130139
0.00723078461538451
-0.00397131504549697
0.0166385372893505
0.00625991420951522
-0.0032978714330365
0.00767035667530025
-0.00246270149253736
0.00643376234658133
0.0112242177300543
0.00588064570100366
0.00957320986767618
-0.00875853820160133
0.0252664813017893
0.00199429495702108
-0.0102359117973513
-0.00825918528227565
-0.00159317116643287
-0.00442445798304403
0.0101996870974677
-0.00699554285315029
0.00602804842721993
-0.00238234183129249
-0.00209861781462306
0.00935466320614919
-0.0136504703836414
-0.00131103510217234
0.0116695061507583
0.0130487845768763
0.00483911884887211
-0.00240790373387889
0.00496945190281517
0.00579264630958809
-0.0110970778516267
0.00333807521296703
-0.00672469011892995
-0.00327826380453355
0.0115829757501573
-0.00452360770493654
0.00347916794885439
-0.00410388446750332
0.0130727957371226
0.00301569543490254
-0.00104886726195319
0.00573953264294591
-0.0136405175914744
-0.000211663027211317
-0.000141171492050174
0.00762282646357848
0.0030821099426348
0.002164790548145
-0.00236915205801524
-0.00202551515017824
-0.00118979559106269
0.00196200677083569
-0.00601440639155149
-0.00218108765985059
0.00260890552628434
0.00309447214157865
0.00175278686977531
-0.00881865870595411
-0.00381297146635251
0.00446558683774323
0.00324600223892446
-0.000914433437636974
0.000352034655479061
-0.000563030489493466
-0.0150693618431577
-0.018374148079436
-0.00495271657058893
0.00475778819930439
-0.00291403065741891
-0.00599102820161557
-0.00227855930293519
0.0064092822156594
-0.00468486930177248
-0.00720744276526109
0.00333355791786216
-0.0134377360685509
0.0142942977957754
-0.0116579503553306
-0.00194098548580035
0.0143615750712609
0.021089889970578
-0.00570526463706744
-0.00152521797411775
0.0177493488197471
0.00807654183184803
-0.00375778521202852
-0.0056223331301094
0.00765811617765455
-0.00269897733427704
-0.0148849579122581
0.012145697765906
-0.0107856785714286
-0.00238285066131672
-0.00405325697587544
-0.00821224528144282
0.00139226935302794
0.0103907358293363
-0.0241164683644777
0.00259744712430443
-0.00673578060388846
-0.00201210221309933
0.00156815265185428
0.0690374536256819
0.00683447943953186
0.00484873605488456
0.00206788436978567
-0.0046776709320242
-0.00628932882314837
-0.0107803798218138
-0.00203890886701574
-0.0112018879639018
0.00698251484221535
-0.0134437767856256
-0.00322740459436155
-0.00827452894731695
-0.000870601452940711
0.0306440039611646
0.00683436234651258
-0.00699790092363473
0.0298098039383992
0.00198448634830317
0.0400218623141901
-0.000328362229632062
-0.00479534926874725
-0.0048184554455446
-0.00875510356821374
0.00642359999512077
0.0122996539512095
0.0084066599371686
-0.00475442903009637
-0.00458083246621077
0.0360265266187199
0.00463234354038566
0.016548729687714
-0.00130487136442303
-0.0192869475340495
-0.00196661796718212
0.0132213762233051
-0.000501800520770312
0.00502126515723789
-0.00393448675788421
0.00658340941176849
-0.00423565485019051
0.00475412232732308
0.0206699483460948
-0.0146395569764601
0.000309539446371021
-0.00160897336738597
0.00154961877456627
0.00897386422856949
-0.00239219776968791
-0.00737824033065815
-0.00247775641132597
-0.00620963762709548
0.00881032280475025
0.0028492227225001
0.00166752512710699
0.00141824522091327
-0.0028323809412627
-0.00228462492654435
0.00191853568611777
0.00290321825253725
-0.00344911306079632
-0.00704572916478885
-0.0181750213326273
0.00608591333568165
-0.00025200378548218
0.00258416103405623
0.0085496067149855
0.0050490060172228
0.00936489055554168
0.00147468509984638
-0.00552186620277717
6.17558161948306e-05
0.00376311522159956
-0.0119845855577893
0.00690470287710565
-0.00840180417624636
0.000124627752932094
-0.00137046658799267
0.000810953787174107
0.00193217399735524
0.00771387247278388
0.00703747123163567
0.00711081937378721
-0.00389554463003727
-0.0368469246628875
0.0187159757237654
0
0.0126424544529042
0.00282897898540058
0.0142279346771488
0
0.0154794831454987
-0.00375136353755656
0.00531946094458746
0.00297265165825178
-0.00237103738656252
-0.00231728456950786
0.00059550352937876
0.0117254988311857
0.00135316511008732
-0.00675641238884372
0.0160889686039154
-0.00279424847359555
-0.0093403734499643
-0.0100176607545844
-0.00178573214285715
-0.00399521772203726
-0.0104173262911891
-0.00175444982927675
-0.002424206060606
0.00455650044143985
-0.0115512786857717
0.00948362078458609
-0.00593981435420887
0.00963356532021109
-0.00374415734631706
0.00242464689080046
-0.000181405338979257
0.004112785874266
-0.00325266827484239
0.00211509553094258
-0.00162819753207266
-0.00362400946634478
0.0134577225133119
0.00843404150639016
0.00391484676231912
0.0135302392909897
-0.00221516273467504
0.00683569743314583
0.00992277015118925
0.001953642919303
0.00143365060690304
0.00143159819528149
-0.00165833137985094
-0.00257745008482635
-0.00918804415520857
0.0085777852094846
0.000574594860944799
0.00183785325746189
-0.00687913888008318
0.00086581618373871
-0.000403668033933102
-0.00871226020663618
-0.00162970143332408
-0.0198799278253363
0.00440165371168377
0.0153381261676055
0.00664916313763486
0.0122255116107655
0.00297655414384468
0.00211160254473475
0.0140099496328936
-0.00308903673537153
-0.00512678309859149
-0.0079846142586697
0.0251170748705305
-0.00105804097273599
-0.0001115112331318
0.00808391615331217
0.0132175639170282
-0.00829651734034376
-0.00126586492084468
-0.0121790307216288
0.0100418577405859
0.00723555911788631
-0.0108576222260495
0.00692981464325837
0.00765291505662846
0.00136597090228463
0.00900307723024873
0.00854424625291217
-0.00670241286863271
-0.000701781376518329
-0.00280892941899646
0.00595878095475255
-0.0023155250777952
0.000809596787184175
0.0066335671085489
0.00857222636717592
-0.0069588207171315
0.00545632282597275
-0.00537353672262841
-0.00534902388899205
0.00397959135218473
-0.00648136475996175
0.00765580132964838
-0.00294268602277203
0.00268312306896301
0.0125233926939237
0.0122099369711937
0.00146213577023491
-0.00464073419877331
-0.00256694956554537
0.00183826686465127
-0.00954132110091743
0.011750389468336
0.00345280680469195
0.00218965645367453
0.00400563916153862
0.00917100518134717
0.000564773824207609
-0.000513167064009501
0.000616054012814615
-0.000359117507207185
-0.0115998305024911
0.00233679692393629
0.00357477456067201
0.00407822503460031
-0.00375319280205655
-0.00552204664247213
-0.00975604581872402
0.00634101223987482
0.0143727230868755
-0.00282349206717214
0.00262559198348455
-0.00200256225930673
0.00375589111053776
0.00840637671651789
-0.00432059684482478
0.0154175460634687
0.00427353456833179
-0.00220276345431791
-0.00466606296388605
-0.00105860971220373
-0.00211938236987819
0.00925411883691529
-0.0105722065279867
0.00435509695470149
-0.00302529115085681
0.00227581555203193
5.0504593569034e-05
-0.0178616880986762
0.00565119976320161
-0.00275858492975745
-0.0111675012644202
-0.00663108846620264
0.00495435202086059
0.00928909199723549
0.00827806549750476
-0.00127485972641939
0.00811843733106654
0.00602716262128089
0.00931375398193235
-0.0128691243589211
0.000808509372668409
-0.00888617094704813
-0.008252725294151
0.00297925837710511
-0.01198400624767
-0.00207336722033347
