0.0227819188962983
-0.00225562025835302
0.0254332789964853
-0.018372221032774
0.0502526852867988
0.0209391333616911
0.00183277183046315
0.0121090599171614
-0.010414864864865
0.000260928935714277
0.0126086695652174
-0.0102189354285686
0.000173494704607036
0.00980226413777108
0.0217335101199723
-0.00159746087779622
0.0181052800000001
0.00281220839020335
-0.00437148638026208
-0.00381077792900986
0.00382535550935548
-0.0032308756791557
0.00249337599734045
-0.000994884737318347
0.00340252282157683
0.00777432775537745
0.00869926973654933
-0.00325442996487091
0.00653004642020982
-0.0530370700354726
-0.0183266254601343
0.0378609797922265
0.0166428173771302
-0.0098387352585052
-0.00960254659982385
-0.030941733151153
0.00974417940239802
-0.0204204380565299
0.00580522463180166
-0.0157411021555067
-0.00186589955044247
-0.00124620798455433
0.0242424338032736
0.0343717809671384
-0.00336503735092863
0.0163754788860009
0.00224230538186854
-0.00314879847530658
0.000748096406946841
0.00257494810677739
-0.00372822710177856
-0.00931395426195425
-0.00436494596738723
-0.0338083042424053
-0.0206805850031516
0.00552432489910926
0.0374834211339552
-0.0179364448593022
-0.00878415353668061
-0.01877686216744
-0.00420281670029832
-0.00502871762725643
0.0099277885398612
0.0183198834974105
0.00394914446553263
0.0474650341352265
0.00216969035851311
0.0103256394479354
-0.00387374097298698
-0.0141485932968013
0.00788916478574619
-0.0239819893074191
0.01535707717223
0.0233593727693577
-0.0110846456106031
0.0200099299234484
-0.00846560860342871
-0.0193744441240364
0.0118878696999885
0.0105071230948841
0.0138366056479171
-0.0099330047656786
-0.000489371949255579
0.0066100619666225
-0.0112687395422577
0.0139390375035999
0.000727769667547395
-0.0085656404040404
-0.00220070091774882
-0.0135598433844119
-0.00414044378700817
0.00407448854025461
-0.0189648115942029
-0.00211041703621828
0.00101516793008338
-0.0158878134726982
0.00618291986731445
-0.0206537342434708
-0.00400870588235291
0.00734968932234059
-0.00529835851554827
0.0192106536642678
-0.00257027927886999
0.0116818503982452
-0.00195275939847817
-0.000850752849406611
-0.0397615846682396
-0.00239401491748559
-0.015020904541447
-0.0239126691932863
0.00249610802433398
0.0152157319215098
-0.016168571756511
-0.00895579372090838
-0.00195639098030143
-0.0070008402968591
0.0137243752695348
0.00268917851220984
0.0153519286604622
0.0148464977243237
-0.0264763691702814
-0.00276576931164585
-0.00711838785464347
0.00884540020772073
0.000646054465086365
0.0186312860843254
-0.00851142686505935
0.0112329041095891
-0.0235708473700664
-0.00564188848570413
0
0.00353452695498979
-0.0089906479654337
-0.00645337647686839
0.0139319962176787
0.00259956366725067
-0.0189832024999204
0.00934489315943199
0.00355370803329258
0.00121148077926536
-0.00642220762430745
-0.00918035597189693
-0.0319561132255681
-0.00293000295858981
0.017043844335149
0.00115568715870773
0.000673400692835058
-0.00711399751338193
0.0162664602659417
-0.0072408727824016
-0.012475960052091
-0.00272107866431337
-0.0122783274523973
-0.00443959151105366
0.0101079770049362
-0.00323753556362216
0.00383858275272808
-0.00245122075598037
0.00530765687650203
-0.0153500197042435
-0.010028815510166
-0.000300892687087884
0.0125413868273581
-0.00416169251212239
0.000198975124378054
0
0.00656588758155263
0.0111681952955127
-0.0112402895365122
0.00276787256750222
-0.00285883275120602
-0.0286703108517982
-0.0130279796437659
-0.00206253478330887
-0.0128138683315243
-0.00167482467994173
0.00828353753957622
0.00519966700500563
-0.00434518914358828
0.0155860352366175
-0.0193370169702685
0.00417320822479317
0.0163116883116883
-0.00756489470455934
-0.00298723726849526
0.00196303335093462
-0.00969274047145563
0.0143689815246879
0.00913570127562502
0.00518769210024805
-0.0115361262902245
-0.0569205262080263
0.00531912705213444
-0.00237557496625007
0.0457842195668818
0.0197681219281272
-0.00842385068937235
-0.0011259058687586
-0.0114765349513899
-0.00777443756842089
-0.00679064974100874
-0.0133585463342799
-0.013859306592986
0.010594627027027
-0.0125160992987987
0.00552488366428094
-0.0012928571428571
0.000431510262076884
0
0.000431324141283662
-0.00668242085236503
-0.0308160142874995
-0.0321316950291088
-0.0438402907058516
-0.0254053459760298
0.0371152566314614
0.0326749958345303
0.00707000471801122
-0.0132351365316509
-0.0275250881158172
0.0207484296263527
0.00693215830181937
-0.0107350995589882
0.0363293469725092
-0.0103574321607395
0.00172514094508824
-0.0112513779851063
-0.00452856463555862
0.0262451874637168
0.0205728340336611
-0.000779596828381912
-0.021622848622126
0.00535430628109257
-0.0179037053824361
-0.011422614778415
-0.00992061157796464
0.0207473058883108
-0.0187088009566371
0.0185948214829375
0.0214904787467194
0.0225087423364443
0.0165929199868824
0.0196952879282852
-0.00341479034697245
0.0184174110549031
0.0203974553632904
-0.000103060275021272
-0.0183429408662105
-0.0153264640914031
-0.00948826195666541
0.0145301683551753
-0.0140038189262928
-0.00247474709544349
0.0111099019642962
-0.00352031157500132
0.0385397478411413
-0.000927780622043461
-0.0180561291385912
-0.0518020395461184
-0.00155141847410056
0.00466147624109836
-0.012925309752275
-0.00279798551310539
-0.00448934914678678
-0.00574966197574944
-0.011112404782574
-0.0141038414643256
0.00220975800617285
-0.0154346295795436
-0.00553975745119084
-0.0049781437129971
-0.00202499113847487
0.00680352120796757
0.00889152362516943
0.0236193072530977
-0.000803581669112763
-0.00344672560378312
-0.0187917574081568
-0.00364232165853218
-0.00200478766492496
-0.00153606291632036
-0.00650891124260355
0.00536039328268245
-0.0274881510073899
-0.0350877793594595
-0.0112373615367688
-0.0130251184529463
-0.0218657391400474
0.0256614160227888
-0.00116074282743439
-0.00219493875512988
-0.00517600938374752
-0.00611333270473469
0.0327182288853172
-0.0200228351274702
-0.0245700497977485
0.000795412965663544
0.0207974571677694
0.0221904885074096
0.000380931841345689
-0.00583765206201836
0.00804193301209755
-0.00582498409744225
-0.00394860517262507
0.00984659884321992
-0.00962393301729858
-0.0432169421201501
-0.0233863417509999
0.0106732208354345
0.0128621308846177
0.0195160946268174
-0.0317293705937868
0.0212593099867113
-0.017369358721012
-0.0001349750352857
-0.006612645252703
-0.035457152079104
-0.0142253802816902
-0.0171452640990216
0.0181712455564582
-0.0139920472017128
0.015928265737859
0.02622571116159
0.0151388333333333
-0.0188807918391458
0.00766982300473895
0.0451147925514865
-0.00648832123232213
0.0133280023101159
0.0143364989390569
-0.00233403777227537
-0.0181960094048347
0.0219750592801817
0.0281088871026769
0.00743348844273073
-0.016258066736594
0.0157640215731492
0.0214017391388801
-0.032594093461658
0.014439506565149
-0.00961413457930504
0.0085728693898135
-0.0142499875000001
0.0159777071268361
-0.00773842956546067
0.00641511949685536
0.00612420932072966
0.011801204968944
-0.0392878713058761
0.0241533418530351
-0.00948342911758704
0.0236836113763017
-0.0111986706571826
-0.00248906042287644
0.00199620706185377
0.0344913967000722
0.0161289837234238
-0.00521197595858758
-0.0228626450513464
-0.00658056316306499
-0.00736014502061377
-0.0260751365811949
0.0125619213947958
0.00952374650913224
-0.0125371775704363
-0.00791961000931696
-0.00734923992268732
0.00357425343754159
-0.00343430411723589
-0.00446710923974747
0.0149999743589744
-0.00606285224359859
0.0120726518725975
0.0261175543209136
0.007342131579269
-0.0134839771622934
-0.00406356365057947
0.0168150476068885
0.019576848725118
0.0413834476179713
0.0264543861658268
-0.0225370530805664
0.0131263667032717
0.00461915266743684
-0.00740154777170687
-0.0144616311272935
0.0102029114913593
-0.0153200857244636
-0.013022911594661
-0.00525451897775009
0.00633878374600805
-0.0128310505249836
0.0173697394790171
-0.0186991874262297
-0.00769324198587384
-0.0219465182226393
0.000243865853658543
0.00207272624016319
0.00352842186328206
-0.0126091290273109
0.0119106333027841
-0.0111637659913231
-0.00245425211570127
0.0199286871702709
-0.00687502077553881
0.00765126342731426
0.0147041217945749
-0.000950243474278745
0.00594459629123056
0.0209194655369405
0.00544108608848415
0.00829017865953197
0.0167865821628412
0.00393079510410166
-0.00682402960984485
-0.000788465879572819
-0.00822901598725079
-0.00500115918386579
-0.0051405642547343
0.00562643268464491
0.0058231786749674
-0.00499482370279591
-0.00182548769365687
0.0120014061493063
-0.0371583573847035
-0.0323753900293255
0.0280034556431921
0.0174527824014346
0.0112424781089764
0.00103147277936966
-0.00206081987913076
0.00321245969653705
0.00674744952544715
0.0302170059095423
0.00771856858047038
0.00733120699563616
0.0225939718139034
0.0059485660287717
-0.00760289358826483
0.00148967860747984
-0.00180626853571175
0.00180953704554132
-0.0338929334713258
0.0211151215220498
-0.00613892312630959
0.00791073914077511
-0.0148371677274021
0.0158245667082144
-0.000322292644557409
0.000107415364618335
-0.0189124762285079
0.0171960563900528
-0.00215360173941193
0.0127333551901014
0.000106584978296853
-0.00841680152975921
-0.00676907703878782
0.00562523787050528
-0.0114027217233511
0.00652881378609771
0.00421620540540535
0.0180859190234246
0.0133234852490218
-0.00156529267316496
-0.00365800585284293
0.00713311639288539
-0.00552024777585158
-0.00418936936983549
0.000420708867885811
0.00988220111809701
-0.0021861337119744
-0.00333853945411655
-0.00251227889157624
-0.000104963793630342
0.00724183466878503
0.00323015522319325
0.00363520984249277
-0.040463583994523
0.0117557915039279
-0.0146039444537669
0.00302898089508896
0.00237274587604897
-0.00602544639497649
0.00768563566850955
0.000537146870217997
0.0202920337158261
0.000526181211471854
-0.00788809407050706
-0.00159018336499117
0.00711401571458903
0.0138113445189529
-0.00207991879867231
0.0163609839137244
-0.00184559624572544
-0.0069851054336949
0.0193441919798116
-0.00192818142959028
-0.00284695481132602
-0.00734171510145809
-0.00832046242055384
-0.00652576127485227
0.00865388348852525
0.00103367792089482
-0.000722831504453958
-0.000516647737418108
0.00413566993242687
-0.0667216206737555
-0.0029787732014428
-0.005422219583195
0.00122386519438789
-0.0104455497376497
-0.00258285224313815
-0.00506639270434583
-0.00215008479743961
-0.00328873894307102
0.00910232118673715
0.000901961869388623
-0.000112594348741557
0.0224199859752143
-0.00165291460055095
0.0369757072180068
0.0376796286645971
-0.00625706239115931
0.0263212539116822
-0.00321833450668818
-0.0110987689325116
0.00816239142613218
0.0103228825083066
0.00921564641459205
-0.00258066501240695
0.00895612516581012
0.00700265319067617
-0.0138099512989216
-0.00119179657976387
0.00755694541115637
0.020329586098301
-0.00715733636867533
0.00185089134240823
0.00301444974774223
0.03082888936832
-0.0090284866165995
-0.00360638691449977
-0.0063815412207171
-0.00268403949386498
-0.0117262686300821
0.0180898657848669
-0.0130875238823082
0.00087120319177636
0.012088974621103
0
0.00516005723535495
-9.50850823255855e-05
0.0050389712873169
-0.00898682252376137
-0.00324555167534257
-0.0070867459698668
-0.0111883005401235
0.00604762015355886
-0.00979253451418005
0.0103789780783015
-0.00746200198736313
0.00976371821448385
0.00821890365923239
0.00412390920084138
0.005253132910787
-0.0178622042755344
0.003869536503738
0.0238026507796854
0.0222138558398692
-0.00561694301320337
0.00675991308009838
0.0156364696869347
-0.00244517302019875
-0.00862464805039231
-0.0109889838183787
-0.0131481296296297
0.0105084910769659
-0.00371396482025899
0.0112767844004626
-0.00755690705820822
-0.000371436523884605
-0.00287975842304211
0.00074531398342903
0.00418921065330857
0.00417166021586191
0.00775483751846395
0.00567969015464675
-0.00355255969714485
0.00393089865555241
-0.00136588963758866
-0.00729456564775366
-0.0199320835877996
0.0097469637229699
-0.00222756640481836
0.00409304186046522
0.0201037517119926
-0.00962671864838138
-0.00027515817674939
0.00376080546030466
-0.00977793109750535
-0.0152270393574471
-0.00496672294036837
0.000941787530608362
0.00159952955964915
-0.0195396341814833
0.0115933598277276
-0.00123134113977375
0.00512092001292341
-0.00858567805615018
-0.0136086788426212
0.00395558120683859
-0.0018258216764524
0.000866429165309546
0.000577125823173708
0.014228062321517
0.000758312796208527
0.0128812272612007
-0.00953809595028809
-0.00396523799028026
0.0161137156398103
-0.00410443108501202
0.00290369046639771
-0.000373596712430979
0.00551251056257596
-9.29381130011508e-05
-0.0189573550882134
-0.00748319598370739
0.0114526055683584
0.00245324582600737
0.00517698616673545
0.0103942409364712
0.00352175155659418
0.00969710943569546
0.0105186223265596
-0.00280598290715095
0.0304983304075217
-0.0138289440132913
-0.00321544304408217
-0.00456991047616329
-0.00189035023459716
-0.00496027250072895
0.00353484086767253
-0.00632229040532606
-0.000545337226286358
-0.00582028924900224
0.00713499817050867
0.00345145328703822
0.00724109321394573
-0.00251616644964203
-0.0400000180180181
0.005442952429485
-0.00083998507410854
0.00728630526054252
0.00157653711255623
0.000462990740740743
0.0152706520517172
0.00793074771004787
0.00217055259111865
-0.00460242766180707
0.00262912957491035
0.00551587866953174
-0.00908268909395737
-0.0111625644584343
0.00137667035037325
0.00669044994326407
-0.000819337247608742
0.00346238724373582
0.0128030876092733
-0.0155997667599088
0.00792345151393126
0.00641546049363795
0.00404026766134669
-0.0311186974672503
-0.00673737898915328
-0.00213718633700455
0.00661140708270236
-0.000647539327429003
-0.006294557125748
0.0132277505957663
-0.00809044795689384
0.00945412002460011
0.0103755115094846
-0.0162668210081169
-0.00452654041570444
0.00547509269719582
0.00138442088388402
0.000829456221198122
0.00570957751946133
-0.0032964106152954
0.00624713837844992
-0.00438232451732246
0.00183399353047231
-0.0129062151029748
-0.0157640677212191
-0.0121537687220066
-0.011349489963748
0.012540950702645
-0.00514482664962668
-0.0289216247638695
0.0187376820761798
-0.00329142294410201
-0.00951822076066644
0.0034320355923112
0.00214991689338584
-0.000682593836686785
0.000878190840802429
0.00477720581066587
0.00688918119326964
-0.0104075843810615
0.00856946131912606
0.0112001834508062
0.00114575572006803
0.00953743461206358
-0.025224355696256
0.00697811591393682
0.00394606344665904
0.0182149461837782
-0.0110158931458044
-0.00447449538771438
0.00650282107679079
-0.00665080285035624
0.00401719739788042
-0.000285786412443589
0.00343054119629227
0.00161441590842104
-0.0129895040012372
0.00874163321309585
0.00457095506007121
0.0163048728088895
0.00830145516557645
0.00351530996328053
0.00165930120779967
0.020246612543839
0.0229117894379236
-0.0120811549897504
0.00865840407621521
0.0176991150442478
0.00382610434782604
-0.000866302826294185
0.00390155206872045
-0.00310908538639698
0.0104825348696178
-0.0057441529984924
0
-0.00612226432592677
-0.00321015958337389
-0.00974847253676103
0.00219741589691691
-0.000613927397314362
-0.000614304535698995
-0.0109764667450772
0.0037290776097596
0.00566120285728777
-0.0124021723563695
