0.0170449132190185
0.00843100949144526
0.027222654420419
-0.0167742133995038
0.0143347973820875
0.00109467552464149
0.0165026748783248
0.00635698777506111
-0.00272107866431337
0.00652892204651367
0.0156840254072608
0.00695829732310371
0.0136312288302842
0.00429584414837803
0.00697414908895166
0.000369387751690819
0.0066463674578352
-0.00265933967924792
-0.00128722873690279
-0.0076413365593444
-0.00890619715273966
-0.00336984923018158
-0.00413263826305399
-0.00367820431649724
0.0101287392098517
0.0059975541748436
-0.000838341887998917
-0.00130523025722118
-0.00130694544510046
0.027481724785519
-0.00118265104044124
0.0056471718221407
0.00443798552892005
-0.00423807025720335
0.00498055781943307
-0.00693822291570856
-0.00163324563681366
0.000272643826889407
0.00517898428455377
-0.0056946309055762
0.00681818181818183
-0.00830697968397298
-0.0116543656258878
0.021925351766227
0.000270431803840232
0.00937275603255916
0.00401783035714276
-0.000355651410110736
-0.00427011816492773
0.00464573394085588
-0.00275676307932671
-0.00864991090288847
-0.00710624281921823
-0.0200217345539518
-0.00656373313420977
0.00930578828685835
0.017979024690937
-0.00733634607965417
0.000364972634397276
0.00428677493877028
-0.00672053395040839
-0.000731480276177643
0.00924148587023987
0.00915679938830083
0.00332406797815255
0.0230121776504297
-0.0990809628008752
-0.00563491693383855
-0.0146555938379207
-0.0153693111625048
0.0112789019754611
-0.0157339377760195
0.0130514068414167
0.00439431751905461
-0.000397742865665629
0.00925096995176533
-0.00778632966475767
-0.00208601374959805
0.0061716405153458
-0.00168181634978593
0.00495491011971416
0.00374713524318571
0.00707339613838887
0.00107307577654714
-0.00896517221890947
0.00255655858082271
-0.00186349550670351
0.00540437276420458
-0.00351838350273648
-0.00098075716928947
-0.00127624188811859
0.00196595885286666
-0.00421858137937803
-0.0106404137931034
0.00298748263269233
-0.000992831602533384
-0.000695686721456257
-0.0107409444831146
-0.00753996172172555
0.0096231461748062
-0.0114377347534411
0.0175581347565019
-0.00658292426525187
0.00662654631780213
-0.00349090358087167
0.00340302258420477
-0.00369080299251867
-0.00620739906510015
-0.018134222886677
-0.00841370827430432
-0.000517415154360656
0.00704007690403063
-0.00339256718595349
-0.00412627389877718
-0.000725088038894928
0.0038353373708373
-0.00165216859364592
-0.000103454695904004
0.000310323788358824
0.000930754940974943
-0.00661224293199458
0.00416017672053726
0.000725012924132074
-0.00496795679047946
-0.00790515922514212
0.0218075284695174
0.00153911349824654
0.00542975099447029
0.000815182400806691
-0.00122177762958886
-0.00682974529724245
0.0342809914810633
0.00476335232995995
-0.00711112098765432
0.00845516769576404
0.000493223530081632
-0.0130138913536429
-0.00889022066836265
0.00423299733689797
0.00722603379391829
0.00169388200783316
-0.00557045663553635
-0.0054016304351141
0.0124710650709041
0.0145028213867651
-0.00215404882465631
0.00166811886299212
-0.00117557795502388
0.000882738337414146
-0.0060754824279623
-0.00897173420092678
0.00397931766750848
-0.0104042312803059
-0.00650848082982436
0.00262045955835055
-0.000502643732328667
0.0117670521975257
-0.0049701790252521
0.00409594413778103
-0.0123371303882771
0.00352579843434464
0.00843200135217814
0.00537528374850971
-0.00930695049504959
-0.00099939038575636
0.00390155065927922
0.000697558558994782
0.00975905217604156
-0.00552274150842724
0.00545421481373332
-0.00631224979102729
-0.0134987692307692
-0.00452758833411393
0.00414388509917352
-0.0205334679523598
-0.00411051287864572
0.000309544925826355
0.00268201975073179
-0.00555548371056014
0.00869021275852622
-0.0206154051282051
0.00272281920039408
0.0126370652741514
0.00825085610819776
0.00112521478876393
-0.00705019902778581
0.00308708582012751
0.00123097041759435
-0.000102479510296738
0.0037914029630659
-0.00745198047623497
-0.0115190986880871
-0.0141504628639011
0.00390504485488119
0.0506728222033384
0.00950567321381479
0.0050550401928342
0.00946744557263424
0.00381007225664254
-0.00107056934306571
0.00292286635739347
-0.00495436166787722
-0.00283121155911359
0.0126297338224959
-0.00425410422507988
-0.00165062630644974
-0.00953125851001746
0.00873926782165224
0.00165481354069463
-0.0013605441912431
-0.00437917469094651
-0.0123154630498574
-0.018901572917321
-0.036614858146206
-0.0109936444143306
0.0229726659217941
0.026078910051089
-0.00514375178731719
-0.0100364660384881
-0.025089656424175
0.0158613660460514
0.000620390865684994
-0.0151905967301001
0.0275970295614787
-0.00898597978147664
-0.00236994325492201
0.0037182400330511
-0.00174931055772798
0.0361817846370109
-0.00437718874981674
0.00539569333741619
-0.0228583078058545
0.0135272782750204
-0.0114400399108873
-0.00954219856781657
-0.00071743363738852
0.0129230974358974
-0.0150871301116418
0.00894419684211556
0.0056042694681504
-0.00111460125413732
0.00811518547139012
0.0216341523938666
-0.000984920722790439
0.0079857832988266
0.011150225178995
0.00290194436743896
0.00704093364197522
-0.010631174767506
-0.00425945776594028
0.00913865439297457
0.00144502885997011
0.00298225116831907
0.0028773834092195
0.00669475911810946
0.0111153142482365
0.00347649159071683
-0.00580527137251108
-0.029007364852138
-0.00455869068009096
0.00818478051792204
-0.00434912530831033
0.0150456517679765
-0.000860638806541081
-0.00459420928615395
0.00221156730769234
0.00729151854672794
-0.00933418438583078
0.00317271410109199
0.00440873124051122
-0.0209924135212096
-0.00799219313824928
0.0133621537960518
0
0.00523561184056254
0.00405090663580232
0
-0.00489915475310576
-0.00183409602602935
0.000870367488000623
0.00666733030567856
-0.0112305432904589
0.0132996308455562
-0.0103467525487666
-0.00977736660859541
0.00948285258106507
-0.00784432485290876
-0.0125914400954057
-0.00691978027205298
-9.95620157232535e-05
-0.0297660337411458
0.00420689517963169
0.010524154168055
0.0162790694382393
-0.00507414177546228
-0.02
-0.0113265408163264
0.0114563010780917
-0.00775512244897958
0.00102836283480801
-0.00349287049487856
0.00742269072164947
-0.00644704250463524
-0.00885768910733087
-0.0144446322006245
0.00991146182671709
-0.0141992171037713
-0.0192755776165131
-0.0130669441267158
0.00295442611833274
0.01461920075849
-0.0256989139784947
0.00595961807792067
-0.0121777397218269
0.00344288090356626
-0.018262324698668
0.00417139811177214
0.00931853598293486
-0.00533931022604417
0.0168866252938185
-0.000659815242494366
0.0014305821030951
0.0241757912087912
0.00944211403783624
0.00648384339957842
0.00675889731209423
0.00965066590473795
-0.00914282597402605
0.0202369711574824
0.00236378204428211
-0.0144570492613253
-0.0107158444429095
0.0227153653471601
0.0134704164524422
-0.00263793633599696
-0.00854531001387671
-0.000923414743724704
0.00667550559693431
-0.010712059091371
-0.00103122614178375
0.0087746255153931
-0.00286531925025246
-0.0091338154939693
0.0187467420379055
0.00416832041309156
0.00860591298792879
0.00782974278770099
0.00896415320788546
-0.00671273425332486
-0.0105347343311052
0.00311375056476004
0.00951233575110644
0.00466178337631429
0.0012834139472464
0.00246499709061321
0.0204583657019448
0.0119517879518072
0.00152399279024662
-0.00275797426993873
0.000190692349888444
0.00524411723619722
-0.00350945651142953
0.00989910546162398
-0.00348722909495247
-0.00245911276480337
-0.00493034981577367
-0.000666984297293394
-0.00915330880491916
0.00721709020818118
-0.00649660851240297
0.00307721902254476
-0.00431403517043494
0.0131908529444362
0.00294590887733803
-0.00435852753118704
0.00437760745379512
0.00606404201190025
0.00621582218873606
-0.00627104104346832
-0.0111142509393285
0.00504809039047704
-0.00426456608030434
0.0110402874274294
0.00216507571782709
-0.0145594121224818
0.00152507858068507
-0.00295039497477867
-0.00362738633777415
-0.0121670438446172
-0.00940744826488749
-0.000293694931404964
0.00568015859680582
0.00934852450387513
-0.0115774720390261
-0.00644212805589439
-0.0111012573818523
0.00983506815676272
-0.00550915877011005
0.00207742613819084
-9.87364235319754e-05
0.00217199129063084
-0.00413758242266615
0.00880410560111211
0.00313787007831334
0.00146621696579996
0.00517331396310339
0.00106810057094298
-0.00194002335590349
0.00155509769224516
0.000679281882213889
-9.69937908167351e-05
0.00737078840683947
0.00789447363354756
0.00267455339240508
-0.00428697719074989
-0.00841942236182802
0.00086842918630281
0.0015424274112863
0.00308018099027985
0.00777274741169509
0.0102837652909094
0.00537229039344567
-0.00674979857035352
0.0119868243129824
-0.0262077688285043
-0.006129747873585
0.00886580925698599
0.0157607600389575
0.0129772903132326
0.00594132931729185
0.000830527862398123
-0.00673117584318605
0.00120680466759371
0.0154844601851547
0.00447411443957568
0.0025452140251756
0.00453350254299112
0.00640851154067601
-0.00421525560538116
-0.00117082771476928
-0.00234448147259725
-0.000451943243419572
-0.00632965933012597
0.00427702251594342
-0.00235595322258109
0.00245236153410278
-0.0142248795626108
-0.000643382335200893
-0.00579421486818132
-0.000832525454810829
-0.00509214878081388
0.007723822889669
-0.00415555449112981
0.00880939387275204
0.00156262522692674
0.00633262671010115
0.00209753758144027
0.00928289978020302
-0.00892694303107411
-0.000545955762134231
-0.000364132915141258
0.00391585472936629
0.00226777943156353
0.0007240655393983
-0.00669257483946817
-0.00355094230081132
0.00182745793443972
-0.00282740790612379
-0.00347576139255901
0.00156040389794598
0.00238264289637158
-0.00146275374280735
0.00256362385493847
0.000821881278538772
-0.000821206344418512
-0.00018262100456623
-0.00493241674463596
-0.0120250135482832
0.00854785864204755
-0.0155688802698606
0
0.00205877782089847
-0.0020545479631201
0.0024331087176388
0.0114824025910456
0.0120905032227134
9.11362359607981e-05
-0.00419439234420349
-0.00338799563582082
0.0107497798879008
-0.00690848092158025
-0.00951945995423342
0.0106275021775022
-0.00164594914369098
-0.00604509067594805
0.00589759507641707
-0.000366443738862521
-0.00293255123902436
0.00229779405428876
-0.00320959184201042
0.000367994490377166
-0.00404630318275334
0.00110798704225346
-0.0035971131451229
0.000925650290897417
-0.000739794712100061
-0.00601574254468096
-0.00223461820792148
0.0120380081359459
-0.00562472122521129
0.00714025434496479
-0.00487983606592546
-0.00351596033464174
0.000557149504841759
-0.00853754624095127
0.000561643600211381
0.00542564068427231
-0.00502419971089874
0.0267439774313825
0.0203096169314312
0.00598052312755981
0.00541260883973216
0.00811936295330273
-0.0115556243135176
0.00239124958316372
-0.00326914649231325
0.00602783451870992
0.00528679188099024
0.00534666510111892
-0.000610287723024072
0.00915993219471178
0.0050138485477178
-0.00490280397552367
0.00509980974846891
-0.00309598385875454
0.0043996032505107
-0.00068712531134596
0.00180489904262826
-0.000171559714680081
0.0178479662103315
0.00303490128895034
0.00521091766992132
0.00443142983999056
0.000249787736197105
-0.0241345031912615
0.000170535559090412
-0.012534115045482
0.0101027978603367
0.00461612229570552
-0.0120830414929299
0.00172269598144181
-0.00283750637564484
0.00137963265172347
-0.00800826680465694
-0.00190967018861987
-0.00295707071776641
0.0038381280865154
0.000260679522755103
0.000521214485959431
0.00199708260826736
-0.00545931532999455
-0.00740610806149966
0.00228232096703507
-0.00236465230338068
0.00289697119139776
-0.00148807775714432
0.00780221793635483
-0.0060021051322382
0.00603834793134705
-0.00434933893832068
0.0138913508115617
0.00809991362085527
-0.000512847260669136
0.00992043102711015
-0.00897617948941243
-0.0675040764547901
-0.0346375799863717
-0.00237304228520252
0.0176022743597006
-0.00832163651206086
-0.00348855371466239
0.00444698638571306
0.00282587592969574
0.00826598730289296
0.0108068198549216
0.0045161105990783
0.00027524544041202
-0.0165106957396083
-0.00298450845938714
0.00767071080129633
-0.0194949682557095
-0.00501805515002685
0.0103721004994615
0.00517991147108665
-0.00908836290391557
0.0104954706789813
-0.00860864577686971
-0.00018873997702884
0.00160481450014149
-0.00433552317314834
0.000851987891442363
0.00160785959686405
0.0078375919199698
0.00712072499426419
-0.0061400689578579
0.00851816889416512
0.000556942650026926
0.00324674387996082
-0.00952380010127052
-0.00569455734611957
9.3840952138935e-05
-0.0081674335758759
-0.00567911962746581
-0.00257024266815109
0.0134567953183509
-0.00150676143691952
0.00594176182157646
0.00600036542282534
-0.00838770712802317
0.00216160710222546
0.001031614021334
-0.000655799150380276
-0.0157495081231744
0.0136203450542023
-0.00629579038330752
-0.0143734940898346
-0.00470118954136456
0.0108926645631899
-0.0073424714214988
0.0034582229290725
0.0102431553728046
0.00227421588433829
0.0113454101733594
0.0036458819889138
0.00242177717565406
0.0112432537285843
-0.0125884680218971
-0.00856130661233301
0.00356670730648867
0.00402169854137102
-0.0027945505876954
0.00354971498692991
0.000837726891929513
-0.00939355494959704
-0.0132382309034226
-0.00903897257923825
-0.000192078728908696
0.0111399599867461
-0.00750309613920508
-0.015598057416268
0.00311071245910255
0.00222885934240025
0.00348096119669239
0.00404700331515695
0.00499044160241202
0.0116501240293152
-0.000660741916920227
0.00887876616004246
-0.00786440422927448
0.0159479379451926
9.28292739057479e-05
0.00260052944368017
-0.00481701727143158
-0.00698129014241833
0.000656167979002475
0.00262294145199071
0.0178454920848874
0.00835318508622751
-0.00418751942080142
0.00795322248791686
0.00299287134059734
0.0025319378798061
-0.0113646790466849
-0.00383175801631452
-0.00109902003665152
0.0110020812322362
0.00671084628758978
-0.0120710204112958
0.00373852473308145
-0.00272531790106612
0.00737836588976459
0.000180893396541926
-0.000813705805861042
-0.0115816054537171
0.0102526823554134
-0.00135920622182673
-0.00127029308837945
0.00454256382302165
0.00533602242923048
0.0112450517723983
-0.00338052652324428
-0.00178520933486759
0.0103728514643147
-0.00362860436549439
0.000888239458372242
-0.00470356762513313
0.00954078449325402
-0.00821409637684067
-0.0400748059482162
0.0173485757737399
0.00574500252617183
-0.00108806781133308
0.00989383697728652
0.00233682361429399
0.00475256469025909
-0.00169568937896425
0.000268174501446783
0.00464746630304291
-0.0132551013875953
0.00468809961572481
0.0201902365364279
0.00430994802867546
0.00507971623751957
-0.0160334957122081
0.00371942975060979
0.00432332819210601
0.00676443807846017
-0.00916226019480382
-0.00176138260427883
0.000441146897947053
0.00343914456015626
0.00966691264902964
0.000696335631441558
-0.00530573188391992
0.000262311994908115
-0.00410875954286871
-0.000965589904592612
0.00755645387147807
0.00331390081649774
0.00999560165157054
0.00817560262071271
-0.000768279969811769
0.00273363237200819
0.00443009893755586
-0.00262939775013749
-0.00527251484896729
0.00735232104511985
-0.00483747764003262
0.00349646932463821
0.00467411412720509
0.0059211385051503
-0.00252266233640541
0.00834596168405088
0.00401300055168474
0.00582900344171877
-0.00894115399502315
-0.00593099161248845
-0.00672271428571436
-0.00423011855067978
-0.00467285483448221
0.00827999132257795
0.00677273094888098
0.0054658763112323
-0.0101195868528895
