0.0364311324410993
0.00716573081724792
0.0446110942291877
-0.0345144954530235
0.0239275686572438
0.00512051931401092
-0.0166727956342422
0.0243028815258899
-0.0145300168204895
-0.0097051228180246
0.0371277317057745
0.0159004182427842
-0.0197656742646574
0.01432481777965
0.0232976886443768
-0.003252487636208
0.00273390953994102
0.0024626737677047
0.00394803463902349
-0.00769026479070178
0.014266798390133
-0.01875484967882
0.0102645427791428
0.00113869670033617
0.00192470686111879
0.00165911635502392
0.00897915621113388
0.028339373221693
-0.00268862382848156
-0.0454085858148758
-0.0612478609345664
0.0222806706134999
0.0346698921219402
0.00746596733684179
0.0104984827613319
-0.0323031689165081
-0.013803663435715
-0.0100631142633448
-0.0155253674847552
-0.0643011270468518
-0.00220707263242381
0.0025135733210695
-0.00521509382424112
0.0158282081696095
0.00565700663642299
0.0102635051758906
0.0225651746830564
0.00152842949942666
0.0113506585788119
-0.00320661136665668
-0.0148547541895212
-0.0202650877756889
0.0154886184591978
-0.109469991677575
-0.0310027208672087
-0.00906138280636981
0.0213366330698435
-0.0130429975346191
-0.039310135073243
0.000349720218578931
-0.0210930898751448
-0.0105952261904763
-0.0096258331172443
0.0262422919752714
0.0365809987382384
-0.0174737212762384
0.0278972570951674
0.0229559990953294
-0.0192349991071744
-0.0277276710129883
0.00069554832609442
-0.040199281742354
0.0277610628306835
0.0580151953490264
-0.0120989682361624
0
0.00808989887640443
0.0139322334604075
0.00109925248874077
-0.0110903920061491
0.0167666226241756
0.0153980888937426
0.0140890294443206
0.011666115052857
-0.00608031246546092
0.0123405234118874
-0.0150031460199057
-0.00719272258099513
0.00213080117056452
0.00212634493145547
-0.012730786914263
0.0171932735266125
-0.00369750671043712
-0.0208885806571641
-0.00303225051038558
-0.0169454489886041
0.00353591160220978
-0.0415106474344857
0.0064330612372292
0.00673434531749395
-0.00453507951933374
-0.000113917991551804
-0.00523976528944348
0.0182067555660885
-0.00494821198713935
0.00418167933380387
-0.00180074286552034
0.00248057272566071
0.0029242378619172
0.0215318834032046
-0.0114172032678539
0.0200999215957827
-0.00762025900696428
0.00351030041639744
-0.0090730320592578
0.0328736341340621
-0.0073693797085137
0.00247467177803595
0.0159923369323245
0.0137333081033886
-0.00135469988906523
0.0181571320430527
0.0177308906426157
-0.0182276429538477
-0.0105651761322223
0.0248808005896828
-0.00971069178929096
-0.0215526144728782
0.0286042172606304
-0.0191819752276664
-0.00124174256251808
-0.00290094289994647
0.015793890602533
-0.0120703761851396
0.027852505117985
-0.00251838428080142
0.0152494652166066
-0.00676416001953806
-0.00550821242880739
0.0212487506168555
0.00236661069454258
0.0130841217297761
0.00485531156956753
-0.00415539222587757
0.00116443470651828
0.00426483482145645
-0.0154425150521907
0.012155651168402
0.0182082033898305
-0.00228286889421292
-0.0050528935556573
0.00134150056207849
-0.0913875885167464
-0.0636123558803272
0.0165334938012149
0.0185881949077735
-0.00467087778993858
-0.00480186635824065
0.00734728572546794
-0.0165469734754302
-0.0161611585636997
0.00900093414719638
0.000446041480820503
0.0191707643873078
-0.003280872631652
-0.0261136386450915
0.0199413808034841
0.0226444606499994
-0.0071290125917256
0.00228458447094382
0.00477589291574598
-0.00270065896078642
-0.0296793544194107
0.00435363910797859
-0.0303434808231245
0.00435585750471934
-0.0458799915813743
0.0081339834481815
-0.0122211558165776
0.00072069669669661
-0.0391308975904667
0.0164896933233094
0.000245741664775423
0.00761768039830057
0.00378000234654285
-0.0266035349854227
0.0205915644799037
-0.00635848626019186
-0.0253507869714303
-0.00542929313494789
-0.0144725154680404
-0.137189158979357
-0.0337414436962626
0.00679856293574543
0.027163841180857
-0.000747093978783808
-0.00508367247683938
0.00676280422658837
-0.0255261837744792
0.00337011340946858
-0.000458000000000069
0.00290213833966502
-0.0281754932576611
0.0454473899788843
-0.0130415681763089
0.00653099978924665
-0.0295759633126287
0.0158607375481492
0.00382672573620924
-0.0010673985645806
0.000763181170411187
-0.0154056594083481
-0.0447715393599596
-0.0120013298734998
-0.00147728172939199
0.0440571414086095
0.0754212746156913
-0.0181552700663865
0.033850343985993
-0.0575509286729863
0.0309152911487782
0.00697744942135614
-0.0257997928409319
0.0289042969459961
0.0180909403762595
-0.00346717706635113
0.00681348187242037
-0.0262059046597222
0.0325300177079704
0.035085162964767
-0.037078044231849
-0.0354885211347276
0.00715036528304913
-0.0134596063679987
-0.0509744850513261
-0.0235386733576409
0.0160167931399968
-0.0528662269564686
0.00773367518493617
0.00183516853245203
-0.00349706916731163
-0.00317510026737977
0.079798857341195
0.0204936953582551
0.0330138277948961
0.0387333861934203
0.00326106625919564
-0.0175240950388893
0.00704840364132919
0.00271382651867369
-0.0132478638140112
-0.0343582806853594
-0.0224248769984284
0.012540143944642
0.0149523941240355
0.0997024598081455
0.000811867366390606
-0.00148730396818952
-0.0253215308143949
0.0376493315789388
-0.00575712931430916
0.0080797062192377
0.0157627569361107
0.012230404889132
-0.00532678958910238
0.0232497132510374
0.0191473075898549
-0.0293085686026336
0.00283872258064521
-0.00939273019309406
-0.0454604505899584
0.00884475462905865
0.00822769096611387
0.0121739665551839
0.0175785610584953
-0.0185738412410402
0.000264743257404554
0.00740932766844882
0.0166798662553174
0.00607147623968607
-0.00924490277009127
0.0195696464712469
-0.00330486852179668
-0.028057708044499
-0.0132528803733484
-0.0140957186474355
-0.0496358247860241
-0.0359068838476706
0.0462240541734136
-0.000422104966933845
-0.0489865280266537
-0.0211663860617638
0.0219265849959134
0.0244155216213222
-0.0336559424964924
0.00418532125006532
0.0278357100327478
0.0434467758096984
0.038445480703172
-0.00294041700080183
-0.0285522393713737
0.0117289773460882
-0.00872885979268945
-0.00192623830489824
-0.0245381717047399
-0.0100339030516138
-0.0478230671881629
-0.0650674092234217
-0.00881975611257602
-0.0137518522285738
0.00524934391813225
-0.0577675760079566
-0.0103914613650341
-0.0392019082814475
-0.016393478455611
0.0075925925925926
0.0165410953868774
0.0439342064014787
-0.0536890005649808
0.0411786244725225
-0.0184566535147944
-0.183739219197708
0.0511188656814889
0.0192027134209978
-0.0628712650882135
0.0583479483543683
0.00516208961387576
-0.00986029170090386
-0.0329875511828309
-0.0392620030194808
0.0160786292112245
-0.0474725274725274
0.0486848407937239
0.0464246414428022
0.0130361435442359
0.0350767745952678
-0.0294765796967431
0.0663222906478391
-0.0337144345337252
-0.0038098857792237
0.0136876207729468
0.0232326842090411
0.000776266267732861
0.0174520263719218
0.0350676570408297
0.0414288337059687
0.0164427330897678
0.0410505464932842
-0.0502923659245569
0.0246305770584094
-0.00549457398713682
0.0298688546225434
0.0060351381044379
-0.00783197826468862
0.037285807234031
0.0260686698856434
-0.00725893967585522
0.0100143220473692
0.00361975128077208
-0.0340285714285715
0.00633123397179336
-0.00500083868363155
0.0142672016861218
0.00367647052946807
-0.0095556934295955
-0.0221900309083459
-0.0220358490045083
-0.016647065467512
0.00889192886456924
-0.017796593220339
0.0267471781406872
0.00134457142857136
0.00637792862108344
0.0325216983409222
-0.0092069132611855
-0.0055428757743724
0.00885247540983602
-0.00633732521388808
-0.0165168105799898
0.0786498849127018
0.0175735925278129
-0.0180276013322952
0.0320888923171863
0.017488758819469
-0.0185103863669752
0.00179616829205731
-0.0173315852383087
-0.0346661867720628
-0.0255158757122105
-0.0134151933637497
0.00753602543355147
-0.00780487804878038
0.0314650770239264
-0.0187480301675886
-0.0144106060366129
-0.0170855432410965
0.018552514840297
0.0548080087759766
0.0090230555230717
-0.0117175915553871
0.018252715078088
-0.00474947164468242
0.0121613456305627
0.0355892927756654
0.00161552366664841
0.00293262476243217
0.0185671924395558
-0.00315775809265861
0.0236140974923296
0.00253201589714536
0.0336747734113136
0.01099504577155
0.00590755883831018
-0.0108114925470234
-0.0350829707855489
-0.0167809252753204
-0.00440901733491716
-0.00228577142857145
-0.0405211077045308
0.0091031335889229
0.0181898098998901
0.00159769067821891
0.000725101518635585
0.0466599175000748
-0.0827911221324468
-0.0600754716981131
0.0112413842942027
0.0400190084164045
0.0245839066906064
-0.00774956804022564
-0.0467107375575024
0.00299352445259915
0.0152371504869622
0.0434783402511996
0.012158955748548
0.0297392168256896
-0.0149381559974655
0.00505485283231799
0.00761613781383175
-0.0134056326266841
-0.0180688060132986
0.0284116148976887
0.0914686359652357
0.0258360786885246
0.00153407055057442
0.0217003457595275
0.00637183900085159
-0.00881448756743064
-0.00212923357360884
-0.029120121228069
-0.0262443187134925
0.0169941317047266
0.0043081202169224
0.0327570128688417
0.000251781003843154
-0.00792758263586779
-0.0124301756687051
0.013228846477924
-0.00659140583840045
0.0109735864116274
-0.0170390754623598
-0.00333839252715951
0.0410975892386913
-0.00717726784252604
-0.00124649129079546
0.0248347195120948
-0.0141257179447497
0.00308794470217322
0.0129294792873966
0.00765860667010432
-0.000844480647176904
-0.00615795701521371
-0.0139714983348681
0.00985701035697328
0
0.0239140925318948
-0.000476656350730686
-0.0712922653061134
0.025417136703026
-0.0359288320954745
0.0218153480894598
0.00787896790242781
-0.0210566012118673
0.0198351496629978
-0.0457186410709777
0.00132353100379912
-0.00356866224855068
0.00212235047250764
-0.0211781063728086
-0.00987148113068892
0.0262223159488895
0.0159701492676356
0.0281635068463981
0.00560583528107639
0.00291402508551863
0.0179383265316662
0.0326383337642508
-0.0294435407936972
0.00643879379794976
-0.021899594265497
0.0085534591194969
-0.0245697306061363
-0.0375911269350609
0.00571276759848938
0.00977549576389025
-0.0112506538134315
0.0469700305115104
0.000631909539943631
-0.0329628694114678
-0.00104482173174869
-0.00392202912595174
0.00104994090956967
-0.0115379314883152
0.00358144320972853
-0.0347608361215523
-0.0288922501559941
0.0193175837371005
-0.00179827082863093
0.0547394232406084
-0.00315330438637096
0.171213885413976
0.00720232942603727
0.0189943798882681
0.0382675999430133
-0.00580845905991223
-0.0214573616046034
0.00119409462025311
-0.0138784122125638
0.0319956470146998
0.00213080117056452
0.0349776745689492
0.0079096560433416
-0.0196698016815184
0.00114358038998685
0.0499480565955952
0.0314508947537249
0.00536961352603682
0.00438721992154911
0.0176621406829769
0.0181954374954825
-0.00751466255000011
-0.00277011072658973
-0.00898149074074073
-0.00682048030291016
-0.0117591718224128
0.0198952493128439
-0.0133470227118446
0.00529749319172734
0.00922182203505661
0.0114685594405595
-0.0149336463421742
0.0112296180869398
0.00481217850846161
-0.0218272513938617
0.00461348276634488
-0.0104966732098409
0.0353286221760063
0.00512309038739533
0.00254845719809449
-0.00699051280997709
-0.0294385910432965
0.0258100781533506
0.00330578506325474
-0.0248947551730778
0.00478695321206168
0.00168145721583945
0.0353445294597261
-0.00513421019098037
0.00669990964327516
-0.00971311251527818
0.0317863951340804
0.00572133609962733
0.112025168702518
0.00944433353446139
0.00397636846937344
-0.0175506867267007
0.0267172314170068
-0.0215567250870484
0.0122747505633725
-0.0181888543267247
-0.000554192075911453
-0.0125950255480834
0.00633774558623768
0.0133928649012616
0.00519191303039856
0.0079041634677115
0.00302818558271056
-0.0102182386710611
-0.0143125448591228
0.0230103469254173
-0.00674780925490304
-0.0559112612199166
0.0268817199854141
0.0327024159049147
-0.00140400897100013
0.0416308837118713
-0.0326185210511509
-0.00224784133973499
0.00823491292545908
-0.0125597550667265
-0.0300428496313467
-0.0186645208689175
0.00795207391493502
0.0101667346929664
-0.0167471340599147
0.0346380191294295
-0.00846853199000441
-0.000718366863971642
-0.00159760361694061
-0.0398431560899777
0.00308303469572491
0.00365511722018064
-0.00107596424433032
-0.00936286337952019
0.0307795254396039
0.00324570761515264
0.00428663057494849
0.00708709844708211
-0.00975610532372406
-0.000484575620050332
-0.0218954436914143
0.0242854951971831
-0.00475803225806448
0.0206627900279461
-0.000238162910750628
-0.0381164377034861
-0.0151902587762798
0.0139156340521784
-0.00901195557698109
-0.00342069077740126
-0.0519882725488892
-0.0157188187163338
0.0188408309603521
-0.0022894945806532
0.000882603683602712
-0.0342152110367687
0.00127836928264347
-0.00711295797508815
-0.00238789499599279
-0.00846995005146522
-0.00315688031077666
0.0149031108895015
0.024963298687255
0.000179056232091579
0.0226500095608777
0.00175082723231657
-0.0198374202569257
0.0148894252892502
-0.0185364224099723
-0.0592553073822475
0.0133206662858356
0.0338027981220657
0.00454132614970626
0.00632915924645872
-0.00440256052823296
0.00532446539706655
-0.00206466782648707
-0.00467748501713572
-0.0173520014938635
0.0114043775019486
-0.0134582430348437
-0.0253479588044605
0.00548517127832726
-0.0099698833709555
0.0121603550796057
0.0345410171340246
0.014516412497583
-0.0014308352709711
-0.0613469976232494
-0.0125942183492838
0.0165233262445323
0.0166349814629747
-0.0284244327748788
-0.0220383111524084
0.0216492514766016
0.0099209978809478
0.0120171962235041
-0.00310999902827247
0.0256192004690792
0.0111530926565231
0.027438487532502
0.00443616364507293
0.00936311288192848
-0.0168023020075865
0.00178019584833455
0.0087960726220504
0.00132112910585591
0.00501363347675898
0.00420091013126367
0.0215269395420419
0.00494840034935939
-0.00263178535841946
0.0103846950020932
0.0323504978690101
-0.0263587642699629
-0.0077109966928337
0.0235661882216927
-0.00833472520217859
0.00499291844874628
-0.00861136065110613
-0.00643116997165694
-0.0201748572644155
-0.0131262785368269
0.0111275233515389
0.0177113320902988
-0.00228102553989118
-0.00609653693643586
-0.0176350234529313
-0.0320006509756422
-0.000716735332823792
0.00591712384868992
-0.00187164889139879
-0.00017856058895549
-0.001339653466646
0.000357726703630767
-0.0309315123285221
0.0372693720061001
-0.0333511200044269
-0.00993652571650527
-0.00325247650541327
0.0321648045466194
0.0382079580725134
0.036975812824503
-0.0094806945300665
0.021175673745141
-0.0121931156634557
0.01738187983481
0.015929283066052
0.0292469422129156
-0.0131028729480958
0.0212749181898337
0.00884959654084749
-0.0113336898048764
0.00581034072071041
0.0103824116916902
0.00355409120666494
0.00654404501150241
-0.00474231280624482
0.0168306415935537
-0.000755732760271188
0.0130852046623067
0.0130655515444893
0.0168029992364507
0.00558095234050193
0.00331549649288254
0.0252155896238992
-0.0137341945474082
0.00873887033747778
0.00183130727796321
0.00175759273911713
-0.00659696797680642
0.00430943826966912
0.0130134422337242
0.00138887582073721
