0.0231784332405998
-0.000492425888825254
0.00492707908177725
-0.0078447046133151
0.0197667523225935
0.006202752471409
0.00356387979194772
0.0199634797972266
-0.00395218793503871
0.0046291734459929
0.00620654527765829
-0.00654202803738313
0.0054561992815747
0.00982413014102157
0.00602244047067524
0.00460489952836807
-0.000733424995720044
-0.00678897247706423
-0.00110847032868144
0
-0.00638063627132091
-0.000744476521483795
0.0133184312195651
-0.00128675547922552
0.00147244610813746
0.0136004686638487
-0.0136899542967375
0.0268406836396664
-0.0138751679695207
-0.00072623454153109
-0.00354287784260743
-9.11842448503286e-05
0.0119438183807439
0.00198216960054354
0.00071937776026787
0.0158145564218299
0.0171605037462936
-0.0129576313237261
0.00475771806167402
-0.0165731233201235
-0.00213997321194881
0.0117951832081071
0.00591715077495847
0.0268656448311564
-0.0117134320426935
0.0134094909043858
0.000597575555724594
-0.00255946593771406
0.00282263269788263
-0.00324118906927995
-0.00564781785343305
-0.010326996824277
0.000347834782608691
-0.0166898294794
-0.0141443242359178
0.0108501258298992
0.0170318366797171
-0.005495028251286
0.00377126829778818
-0.000961127154944341
-0.00717158499813131
0
0.0231677684064773
0.011881162085559
0.012762698993982
0.0119297489030474
-0.00390198432300504
-0.0102517333659343
0.00345266526315791
-0.0187983041692412
-0.00401985124905668
-0.0143409020439905
0.0156822008684632
0.0198146934325838
-0.00925223323452129
0.0196960691086163
-0.0024977353884128
-0.00408979223920858
0.000670482735501299
-0.00594639856036183
0.00758272798748449
0.0138807931726999
0.000577319587628855
0.00552256841411158
0.00754165107864013
0.00976321667030455
-0.00314237367543013
0.000565793723199315
-0.00339282653370365
-0.00567402920465188
-0.00619543500766995
0.0104995320974643
-0.012095177983681
-0.00542313899974867
-0.00206543289767491
-0.0112592183851377
0.0194256049568784
-0.0357289363449692
0.00800676306632431
0.0245056793816352
-0.0206202576809676
0.0112009602695124
-0.00174897143333053
0.00375435504960486
-0.00773003919424875
0.000670145769898101
-0.00652937390364439
0.00202222783956851
-0.0206861675191082
-0.00360637131724506
0.00741124605815879
0.0165098371854604
-0.0137171166588047
-0.0109214934536218
0.0104382248177748
0.00623242566974525
-0.00313934326201126
0.00297895996219188
0.000339451810572156
0.00492027498100467
-0.00886370934377601
0.00238478826727584
0.00152945022466722
-0.00330872987251896
-0.0201736630871554
0.0121622881403676
0.00377645689165806
8.55237302828105e-05
0.00256500515188951
-0.00938084582328425
-0.00361575400772196
0.00293765341174446
-0.00603036688438363
-0.014127206122219
0.0148571604395604
0.00874909028501225
-0.0118505541910834
8.69210046059443e-05
0.00834201410597823
0.0205963372923446
-0.00616400405302719
-0.00288866617388273
8.52249481491096e-05
0.0150804801461921
-0.00545577476461123
0.000168824376214349
0.00472532267782766
-0.00167965902410339
0.00210313782864135
-0.00419744784593401
-0.0147529923768422
0.00658848276062773
0.000425051006673449
-0.00441842120114844
-0.00145086628746038
0.0029059487179488
0.0099710758469771
-0.0115602310090248
-0.00119514257465547
-0.00700854700854692
0.00103290583577209
0.0103181166727915
0.00697872340425532
-0.00608520960108172
-0.0254251449902235
0.00287933860152401
0.00113100746248462
0.00721301816285735
-0.00871443470725741
0.00339455133949484
-0.000433691884400567
-0.0109346695061702
-0.00587872241924425
0.00194169456465065
-0.0175299335147093
-0.00537970954343858
-0.000991616334625522
-0.0113698068940624
-0.00182545640426168
0.00667515538885199
-0.0128985198618773
0.002300542970471
0.0115681419678322
0.0127064984570702
-0.000627352560900629
-0.0023316473440651
8.99056179775037e-05
-0.00467377305997174
-0.00234779668318219
-0.0703295056934421
-0.0112938955437045
-0.00403745926034094
-0.0180937415275237
-0.00443052068131145
0.00101140889011608
0.00394058801717101
0.0137882647565593
-0.00416961170943286
-0.00887249544158086
-0.0039227419819502
-0.00161563164309442
0.00111257203056825
-0.00697112526860599
0.0128192286822746
-0.00944251101629812
0.000811286879512485
-0.00314119965262549
0.00325269373610571
0.00668697082128578
0.000503250800088173
-0.0120712700102095
-0.024335597437487
-0.0293257983719474
-0.0230082674334315
-0.0227797945599275
0.0310810237247401
0.0186762673367469
-0.000321636120563018
-0.017481735681719
-0.0206309352621883
0.0169415624504954
0.00734333641699547
-0.0133826998854226
0.0235994706660783
-0.010450355526826
-0.00489924888185622
0.0101750544819461
-0.0054153578378564
0.00925621236510499
0.0135951877427709
-0.00670645078334164
-0.0240059805809877
0.00527070385417816
-0.036592090554055
-0.0140589347185579
-0.00160992412154926
0.00552871458189363
-0.00538374551945908
0.0132442816251461
0.0114798245687717
-0.00707941357634378
0.0159574013585628
0.0277376081454028
0.00314330147098851
0.0103727603336761
0.00876911541505465
0.0110251349300301
0.000629097180588456
-0.0120507282825107
-0.0223801550952498
0.0109580343052627
-0.00193174500965876
-0.0102150215053763
0.0387832686979923
0.0245764267545567
0.0185771152538827
0.00831748663876652
-0.00387596887668551
-0.0134690807102938
0.00444986866251607
-0.00271845549738214
-0.00646137284821691
0.00995828635470852
0.00613744849720743
0.00330001999999996
0.00468455088837749
0
-0.0113095135522963
-0.00983347341627638
-0.00425616132955009
0.00976998758864256
-0.0276153796853923
0.0139925265134992
-0.00286209745758759
0.0016401434657054
0.00603831753186301
-0.000813855519414486
-0.00132361024919958
-0.00744209429879072
-0.000924445347941116
-0.00483184964013106
-0.00774793364417559
0.00676724601455758
-0.0149947988105935
-0.00577430971128612
0.0108765156560671
0.00188029869799555
-0.0175164313411977
-0.000742852571064767
-0.00307987455055758
-0.00607222735467472
-0.00289393345464306
0.00247235303098292
0.0200514149678015
-0.0132449704586872
-0.0162992111548137
0.0137535743449675
0.0134601216380716
0.0150732576660719
0
-0.00218075797983108
0.0122801649403754
-0.00380379368162209
-0.0085655519387916
-0.00520453835744772
0.00156954065083181
-0.0271625362812105
-0.0131013848871976
-0.016322088872207
0.00110617254189882
0
-0.0184530165745858
0.00202634240625144
-0.0379733167515264
-0.00455446705200757
-0.00480990156757166
0.00872330522873255
0.00911532078999655
-0.0167920791382068
0.00883392205338218
0.00186802097214178
0.00745832670920232
0.0143436095203104
-0.00148254073480369
-0.0244403842951205
0.00632171637372303
0.0251280133216381
-0.00317756457634255
-0.0120673616606266
0.00530074908159417
-0.00320952552062193
-0.0264488848487682
0.0152373368657057
0.00616644582314518
0.0189639216363118
0.00272353599443242
-0.00147123130974158
0.0469228137734508
-0.00833609369916333
0.0219432646712503
0.047644471235504
-0.00387476292444155
-0.0109530041774388
-0.0162492232586662
0.00504993145555188
0.00607141218540153
0.00926021216043904
-0.00082476288659783
-0.000206314490431625
-0.00309601644796664
-0.00434780547303937
0.00592638802245782
0.000826894056847438
-0.00557679426671898
0.012462322022408
0.0138475538793221
0.00212471679986725
0.00121145882246965
-0.00514262388106534
0.0045610884021452
-0.00050452022495695
-0.00151417325891723
0.0122333328386075
0.00129841186680757
-0.00149627930174567
-0.00129867135461881
0.00300086022805979
-0.00408892003856354
0.00510716998691008
0.00518079091817913
0.00426207755240426
0.008093160284248
0.00920308409245219
0.0148428305230339
0.000669142522998545
-0.00105082155139491
0.00535523572726415
-0.00123653575296878
0.00504760952380945
-0.000947588372477881
0.00256091245376067
-0.00473036910303792
-0.00380222444302913
0.0104007248931091
-0.0156766079485939
0.00134318330586636
0
-0.0214621628400259
-0.014295496356472
-0.00377467972136047
0.00827601946080336
-0.0101859866440075
0.0206814675065028
-0.00548165601089834
-0.00137794294051075
-0.0117287799303053
0.0154582930724532
-0.0172854252602632
-0.00769535294214163
-0.00785576585904157
0.0059891989444889
-0.00201812314870076
0.0102123557085469
0.00410365312366512
0.00089716905901116
0.00348568853756848
-0.00178642314834421
-0.00228677664969612
0.00438468369476208
-0.00357179280115294
0.00926019117793486
0.000887884758406843
0.00611141467061849
0.00244929950034289
-0.00312744331508985
-0.00774510784313731
-0.000197579292536054
-0.00642356939571953
0.00576886805481536
0.00079107988159377
0.00494071160891441
-0.00127823995904353
-0.00216601358668889
0.00966950191750371
-0.0336167588465404
-0.016988573333892
0.0187223538599153
0.0145410685099572
0.020702717022965
0.00175524129433713
-0.020539277118487
0.00755311048837881
0.00581972792916918
0.0165735312682795
0.00289402844321707
0.00519431517116509
0.00564589473684207
0.000475811227550249
0.00342401563081607
-9.48056872037695e-05
0.00123239171926048
0.00397650054980603
-0.00179180496235576
-0.00680208798870263
-0.0045657282763929
0.0309603147451445
-0.00185371213137187
-0.00102145044068258
0.000650678552692519
-0.00659544808926238
-0.00626524207471024
0.000188237513547795
0.000658575588873944
0.0129747742292707
0.000464108046484224
0.00510246771405076
-0.00203057973160714
0.00980389354965161
-0.00283932038834955
0.00753190940942661
-0.00483178038414123
-0.0020154085007178
0.00357995220157958
-0.00173788526958951
-0.00586401874531817
-0.00460829493087556
-0.000370379629629713
-0.00222302706764566
-0.00380619194387122
0.00615043343864374
-0.00574236356633906
-0.0085700793399176
0.00272480503617389
0.00196775672818839
-0.00860374076498649
-0.00150932928008063
-0.000944714236083444
-0.02903073286052
0.0131476334242306
-0.016437556632102
-0.00645031274433139
0.0103284965442259
-0.0254113623348394
0.00339664342450852
-0.00199127833549828
0.0171588291532088
0.01020008836995
-0.00427186407767
-0.00321758001594341
0.00117377478703595
0
-0.0126038107006119
0.00534336048571871
0.00816931118443542
-0.00976276481499561
0.00808439317756071
-0.00166257212713938
-0.0146943570788723
-0.00596539061512447
-0.0121024801329521
0.00161995550126415
0.00929948448397844
0.00310471713780114
-0.00449286124229786
0.00280813361556653
-0.00230019006501025
-0.00471131706673378
-0.00624436492854907
0.00861456387178605
0.0184887867309722
-0.00345302877414133
-0.00930602892176957
0.0176875786949136
0.0035349667531408
-0.00185905093519712
-0.00460740114484059
-0.00482566471513035
0.00277089551397625
0.0169742521074856
0.00310528860440695
0.0139304920016303
0.0343479254717667
0.00415088076188974
-0.00918611051638696
-0.00166883922057437
-0.0066864877414563
-0.00243083397934585
-0.00187438618203517
0.00328636619718314
0.000842339744358434
0.0109407048636485
0.00619737298864709
-0.00303366430440954
0.00359611812621807
-0.0102902888750566
-0.00222797992733026
0.00688498306052332
-0.00739237657186853
9.3111154219061e-05
0.0209438704272549
-0.0113967906637491
0.0125426634695194
0.0054649603291288
-0.000724712389933213
-0.00942798494112917
-0.0104328729870835
0.0036067697292177
0.0211942781384338
-0.00153400108283697
-0.00144603702763602
-0.000271508738736714
0.00172010684157264
0.00298238584758459
-0.00711840852986811
0.00326709314335072
-0.00841248281105889
0.0110381223032807
0.000631597931397776
0.00405767350662445
0.0107768749129209
-0.00932921343413917
-0.00215244843049323
-0.00233688652998587
-0.00162162162162172
-0.00541417614149065
-0.00226819087036667
0.00409199778037661
0.00280750774873217
0.000541840498279544
-0.0040617835178105
0.0115099242889223
-0.00582386877677743
-0.0054073360256609
-0.00598046388201823
-0.00483134926612616
0.00458001290794208
-0.0135861951962468
0.0016639027546681
0.0119047710233964
0.00939350644061099
0.00514998192988791
-0.00764043146067417
-0.00280802531144886
0.00872020197003187
0.00873474987659395
-0.00401711312311503
0.00304745003137041
0.0014296845168551
0.00071385741054697
0.0031208024410021
0.00142225777777782
-0.00505954180509349
0.00330094578645546
0.00311220881301977
-0.00230471593484105
0.0100399553076866
-0.00870863828289936
-0.00310591883741385
-0.00605298223439499
0.0055525253250035
-0.00472033313787257
0.00161073825503366
0.00187616367372456
0.00151595328621323
-0.00427384924359098
0.0111776802078569
-0.0065440925620075
0.00988072849851274
0.000528911428706369
-0.0118932074373499
-0.00205067753028965
-0.000804109711426859
-0.00035759121450607
0.000268327363103893
0.00813731542274332
-0.00603157718700698
0.00348026956059733
-0.0021342641743245
-0.00249531238298994
0.00947018672384514
-0.00433664933775824
-0.000799964444444412
0.00515962974256268
-0.000973546348766119
0.00230334875008897
-0.00795475524089406
-0.00133643979573128
0.0105272641815422
0.00256026315600577
-0.00563578734828774
0.00903297926023705
0.00921534124600054
0.0115662407438253
0.00472836141678123
0.011380114365189
0.00490695443926281
0.00176796600242435
-0.000588284739697187
0.00336362266000023
0.00821323332215895
0.00581876128465253
0.00289254545454543
-0.00222493617181607
0.00313839604991095
-0.00362260829592131
0.00214842180172914
-0.00371039745803436
0.000744815017051925
0.00396959980101874
-0.0149917625207289
-0.00175613812082054
0.0149954004776225
0.00412677437679854
0.00337001468453013
8.19365937576588e-05
0.00139251308334676
-0.00327200000000005
-0.00475995904406989
8.24771192169393e-05
0.00420516164417184
0.00270959846695451
-0.00933508001960992
-0.00710861281760755
-0.0028305360598434
0.00133580732456018
0.00583622634923753
-0.00629975137847938
0.00150150988075182
-0.000416425127709785
0.00616613605256
-0.00265010351966866
0.0117910653491655
-0.00279028318080066
0.00197512958645163
0.00344967556468179
0.000409290339842494
-0.00286367204333438
-0.00229758753677878
0.00748420124958304
-0.00693875918367348
0.00378133162710514
-0.000245671933128633
0.00581585016684394
-0.00732960332820587
0.00590698175327731
0.00367014922379783
0.00390056076548939
0.00137605632688964
-0.00517338133678269
0.0027626879011946
-0.00243094554960066
-0.00389898461620508
0.00366961600757421
-0.00511866257525728
0.00849327093082741
-0.00291522395198351
-0.0220092509220153
-0.00730773139524554
-0.00711058217240601
0.0015165641331778
-0.00252379063202346
0.00261446402968724
0.012365419221873
0.00623182395067423
0.00322047899620936
-0.0244464651320514
-0.00278429807925151
-0.00837638533926088
-0.00375422364558586
0.00111336928548522
0.00222433914128106
-0.0101579426349476
0.0175922819730276
-0.0161017118644068
-0.00534018097054578
-0.00173193622102685
0.00355658400031733
0.0115826517143633
-0.0147825003399342
-0.00199482215104552
0.00225951160163373
0.0292204538416638
0.00758214846458682
0.00100336958199621
-0.015035106790552
-0.0569029775594129
-0.0143871775414727
0.00337562263136926
-0.00390980167549182
0.00082150613907328
0.00200658520618924
0.00382302927523193
0.0259339864520673
-0.000530289910997905
-0.00274146617011906
0.00780353838264269
0.003959489591562
0.00350571434716418
0.00445416593886461
-0.00626033377514412
0.00376235887862131
0.0214435057405553
-0.0114354326676908
0.00207187507154249
0.0129221224513763
0.00110560467586995
-0.000679653391212676
0.00459067426483073
0.000507785402518168
0.00338318523090964
-0.00429903070805948
-0.00313243303930488
0.00908704883227163
-0.000841600740616011
