0.00468523676115939
0.012730095285771
0.0185438419177497
-0.0103860636647181
-0.0160514622515356
0.0131760722861571
0.0157295027720195
0.0203633850755633
-0.00621412205319261
0.0101009963879162
0.00142863932778137
-0.0042796816781201
0.00656644838683085
0.00118603124229599
0.00900365928390379
-0.00622278172343071
0.00803399930192117
0.0181668609805126
0.00610111018781434
0.0146452697809765
-0.0124040859329243
0.00034254395088773
0.00844647208323335
-0.00780978286256728
0.00250968344778846
-0.0014793158555737
0.0113960113960114
0.0038310244635793
-0.00101027835276823
-0.00550560530534938
-0.00271157093518382
-0.00396510716034271
-0.0027297673635901
-0.00387767234673397
-0.000114560357718729
0.0107637830894918
0.00657080068551008
-0.0253236425902896
-0.00427245164794732
-0.0125246430642963
-0.00199654371521785
0.00105913986264894
0.0118725349921114
0.0126625998291998
0.00998057689356391
0.00636066723316109
-0.00959362846769773
0.00786329984642209
0.00203520068330021
-0.00146695039186018
-0.00542426462054313
-0.0170435559917536
0.00589607632914269
-0.0147093028992976
-0.0102635266075306
0.023332501722295
0.0230308303782578
-0.0164340136496969
0.000114403423666642
-0.00572142205170878
0.00264697039202666
-0.0111340597906812
0.0167150857162721
-0.00833427811668752
-0.000115193344361275
0.0161197479672117
-0.0115579876082232
0.000573118382890758
-0.00240596930937842
-0.00631681690684593
0.0869162930226219
-0.0157379843215205
0.00324122472874211
-0.00226149157841193
-0.00798709087406768
0.0015232032779815
0.00521457827172256
-0.00302600635857075
0.00303519086542914
-0.00226955714777954
0.00324965082345829
0.000323891548708488
0.00226661751483315
0.00979961672377638
-0.0123706850747054
0.00313143357012335
0.00279874295015925
0.00407898832775322
0.0007482935964227
-0.0123918292702091
0.00562471942272302
0.012907342232811
-0.00286715295754769
-0.00127791785992137
0.00469180386126
-0.0110380360424471
0.0127710571886031
-0.0194977784523411
0.00475527257227171
0.0179627814177656
-0.0131022717552211
0.0161670103292417
-0.00600575685820626
0.00243802471428634
0.00232630527477196
-0.00295385975989293
0.000952243224914051
-0.00930235468101837
-0.0106700611346893
0.00161780962686131
0.00936790175005653
0.0112011985109417
-0.00738473962918873
-0.0109469451923353
0.00784438305503654
0.00810319093137335
-0.00528815509872838
0.000850622821463531
0.000424895421354377
0.00233618659634827
-0.000847558856397979
-0.00339307501163832
0.00627653098934577
0.00539300807374721
-0.0137763641228069
0.0119427988908181
0.005794800835633
0.00544785464065867
0.00177217121185169
-0.00665688245743334
-0.0063874770567196
-0.000948429850934795
0.000210898115615921
-0.0629613415737679
-0.00292631638609342
-0.00225755078890699
-0.0197986165626107
0.000692493885923406
0.00565165482026253
0.00860192340868338
-0.00341140120890393
-0.00844369129284495
-0.00966626273067328
0.0177783203026654
-0.00388175763346321
0.00469911069832918
-0.00250968171740262
0.00125800455429492
-0.000456842366211352
0.000685622359809068
-0.0137032734597148
0.00856774311782948
0.00332914770713444
-0.00915334993599581
-0.00796841194761133
0.00640281847037372
0.0123748904151668
-0.00959599300934677
0.00149960831253781
-0.00771712322914853
-0.00243754082914627
0.003723551567832
0.00428927486153508
-0.0098117834548509
-0.00547919469286473
0.00902595223437141
-0.00127786677722841
0.0202395490351048
0.00330637402624356
0.000454596942467411
-0.00783737912396665
-0.0152260638514882
-0.00813764897721081
-0.000351710714956543
-0.0198146685179624
0.00873205038858949
0.000592921860401052
0.0181322711554877
0.00209514782866993
0.00418173341949823
-0.0190862405184398
0.00212266680666806
0.0214168543816062
0.0114054548235267
0.000911264833432623
-0.00580403728792223
0.00572349118002324
-0.00182109052697399
0.000228075999500144
-0.00524395382163145
0.00607374523310455
-0.00239200523844785
-0.00502403906094306
0.00195085598123179
0.0231359484925948
0.0118661823683328
-0.0485673186400312
0.000813886539617892
-0.00383405923971647
0.00524844809428138
0.0133426576609414
-0.00904518196065152
-0.00508373643889848
0.0127743748841045
-0.0116959232559972
0.00730869923777511
0.00218913188437275
-0.00114922679455076
0.00448655733986203
0.00183355747326486
-0.0092613695045981
-0.0181188417834812
-0.0236248583103355
-0.0492356015080362
-0.0238035199999816
0.0346304582143226
0.0256988629838719
0.00794426148313265
-0.0147932324622745
-0.0307699912744441
0.024126939635754
0.00123995388421272
-0.0191943539016566
0.0180555422967177
-0.0148827306573905
0.00188762104387719
-0.00414674206364429
-0.00416402352514433
-0.000886237209512974
-0.00152259899164076
-0.00114233630595206
-0.0130977509065362
0.0118542366544128
-0.0162995479692482
-0.00595468789770293
-0.0135434788768479
-0.00633664404353385
-0.050883418811841
0.0253358621759492
0.00723553640388208
-0.000678416372901891
0.0198019795854658
0.0118366800505834
-0.00867513856122015
0.0168390201276174
0.00951884251617319
0.00710418142868563
-0.014749305983109
-0.0113251610587621
-0.00697830521081999
0.0205516389339293
0.00142912818943097
0.0180331525343425
-0.0403975617560157
-0.00146080820655026
0.00944351825890188
0.017918254227598
-0.00310640646203142
-0.0110360272889899
0.0128659026025966
0.0181464840708567
-0.000255427704428657
0.00114613150557163
0.00521494344533302
0.00493567179667798
0.0115831988579085
0.00672143352427224
-0.00234927191309142
0.00111545057618767
-0.000742729863719038
-0.0275025613007327
-0.000382151094605265
0.00853830967063507
-0.00796053307980005
0.0126097856239415
-0.00150939099397718
0.0156210776062091
0.00235672112294161
0.00123751294570806
-0.0025955045344479
0.00123918561770275
-0.000247552969243281
0.0103985992542801
-0.00453323059007305
-0.0199384620981525
0.00753482024894336
0.00411326014019764
-0.0127854728162563
-0.00905322997417501
-0.00253782132991198
-0.0120841792923734
0.00309040639511493
0.00924186511596847
0.0128465602163237
-0.0148184502261964
0.00573683508112
0.0064638879223522
0.00982244738333127
0.00748142758398496
0.00408551098120213
-0.000369808125730176
0.00900146369150656
-0.00574427522010912
-0.00676011061203963
-0.0266089318257002
0.00241576416065947
-0.00520038735890793
-0.0207829197804411
-0.00325517621915605
-0.00561723928019331
0.00315211998020071
-0.0137506699327119
0.00995886739444396
0.00026377492701557
-0.00184025666223286
-0.00908605386831585
-0.00584724715608931
0.0203182006378964
-0.0102187936952061
0.0199867631392416
0.00830445547173508
-0.0330759174283246
0.0266213276868315
0.000907498775085891
-0.0163212753017382
-0.00592565139555012
0.00543116340131111
-0.0159420463402045
-0.00897041931538967
0.0114834356491358
0.0301848535030629
-0.0251523538743822
0.00891147197202757
0.0286053796925132
0.0114058605359557
-0.00874308189457162
-0.00575217729427357
0.0123424210580116
-0.016890992340206
0.00232532335098412
0.0188168276575782
-0.0011393557321947
-0.00937102546517132
0.0177704357897608
-0.00866728875460476
0.00190070076148552
0.00177056714973078
0.00618606823088719
-0.00288587679446206
-0.0181199889896715
-0.00397288628567172
0.0198140300141809
-0.00290113686730897
-0.0168290105287825
-0.00360367407823159
-0.00891234551694819
0.0291932512572863
-0.00265926445447873
0.00837995423334736
-0.0091917466014324
-0.0121997044460663
0.00270168679262017
0.0204003058453968
0.00339494252889372
0.00275687569445471
0.0141214726139074
0.0110905219710959
-0.0174283842382716
0.0157529028767958
-0.018073039050113
-0.00360642885031914
0.00149770943329641
0.0120887243492491
0.0194549166119764
0.00857672789025021
0.00514886349797528
0.0128686956027044
0.00129324003492837
0.00599227796579371
-0.00724046083710916
0.00188214348945226
-0.00657510679664741
-0.00413662375404455
0.00712087879368206
-0.0286354700764824
-0.01516434290197
0.0108401420162205
-0.00170615071278679
-0.00878898641220183
0.000985220872357528
0.0023375965229635
0.00785557602198761
0.00182685800422622
-0.00352616697985764
0.0035379074872175
-0.00182279327400436
0.0224090304211342
-0.00440740898416203
-0.000239318798823107
-0.00777882206467229
0.0102521139359431
-0.00823785657687803
0.00361066797700782
-0.00923515625796134
-0.00847456936816016
0.00183069273180725
0.0090196969141445
-0.00157025044969861
0.0118557439474187
-0.00334846881961148
0.00923782429599918
0.0046357336984717
0.0118315099081778
0.000584671441879125
-0.0031553089599512
-0.0177022134695347
-0.00417711969607293
-0.00994728694663727
-0.00968407774269087
-0.00965648606021685
0.00814607403427958
0.00685604645200244
0.0102139862674617
0.0148050513565656
-0.0498161703639811
-0.025839479703143
0.0149915844366297
0.0176753273656809
0.0200967459828452
0.00449959854408566
-0.00968526355319843
0.0114914614535671
0.0130529264763373
0.0139584306325167
0.00953052597054183
0.00536140777126493
0.00150697784681753
0.00185207804265208
-0.00161754771202482
0.000810130396469599
-0.000925068636091875
0.00821755957868286
-0.00436229717017411
0.00357426886165912
-0.00471046138330422
0.0125823027130698
0.00889193469777649
0.0624850518414799
0.00755149693329371
0.00105554365770555
-0.00400673309985455
0.00201143183255459
0.00179605330930088
0.00453418325842248
-0.00251896662888829
-0.00157873199509928
0.00368965699639823
-0.000735264209067332
-0.00231308720087153
-0.000947409941871924
-0.0125488455537819
0.000747579773506146
0.00256110293865119
0.00638634649424907
0.00708621660222786
-0.00157525019436877
-0.00641635556516884
0.00190559114450894
0.00771343417847681
0.00985636497516085
0.000829833334256902
-0.00269659440669612
-0.00249662906971559
0.005422852406618
0.000829788822577227
0.00808374504728304
-0.00277577667740991
-0.0347422536571048
0.0195450269846089
-0.00827568725963668
-0.000950742258829185
0.0165997761464589
-0.00291217343814165
0.00187757678366585
-0.000417221169760063
0.0183322194002056
0.00746649709526181
-0.00335023959209924
-0.00529698772643539
0.0118791513876859
0.0074891727083477
-0.0101457047069479
0.0100467088277845
-0.00100475579597881
-0.00201142946851463
-0.00120926479977768
-0.00242156133905991
0.00151709636261455
-0.00111088584517283
-0.0170862616028998
-0.000822875343358787
-0.00885312457968745
-0.00540096880891439
0.00114869231184755
0.00531971167405398
0.00570663296751794
0.0346641154532767
-0.0303120156668137
0.00329040364701139
-0.0217279274106317
-0.0143530768371658
-0.0438987749363728
0.00155640627293918
0.00710392539947957
-0.0113523307436496
-0.00345592354953383
0.000783033697507429
-0.0035770277186411
0.0216513572927597
0.00680795725043781
-0.0346820790556595
0.00384140953906287
-0.00967923967344542
-0.00170477668608704
0.0173034491626989
-0.00828038238541917
0.0101549925957656
-0.014186098023936
0.0159774028750912
0.00368054265908246
0.0181131730402662
0.00567558712141847
-0.0115042854598582
0.0030742682771101
-0.0167469469964338
-0.012913270641335
0.0125183036969148
0.00356427819673422
-0.00355161923772218
0.00490092856503588
0.00354680663720353
0.00773138369575199
0.00263043581103317
0.00776131581605877
-0.0149691477676632
0.0049554228317219
-0.00219150149473379
0.000549100596366481
-0.006804955499773
-0.000331616290034642
-0.00210036171453465
0.00819767375610714
0.00626303054233568
-0.0101550976580195
-0.00452286177701811
-0.00509751386539847
0.0100245602138052
-0.0169828707963723
-0.00358977922682469
0.00439086082406082
0.00403538054190378
0.00468910473367701
0.00133344245025868
0.0004439521935371
0.00587912374339838
-0.00683722423017652
-0.00310987158139109
-0.00334071396964442
0.00491725789893782
0.000889691743047427
0.00333331817050242
0.0234773185858661
-0.0643800052265979
0.0269458072207804
-0.00242436050945283
-0.000386174047373955
0.0188023047314281
-0.00644675759768976
0.0150127357509602
-0.0190523567191321
0.00217222074694057
0.00994516129032252
0.0109834996967997
0.00399600389620369
-0.00286074619749377
0.00536360247882239
0.00645167509805633
0.00998516974906938
0.0205053216160136
-0.000837220418164919
0
0.00586542966404791
0.00821137698692564
-0.00542963874610902
-0.00439120568736751
0.0195494101746265
0.00584590209103131
0.0103452169050937
-0.00851355288802469
-0.00139245764678597
0.00697194996448891
0.00807750943561003
0.00549444819717904
0.00398458579164784
0.000453577492831814
0.022554663179599
-0.00365774768723393
0.0181332519538686
-0.000109211104978524
-0.00841442446914165
0.0068327420505343
-0.000218968911788853
-0.00175165324071169
0.00515466110989249
-0.00327336599512573
-0.00229883967813549
0.00032915295511482
-0.000438751792009473
0.00395041163010235
-0.0027325391350429
-0.00230161118591865
0.00351531367148539
-0.0062397264639239
-0.00385546380100754
-0.00431271701868852
-0.00666369383980792
-0.0064848053111628
0.00450147417846636
-0.00952271993003095
0.0027146022977218
0.00755778888758507
-0.0035826242722794
-0.0067415505617977
-0.000339355195942193
0.0191240799211017
-0.0115478683443896
0.0193215126709114
0.000991888935240937
0.00396344811266225
0.00625068524507766
-0.00196163901565749
0.00600562336742483
0.0371215251423487
0.00481422276878418
0.00593688145116378
-0.00176017805425177
-0.00124471522685543
0.00446567655555419
-0.00796116617079023
-0.00875451825183482
-0.00536224366142102
0.00475692399063266
0.00631245640255274
0.00313638257947968
0.00833770739982409
0.010025850129199
0.00153501840426706
0.00929800727603958
0.00242962140544267
0.0161584129314809
0.00904388762540598
0.00325029058652904
0.00049089926869339
0.0122657241775792
0.000581591679658988
-0.00920368136791616
-0.00215110987047351
-0.000391974510769999
0.00460740114484071
0.00185397145236244
0.00282459341238117
0.0160256606063098
-0.00516203990859343
0.00269047756317864
0.00220415912226457
0.00430289722121069
-0.00809291638667919
-0.0146861009790747
-0.00389675589095462
0.00420537897310513
0.00496690689520851
-0.00281034978563144
0.00796889197339379
-0.00568843033466604
0.00494523431431881
-0.00559630456962867
0.00659809832327007
0.0106034125815193
-0.000953815374048705
0.0139392689314353
-0.00178903018236432
-0.00575417402595657
0.000189715366419207
-0.0101498768763021
-0.0045040825012761
0.00558338483586973
-0.00660541840518292
-0.0113713118831449
-0.0233940354184241
-0.0268490063509531
-0.00389740512820513
0.00803129093807797
0.00316646571672186
-0.0108950209845741
-0.00545602229211473
-0.0013455956800994
-0.00621896746831563
0.00333750531927945
0.00467780679868435
0.011277764898546
0.0067526500256323
0.00833332300135514
0.00493850025258524
-0.00451305791307843
0.0124924236854236
0.00716418905472627
0.0133372751102818
-0.0161840304182509
0.00356746591745249
0.00710971680980688
0.00882440452641253
0
0.0094275635088692
0.0230117367320264
-0.00884707764705894
0.00731178439486824
0.00612746029171451
-0.0133982943858812
0.0106362295165368
0.00723551977514592
0.00569083859145736
-0.00111320034007789
0.00176451523031185
-0.0142764527409905
0.00479633208320651
-0.00617742441697577
0.00753440384253135
-0.0219667782211597
0.00535224138446644
-0.011407966319841
-0.00490426973563363
-0.0181678096781656
-0.0184054629607375
0.00330888388722905
0.000399760151904127
0.000299690315678225
0.0182762614084568
0.00519810715180569
-0.000975695208814353
-0.0197284502366292
0.000298884119790399
0.00507970109402978
0.013477286156881
0.00420455668928965
