0.0158287403270376
-0.00447263034115208
0.0411593623188407
-0.0196268941885798
0.0147664489564105
0.00195886383155353
0.0039100404425354
0.0144665602234881
0.00095982448923615
-0.00383560273972605
-0.000550068749311294
0.00206386901485955
-0.0439380051094875
0.01220746857134
0.00439838233264567
-0.00226026271704671
-0.00764549090947864
-0.00798968514707854
-0.00402702436397284
0.0281588014440433
0.0247191302550196
0.015624986508018
-0.00472331996554165
-0.00366097627118644
0.00435492633281487
-0.00121956634608822
0.0107176910964277
0.00604022818791949
0.00373590408549318
0.00531694781402581
-0.0194366396708967
-0.000269754570131897
0.0122741301898319
-0.00413064607072711
0.0289002416082484
-0.0232769954934462
-0.00665690311999867
-0.0215788899399693
-0.000410945205479463
-0.000137070026900554
0.00164477798306972
-0.0112205798790207
0.0181289505084707
0.0294956911784696
0.00237655142267101
0.00605899647152253
0.0116522654485047
-0.0049177949366298
0.000260176879440355
-0.000390157306453864
-0.00637354343289065
-0.0149234064003588
0.0019933820598006
-0.027851444884577
-0.0197817863663662
-0.00765476708851121
0.0138849643526664
-0.00857660798759707
0.0101856288596518
0.00317672643158207
-0.0665013658199656
-0.0194690256872113
0.0239169213033881
-0.0251211840752167
0.0168776670151045
0.0167456720474657
-0.0118058298818563
-0.00471976380296046
-0.00503858898761445
-0.00953230577200337
0.0148871879699248
-0.0454882218251065
0.0110214067377028
0.0251804095737944
-0.010333907907769
0.00257260888097433
0.012377358490566
0.0174444311912927
-0.00146540156698127
-0.0143820812207526
0.0081893235146322
0.0187565207318936
0.0052188023244939
-0.0180271138175433
0.0179174926078713
0.00577118758537543
0.00875055241357847
0.00867463026166115
-0.00817710418722695
-0.0105187920545499
0.00474071247319774
0.0115813265204081
0.0103180636042401
-0.00867378251229223
-0.00733848423174588
-0.000284276388073823
0.0136518629124005
-0.0200617427056923
-0.0104508950737551
0.00853582138878095
-0.0226653568019703
0.0174666527579619
-0.007501399307559
0.00101744181609975
-0.000871279183768947
0.0138061913619008
0.00917431166358051
-0.0188920733269299
-0.0194005646445634
-0.00708700692069952
0.00892190334572485
0.00427414898376277
0.00234816557599316
-0.0144949481188165
0.00415982778665369
0.0149430693855936
-0.0192419684910194
0.014120154787755
0.0159753327286238
-0.000721335833814063
0.00389784916549085
0.00100661488342513
0.0120671740832183
0.00652955315242965
-0.0249612875497792
0.0175007089600911
0.000568599874018583
0.000426182702460309
0.00397612905356781
0.000565785031080068
-0.0111676706578364
0.0194424740289838
0.0130416495033419
-0.0386212773704673
-0.00403166324110837
0.00954176693774067
-0.0136045392065146
-0.0162600907198065
-0.0159386358931924
-0.00359925014996998
-0.0152017153762277
-0.0145192877884764
-0.00139584360751333
0.0110265415596604
0.00721969300214109
0.00289769711758447
-0.00273722619412342
0.00518444631947435
0.0150182953585647
-0.00164401424934901
-0.0128742658888802
0.0365483155429687
-0.0147769133804511
-0.00683099238675333
-0.00254183623841975
-0.00929400403678615
0.0322288565428268
-0.00234539720983007
0
-0.0138112698739721
-0.00566157602823703
0.00614330255149254
0.0041697392652349
-0.0152750704434229
-0.0052710691183413
0.01165778902387
0.000897889853337386
0.00837328087798817
0.00252074429060656
0.00931810369297303
-0.0105510114463954
-0.0115521184042707
-0.00419537021862071
-0.000451384298094659
-0.0307090320638267
0.00388259052465578
-0.000464077977476496
-0.00634582872085088
-0.0149531938451648
-0.00300447492079459
-0.0298176214086855
0.00310614690554667
0.0071707625950006
0.0113268772059365
-0.012640016
-0.00745420527392981
0.00881634285714283
-0.01634571910753
-0.0120105299771393
-0.00532887602546006
-0.0220994475138122
-0.00308166409861321
-0.0312553666494934
-0.000354564793476175
0.00532009230927621
-0.00158759925185392
-0.00424022983181027
0.0113555533826197
-0.0150877368421052
-0.00961882810151105
-0.0753596789697727
-0.142190274265707
0.0310658290732804
0.0340883871984081
-0.0216928966397278
0.00108693478260879
-0.00651463640639816
-0.0454645245901639
0.011220563829657
-0.0208332880434783
-0.00254396380462696
-0.0628333627907869
-0.0136071011186096
-0.0431401315058975
0.0112712969189359
0.000777579016195906
0.0165759902466722
0.0422929936305732
-0.00342214617452929
-0.00932060338484175
0.0334241899832677
0.0337805446200028
0.00440319794191435
0.0156898938624828
0.00681508405270326
0.00857402978339361
-0.00939601768689002
-0.0106142278819834
0.0139236929029058
0.0231878218454671
-0.0041804839564249
0.00927976178876544
-0.0175131129597198
-0.016488457743127
-0.0120072046218217
-0.000229373991530002
-0.00183481659792728
-0.00689335937500002
-0.00902357683888078
0.00747139820353038
-0.00741599038628082
0.0350221790790484
0.025490569569566
0.0292565338595805
0.0141055778135162
0.00990509989662591
-0.00918192859690858
-0.0206402695871946
0.000430107526881773
0.012037876182287
0.0458793523415737
0.0103573919432416
-0.0170853869346733
0.00879345567306933
-0.0164200682578525
0.0232894064303379
0.0138972401249853
-0.0119189114024634
-0.0138721948583757
0.0122324773136082
-0.00886209430565577
0.00203214797870643
0.0283917658002075
0.0114376259403988
-0.0657048729634456
-0.0237896295404687
0.0198802911475053
0.00146719768323611
0.0129762037039809
0.0196280157178506
0.00891596793985672
0.00401689086127965
0.0396078999956833
-0.0190494704820192
0.0417811102393095
-0.0169459985511955
0.00957670962606216
-0.035287441382801
0.00117998038072686
0.0282851699076803
-0.0227315767996783
-0.0267787138389367
-0.00200847555717054
-0.0410544785883372
-0.0193074913197276
-0.0109137384977529
0.0201211808714585
-0.0517497963202631
-0.0165510627723342
-0.000909733888793895
-0.0532665604370589
-0.0204375571050734
0.0058909668192948
0.0129330893118595
-0.0411948706911526
-0.018592915040023
0.0040962620559073
0.0397755726727287
0.00980875453184793
-0.0016998300145703
0.00145942589493009
0.00388642234085124
-0.0113719084746234
0.00734211925251782
-0.00826044703595719
-0.00636940225379712
-0.0123274158696397
-0.0292062399099789
0.0537413487719554
-0.000243997071742164
0.0175737852679085
-0.0215878633146526
0.0156900952270143
-0.0381366642529568
0.0469260500339299
-0.0251678565396009
0.0223753145992287
0.0392014651658747
-0.0273084940362995
0.0435403769578961
-0.00182403096616435
0.0173595709766918
0.0246968562034835
0.00898334813723367
-0.0499456905525666
0.0210285257142857
0.014998926124868
-0.0463166740185268
-0.0321462519821345
-0.214814753396165
-0.0450396212708574
0.0277246981429158
0.0173643720930232
0.0451081973450715
0.0454942243950358
-0.00390513271437265
-0.0120414453105979
0.0447846384576145
0.0040693704810264
0.00567422348955549
-0.00295540024300389
-0.0237133111368011
0.0171128346674028
0.0192673823211604
-0.00212995201996935
0.0410885805763075
-0.00512557662737068
0.0321998969603297
-0.0247067132518093
-0.00511773259377013
-0.0182613935632358
0.0293424956427819
0.011962254722264
-0.0236418019940545
0.0370942297784649
0.0303030814854981
-0.000482184185149337
-0.0120598169816647
-0.00439453135728851
-0.0264835219834114
-0.000503803513758116
0.017389087701613
-0.00569730011635616
-0.000747334348463857
0.0291697325063642
-0.00266475297152979
-0.0391060742825394
-0.0204752522630118
0.0178064258064516
-0.0296652897988156
-0.00731638359027975
0.00368515379388512
0.012063965065199
0.0318735423684893
-0.0344047965846308
-0.004681430307375
0.0156780506924483
-0.0830975066400181
0.0488216063081257
0.138576775318973
0.0286653658678249
-0.0121059619028314
0.00346825433526021
0.00898615165962435
-0.0317423833810827
-0.0353773568218227
0.0264058177796664
-0.0126250357313006
-0.0067551988720097
0.00631532700098747
-0.00265508085928068
-0.0215392061955469
0.0150878308186988
-0.0138888885504656
-0.013343241577879
-0.0100175557225145
-0.00505937275637158
0.00228822769955617
-0.0142059114259723
-0.0115800563154901
0.0166623014839886
0.0230474269666434
0.0337921893919351
0.0167070948355228
0.0128601327525537
0.0402069842512811
0.00293844923424746
0.00473299537374339
0.0114400622951969
-0.00199600798403199
0.00955555555555554
-0.0156284173453665
-0.00335422622195392
-0.00358985864931571
-0.0538167079486601
-0.018562541646835
-0.000727521788189911
0.0240233444315296
0.0675354960299646
-0.0139844842171917
0.00968032461415236
-0.0294314171429841
0.0114863315296654
-0.0127185558191812
-0.0575109257531418
-0.0510129350497209
0.0295781370993276
0.00824386730561755
0.0275024770192649
0.00144678077051386
-0.0110763065513196
0.00754811297784275
0.0401159970972451
0.0501858724399193
-0.0185840703853083
0.0243462122554958
-0.0140845073522119
0
-0.0116071431162309
0.00948514023227509
-0.00111854583627413
0.00223959676418373
0.0122904804469273
0.00596028710729102
-0.00504718016238748
0.00463164975738861
0.00570805720544576
0.00349268710996098
-0.0108766584538469
-0.0246316906832705
-0.0157834505426584
0.00778923217460559
-0.00977497114003312
0.00275479791655653
-0.0265567765567765
-0.00540919567262477
-0.0130054146841945
0.0208432908077005
0.0070405771640325
-0.00209741319039847
0.000467071461933699
0.0210084500466852
-0.0205761764711395
0.0151727824463117
-0.0402391335829325
-0.000958337280386301
-0.00863311729896599
0.00169327527818086
-0.00724460275295824
0.00851369475763342
-0.0147130008372649
-0.0124846517740342
-0.0141298958849777
0.00326884586371623
-0.00902258100137454
0.0252908440745867
-0.0254070788010092
-0.0594785654000795
0.0247578579117331
-0.0336135223942478
0.017391304820416
-0.00454057170247246
-0.00724443251945273
-0.00621621621621615
-0.0165896110960023
-0.00304206305309729
-0.00638000017697637
-0.00893355667225015
-0.0185915492957746
0.0180826923076922
0.0307301936642177
0.0330962518299713
0.00873703997881914
-0.0107611291738126
-0.00291846651415406
0.00425758359459372
-0.0296768134776463
-0.00955759174105919
-0.000275765095119951
-0.0146166031228133
-0.017072516092919
0.0199316919114947
0.00502512562814061
0.00250000000000017
0.00138539761706835
0.00636413963376148
0.00357440207793247
0.0276711780821919
-0.00159949355369204
-0.000534072081867287
0.00854929201175536
-0.000794675496688657
-0.00318141561024887
-0.00106375005658244
-0.0234292059789881
-0.0220829062159215
0.0225815729741168
-0.00327151035986917
0.0273522968448496
-0.00559113403644484
0.0168675243302556
0.000789836756187601
0.0107866356635955
0.0114524472385449
-0.00643335032338266
-0.000776974856851131
0.000777579016195906
-0.0217560470925653
-0.0148266084193804
0.000537516811005334
0.00053720118184275
0.0104697718120805
-0.022582306657341
0.00434900776436531
0.0143436802613346
-0.00586985058697953
-0.0198603875394733
0.00301207557502736
-0.0024570023899263
0.0402298018546854
0.0207840316118932
-0.0046391753772983
-0.0939926746243572
-0.000857473514862761
-0.010297511736199
0.00895959589361817
0.0088800057290177
-0.0207268307573304
0.00405911834971784
0.0179035224399791
-0.00283682269503549
0
0.0182076518800767
-0.00754403443576301
-0.00675678490991005
-0.00510206930561408
0.022792138050834
0.0194984947354599
0.0240437718056705
0.00827110458911418
0.0145540879980397
0.00156499739175797
0.0130208326551651
-0.00951164475518551
0.00441219840156237
-0.000258449605724853
0.0276556998618687
0.00100606141881587
0.0108040454975891
0.00223713646532442
0.0195932787698412
-0.00291897341476588
0.0209806283981153
0.00286745533416766
0.0116749580253763
-0.00753650512332793
-0.0116278360614105
-0.001680672188203
0.00769600732582942
-0.00190935551745319
-0.0035868483978958
0.00959928051832404
0.0432612075112908
-0.00546814776641946
-0.00458192418868619
0.0184119443403465
0.00926553672316377
-0.0111957008508733
-0.00384959239130434
0.0161400083591723
-0.0042506263031179
-0.0146033931522532
0.000683948912814758
-0.00888582840933771
-0.00114940229885052
0.00713456830530346
-0.0374771269413678
0.00451096876806667
-0.00283625613717187
0.0175397254690619
0.024924295364547
0.00999997727272728
-0.0159765755170247
-0.0132631603018522
0.00486672051602688
0.0138375919317899
0.00181988175204451
-0.014532220378469
-0.0122120501284769
-0.0179613020284886
0.0111639435232278
0.00916135776368332
0.00232779335027433
0.0290292608214291
0.0135409385343954
0.00868401246938322
0.0233996031655541
0.00560823974097846
-0.0195195199382135
-0.00350032823234159
-0.00504937442479414
0.00573702559576339
-0.006801272189501
-0.00971941683233934
-0.0008922819142414
-0.0100469075676063
-0.0128552097428958
0.00434084989718997
0.00295725666417779
0.00498981628487183
0.000451387938357417
-0.0277465360818165
-0.00812060362508604
0.00467838596491221
0.0100116412104392
-0.00161364680466469
-0.017317016455391
0.000939779113257044
-0.00328636165663665
-0.0753650747848581
-0.0713193872297192
0.00987386203713281
-0.0111352525801196
-0.00494369678659712
-0.0353298095500965
-0.0123033186751553
0.00260721320973323
-0.0245594618734624
0.00325832365274414
-0.00649533529658497
0.0101040112865372
0.0355986739865448
0.00113639201317062
-0.0261067522073352
0.0122378205128204
0.00518123171092522
0.00601383195955507
-0.00227731277320486
-0.00741791747269394
0.0149468233703127
-0.00169926361656003
-0.00113478014184387
-0.00397611485305649
-0.00627322497861427
0.0117647065575155
0.00397061848954161
0.0194914678253408
-0.0138542532557495
-0.0193874121944367
0.00171911164933469
0.00314648178336618
0.0102651839178785
-0.0344341236240473
0.0105232683578855
-0.0130170957477582
-0.000293024627579963
0.0287305473840358
0.00911940723852922
-0.00960180739903971
-0.0205304248645566
-0.0227073666787404
0.0163836461126006
-0.03282529404529
0.00212121212121219
0.00393108557605082
0.024096354695893
0.00411761764705898
0.0105448450657539
0
0.0124637681159421
0.0111651875178929
0.00396373159682906
0.0208686413104522
-0.00856359092365766
0.00417949301140941
0.00499445047185221
-0.0334070393868846
-0.0182804637692354
0.0331684327369344
0.00422421876790846
-0.0207515984296129
0.017468529064635
-0.0405291033078834
0.0287474332648869
-0.138294867408041
0.0119126741202076
0.00621321124918262
-0.0194995125121872
-0.00331455087835608
0.019620884602594
-0.0140247879973907
-0.00496195831955015
-0.00864361702127658
-0.020456103286385
-0.0212255741604099
-0.0167890521161245
0.0124510134311273
0.00527062562440705
0.00139807754637955
0.018848202443281
0.00822195929352665
-0.00509680598029227
-0.00512301895071643
-0.0181942677032018
-0.00279720279720286
-0.038218793828892
0.0288005468465184
-0.0361445087223426
0.00257349255244499
-0.00293359002566929
-0.00294225807494453
0.0295093681479393
-0.0197061626657112
0.0113303723928957
-0.0126490784242863
-0.00658861639824304
0.0213706713843285
-0.0115439758854249
0.00875908759124089
0.00940669353859236
-0.0111111111111111
0.0123233055454874
-0.00286430361618328
-0.000359066427289112
-0.0154454022988506
0.00510758847136072
0.021415608762817
-0.0298507473294508
-0.00549446906573148
-0.0637200736648249
0.00550743509048002
-0.0136932712712547
-0.0253867126293816
0.0582010582010581
