0.00893859217877102
0.025692114033572
0.042971236385851
-0.00621115954888529
0.000208291666666804
0.012705707673639
-0.00534755255753916
0.0233664387227783
-0.0193979179875564
0.0065938389984308
0.0253838700259519
0.00499101617089237
0.0057608462455303
-0.0195536634494634
0.0120870872700862
0.0095541198425908
-0.00256311114820362
0.0112670488238782
0.00332294761532448
-0.0321449821879999
-0.00342194041867949
0.00424162812529305
0.00683829431137783
0.00119852174992974
0.00279327619300229
0.000596955853440218
0.0103400276329286
0.00334577832423189
-0.000784641035700195
-0.0457400480121722
0.00596587109718438
0.0404907754400501
0.0165094336377865
-0.0025135537023675
-0.0350843380500099
-0.0335475699788583
0.00997711473753671
-0.0399258695204775
0.00342977477257134
-0.01153601769844
-0.00345794251134657
0.0199522441996911
0.0161599408071431
-0.0150659339806248
0.0384533885702145
-0.000818351047087718
0.010647031122031
0.00871150711686575
0.0100421769423142
-0.00556776684096694
-0.00599878048385449
-0.00422448208055692
0.0169696969696971
-0.0411203814064363
-0.0122229127822665
-0.00776004614093961
0.0572817362654463
-0.0273890043982408
-0.0263104408505471
-0.0299767369638323
-0.0237214358276076
-0.0176103651892473
0.0301793056501021
0.0244492500242621
0.0146205338473675
0.0171646750829555
0.0449999999999999
0.0205342703349283
0.000781422168029344
0.0054655084911186
0.0110658905480834
0.015360963311791
0.0295007180502891
-0.00110209406873796
-0.00165502019759067
0.0132620553829057
-0.00272672251324213
-0.00747356894871354
0.019651037288319
-0.00288182636887624
0.0214956282244287
0.0362510881742013
0.00221846423953798
0.00919461944491751
0.0153534671840729
0.00897309737454299
0.0293148710587141
-0.0144000320000001
-0.00535711056354249
0.011424857189489
-0.00451834751463054
-0.048954466671332
0.0240327944105265
-0.0166444734805435
0.014895006266249
-0.0203468482379395
-0.00238345242140092
-0.0141637888793101
-0.00051926605504593
0.000692708670152031
0.0129802702142656
0.0193063560448721
0.00402282936640974
0.0343905998534024
-0.0187217562737534
0.0123355265186764
0.0152721854633986
-0.00672110716207042
0.0275495247301434
-0.00627152722282098
-0.02382458151113
0.0305479073953112
-0.0021957183875696
-0.00267208429223642
-0.0575256413313532
-0.00451505024272669
-0.0157903412697855
0.000512015702338164
0.00511769029542286
0.0137474885861333
-0.0380043696634855
-0.00469892107029102
-0.00139881100539985
0.0201365256498596
-0.0120150536222127
-0.00156358579632399
0.0149643463552402
0.0174866443515638
-0.00202187032929646
0.0138443187573865
-0.0108242632943257
-0.0117845282227431
-0.013287955480614
-0.0176104287848905
0.0351493836502852
-0.0134125801897257
-0.00154880396577506
-0.00861771802826616
0.00469403685674541
0.0224952236979543
-0.0138771365713318
-0.0126995194782908
0.0130366767432066
0.0259094376442937
-0.00284331823309381
0.013250604046471
-0.00877336533686468
0.00584500658241471
0.00630916486800603
0.0062696088719747
-0.0239383989526677
-0.00638328584551118
-0.00388848676623887
0.00543116108048736
-0.00776507401198268
-0.00459341620608045
-0.0128183220925764
-0.0152354056521955
0.0151195672447333
-0.00207833383864442
-0.00815683804506828
0.0185476283972834
0.0247380694852786
-0.0134116340851087
-0.00645704354994192
0.00769620304949203
0.0117108456113661
0.0110719508291908
0.00099555334328838
-0.00679602165436699
0.020527437267271
-0.00883076013636108
-0.00494967818924796
0.00978280534268272
-0.00558293906131568
0.0336855509629201
0.0298722533505511
0.00387777254726585
0.00957965065544419
-0.0105600557428868
-0.0103635263615306
0.00203190059393554
0.0271408044432881
0.015489825831126
-0.00837453229963225
-0.0168903036311355
0.0348212445215141
0.00711537217781477
-0.020164880183548
-0.00375544539582395
0.0052774125452355
-0.0142492429653291
-0.000304382223000887
-0.0200913251183252
0.0107176612636373
0.0149070385738437
-0.0274076010386494
0.0213295179201534
-0.0143291772661335
-0.00355712938093844
0.00605308086295175
0.0132675100277695
-0.00395861753958582
0.054723358444615
0.0207246376811596
-0.00340761039329829
-0.00726602059364523
-0.0223880166475318
0.0234879320249002
-0.00358577160662976
-0.0230314952780841
-0.00913515504043805
-0.090855033457249
-0.0428524540865629
-0.0155502221462749
0.0215239885172021
-0.0084961770092159
0.011139709036494
0.0057627118644068
-0.0326929221435794
0.0280487098240869
0.00660911732279668
-0.0158249657971391
0.0405405925511562
0.0133157483703519
0.0212524662759972
-0.000635440815958122
-0.0346526784295025
0.0116910752511115
-0.0185546878019969
0.00480930356234333
-0.0112229740881334
-0.00367219162076438
-0.00787398237349601
0.0101316952020989
-0.000334353059177506
0.0168896658342754
-0.0481828638680667
0.0148583445947073
0.0231528082004493
0.035607388872126
0.0138174160084379
0.0234548977323263
-0.00991023506007316
0.010165733659145
0.0173401930540451
-0.0229797903360187
0.00467294414359554
-0.0362790697674419
-0.0125482464607464
0.0319322086684228
0.00647300284180607
-0.0363921568627451
-0.0219762005534755
-0.0129827392482443
0.0178752448208304
0.0230284787437296
0.00242918218623478
0.00904680100010347
0.0153698209313131
0.0376852739730453
0.00167147854950578
0.0320085112866659
0.0230780394396302
0.0215517247572334
0.0116737274732415
0.000278006395106223
-0.0202918563012587
0.0117747485253155
-0.00210322490185066
-0.0247294372552884
-0.00648328733708192
0.0102958093140346
0.004736644315678
0.00942862857142868
0.0067930225421442
0.011807759513744
0.00972488150632622
0.00481561640066031
-0.00136928661329982
0.000137145207733447
-0.0148067037343926
0.00988030879654445
-0.012126195397547
-0.0237132647869086
0.0200028724104264
-0.008404510553362
-0.0036728633469012
-0.009215964968325
0.0214653701258745
-0.0542167997009022
0.000592519609168507
0.0112508507216498
0.0276679703606491
0.0210826647186326
-0.0230189871651786
0.0154219907956874
0.00520323435236625
0.00489646034290181
0.00139214808876131
-0.0182121089948563
0.00665523902625731
0.00689275604966966
-0.0121542745975335
-0.0108895065887357
0.0174435511168558
-0.0070264189417415
0.0202376439152196
-0.0531279541200141
0.0118663635550436
0.0306935283046188
-0.0865290465928067
0.0352145322960868
-0.013517468805704
0.0019574912237621
-0.0159302372117489
-0.0313073137763906
0.0698407851174523
-0.0400825517229213
0.0394534854076372
-0.0254024667759927
-0.0219729814206086
0.0515959397025729
0.0122291728792174
-0.0497816324504351
-0.0664828441556808
0.013948178765149
-0.075578603729105
-0.0402660896405128
0
0.00109450930317401
0.0125728678467043
0.0392298002519345
-0.00692644155844158
0.00732348761372248
-0.0382551324216722
0.0268178180918319
0.0285714466007265
-0.0202794478527608
0.0542702885973112
0.00131988118594495
-0.016971478282608
0.00703992624874283
0.0251331216666737
0.0079558694593278
0.0283504823340697
0.000783192355889639
-0.0100172015967632
-0.0145454229249011
0.0396278023543142
-0.00956794708790365
0.0185416484886256
-0.0149916468567394
0.00854174574532918
0.0153988292146958
-0.0266909606705805
0.0152696167030226
0.0105892258692923
0.00334095682128943
-0.017708460723475
0.0144837283672195
-0.00911297139203959
0.000613136131610625
-0.0199142006727053
0.00250076586433279
-0.0191767854564514
0.00604039103481169
-0.0023700742238888
-0.0231232027735699
-0.000324254215304798
0.0227051735322739
-0.036790341947505
0.00263417837885482
0.027093545908258
-0.0158273064081104
-0.0336257142036109
0.0205075972261692
-0.00988301778756417
0.00182997834253906
0.00714050137594646
0.00972794691746248
0.00865444125883608
0.000647579731261061
0.00614784005585123
-0.0205820714034745
-0.0334920538499425
0.0161372688319563
-0.0366098127716483
-0.025681051090039
-0.00961711452833081
-0.0044955942367273
-0.00686417978930309
0.018552200800291
-0.00232144642857146
-0.0195095761501625
0.00602413300518689
0.00145160585281068
0.0010871716087546
0.0215384434389141
-0.0184265949402302
0.0131768767806182
-0.0297523956929913
0.0163422514936145
-0.0131887809643643
-0.00970338721536768
0.0088740987243483
0.00238227964082838
0.0191955937989836
-0.000538098654708441
-0.0102297018982466
-0.00417051662119616
0.0131099968357611
-0.0224658523088759
-0.0106636883740336
-0.00706190286077113
-0.0451057458356727
-0.00450801646413179
0.00984445737656126
0.00974848879414147
-0.00154473833665292
-0.000580139249277578
0.0152863970588235
0.006479893148849
0.0170421886566525
-0.0214112459767501
-0.027207001004433
0.0136906118973086
0.001736368831319
-0.0177195307287955
0.00843137254901971
-0.0309158078942251
-0.0236757624398075
-0.0291820386354295
0.0103725228462099
0.0159229415461974
0.015673292816115
0.00588834517766501
0.0173597291610874
-0.00912704328860936
0.00981179434945512
0.00832833630775331
-0.00137657822523418
-0.0139818632135065
-0.00379466746554824
0.0082197271808393
0.0473254514351671
-0.00873360579964322
-0.0065121625457224
0.00790437647781705
-0.0124330147749238
0.0139453222168251
0.0450812051606957
-0.0252238535043658
0.00318766160931316
0.0128971775700935
-0.0313710468974174
0.00819196006127032
0.0270219209002993
-0.000367911697071288
0.00349711012342691
-0.000366837857667002
0.0122935412844036
-0.00199378292527763
-0.00435889930332545
-0.00711419190076612
0.0143303141649826
0.00887524015350905
-0.0122082762619699
0.00472553616866578
0.00633144005664699
0.00305586908042654
-0.00806453419470488
-0.0191508046666958
0.00994660140087311
0.00802476717035328
0.0148362583680115
0.00106974505259405
-0.0219056804307861
0.0174800261281873
-0.00948466339504894
-0.0140921052969144
0.0296866226864578
0.00961026890212247
0.00722719901286806
-0.0295764443398048
0.00414786286478153
-0.00143681752873559
0.00125899285104292
-0.0247888817959002
0.0134462882032367
0.0016357869865502
-0.0616948274052833
0.0249468386181944
-0.00188675471698108
0.0141776932257962
0.0214351716147188
0.00182487229607431
-0.011475445847889
0.00866043854800069
-0.0100475516972031
-0.00738139891827649
0.00111539317502518
-0.00111415045920715
0.00669271227565149
0.0241920027999261
-0.0165884965125948
0.00421706996301685
0.0180755523096585
0.00717363727308595
0.0493233618233619
0.0100118784999152
-0.011928746639785
-0.00357087223991037
0.0109215703386201
0.00422012139702499
-0.0178181537126187
-0.00975524559301733
0.000172796402129416
0.0112320893594624
-0.00649352358168143
0.0669074658910811
0.0149927456874537
-0.00810034955686711
0.00208168131174258
0.00910834103201208
0.00760093404272566
0.0163444441875775
-0.0197927793348626
0.0181416945597366
0.011000913991309
-0.00812259003831428
0.00216316436707098
-0.0164970703592805
-0.000313544437787305
-0.0346557785792693
-0.0167316761414608
0.0153642824279578
0.0497884485810032
0.00309987615157503
0.0435723108224304
0.012289043347808
-0.00541177393249492
-0.0173529411764707
0.00568687518706978
-0.0105654617811961
0.0172958495201039
0.00532230936313294
-0.00808827941176471
0.00177914018291214
0.00532780819890499
0.0116296334461945
0.00349240390727013
0.00710553954619408
-0.0112310875981749
-0.000582510574705486
-0.00451693156856769
0.0307376756440283
-0.0359272802024221
-0.00309322437904291
-0.0150708628841608
-0.00435044978395149
0.00241066736127782
0.00826699245854479
-0.0083483151953393
-0.00195426948079991
-0.00301245674066053
0.0084604620498423
-0.0101872659176031
0.00257299833509927
0.000150996381370616
0.0243019018867925
0.00692603880156151
-0.0140494507815175
-0.000890678303814285
0.0136681774971974
-0.036201097631492
-0.00593064154712164
0.000764800332042403
0.00137578726309329
-0.00610595310316131
0.00506836115699039
0.0250611239284495
0.00805010411299634
-0.0022183080944258
-0.00637320281053488
0.00865158101653352
0.00207037849436364
-0.0171193029185566
-0.0166666671671671
0.0119102003942648
-0.00392326862486514
0.0154521582956475
-0.00462476509957888
0.00779371990716848
0.0105591763997375
0.00779994147755447
-0.0296437779069607
-0.00556802131985057
0.00544794172373075
-0.0123419472503931
0.0190490695344832
-0.00583221149249835
0.00135374542627509
0.0163738020129189
-0.00325158124436398
0.0191281281397351
-0.00261894357839609
0.00510574740602121
-0.00537014498199861
-0.0201371227219777
0.00625462378988462
-0.00695577919194901
-0.0196721168307635
0.00684104601461
0.000905903627997917
0.0128224164606665
-0.0135537088703264
0.000905903627997917
-0.000905083709381915
-0.00634161227502894
-0.0109406172600095
-0.000307205426775647
0.00768403258029804
-0.00335522342534689
0.00428460609899339
-0.00761846751265283
-0.00690921266279187
0.00788500309214601
-0.0159533665913986
-0.0102883862731603
0.0096077489491968
0.017628783701366
0.0243752403322746
-0.0148158934450763
-0.0141272971554823
0.00647146359101791
-0.0108695499081445
-0.0038693700066651
0.00201984148508649
0.00635763704008796
-0.0081663942013438
0.015069022134425
0.0117845890287473
0.00786561779056716
0.000750457785552605
-0.00494904019196174
0.00105501133549413
-0.013098389433857
-0.015408115236852
-0.0114657884805426
-0.0040752038256302
0.00519354728999777
-0.000469688436976479
0.00438601190476184
-0.00483471593100204
-0.00971637659118674
-0.0117106822552727
-0.00576462760985375
-0.00998548880657113
0.0105742311603345
-0.000321973604668013
0.00483098244222169
-0.00176283648196041
0.000160507301966595
0.014125216920148
0.0329218423551756
0.0101133309802841
0.00925365622735597
-0.0267548328085802
-0.000926610038609943
0.0171587720773296
0.0123099994387537
-0.0144122351837226
-0.0147753537006746
0.00216450216450204
0.0178957574822587
0.000909336121127646
0.0116595546387104
0.00987880586375711
-0.00563220682329613
0.00551502492264277
0.00830118601098717
-0.0139664369582376
-0.0090949903086327
0.0258802441450534
-0.00132009386916998
-0.00234977249815072
0.00147208891505968
-0.00367484938519547
0.00383596936907593
-0.0089653290863414
0.00118644520243216
0.00770251791727095
-0.00749672214459385
0.00385074069242042
-0.00147534673171057
0.0112293439716311
-0.00657516053257867
-0.00588324770946458
-0.0133154912451836
0.0341880181680005
-0.00217487310171283
-0.00464981110142393
0
0.000437941605839542
-0.00773382471521711
-0.00308822058823521
-0.0126862514723963
-0.0109069624981325
-0.000755211514586573
0.0096749656938786
0.00539004333897219
-0.0172748170580844
-0.0218214129965574
0.00309832673439225
-0.00077224710424717
0.0136013143864597
0.00198226587428296
0.0263278500430355
0.00341037949554024
0.011083198199592
-0.00730780494907346
0.00721445839854118
-0.0045315886840176
0.0161527023833392
-0.0186415181491987
0.00294503001354562
0.0110115987224841
0.00987510877323405
0.0038826142668591
0.00572985262082382
0.0112519728137299
-0.0149295492957745
0.0170145119526877
0.015042879869656
0.00706373990569564
0.00646404905053033
0.00245970210439994
0.0126772081150872
0.0111724591308053
-0.00212997861568243
0.0068036553735813
0.0168278386534009
0.00247591875100128
0.0015598986091252
0.00674882517525655
0.00154701559881421
-0.00540616539049654
-0.000517587699660593
-0.00129491125359649
0.00311170762783775
0.00710863356176961
-0.000128259756885574
0.00218197909475126
