0.0408666549233749
0.00626161787104418
0.0132862598938153
-0.0149377925311204
0.0149958556022192
0.0167662345031132
-0.0241632653061225
0.0125481010540405
-0.0185062458691342
0.014983147643665
0.0235527944343541
0.0111813808326264
0.0176281725119176
0.0105511496062993
0.00935014833567549
0.00524940583214772
0.00476112724986755
-0.00107000920421929
0.00168325942412428
0.00183322642580541
0.0111313811792808
-0.00467498129015165
0.0166666363636363
0.00849478415781779
0.0050244422942054
0.00882221706154329
0
-0.0148667101753868
-0.00695358822036329
-0.0151967365078931
-0.0242057193405664
0.0141085891472867
0.025378319805637
0.00521839868793816
-0.0111242957912874
-0.0212989056936825
0.0119540076628353
-0.0434650771386503
-0.0017416244458518
-0.0104678827988561
-0.0141048407453893
0.00991710323255091
0.0301030751787359
0.0225034842161751
0.0206327219929696
-0.0103324799390908
0.00302625226365572
-0.000301764967540086
0.00120719788172008
0.00753579525352821
-0.00658181021935111
-0.0102394362150618
0.0190171906731846
-0.0276202734717703
-0.00230299411805601
0.0189288387690594
0.0312641599647208
0.000146485063656776
-0.000585751931677425
-0.0130402783882785
0.00564128554570553
-0.022438692720363
0.0101177588324108
0.00149497684997724
0.0147784002023705
0.0285377304264021
-0.00257437078301981
0.0111843851787894
-0.00411222365763864
-0.00284784268057048
0.0187062261703017
-0.0116343432371373
0.0131896181197102
0.0053191207917378
-0.00487328042328039
0.0355394006500713
0.0164842719501614
0.0124949483253378
0.0208744130464595
0.00308639395353927
0.0180769743589744
0.00579270843507329
0.0111430946108766
0.00383850906789229
0.00234367830270155
-0.00344571736535282
-0.00938505769134146
0.0063575416809083
0.0204384236180446
0.000121412968733248
0.00740382336938739
0.0180722891566265
0.00319523076923089
-0.00200541472238114
0.00437355802301553
-0.00258916084983918
-0.00471978761061953
-0.0227622767697042
0.00982649520805534
0.0223450269664831
-0.00575789672756521
0.00590946689623606
-0.000117530253583187
0.00787307891593603
-0.0183047692073489
-0.00178140148864847
0.00309333718881599
0.00984463313591832
-0.0140943976285458
0.000833928977032716
0.00190448751566508
0.0144944876914455
-0.0127649140738366
-0.000949015387342378
0.00106859414546912
0.00189779390102696
-0.0146797441141264
-0.000360519030619288
-0.00492783671614783
0.00664325393594334
-0.0037196666052155
0.00264965678248408
0.0067267027027027
-0.0126476318493647
-0.00990936555891231
-0.00195292322714513
-0.00489169640057596
-0.00565317663807874
0.017550339016174
0.0138467019592687
-0.00419309926688516
-0.000361008167913512
-0.00024065472334367
0.0294931623931625
0.0328578706568476
-0.0026039170699893
-0.0295118962431759
0.0216374035087719
0.0246136468142792
0.0108379999999999
0.00906377794778623
-0.0116113264145983
0.00709298435909389
0.0203587315827425
-0.00787319879342963
0.00206546368225813
0.00173569103927096
-0.00433175240769978
-0.000978942767480118
-0.00293953190940743
-0.0141952715834183
0.00764291102838843
-0.00516654935509997
-0.00629834254143635
-0.00400311353274785
0.00703357150831763
-0.0117516411890789
-0.0058334754973467
0.00564206706244419
-0.00639587052078527
-0.00530774685575119
0.0174841163150745
-0.0017853603508583
-0.0063715627808133
-0.012487344048682
0.000113943952084083
-0.00364506203844339
0.0161197665928918
0.00461300645633456
0.00615964826789495
-0.00745768065261254
-0.0160367840313287
-0.0132208345844732
-0.00115498957830928
-0.0269426563271511
-0.0026144027899131
0.0165614202311448
0.000586064228785821
0.00562252527975193
0.00698892270212981
-0.0122614000784753
0.00620680414810648
0.051676013772719
0.000774667986114919
-0.00486566404954114
-0.0106678411082973
0.0187576998624923
0.0106946089535154
0.0257445298515224
-0.00563648841472397
0.00417111229946521
-0.0213015232857762
-0.0228533901714375
-0.0172625346111758
0.0103128288828838
0.0220975990555783
0.00417029178543826
-0.00524593442622945
-0.0149416946256327
0.0712692250158722
0.0143674852357891
-0.0218618187416607
-0.00828962198458694
0.0155539198909338
0.00260470923302636
0.0107035120844796
-0.00380426683519908
0.00908244410240933
0.010637220332532
0.0024289546084193
-0.022715799412949
-0.0352273129578312
-0.0185244139471509
-0.0362209017577613
-0.0263753011716233
0.0165096845364567
0.0478096877502001
0.0088417966505645
0.0129842569353873
-0.0181585659637288
0.0400348137518454
0.0191422807351942
-0.0217592322693217
0.0335746938112411
0.00131963249782507
-0.0039537611917454
0.00895671246819352
0.00716230224439518
0.00250400651057725
0.0118893300785026
-0.000789909170516578
-0.0222332022401147
0.00889343129540476
-0.025743763883727
-0.0365001329117801
-0.0147262513576594
-0.0033575760130492
-0.0582481327401043
-0.017424439537298
0.0475630640619362
0.0418161785364186
0.0288389217690734
-0.00198727118515551
-0.0257807488111665
0.0160283779693242
0.0110111279304752
-0.00617861569124756
-0.00737623798996345
-0.0338640668958832
-0.0123063726556121
0.0177995218355715
-0.000765110957811954
-0.0218770514521341
-0.00268394101283698
-0.012110361067504
0.0591373452698603
0.0127532100043557
-0.0264550264550265
-0.00434784782608699
0.0344978610152371
0.00084417473946452
0.0183467531989352
0.00103539032852806
-0.0195490173769136
0.0237366808340893
0.0468878292777428
0.00551241285608484
-0.014880126972489
-0.00536620308157221
0.0149865127379962
-0.0252977566806873
0.00161586553067661
0.0251058479532165
-0.000983554656901031
0.0149650093531555
0.0161024741915792
0.00906918377088295
-0.00170293287709355
-0.00748667572460227
-0.012890346236312
0.00590057088123142
-0.0126935284679974
0.0102269701027946
-0.00636331463205442
-0.0431787025650825
0.00943109208568016
-0.0161744121340726
0.00377823955886858
-0.0364191443615725
0.00960722118235635
-0.0141168884487155
0.00434878027523111
0.00908227882390378
0.0209314488456898
-0.0292158473844435
-0.00908132024544839
0.0165175092292205
0.00104831744468292
0.0142423293379899
-0.000309736712643005
-0.0103284445362528
0.00772279273638077
-0.0100455884433635
-0.00648598206866757
-0.0268506157012675
0.00140667607458722
-0.0232306961675626
-0.0232300769196885
-0.0232163412270779
-0.00452172753623192
0.00989981353482627
-0.0364432710926452
0.0210651698001734
-0.017231298024412
-0.015744263632837
-0.0111488006961513
0.00784313744713572
0.0380594002446353
-0.0290500634045895
0.016166051588443
-0.00676717297516893
-0.00502039182307479
0.0595867265638328
-0.0128117578053886
-0.00160790168829661
0.0125387898308984
0.0653260644850966
-0.00138634962311024
-0.0472020295514954
0.0200627771793009
0.0227447528239808
-0.0331972919381759
0.0225580513958896
0.0134753862250181
0.0223031734440666
-0.0127962350659213
0.00807473412426485
0.0123314295635992
-0.0163456527950343
0.0303767454368096
0.00647154610111023
0.00765462315815602
-0.00202576718244396
0.0313610477150212
0.00610111180571415
0.00459703647490284
-0.00924931369145465
0.0123820260931207
-0.00863909945561347
0.00421033009528027
0.0064352867869597
0.0088160820692107
-0.00364925584315534
-0.00221689638554212
0.000579646461929428
0.0107163543016731
0.00697292946847017
-0.00483773486696526
0.000381212453294699
-0.00333491195812041
0.00487574579112326
0.00456659685504146
0.00322003989847675
-0.00415370527706982
0.00075838469539069
0.0155347068295917
-0.0112862513878019
-0.00415096226415101
0.0104206709060377
-0.00759428060775247
0.0203117812057021
-0.0135185092592592
0
0.00225265625818794
-0.00187298184934437
0.00394068298103445
0.0100934766355139
-0.00249818648226896
0.00834802909466714
-0.00689908938367301
0.00861430167297428
0.00156119938985388
0.0013753988882339
0.014925345800983
-0.019487514236287
-0.0096614188443136
0.0132862681395409
0.0428205124302312
-0.0129253579638083
0.0199536607882833
-0.00061135371179033
0.00996242244166723
0.0174785497966601
-0.0200696749747317
0.0077236828675602
-0.00413368918014922
0.00432376344105645
-0.00421902018442422
-0.00121054904953655
-0.0140247854900045
0.0163315569086975
0.0157235421166306
0.0132686654758869
0.00789056512777364
-0.00674604813858581
-0.0095589382934943
-0.0115983996376973
0.00231260813704504
-0.0129037347351838
0.00164483591646025
0.00596371666284501
0.00584243496728609
0.0110190569744597
-0.0129266558556382
-0.0114696908076745
-0.0104770891068853
-0.000962556886266674
-0.00516769738403611
0.00440218340549059
-0.000788955105382905
0.01079044671972
0.00841868591894923
-0.00344264560732177
0.0280680539937124
-0.00369626172970217
-0.0401349247914827
0.0154603132628359
0.0263841181035314
0.0144121278649452
-0.0039880690928209
-0.00183511015603377
0.0163797336994906
0.00156220190193546
0.0147771367667209
0.00299330148860699
0.0136311901847592
0.00119361822540953
-0.00866314576378957
0.000561212204893469
0.00152239579673719
-0.00304021926618481
0.00706200941287216
-0.000557813380473449
0.00781377783150661
-0.010126574206858
-0.00607418463696807
0.0104535460722617
0.0101862005352158
-0.0233180947956816
-0.0618648557380661
0.0021494282890453
0.00900826199396465
0.000765207033711413
0.0108751574564612
0.0105899728377046
-0.00557217241470687
0.0164757129714812
-0.0036202319925932
-0.0180016518249653
0.00714765400517403
-0.0146113387645822
-0.00347395365549796
0.0041662868449428
-0.0118543693794135
0.0189375069135607
0.0045411906638233
0.00652997923474197
-0.0222074767809829
-0.0125892822829071
0.00663332173271325
-0.00530590509723416
-0.0203045680038397
-0.0130851493874115
0.0186866529281007
-0.0132774629644271
-8.85446183476191e-05
-0.0138114036426225
-0.031600646661286
0.0393065530924293
-0.0198019978610114
-0.00718901635443647
0.00595785528795334
-0.012847416856492
-0.00729179462033569
-0.00418414679170209
0.0267040247750518
0.0263732450561409
-0.00717701570816032
0.0124051670038778
0.00599436696060707
0.0126182523847287
-0.00579784537552508
-0.0100965794246374
-0.0266420990070667
0.0012646703143091
-0.0134427828741531
0.0176497579817056
-0.0432242814811672
0.007138179701905
-0.00484942633080032
0.00655988198444279
0.0126616976943787
0.00919371175490613
0.0256900708487766
-0.00861526809184721
-0.0106611984233685
-0.00262610703613153
0.012620301549122
0.00842824359749161
-0.0145816572011945
0.0123612286860737
-0.00320856514817902
0.0065272176869533
0.00559649107222171
0.0212014228233592
-0.0262975783096467
0.013859319720315
0.0230458896850887
0.0141327794432549
0.0112331163643054
0.0987221223071382
0.0341314321368735
-0.0136724499831459
0.00462073358432802
-0.00103856822614479
-0.0324521823124257
-0.0031467343773669
-0.0129350780360689
-0.000935998461840781
-0.000624625224475039
0.0129687812499999
0.0185870964495729
-0.0566367123763385
0.0123605510028268
-0.00380555784838399
-0.00119380817837156
0.0124302629482071
0.0034629466938918
0.00729406274509792
0.0116016902687208
-0.00631151487548498
-0.00457018568999912
-0.026923913583531
0.00303876042290052
-0.00566051981184734
-0.00633419654959744
-0.00387317840716539
0.00591334967792667
0.0142534788210662
0.00190555780640489
-0.00697364280888124
0.00223444261805827
0.0155267542169522
-0.00541009090943945
0.00315334652192889
-0.0165029312377211
-0.00407513377426871
0.0252728018715727
-0.00273886060928974
-0.0285624524707714
-0.00872376392430307
0.00725228155759217
-0.0010516786582665
-0.00761258484906246
0.0151787251903155
-0.00594853688185637
0.0294355400473705
-0.00785545935925858
0.028265969241505
-0.00261797191876367
0.0217710725065319
0.0221382158456418
-0.000221754880409208
-0.00658039926062837
-0.0270170063484891
-0.0183584033766817
-7.78851386599166e-05
-0.00241592879588914
0.00679642241998368
-0.00620734767972742
-0.0490318465173041
-0.0123973888572072
0.0017457727014234
0.0174273692946059
-0.00114191682123843
0.00228645273792627
0.00301452669080216
-0.0220128257492257
-0.00888704304174348
0.0166764264363291
-0.00972635179690062
-0.0315465376356463
0.0126343104879125
0.0235952979120693
8.29436166325248e-05
0.0312577395634048
-0.0246020025229621
0.00123640784701617
-0.0102906066494558
-0.0153884377359138
0.00625156696160589
-0.0185542690071844
0.0158254744940038
0.00707365052631581
-0.0137970905191768
0.00754620980928911
-0.0205335602030874
0.000687361463075575
-0.0121919634910966
-0.0082573226877708
0.0105171342772503
0.000780537707357976
-0.0229656038041911
-0.0021287742084225
0.0186666488888889
0.0310646253239899
-0.00397767420522421
0.0237063552773156
-0.00929616510716724
-0.00092159013973192
-0.00863730817610064
0.00955842488954128
0.0388772524319607
-0.0213727078211583
-0.00123614640633407
-0.0268173937318691
-0.00559609113793302
0.00775923437721038
-0.0109146288025277
0.00436272019909811
0.0206115145009278
0.00951346892241567
0.00867980483855679
-0.00467136546479352
-0.00592831632593616
0.0171456965838062
-0.0156352276310612
0.0204334965362383
0.041345756649303
-0.0066952200863033
0.00587820380525761
-0.00467506637603454
-0.00837638967240306
-0.00442091267736511
0.0358417569118885
-0.0121718742948835
-0.00612207875739745
0.0191813411306043
-0.0182082845424374
-0.0267279665436303
0.00928739776961729
-0.000872608295614863
0.00778088942709543
-0.00220592452532897
-0.0120805288262057
0.0210197964908936
-0.0103326810176124
-0.0109151071739303
-0.00319872843185776
0.0174889688329085
-0.00449420477025608
-0.00277204177455981
-0.00595663550292636
0.0123841079455382
0.0128639966290269
0.0155057352502956
-0.00322257341789978
0.0180893767041992
-0.0230605482784119
-0.00441148494017185
0.00575253424869837
0.0066470858460701
-0.00537478480594333
-0.0105758458702404
0.00912848574749936
0.0223442097524109
0.00945322572648344
-0.0157326270821884
-0.0089816406994353
-0.0245007302112303
-0.00259823631842782
0.00363118882222913
0.0224948955678377
-0.0042307923076923
-0.0098879801441788
-0.0175548102918749
-0.00659150264598962
0.00855390546179247
-0.00657896301271521
-0.00295223006539169
-0.00224070904481988
-0.0132338867500802
0.0198325775813426
-0.0013548896042489
0.00710294476210027
0.00245659715577151
0.0047430671936759
-0.0114083085980851
-0.0128133782281993
-0.000322484679760704
-0.00709674999999999
-0.0318389043574017
0.0328859572035056
-0.0241228145519132
0.0140657009726892
-0.00837160237595547
-0.0201125724217844
-0.00430781319628193
-0.0268917380444115
-0.00444601172039061
0.00849387938250135
0.0125032823218421
-0.00445935164686262
-0.0170556901388815
-0.00122688632699253
-0.0122839430351501
0.023007941725149
-0.004602353087796
-0.00252988753022476
-0.0105824649495352
0.0248387260188825
0.00483006719285717
0.046008592274678
-0.0049236746682777
-0.000494845777752828
-0.0252475088757633
0.00770275950315513
0.00571188561834801
0.0149502543652322
-0.0371954996016006
0.00854700854700852
-0.00830511016949154
-0.0211929248297622
-0.0116116814072666
0.0210228515239188
-0.00354698515605101
0.0262198037853794
-0.0101522591409202
-0.00282052991452986
-0.00805686994183386
0.00138249369958121
0.0253689103923453
0.00244046953731436
0.00402950795761825
-0.00560199006023387
0.0065584713697131
-0.0093559686689163
0.0193102376021668
-0.00521175558930564
-0.000498943866943824
-0.00981778833816815
-0.0145366185272394
0.00434858462098053
-0.0128194412698919
