0.00371365618792519
0.00824086794888768
0.0190158295410203
-0.00654773285316745
0.00790902962446904
0.0114435347864488
0.00953612428537465
0.010886967833605
-0.0254988917563969
0.00536327003678316
0.00792106356416
-0.00561344043667811
0
0.013387129032258
0.0170300806293147
0.00547727682387245
-0.00404666147859922
-0.0153149549831236
0.00174577056802949
0.000633729414349249
-0.00459152944901831
0.00334027363353395
-0.0061826726004226
-0.00765672368251269
-0.000482221515547776
0.00192986490833058
-0.0032102889760881
0.00144929151205453
-0.00257276093540382
-0.000806045474867734
0.00645371087447577
0.00272520034105161
0.00175860914082504
-0.00383022661985311
0.0134572256795011
0.00221315214078888
-0.00157733433509988
-0.00473932076997352
-0.00174604761904762
-0.00795038969550632
0.0030454079667479
0.00303608171824599
0.0156125537677234
0.0172548705882354
-0.00231304556092671
0.0069552553456842
-0.0035303759468801
-0.000616158367719
-0.00184949145419966
-0.000772127832855851
0.00169990730489733
-0.011879003394014
-0.00124905536694508
-0.0129748630143057
-0.00348433645049639
0.000635743821860935
0.010006369282185
-0.00786287152067933
-0.00190202884767787
0.00730504990781244
-0.00725207315150556
-0.0042877560062291
0.00318980856156603
0.00476945930780737
0.00363922462596156
0.0130853224026486
0.013227497254046
-0.00307167865041191
-0.00939764231103724
-0.00451012420637065
0.00390563962175783
0.00140049793338015
0.00808088603203982
0.0134113605636801
0.000152144817527899
0.0155132623574146
-0.0121311672366857
0.000151637358272172
0.00166743972006311
0.00575055975331251
0.0147457570680976
0.00682087761503913
-0.00500742253291842
0.00192427477573354
-0.00265918148443856
0.00429567458759661
0
0.00162243355652936
0.0628772750477236
0.00124684123025753
-0.00636500649086802
0.000835607877332167
-0.00375685249380042
-0.0127094416957944
0.00565842394515692
-0.00604855850603792
0.00990655194415213
-0.0395179366659481
0.0180915958842778
0.0174835342144386
0.00323947887323928
0.00575594528614598
0.000977107774666308
0.000557816211934403
-0.00278741463414633
-0.000698853918985942
-0.00545453146853148
-0.00660950630558976
-0.0124574888513235
0.00114670294877572
0.00916390373218223
0.00964814090600985
0.00337265298636025
0.00182068622351017
0.0103452818446146
-0.00290575631267853
-0.00471824881260752
0.00948133004069551
0.0064917263400075
-0.000137258125267214
-0.0043919845677739
0.00289494068245189
-0.00137454295532646
0.000275237432202813
-0.011421522262874
0.00751671812453902
0.00317772878603462
-0.00440710639846975
0.00262833029978782
0.00275934039351533
0.0035773527793066
-0.00411301058094304
0.0579570354894965
-0.0235523363318759
0.00892854465713544
0.00898164058884765
-0.0246105121692697
-0.0271105079288549
-0.00538005256945928
0.021636699629312
0.00149325270196843
-0.000271072262616467
-0.00718642711864415
0.00314116357359784
0.00394827790122321
-0.00515320057372393
0.000545269894421052
-0.00367854213409968
0.00382889390792673
0.000408636403289142
-0.0134804598725367
0.0131125609294367
-0.00326972743134257
-0.00792785631887072
0.0136400933138581
-0.00978662498300931
0.0182567197874186
-0.00593154489080627
0.00406838904443707
-0.0113452726722681
0.00683060137283875
0.004613351612484
0.00661801719856814
-0.00375686305859202
-0.00471377777777782
0.00311224619452655
0.00903825748165077
0.00708554784416249
-0.00106202041518588
0.000531574750830544
-0.00438307870390398
-0.01160623014416
0.00769345432276713
-0.00200913463653174
-0.0245604878657767
0.00110074298293883
0.00261125611293966
0.00150789588106481
0.00958122117660065
-0.0046095985734923
-0.0194769822794058
0.0056952911708652
0.0116021543756311
0.0132441429067216
0.00539013617288964
0.00549518823890649
0.0079979475339087
-0.00304157618189982
0.00198968035534786
-0.0230341273095827
0.00826559586996223
-0.00362861155067262
0.00418125174239603
-0.0204163473639897
0.0042506238859179
0.0731840544288382
-0.000381653953731687
-0.00585463917525764
-0.00396873634657868
-0.00244218499580273
0.00489623753516
-0.0178227982516425
0.0138381987947311
0.0023176923864181
-0.0107913160735517
-0.00324675324675328
0.00169377198697074
-0.0010405047232247
-0.00104169266764231
0.0066475755129356
0.00543828801871227
-0.0294913192661606
-0.0191083198101336
-0.0316557908997781
-0.0113160795944095
0.0265650004195987
0.022023371726817
-0.0041750572390572
-0.0116310518898824
-0.0205254509982088
0.0290584233289071
0.00217208785380985
-0.0136819561094554
0.0270567374552051
-0.0175180264444775
0.00394720288625017
0.00149133672745827
-0.00947617397551737
0.00888344974397826
-0.00054187212137613
-0.00284628629501626
-0.00774772325676221
0.0179451780821918
-0.00699767210328806
0.00636944021724561
-0.00983036601588017
0.00339997284645688
-0.0279208190284742
0.00738983536824001
0.0229758339100345
0.0575023646325334
0.0220060505626383
0.0175263151299316
-0.00565943658537704
0.00148480574115339
0.00580679501342241
-0.00343946672696394
0.00406757071616792
-0.0106801253459382
-0.0193572040877132
0.00556753138766952
0.000754976711275113
0.00100593487999401
0.00276348445216068
-0.00789183244665326
0.00946969732839764
0.0150094439653325
0.00431297586412871
-0.0143558036809817
-0.0954811130217573
-0.0330305789688644
0.019214331932413
-0.0181539307617102
-0.00611578740195651
-0.00643956810702206
-0.00576121273224839
0.0157902943037851
0
0.0129776948241147
-0.00239332679703408
0.0151001832472457
-0.00375359377172257
0.0147920309912346
-0.0156765536898165
0.0244481691967542
-0.000818287172554388
0.00696058442584624
-0.00189753323254993
0.00027165942791485
0.0108606429073774
0.00564058562504144
0.000934829097282153
0.0153435763312972
-0.0148488440170524
-0.0109376949321369
0.015778799304685
0.00624005576208186
0.0106873860576937
-0.00169708881715636
-0.00261545700777477
-0.0159957263404639
0.0143903258738045
0.0139236180450657
0.0211166985071458
-0.0242323775691448
-0.0235340775694148
0.0115845941833448
0.00408053173515177
0.00943892251493073
-0.000519493506493607
0.00272867727038317
0.00777502935791174
-0.00334312729882202
-0.00812804778407816
-0.0205514316032036
-0.00358571034851085
-0.00519792090094529
-0.0214362007159191
0.00451809960955485
0.00913177010501154
0.00661801719856814
-0.0354219782023611
0.00639865080537838
-0.00400829313084439
-0.00735496828628823
-0.00782885513531195
-0.00746793000608792
0.00993749261960541
-0.0167276077695757
0.0178699078428839
-0.00505619403326651
0.00522308047561149
0.0251369333680234
-0.0121917671232877
-0.0192761056819289
-0.0261594736119984
0.000871163022891253
-0.0145074713477441
-0.0291476961578097
0.0275966653948447
-0.0129850677136669
-0.00807297066935231
0.0257724197670661
0.0023509110300004
0.00249190849469505
0.000877292014582309
-0.00730460221933971
0.00779994147755447
-0.00686333205914136
0.053521539375929
0.0314026509029266
0.00175909332181079
-0.0160746051070459
0.0205930818557432
0.00430465452271478
0.019957111172938
0.00722252114976962
-0.00730114761282186
-0.00643547421113055
0.0109715925718019
-0.00967579721459999
0.00739378155251602
0.00380069447703679
-0.00169731044247612
0.00588549576099262
0.00364059271145023
0.0037569761949221
0.00671137041644165
-0.0016666282051282
-0.00449474748318668
0.00116104235659331
0.00193275348624211
0.0111882070167642
0.00127185557440623
0.0151148857443839
0.00337842851297365
-0.0092281454239147
-0.00931400916226588
0.0132130734749469
-0.0185580313479623
-0.00881557463200122
-0.00953861795466304
0.0117126762994626
0.0106766403570011
-0.00903651520936744
0.00372464675411455
0.005886103496197
-0.000127248440055294
-0.000127251911634874
-0.00674383543676482
0.00166543688612464
0.003069420563514
0.00459009307662872
-0.00114232769206346
-0.000254091496343922
-0.0139806558210475
0.00257794528027988
-0.00835692990944881
0.00466745772076194
-0.00335520721009697
0.00802790335253523
-0.0010276300842037
0.0127299091962161
-0.0165058781994445
0.00451844828967785
-0.00938177636246695
0.010638297596308
-0.0133504617881782
-0.00260209468381345
-0.00417438016309002
0.00916957082366099
-0.000649052431865971
0.0233796992695077
0.00494985397956782
-0.00252585248800219
0.0035451885206943
0.00164013369568172
0.000629840038164131
0.00679759549854975
-0.0025006750749933
0.00150417399729474
-0.00350436787223118
0.00376783457292773
-0.00425420431066592
-0.0103040962476979
0.00431686124131891
-0.00303409615762573
-0.00595995427390361
0.00038268912339201
-0.00790608283361605
0.0143958220669991
0.0157121899572272
-0.014970121508477
0.0148176040377104
-0.0270809694401961
-0.02514108549437
0.0193421184210525
0.0218149345318843
0.0242546475869303
-0.00185004928835575
0.00852592363771154
0.000490088195659544
0.00232664695926288
0.0189371293570466
0.00743399262748223
0.00547495853873925
0.0027224904336236
0.0105064220340743
-0.00420560757489741
-0.00211168470463841
0.0056431108780417
-0.00163664950155895
-0.00702574924998245
0.0112027944149955
-0.00268225072886297
-0.00187086068302844
-0.00222590203577888
0.00434428799681319
-0.00303953702315252
-0.00492492970127745
-0.0134338909564707
-0.0512422473573548
0.0214024549918166
0.0128189453772567
-0.00803208002998868
0.00269906753284088
-0.00342598788354387
0.00147333338759981
-0.0018389358832902
0.00257920664650468
-0.000490028193924852
0.00208366231565948
-0.00085616436261815
0.00318270282329025
0.00390482015514904
0.00024315061054403
-0.0021873860470607
0.0108391059452064
0.00168673493975913
-0.000481128223251526
-0.0012033453959891
0.000602445783132621
0.00301023468957617
0.00648250877013767
0.00262406978168261
-0.00523429705530087
-0.00956712474645571
-0.010383977300169
0.00963886053732144
-0.0113595407854986
-0.0081896958364428
0.0043135198954094
-0.0104307156812053
0.00099208830595332
-0.00185828788579923
0.00359936701005337
0.00234976499691131
0.00333123985202066
-0.00245938268568613
0.00332835293410927
0.00589757962768855
-0.0100158784652786
0.00283770501526082
-0.000615108275284437
-0.00714023117788132
-0.00433972710874819
-0.00684935217250249
-0.00175547335423198
0.00615496789153425
-0.00873902643543134
0.001511272002235
-0.00201202220870311
0.00012603326454097
0.00125989663878423
0.0109474643142387
0.0013691934961011
-0.00459906791544074
0.0147352643672511
0.0118139179962116
-0.00158118460738033
-0.00803990781044739
-0.0022104875353065
0.00123074461538453
0.00245857412313644
-0.00748008556173807
0.0156905975860984
0.00243285491342737
-0.00788741619282052
0.0163893831607294
-0.00252706383939982
0.00530827609251139
-0.00252008874306753
0.000120235799317747
-0.00360874546885892
-0.00169020882071191
-0.00471639848309602
0.00850543103868406
0.00192775903614462
0.00709470865345319
0.00250745074626857
-0.000833730357714613
0.00262250569343792
0.000475579592491115
-0.00320861549117968
-0.00953737516228104
-0.00866635751886469
-0.00194273917019505
0.00863755505976482
0.0015679290040802
0.00120421482172195
0.000601431327897917
-0.00312539961232361
0.00120582418907511
0.00650368549323943
-0.0181883092018665
-0.00938457004078352
0.00615157487883344
0.00403524093953567
0.00316650830390319
0.000728384093903856
-0.00436734198714073
0.000487400999147125
0.000487163555143555
-0.00608642711901575
0.000612308619416746
-0.00648713610111873
0.0018479980743622
0.00787013034923767
-0.00366026114763618
0.00881696013632327
-0.00789019208145891
0.00648475444201324
0.00595669812894006
-0.00519637462235656
0.00376575558794956
-0.0130702413071612
-0.00576334742746742
-0.00197340893010811
0.00543750631333428
-0.00221240164439018
0.0121950973146094
0.00632839251133976
-0.00193497395247377
0.00181753304031917
0.00072566521528783
-0.00120859321268052
-0.0106485601482159
0.00477005859173052
0.0166767494418321
-0.0029932951266749
-0.00312231307033672
0.00722803259298788
0.00550172221622147
0.00535264660402057
0.00520589228132606
0.00153009653401726
-0.0155129752268409
0.00596872410058702
0.0074760296953611
0.00341578319397451
-0.0347458496362051
0.00741813179795225
0.0133993367165299
-0.00190584878758238
-0.0103831362885412
0.0168837678939644
-0.00770875237191637
0.00334646834818852
-0.0128647294650885
-0.0124291898481046
-0.0138073931479664
-0.00817737589118284
-0.00137415360246762
-0.00225168871024051
-0.00514047128534423
0.00907374944105221
0.00349691519920081
0.0104543126435424
-0.00295609057873913
-0.0163063625561344
0.00502325775549139
-0.0008746720089301
-0.00312656332074246
-0.00037635177990647
0.00476905120481907
0.00487133412119256
0.00422627734840075
0.00433219452491396
-0.0160217280752001
0.0013777681050986
-0.00625390892760136
0.000629364403877952
-0.00264149685534587
0.00227014753096033
0.00201328800788625
-0.00489763926526332
-0.00164054774458733
0.0121349891020732
0.00699384288747362
0.00173632649397226
0.00742857524186857
0.00344105923161875
0.0123698955941238
0.00375026596901673
0.00253102323091459
-0.00036063957682142
-0.00408904379821917
-0.000483045537568949
-0.00712815055436089
-0.0660744706741301
0.0164169641693812
0.02243302083238
-0.00576728922348824
-0.000504426210425235
-0.00706541743463496
-0.00533669651855251
-0.00229945071920612
0.0111396033582485
-0.00189946812841002
-0.00405988327835571
0.000254738853503245
0.0113347813805953
0.00629643589994022
-0.0048805779061154
0.0111922413679164
0.0095758731712039
-0.00776049519586108
0.00620732441189364
-0.00197413934703994
0.00346147859391133
0.00850071475916492
-0.00476423155675265
-0.00981960218706746
0.000867732759829654
-0.0044587689982355
-0.0038566435875832
0.0178593730485825
0.011288319018405
0.00667317414882729
0.00337470165873577
-0.00132133333333329
0.00769785912554566
0.00155174267786751
0.00178755801274888
-0.0122531409053803
-0.00806934852546493
0.0099562771981998
-0.00432796345275321
0.0137647790388795
-0.00714623638811618
0.0121161466876663
-0.00237057002356622
0.00142572178747113
-0.00960965702207084
0.00203640385590309
-0.00239097424050272
0.000359568616880912
0.0128174408426891
-0.00177410993113747
0.0123222745895197
-0.00234087073172129
0.00739095512414245
0.0013974030023034
0.00325618102700731
0.0027820216569614
0.00693560266014082
-0.00264038568889458
0.00207183478608997
0.00103381578299611
0.00195063678828133
-0.000687104901511582
-0.00103144622893769
-0.038201239834834
-0.0182490228172244
0.00692502750394919
-0.00434362950085532
-0.00763448888637264
-0.00439614121866094
-0.0116521159285187
0.000496413489788683
0.0101711606237476
-0.000491159123498175
0.00307125299579236
-0.00918554784603676
-0.00309023478145276
0.00520766261109329
0.0120883557419516
-0.0102377083398767
-0.0116980299433325
-0.00735115855093038
-0.0055227188533381
0.00366015384348795
0.00804837807023562
0.0111027813820967
-0.000863664372720674
-0.00444554194447233
0.00545764058083686
0.0115963733431133
0.00585369512195122
-0.00545591638739384
0.0106059126003402
-0.0174910128470203
-0.00933081679548731
0.0042136199228251
0.00913239552181166
-0.000733741007719613
0.00465055690430249
-0.00170543314437488
0.00439293487710568
-0.00340176171550866
-0.00158474950121601
0.000976813162959278
0.00512318839510173
0.00958737840807333
0.00396676273670482
0.0027538674360823
0.00143287164179107
-0.000834624985049714
-0.00357998793866399
-0.00203590419161681
0.00492014868786406
-0.00453781954950616
0.00551822210270836
0.00214745884037226
