0.0107643292363355
0.0236443482881163
0.0323566583666124
-0.0183987234319998
0.0180841860805159
0.0168378949704098
0.0152851600296549
0.0222242502813603
-0.0364687998597352
0.0085523971048167
0.0161479569895888
0.00301850144725235
0.00991321446504134
-0.0219982650657014
0.0510798925021918
-0.0115951998329338
0.00871217113775558
0.00470323234644709
-0.00689418685665477
-0.0339389698320193
-0.0122427695862067
0.00251488243272435
-0.00519621917587654
0.0158501619610036
0.000797836858213552
-0.0131986625316561
0.0215439942272173
0.00342705614867156
0.0105087746648782
0.0215789758348122
-0.00873769109444411
0.0179717504145784
0.0103405046744138
-0.0122316608420703
-0.00640217341759053
0.0121237815716095
0.00770653395141241
-0.0257689602883884
0.0305460929320673
-0.0184632887768115
-0.0478279701097941
-0.0178950748909039
0.0089301550700871
0.0526598131901621
0.00985225088928576
-0.0186711687355564
-0.02511141583819
0.0123077098901099
0.0283109157045434
0.0116543953499064
-0.00534267463609095
-0.00293746533046635
0.0359427347825907
-0.0165759405216542
-0.0303230441239615
0.0281186347297322
0.0274324290590939
-0.0141969991594982
-0.0319122905810678
0.0193559296653865
-0.00182422059409981
-0.0215982560624254
0.0431312790213216
0.0153019451790497
0.00280582015080677
0.0176673360833748
-0.0135899682578956
-0.00358363462610489
-0.0115889143640765
-0.0194873133255813
-0.0587168306330722
-0.0350446822765436
0.00944253685711405
-0.0221262727109193
0.0050588299755443
0.0212318025413691
-0.0262567622997316
-0.00717841865715374
0.00509828527340428
0.00175231024624178
0.00929841624106764
0.0367600758029758
-0.0022875417108027
0.00149910050266122
-0.0140882187197323
0.0593015981128731
-0.0125621616005214
-0.00170769292073869
0.0164214679511028
0.00950862536212127
-0.00450113357921855
0.00619608138658623
0.0278771661459127
-0.0280925686874814
0.0575593155128866
-0.00488345151924585
0.0050657513080814
-0.0223657578587393
-0.0120831320451356
0.00546313605237381
0.00559566954173496
0.0300806693548388
0.0111171296222392
0.00495547061349466
0.034363257882293
-0.0242085661080075
-0.0397709847328244
-0.0115271880791225
-0.0458420233502339
-0.00876602333754239
0.0232993031173352
0.007561941418047
-0.0270515381443299
-0.0130541746795441
0.00687110710298033
0.008700818680351
0.0187737928118392
0.0275587280853431
0.0149446480737971
0.0225246897685822
-0.00513740947195918
0.00719816926998162
0.00365106047233921
-0.00201234524796468
-0.0300139750269276
0.00383787479011755
0.0529668963847016
0.00491686092852195
0.0223560471649509
-0.019290309711146
-0.0399399408394882
-0.0188457620936604
-0.0136287477992448
-0.00387849864449741
0.0188189407756241
0.00557328830530723
-0.0328582810880852
0.00638557500801351
0.0172456113235173
0.0188724585636355
-0.026136110944632
0
0.0116053753770895
-0.0200764584148293
0.0260975528455285
0.00871562482145327
0.00785484263380498
-0.012158039313507
-0.0134122051282051
0.00023989603582808
-0.019587503684242
0.0421593910664453
-0.00312989820508847
0.00698580051827635
-0.0116142340112217
-0.0157728702892854
0.0169871390147323
0.000157611096085919
0.0032298408188145
-0.0143698549567312
-0.0114722357745117
0.00886523196542188
0.00934652500399413
-0.0157498775741968
-0.00691541486880498
-0.00129557894736843
0.0057565025379116
0.0288592818494329
0.00321237961010068
0.0077320060459547
0.0200728204299219
-0.0154231809536232
-0.00956856268442208
-0.0115309928384422
-0.0381493172976436
0.0118823568948812
0.0219468653560044
0.0401774539951272
-0.0185128225854343
-0.0104789177912146
-0.0465955589913187
-0.00534804998068084
0.0170402681531994
0.010492078336529
0.0418545080787911
0.0315976277565262
0.00277087547944932
0.00201646013516621
-0.00521723940101715
-0.0187308007887106
0.00038178971992231
-0.00129749652579769
-0.0408865552516674
-0.018087625498008
0.041142577915867
-0.0208885419901355
0.0783315058510228
-0.00339588790955836
0.0147407777777777
0.0241623321351072
0.00655736265379825
-0.0126044397917828
-0.0121916019479116
0.0137215037853382
-0.0269283811885563
0.0130271882323982
-0.0019616681339848
-0.00356693614205905
0.0199444469628709
0.00107437861847726
0.0123068192725679
-0.0605738778788205
-0.055977750177481
-0.0494142340845283
0.0159302510924018
0.073780664748381
0.0279763198218712
0.00224301308411223
-0.0487132103980632
-0.027289806162715
0.0399870925508941
-0.0191472945736434
0.00363549358757198
0.0481927954672463
-0.0237397939768629
0.0157753216416003
0.0156060454545455
0.00589294354606817
0.00444932127033049
-0.0132151571771538
0.0114469396544385
-0.0815888589157651
-0.0480831331158784
-0.031982383755269
-0.0222882869578434
-0.00670480952346852
-0.0704707220729842
-0.0462819427409173
0.0135025583756345
0.0431733638550864
0.0296716346233112
0.074139669659433
-0.00573018753255772
-0.0441844056283027
-0.000548118038992462
-0.00338211145553724
0.0088966432073434
0.0295454545454545
-0.0339955673289183
0.0356490030045886
0.0219770338399725
-0.0126954053657881
0.0136458799860042
-0.04858471820637
-0.00571425850340135
-0.00118596055867648
0.0445703268713185
0.00349736809922097
0.0543696537693557
-0.00752007259697429
0.0505412164952743
-0.0113339147393821
0.0176367166528253
0.011186379215592
-0.0269554298305125
-0.0239391349249137
-0.0324009914723652
0.00754492207142188
0.000420732022225145
-0.00588734220542741
-0.00761416262980097
0.0490196065894388
0.0181226813948148
0.0237866860136229
0.0389833166608184
-0.023863073085062
0.00361316876363516
0.0133281498277713
0.00634977734105702
-0.00871331748241133
0.00825943011093866
-0.0278069822306776
0.00773036481346345
0.000383576247440898
-0.0640288761895904
0.0254792729064277
-0.0270032520093194
0.0123162820238421
-0.021575180293818
0.010279416652891
-0.034709148238882
-0.0164910066005697
0.0136560245546073
0.0106582538425841
-0.00497761752280113
-0.0121248090194199
0.034760929795538
0.0180822829807945
0.00863618231442365
0.00840058945717459
-0.00712911749852996
0.0316257046783148
-0.0114960582271981
-0.00450949359953334
-0.0233648808175334
0.00455690458586466
-0.00988249517737938
-0.0594780644814351
-0.0369693809757253
-0.0610604467623561
-0.00298218382824955
-0.070146623602341
0.0574867783287296
-0.0392503173682537
-0.0298233671811514
0.0210548483220308
-0.0197958350303297
-0.00378669401493636
-0.0273465951572864
0.000868367318659358
0.00325382873927871
0.00281083243243252
-0.02166884386225
0.018071614325069
-0.0152613487959883
0.031875070393216
-0.0230080535686426
-0.0557130390785757
-0.0532271209649333
-0.0226829390243902
0.0198403296710796
-0.0247155747687908
0.0441601310269744
0.0257118818078139
0.0337354679488533
-0.0182436373937677
0.0166205334328315
0.0104450270107852
-0.0417977640449437
0.0174718341636002
-0.0142906308962993
0.017186963839436
-0.0173563448275862
0.0477249046139876
0.0329351010382941
-0.0331820157754653
-0.0121855342264573
0.0293118602386615
-0.0444199354948851
-0.026234114544512
-0.0277679083457842
0.0483714517303286
-0.0077672847723792
-0.0322466892041916
-0.0426173960493202
-0.00151327863127571
0.0421823313968173
0.0181774121974339
0.0328493465668656
-0.0764000584973503
0.00536494060224713
-0.0233309127989348
0.00686151233271337
-0.0106006565017833
0.0139030098494131
-0.00427721736764919
0.0469993797346966
0.0155665615216642
0.0849571490039378
-0.0548679784222533
-0.0121668941309307
-0.00914954838709681
-0.0130223509764135
0.0217104106377448
0.0223057290443764
-0.0612081060815777
0.0179816636085626
-0.000120187453494514
0.0108160318569406
0.0321007843050674
-0.000115136507663482
-0.0131336285783309
-0.0177446291036829
0.00427859524932961
0.0266272189349113
-0.0277810259365995
-0.0158880254156047
-0.0101204337349398
-0.0186222848772013
0.0417958963833274
0.0183333452380954
0.0294598663846168
0.0115830572696582
-0.0611810156896943
-0.0182948589607148
-0.00876980532934968
0.00933892882792797
-0.0174093014050317
0.0123900385626321
-0.00856684626810478
0.0455498692618228
-0.00330577343467897
0.0473821380569093
0.0128930109227099
-0.00413126404938047
0.0133422465894775
0.0306484298732606
0.00805152961778788
0.0204472626102818
-0.0194114068044249
0.0226691892578672
-0.0137371116135752
-0.0018993458446559
-0.0222010581330397
-0.010811979907276
-0.0103836159226935
0.009167240897203
-0.00580066742473451
-0.00473350967562791
-0.0407034712662993
-0.000115323413513502
-0.0166051889229105
-0.00070354128404726
0.0349682699487412
-0.0714285171687704
-0.025152697798469
0.0450902577700532
0.0186960446141886
0.0119999647058824
0.0199953622411775
-0.0140186463190938
0.0364119977710786
0.00434975443454144
-0.012104430468481
0.0128147371044822
-0.00521643740769007
-0.0206403889537116
0.00421511738682057
0.0233692223852699
-0.00875735515749188
-0.0222545073194924
0.0425483472492278
0.0226000763006016
0.00729535465395736
0.0200234105871062
-0.00824886733576913
0.0108443774212137
0.00208308505190935
0.0082112151357574
0.0123711030927836
0.00957232208469416
0.0131128002129595
-0.00159302067716016
0.0214399782752293
0.000390520355364465
0.0035132331071217
-0.0304386359926356
0.0151454568248381
0.00316174294201899
0.00935687983213707
-0.0241998724375525
-0.00110000999999993
-0.0079087096597128
-0.0109989507769718
0.030098938269586
0.000297137483133314
-0.0423804246436366
-0.00341228418376882
0.00736666343743497
-0.00154489655144274
-0.0117598408962278
-0.0134655632526441
0.00253939260312364
0.00379948284960419
0.00704445371628171
-0.00187931720483736
0.0178870296629086
-0.037303443372797
0.0446199935952176
-0.0264664211479008
-0.0540568296648525
0.0330669651664348
-0.00418903338751953
-0.0156401360763686
0.00471181230085893
0.00141779907475614
0.00326729470703557
-0.016174619534044
-0.0258192218631542
0.00940086069316037
-0.00314190967879568
-0.043223729996566
0.0259999882352941
-0.00481593859438056
-0.00426319847605483
0.0142328630926374
-0.0306902788205299
0.00870995772963701
0.00326728132790954
-0.0502442294634485
-0.0184913289987103
0.00511535857478829
-0.0165093723065881
0.0160292433663041
0.0305589937888198
-0.0136209861815452
0.0133202489717648
-0.0260491564411278
-0.0251361930377367
-0.00025408356709955
0
-0.0364630038935714
0.0229431182986877
-0.0221706748602558
0.0266279458657008
0.00154087062946329
-0.00397433333333319
0.0163469811726866
0.0539513937937106
-0.00276379472766408
0.11917097527825
0.0267011636531382
-0.0352349094459427
0.0263043260869567
-0.014403728328823
-0.027831474915785
0.00806892883752708
-0.0192981914242825
-0.00436045383809369
-0.0320045581581845
0.0132250468639807
0.00492329997358842
-0.00991221407925991
-0.0143843494963326
-0.0471687204397263
-0.0464403988917976
-0.0298123875610382
0.000662291390728598
0.0340172057968018
-0.0358423309328343
0.0252257169410515
-0.00712254588030881
-0.00769526562397993
0.00683485786448856
0.0225849092058723
-0.0163411077150233
-0.00324464620721687
-0.0065104164123535
0.00183484920701771
-0.0502355298211532
-0.00798899471044057
0.0317967383419913
0.0118423364780607
-0.00797986413140417
-0.0020109130988557
-0.010343954585063
0.0165603506599796
0.0288423558397966
0.0260868906130995
0.00417405778330537
0.0437083013441024
0.00084478637648111
-0.012058362474376
0.00561453679970692
0.00946715632318429
-0.0194781175779276
0.0118944692129563
-0.019510337597322
0.00568531673784123
0.000368673944868947
0.0103193609258143
0.0358706720785671
0.00164338533528841
0.0239071950332312
-0.0342223405898245
0.0176582845813564
0.00430878056450057
0.00556589762444104
0.000115336714537229
0.00795566673738057
-0.00663466041259808
0.0101336370397807
0.0176698128400614
-0.0125461525443986
-0.00487806001411095
0.0135659255179443
0.00517375974924028
-0.0186864265854394
0.00718363764596242
-0.0201516920604167
-0.00878107421902685
-0.000699358891486757
0.00396590444537837
0.0328802370163821
0.0193475923656334
-0.00342093345549777
-0.00465063679881816
0.00333744580417683
0.00798316868869775
0.00450991070245688
0.00941743320192745
0.0150791928834886
0.0043817783477611
-0.0109598421698284
-0.00225926849680258
0.0197326077147424
-0.0233689224912763
-0.00476399951533124
-0.00663620554038757
-0.0198225609423406
0.00603353072625712
-0.0109950909485219
0.0104435706756798
0.00911313594866181
-0.0124449885756061
0.204527761894229
-0.0066660585748346
0.0192002701165042
-0.0173754095541914
0.0450442450919752
0.0162080326279452
0.00131452982810853
0.0141781460847514
-0.0157058944349128
0.00149048748887415
0.00551517100108989
-0.0092286086607295
0.00887517551295658
-0.00139357201277879
-0.000174487567824011
0.0229434272775912
-0.00477575465161606
0.00822628127402614
-0.00331469477087554
-0.0079304257166477
0.00928315314709138
0.00749450702596666
0.0196111575753721
-0.0178245891769709
0.00489577103996153
-0.0223435861652184
-0.0133173211901136
0.00191572629452197
0.0136450463001052
-0.0109748695269194
8.67186837749667e-05
-0.00658809807049154
0.0142234295675991
0.0160026925233754
-0.031416708660063
0.0310369216043955
0.000763139150343317
0.00779533149793243
-0.0197579112198099
0.0103783089588578
0.00679112885930899
0.0111298484170295
0.00391928792393736
0.0266633360467092
0.0288026380065152
0.0215475771768614
0.00207855282887848
-0.0188215183040872
-0.0213749058771147
0.0073606369687278
-0.0258120871793476
-0.00252736010020027
0.00114425829414389
0.0181239369438149
-0.00537244812262405
-0.00725574002534879
0.0198148694154203
0.00597228848586906
0.0672840961405194
0.00519170058307949
-0.0149782263334924
-0.00067412734082406
-0.0313320431352359
0.0145477447821016
-0.0295172219547158
0.0128104135933733
-0.00496623748608038
0.00600486644326192
-0.00418599224806204
0.0147127424646647
-0.0129651087242759
0.0272811587974147
-0.00552315965080064
-0.00395620809561459
0.000534731141685452
-0.0135888077872812
0.0228310257734139
0.208308089942249
-0.0022543678094511
0.0241008972057879
0.0180180366246008
-0.0249232434836961
0.00895225653545562
-0.0442418069298961
-0.0130610664823476
-0.0151150638384066
0.009089645213888
0.0283942955951886
-0.0223421385780614
0.00331100437129783
0.012488728403139
-0.0205151529333728
-0.00443685907728231
-0.026477971864229
0.0352767352022159
0.00461702435048128
-0.0114570777572309
-0.00883974588240088
-0.0186959245126485
-0.00276011861667447
0.00594066003035643
0.0434199128722874
-0.0143426553728494
0.0184665709624796
-0.0180035748590008
0.000848111154221565
-0.00332460899574749
0.0222381713796729
0.0271930398000593
0.0105893364527554
-0.0195389417055306
-0.0125102465105191
0.0148332185531801
-0.00363842911640588
-0.0064219856900839
-0.00627330975569751
-0.000127560254477022
-0.0218112113173875
0.00149951748925803
-0.00266912308658873
-0.00130546347203908
-0.00183005882352949
-0.00432165397903572
-0.00526110095042887
-0.0142799753497281
-0.0042924143141887
0.00410885067518563
0.00368946115364421
0.0161742954208761
0.00124969092835991
0.00183931555775652
0
-0.00137690647750666
0.0183847862432414
0.00290133451058661
-0.00662165850295748
-0.00323582699363634
-0.000259758466179538
-0.00694890263537873
