0.0039304700267937
0.0143050694657842
0.00460215723292734
-0.000886699637434152
0.00340190233497828
-0.0128243065408543
0.00642077588826595
0.00118693733593211
-0.00251925975575651
0.0101025808887412
0.0076481876198331
0.00350309386294478
0.005527252860549
-0.000289248291143629
-0.0180871134318716
0.00589441835339133
0.00512746361835825
-0.0013117631606796
-0.00248102228188818
0.0169714508467336
-0.0122284185009682
0.00203905713867303
0.00334304834220323
-0.00738816503992368
0.00189724782254608
0.0155863891544124
0.00014336258487746
0.00803097172537548
0.0101010484829098
0.00774645450963618
0.0121593425956572
0.000828541348602663
-0.00193159019261469
0.00304119929982738
-0.0206725177972505
0.00858421338242321
0.00990655363053605
0.00953301924361027
0.0082113023951611
0.0104519971855881
-0.0231058460987336
-0.0100384940719914
0.017502443998535
-0.0191126633044489
0.000556706329519763
0.0226736022011365
-0.0122416470706168
-0.0122555437889812
0.0089223368119975
0.00525077570298738
0.00192442153813777
-0.0163259363853979
0.0224546085433608
0.00504711883758358
0.0222584086303987
0.0148698904207722
-0.0048404534535843
-0.000131383785067385
0.0115697512643651
0.00376924327760531
0.00504985089005561
0.00115941682353649
0.00373188397672131
0.0103845892431573
-0.00596369368460625
0.0219555670676084
0.00462148868474421
0.00273531324578546
0.00136396386152682
-0.000123840632752392
0.00247675070729714
-0.0140827275921372
-0.00025062948411525
-0.000751923294165957
-0.0145490966138265
0.0101819709437245
-0.0423333701067752
-0.00342059868270794
0.0121452363053585
-0.00234773711110015
0.00692895176674502
-0.00532324882846991
-0.00156636106782992
0.017780064028792
-0.0193962772254543
0.0142782463039242
0.00193719361526834
-0.0391853077445612
-0.00147576712329478
-0.00873295182162659
0.00935212659663609
0.0028199137910021
-0.00200861042432399
-0.0201261076156938
-0.00178009435712378
-0.0410151090322172
0.00128737046050031
-0.00714280978357063
-0.00546770681847208
0.018084586821548
-0.00369476441928906
0.00841532554630264
-0.00579920238966258
0.0172144013174396
0.00503499346299119
0.0260228525772817
0.00447576160926322
-0.00918172515548887
-0.0188062120805976
-0.00472221215437507
0.00921010053808002
0.0183905602249737
-0.00855402508144998
0.000136967540335986
0.00273856796323457
0.0501160741991402
-0.0250975056100601
0.00173403083611046
-0.0130492358882054
-0.000944472895373027
-0.00972313203636921
0.00709123535247547
-0.00920783420064386
0.00164000162046984
-0.00518487515456345
0.00329169989075928
-0.00492143402717393
-0.00109903422761237
0.00481365233560083
-0.00328492983198914
-0.00686629595768373
0.00414821716944069
-0.0240979939933395
-0.0277973520745074
0.00638598800740975
-0.00807614170150139
-0.0151206836999364
-0.00944786491880867
0.0202683053506718
0.00964059205812018
-0.0176503982199067
0.00250367655351735
-0.014396909199714
0.0165449077381765
0.0175952908604116
-0.00302592204490837
0.000289010105646303
-0.00462355950919457
-0.00827407464703622
-0.000585470563008728
-0.00820153063073004
0.00162429935594943
-0.0103198466276532
-0.00908685143479382
0.00932043865565046
-0.0065533899855863
-0.0284857581449846
0.00185182162078346
-0.0209489099605735
0.00613593476679575
-0.0112587636758804
0.00759134816154861
0.00565053973482166
-0.00156071971800675
-0.00640931071268558
0.00975460394192873
0.00342786472468104
0.0111800916732789
0.00107500514534276
-0.0151864695530852
-0.00965726641775588
-0.00990883877691029
-0.0179506685263874
0.0156906679804527
-0.00652964827500002
-0.00464900098048082
0.00837494459882149
0.00543041712217485
-0.00190624389435712
0.024828917931089
-0.00403790319039188
-0.000623722900494839
0.0071773788092131
0.00061966460593843
-0.00526396187387235
0.000778221327982997
0.00451008662743302
-0.00232229305478771
-0.00201737144730141
-0.00575333940109501
0.00531747362289448
-0.00980093260956127
0.0273370294065156
0.0105520710579319
0.00226991562495416
0.00619060299676377
-0.00420173052984396
0.0110006980395574
0.00521677789953112
-0.0100830029634603
-0.00494304847727567
0.00842992068185588
0.00612026577880265
-0.00934713639268359
0.0106334661873964
0.00726144538521778
-0.0017654689340042
0.00795868678454359
0.00190086704290815
-0.235743419482347
0.00418060207659865
0.00832639480976516
-0.0156895295737329
-0.0458053538860856
-0.0335853707329939
0.0207423402609594
0.0163993232227924
-0.00578746054016144
-0.0294584411617294
-0.0136314067611778
0.00331676801179293
0
-0.0247934430708275
0.00960457663294068
-0.0141765153110144
-0.00132448443990485
-0.00227356957699065
0.00512723129510073
0.016814660872851
0.0141211817168339
0.0159398858211841
0.0126240033791885
0.0110418161694812
-0.00264225823498332
0.00441540099638638
-0.00527517153640178
0.00618698957044361
-0.0270554647595034
0.00902852999226211
0.00322118820291362
-0.0053514626230563
0.00538025485581972
0.0224759004196236
-0.00453592114445223
0.008937942360008
0.00468994267847833
-0.00328488934993088
-0.00173465735525913
-0.00973061702398992
-0.0185997887840046
0.00107280529232967
0.0175031070725806
0.0186062485763339
-0.00516972264638504
0.00952709163346621
0.00171588884207097
-0.0556697489607786
-0.000906929060277006
0.00127087867571252
-0.00417051662119616
-0.000728277521058862
-0.0211370258539171
0.0143335998820997
-0.0161497700073492
-0.00317108742452732
0.0140344314003449
-0.0621885783758733
-0.0206611570247933
0.00763516174402246
-0.00538386818010494
0.00220531270638902
-0.00620128000795028
0.0169082125603865
-0.00910528503562957
0.0207750095730121
0.00958908061014019
0.0222911804613295
0.0117557636801
-0.0106821587203494
0.0039780071229778
0.0126414716981131
-0.00614864938135451
0.0116235283089614
-0.0192735548419859
-0.0158729408871103
0.0215053563169987
0.011654116322291
0.00371609067261236
-0.00370233246945584
-0.00353026755852848
0.0139847097895822
0.000919437276214907
0.000918611060077179
0.0227606644640237
-0.0163316579983551
-0.0162379672279153
0.00222557500836706
0.00795706869065382
0.0170736365508786
0.00216602880267058
0.0061239373198847
0.0116361795267423
0.0021235711245291
-0.00353171457651924
0.00549356725146199
0.0176242503481054
-0.00917913026743566
-0.0174794619381133
0.000889503662862445
0.00568794901130287
-0.0121951745424116
-0.0241545540195842
0.0018334799810511
0.000915080543833824
0.0171878225852591
-0.0487147753241997
0.020408201829486
0.0277777777777777
-0.00936936936936938
0.01746087668243
-0.0384340014021095
0
0.0284439295697356
0.00289226319595071
-0.0129776856524872
0.0226443032375567
0.00660712499999994
-0.000886978905215163
-0.0463423473011363
-0.0675851250714044
-0.00159748396176185
-0.02559998
-0.00595240135565689
0.0266364030559572
0.0152855789363318
0.0221869651347069
0.01143412835016
0.0153286647888229
0.0079259857359506
0.00823812020220949
0.0228413007554802
0.00562812252621203
0.00505504612845353
0.0341297299849015
0.0145909327774882
-0.0291046224961478
0.000705360619033035
0.00845814977973558
-0.0136291979730909
0.00584584577775282
0.00880591773169992
0.0436452521586113
0.0125460022172299
0.00346940365883697
0.00559762905506656
0.015225867215918
-0.00258022907854316
-0.00646721120346683
0.00162730672697631
-0.00584890342565236
-0.00375878417647946
0.0142717029900212
0.0224809793795575
-0.00411265415829398
0
0.00428845305413672
0.0055353787758976
-0.000629144365236201
-0.0229776357730935
0.00483245796287179
0.000961814668775096
0.00688661125699253
0.00620326079534372
0.00268735386302099
-0.00346840611697929
-0.000790998272282906
0.00902469917669402
0.00313823944767
-0.0244017049898326
-0.0429693769916527
0.0134026304808617
0.0145478090742996
0.0133615775356295
0.00514550579105166
-0.00399936023034264
-0.00224861876802507
0.0080489376698154
0.0130948580820003
0.0316834494275449
0.00626438531387552
0.00364404792523465
0.00847210313077462
0.00360032981696201
-0.0192825255819873
0.0169181524627624
0.000599535362716841
0.00704015856680162
-0.0127919078034252
-0.0149164676096217
-0.00718863599825492
0.00585421316566248
0.00321640368790921
0.00778629007633591
0
-0.000303044984001022
0.00484921972569219
0.000301673964761662
0.00376903350613489
-0.00886157978787672
0.0195484321730091
-0.00758029143252514
0.0128800365229911
0.00280944859423826
0.00884691831318207
0.00233855604614286
0.0110818602775777
-0.0105277623609901
0.0102025504998899
0.00822390732142297
-0.00100170296229418
-0.00988389943801449
0.010995283087589
-0.0130222673020436
-0.00101491951551513
0.0126269227103941
0.0177727540965782
0.0150682998150033
-0.000416190332513944
0.0106869808180299
0.00521830541060142
0.00833334733606605
-0.00907734748888611
-0.0135356441555325
0.00665273716832337
0.00784799701974359
-0.0183059570343972
0.00431390197169645
-0.0173202166362815
0.015228455026183
0.0081943888888889
0.0063370577951265
0.00041066391195077
0.0031471810851893
0.0077751877717962
0.00135362755902646
-0.00364968895716322
-0.00230630853759739
0.0133260264709543
0.0220076095816268
0.0052520217829819
-0.027560097376178
-0.00993953028634775
0.00094966762921822
-0.0142314450288893
-0.00123750854238236
0.0150055618805831
0.0103078118686637
-0.00724930882666963
0.00649091304222793
-0.00618029020556243
-0.0131134377029412
0.0154794109589043
0.00067453125622019
-0.0102453761121596
0.000136229913817232
0.00749016750646869
-0.0108137735544562
0.00478271385624485
-0.0189038490263002
0.0199612284441533
-0.00434900776436498
-0.00805356243370003
-0.00467862954943266
0.0149315909046983
0.00912679421731122
0.00134986497435596
-0.016176826637908
-0.0564538480493074
0.0142317017973903
-0.0359392059529902
0.00430715864229447
0.0050280388186319
0.00117719248347847
0.00867131086608897
0.00888825625331147
0.0119873198147693
0.0195519052376196
0.0109182387760849
0.00886181100994454
-0.012352484046768
0.0134797250344598
-0.0139859591389004
-0.017800124166312
-0.0203878672117174
-0.0151756463310986
-0.0104197095746948
-0.00652531514162846
-0.000597118990808165
-0.00283786420483334
-0.00674062292568545
0.00286535976068047
0.00330828571428565
-0.000149910069695558
0.00254831363436248
0.0116627846140602
0.00428603285332341
0.0108904346235661
-0.00480420716831553
0.00731421873443217
-0.000871304082612379
-0.0113372960172691
-0.0238164520942276
0.006024111264334
0.0142215113373572
-0.038524
-0.0291679003556633
-0.0221379183384591
0.0255497736093142
0.0143488493960531
-0.01927564062566
-0.0407354572832461
-0.0439523959021813
0.0153819388976506
0.0388084936170212
-0.00393245951060883
-0.0034544990384191
-0.0166722014964609
0.0055397347658217
-0.00934894793492658
0.0205595045500504
-0.0100726550516405
0.00483738107026888
0.00265604240849804
0.0110926817518979
-0.0106435565744228
-0.0337636058842636
0.0167865704558654
0.00589619262304275
0.00502426737605544
0.0364939688883175
0.00659163976540778
-0.00239581532669186
0.0099264010554978
0.00221938800826305
-0.0321101228707669
-0.0160156890997825
0.0152798873157263
0.0107966626730465
0.00226572257216828
-0.0125948328758275
0.000326999171643472
-0.00506779483628561
0.0110088397796773
-0.00601331067793454
0.00931981687377381
0.0127976672606513
-0.00623798784388996
0.00772573623489881
0.00894421004720969
-0.00189962013296252
0.00634420311410322
-0.0360914257511202
0.00425111183780258
0.000976913089446807
0.00195182173064423
0.00698053594092651
0.00306306630764275
-0.014786274272159
0.0097879773211742
0.000484620339753716
0.000968868076860918
-0.0116148084654037
-0.0048963440509221
0.00180418235518798
0.00573015698329549
0.00390685332899232
-0.0167017842290184
0.0178100596604562
-0.00113413802439832
0.0055150038762366
-0.00290371018216773
0.00711857293126394
-0.00722893172690764
-0.000485420719828711
0.0166747450218552
-0.0184713378737473
0.000648945500469456
0.0144293125810635
-0.00655266101965801
0.0102959942084944
-0.00127385352346898
0.012436208347637
0.0233071338582678
0.00661743582868102
-0.00550376055625978
-0.0129132046312128
0.0107460366102794
-0.0191063476392498
-0.0149230442978321
-0.000637872757739966
-0.0248922458877373
-0.0170185073307395
0.00715831529881794
-0.0127272727272728
-0.00619452536413867
0.0141509431578346
0.00431890358274245
0.000826976527075418
0.000330540417469383
0.00396499263117467
0.0276452361362514
0.0121697035681394
0.00980862220864775
0.00391665348843317
0.00951935051437758
-0.000463719262213114
-0.00247454361431843
0.00837210852713177
0.000922463085447855
-0.0139784336091684
0.00607571253853489
0.00201296060659772
0.00247263177982737
0.00447049462908145
0.00475747361832557
0.00259657854595119
-0.00883609093290827
0.0119889029200402
0.014428995408809
-0.00568942947013884
-0.00692677265913133
-0.00257768017790805
-0.0174825481526687
0.000773680989030634
-0.0103586580086581
0.00171849705613192
-0.00171554889041403
-0.000624917962039673
-0.00468974511974762
-0.0138212192185085
-0.00222963844195501
0.0175578286493909
-0.00345099607843147
-0.0141665042368408
0.022193772597896
0.014839175953101
0.0107741571375382
-0.00670009156997398
-0.00321946942114959
0.0199938951089154
0.016737032569361
-0.00430077117010241
0.00163838250876358
0.00371747211895901
0.0041481333333333
-0.00796696677437259
-0.00981552676429298
-0.000600796016797744
-0.000751472787023255
0.00571522050579687
0.00343943456978768
-0.00223548441834531
-0.00567583296530993
0.00255367282559726
-0.00239730303857677
0.00435567724975439
0.0194406302030525
0.00132028755523783
0.00644586854831908
0.0049491122976324
0.00695243327125672
0.00330844375611816
0.008458724014337
0.00568669352781881
0.00621998886683617
0.00758641472323673
0.00292803955761256
-0.0105658556930349
-0.000983560516609971
-0.0265822651640581
0.00390122820258965
0.00719631517574926
-0.0114318800472185
-0.0226944058976585
-0.0020706995700237
-0.00785532817762946
-0.000298834768484135
0.0131501049955201
-0.00412988182316154
0.00784961527767836
0.0110213073759895
-0.00203486909731676
-0.00189346041983918
-0.00189693567630145
0.00365497065336351
-0.00873997061209109
-0.00220427617027441
0.00265095721204833
-0.00984133343591842
-0.00430204691873337
0.0034266238039351
-0.0200445143294584
0.000302984848485011
0.00651317812086538
-0.00963128711653671
-0.00243118074551518
-0.00289418117611029
0.00244430190107403
-0.012496189614621
0.00231472211505901
0.0181678222402382
0.00075613189578716
0.00619516470232684
-0.000900991193932388
-0.00616257336784276
0.0201148508719819
-0.00800582689425466
0.00941558754054173
0.00340533012429178
0.00177072458775518
-0.0055972456267086
0.00414751876321984
0.00501542993044057
0.00455019835095549
0.00496781107633515
0.00218088110178671
-0.0084143623966344
0.0099488078990142
0.00637406933759332
-0.00129558080760639
-0.0122513409736815
-0.00204290094911574
0.0080421554034531
0.00609223945192205
-0.0069204727952642
-0.0098722420095344
-0.00190611445334821
-0.00807996180402515
-0.0219193730118205
0.00878258617833749
-0.00690481806192644
-0.0158706610719069
0.00460763316529511
-0.00428079778133017
-0.0190388155552963
-0.00328688375781638
-0.000471074120602988
-0.00534172803325283
0.000473842987303019
-0.000473618566466771
-0.000789812023537895
-0.00331961755673793
0.000475860435778852
0.00443879186941043
