0.019554246649887
0.00577436567000311
0.098728694907436
-0.0252869184526813
0.0275703334058044
0.00810511489119103
-0.00046201830202397
0.0170117967081436
-0.00118179090909099
0.006644170201761
0.00180836350467217
0.00794221097629388
0.00205949140401152
-0.00107231700215105
0.00975038903524106
-0.0162118537263958
0.0131472216169144
-0.00159985776197935
0.010415721349315
0.00193833480176209
-0.0109039569916993
-0.000266767418204972
0.0145842511672098
0.00227892023065723
0.0138172455411849
-0.000776365047873817
0.00543857926238189
-0.00566672099539178
0.000518133158071477
0.000258902211299761
0
0.00776532342078817
0.00154109585082796
-0.00418879284863749
-0.00892781369950757
-0.000866167194443435
0.00173389686578074
-0.0269147634725722
0.00818213254745404
-0.0158786431203366
0.00170313735573924
-0.00456377628635352
0.0189679974643653
0.00802826657306155
0.00726408179128168
0.00347555837954849
-0.0100441252064097
0.0018367794658134
-0.00165883532688293
0.000699623973758223
-0.00576774447260342
-0.00922911160839712
0.0102909509378022
-0.00755180912061315
-0.00433549825700319
0.0302141742665438
0.0186318985594756
-0.0132949365160449
-0.000514915907524505
-0.00377813844906516
-0.0139630670736873
-0.0140734350686462
0.00594022514460302
0.00440683945361209
0.00272023519410536
0.0143520350315578
-0.0125960395963751
0.014504185613915
0.0279045471716084
-0.0033514956573355
0.0140395631956174
-0.0130160832445013
8.39563187577941e-05
0.00352767518104624
-0.00292941070649277
0.00814237408232277
-0.00865945060215578
-0.011086847154155
0.00798371000481923
0.000589821368385479
0.00336843789473695
0.00595886687437908
0.00108457366023229
0.000166713895603188
-0.00433300551065741
0.0129718221269031
0.00479182084606888
-0.00871571266118132
0.00141012776061933
0.00165656419307814
-0.00454811047713555
0.0081409206215548
-0.0150791198493809
0.00593992308156888
0.0137225634351723
-0.0242021250652401
0.00193371444537216
-0.0193001178031404
0.0247283214324894
0.0185370821887594
-0.0084440561950142
0.0301777684211104
-0.00914926980977959
0.00494087967714951
-0.0037075763681792
0.00978884386547318
-0.0078513379266143
-0.0056524307381276
-0.0129933247766227
0.00255057592109109
0.0185474192621653
0.00668762382815546
-0.00496239787158015
-0.00683718629343621
0.00591233493227228
0.0115136878787525
-0.00549227904542571
-0.000160108849686091
0.00408262894784861
0.0027106513593238
-0.00811001848079873
-0.00152306212424858
0.000160597305083554
0.0028897093772724
-0.00424202010177654
-0.00313485240302702
0.0011289066552711
-0.000644345984396111
0.00217598320154777
-0.00651384811441647
-0.012465606180463
0.0294261967213114
-0.00111473050767519
-0.00207249905314855
0.011182953731401
0.00339680080249005
0.00527479936879538
-0.00234946350772247
0.00525943170782184
0.0182726537290745
0.00613499261357342
-0.00289626531012799
-0.00787352044706735
0.00169506134421304
0.00430745343848371
0.00704601325478982
0.012928716521077
0.0117876190136255
-0.00682694445039111
-0.00410940687714911
-0.00450139568992258
0.0152988090240589
-0.00111337588247196
-0.00705961173056946
0.00149687178180202
0.0020175533244442
0.00432546809830603
-0.00601468041901942
-0.00343647838460737
-0.00134927292425513
0.00157627982602992
0.0104175528211263
-0.00133517275369976
-0.0051990270736707
-0.00709270558320585
0.00932394129919767
0.00104297850087098
0.0158517904238964
-0.000732644688644757
-0.000293203825214139
-0.00828692425720945
-0.00746872017950817
-0.0298018176888555
0.00430039929119652
-0.0225569431301189
0.00430261277786737
0.00506304700642435
0.00263501513318598
0.00185519061046602
0.00146595168994712
-0.0334360855138039
-0.000398493546935219
0.0248783581890326
0.00918079832864538
0.0153418386601429
-0.00979493568249667
0.00291380253312479
0.000688217790485002
0.00183366435537624
-0.00373695865378865
0.0136262645017886
-0.00634390887866743
-0.00638451740752743
-0.00657845197210905
0.00546705957754146
0.0214428163356897
-0.00592299422990727
0.00678791030357973
0.000749052335416556
0.00718621924354279
0.00438495716718768
-0.0266390855900478
0.00304096868851111
0.0148551763702414
-0.0097086486799991
-0.0224736867658967
-0.00771485911567893
0.00155506148169282
0.00326034759491978
-0.00247606768507946
-0.00124110302887215
-0.0228331400603116
-0.0243204419011286
-0.0406484597483144
-0.00798161691385635
0.0499871257384727
0.0247819438294927
-0.00715934298909671
-0.027481780746443
-0.0248805081120574
0.0326123687680604
0.00368186054915842
-0.0216841611100377
0.0294975497125649
-0.0151355965568046
0.0100263149243918
0.0137509680431087
-0.0034512562308775
0.00418811197847591
-0.00144369586140525
-0.00345381526104427
-0.0153945031030869
-0.00794042213685575
-0.0113045793992149
0.000918043732265117
-0.0100892103727175
-0.0131401363448438
-0.0164732070169612
0.0170961897831419
0.00861776472571063
-0.00719057615422192
0.0166155162183408
0.00360405671953834
-0.0197093789829527
0.0185721677944837
0.00167283375163652
0.00968600518226448
-0.00272909366075247
-0.0126876030413005
-0.00881904936702582
0.0219472583349334
0.00323383089940021
0.00495907107957794
0.00345428089330646
-0.00549140225405453
0.0151640354430209
0.00884881474265309
-0.000885113081639521
0.0228736783868015
0.0172441102362204
-0.00487656931842129
-0.00591159778953954
0.0346634811894331
0.0045375937241956
-0.0044417450208275
-0.00378100409176485
0.0056170561098734
-0.00241539862365348
0.00105931443525087
-0.00476194244681927
-0.0168603405006507
-0.00587095417236672
0.014220234451469
0.00957707601663871
0.000682985484314003
-0.00235096312489791
0.0123146709468338
0.0042051363551121
-0.00672993364929131
0.00323716775973537
0.00630354968871183
-0.00954510770118833
0.00421621721492604
-0.0194182928693097
-0.0246960407743123
0.0269677175755365
-0.00145039694656479
-0.00496899327221167
-0.00944999202673646
0.0102381685539996
-0.00583489443378127
0.00146720204389528
0.0148828508958974
0.0161081603517348
-0.0181708896484226
-0.0135567323635172
0.00841566527437743
0.0170736925421202
0.00813009660132757
0.000149372762087374
0.00044794683518079
0.016194014925373
-0.00389218629495758
-0.00781478183290152
-0.0314310888478067
-0.00414275393282304
-0.000770287354907917
-0.0068614598101131
-0.0163018621789084
-0.00505049711923533
0.0058692733840533
-0.0228670714398359
0.02509684514359
-0.00621901130614044
-0.0030893536611114
-0.00659516101065016
-0.00367940338376438
0.0212748959742277
0.00322304852781263
-0.0397273145339135
-0.0106079393568028
-0.0313402309278351
0.0320136406644609
-0.0070126062784639
-0.019607851282753
0.00711861016949156
-0.00774148460927238
-0.0207767727404474
-0.0160214599807615
0.0194507916004896
0.0159716650958879
-0.0103671057104012
0.0167439894963421
0.0135967650165776
0.0175804037055591
-0.00761483683652275
0.00140268980369695
0.0108758257178259
-0.0132040261927783
-0.00256048566944733
0.00869489882916685
0.000246268783289816
-0.0125574363938752
0.026930471730205
0.0200728121390656
0.00253907008283005
0.00593589245644477
0.00715969326765853
-0.00203105234087386
0.00133070841487282
-0.00336147597500747
0.0130205978981974
-0.00147105697891092
0.00155084513914461
0.00611639033396139
-0.0168525975418068
0.0171414759370463
0.0015390304318359
-0.00130616986428744
0.00515462394690336
-0.00627624980985442
0.000847261790845488
0.0133907262830426
0.00364528421565136
-0.00181602597409114
0.0112947697285442
-0.00389779615027974
-0.0141470691108967
0.0242730106202964
-0.0301066244860776
0.0090665236603853
-0.00510163701969657
0.0117097654458973
0.0192904377140413
0.00111321058656633
0.00682036479220383
0.0184080703690166
-0.0122189503610579
-0.00153704441286218
0.00931008696400304
0.0033411245161814
-0.00412619085077581
-0.0307480612398311
-0.000749895027745584
-0.0119334354573163
-0.0113178128971279
0.0208973641396017
-0.0121162021328943
-0.00411371968877217
0.00283033742309624
0.0130434166417963
0.00677666601576177
0.0148828800824161
-0.00847453224335737
0.00304722401232493
-0.00148200940742382
0.00927574982471624
-0.0111755757361803
0.00416386332947205
-0.000962643443999101
0.00385416548849937
-0.00243651059603489
0.0181333504690004
0.000363499569111747
-0.00654017871855128
0.00541284443062029
0.000727580954403395
0.00661580501746695
0.00938890606873954
-0.00987399863601879
0.00289054766257602
-0.00410716244492848
0.010635886879016
0.00264898352335985
-0.0143520882323722
-0.0174586215749808
0.00206443257153888
-0.0067691779333624
0.00281494915123526
-0.00997260138777423
0.0182062597162733
-0.00263814291025199
0.00830264474786269
0.00852581821834342
-0.0207369589914865
-0.022356666585676
0.011245320754717
0.0049256584474342
0.0445599722789443
0.010096075795069
-0.0038713519596012
0.00798466625255312
-0.00126178063491533
0.0284972132484227
-0.00511840582214163
0.0125531761047688
0.00210010837951269
0.00912659558040296
-0.00294769202257139
0.000671847064814157
-0.000940038988654135
0.0120304394395663
-0.00743787345679547
-0.000401532163717855
-0.00642564952177982
0.0447992044624199
0.0148945648306031
-0.00216007632122261
0.011906246172243
0.00408990768658768
-0.0148514536301361
-6.36727915163116e-05
0.00159033081915383
-0.00127022549260514
0.000890295707472122
0.00559123836070441
0.00151633912892302
0.00498396331411155
-0.00659135580807246
0.0056240063191153
-0.00571825440315599
0.00164323457355064
0.00384882945773146
0.00729094252831142
0.00324475237878308
0.00646851602480725
-0.0236682847257571
0.000759516401053428
0.000632509008712034
0.00436120959150199
-0.00868464475838804
-0.00133320209920762
-0.00769176794471771
0.000576527844591945
0.00320122923104904
0.0162103131506757
0.00163291469278182
-0.0524170777974455
0.015284833742975
-0.00241133338879906
-0.00117598478975711
0.0148473086195782
-0.00818513126617348
0.00513349798644169
0.00265065308090628
0.0105100589466776
0.00701892542739335
-0.000950506864443423
-0.00564469468693718
0.0172215653605152
-0.007775213387891
-0.0120071343526562
0.0137521367213032
0.00353333322186478
-0.0053442689969645
0.000442522132285461
-0.00322239835161686
0.00786007251077803
-0.000691830188679354
-0.0129649255016987
-0.00688645020867884
-0.00597106260032099
0.000516645112927705
0.00174308592936412
0.0101179804101048
0.00350891911736273
-0.000635711135164363
-0.00642540229753286
0.0100525487922132
-0.121394573692551
-0.00851376586520503
0.0245961653994495
-0.00703128536154929
-0.00479221092614579
-0.012289823287982
-0.00734915994647545
0.00271217567383353
0.00913809535760413
0.0162996241241478
0.00613016639041386
0.00871421220180868
0.00660206466490854
-0.008582270024589
-0.0134422060227239
0.00920251151674689
-0.00544287831029278
-0.0131484793137557
-0.0264314932762769
0.0182719420617221
-0.0170722201411792
0.022542519825369
0.00267434032492919
-0.0155709557701055
0.00783543508839246
-0.0222335093281441
-0.00639072568377008
0.00762836696284075
0.000742269746671687
0.03003784721445
-0.0159130682634986
0.010243718595796
0.010429404845326
-0.00050170598887922
0.00107568845272987
-0.00852498054373485
-0.00650284710272453
-0.0030545309090908
-0.00693023771622059
0.00146916177664136
-0.00506127037246007
0.000589811269462004
0.00361041848209243
0.00220239325000549
-0.0135520552908965
-0.00118820730170177
-0.000817851301115335
0.0151796563373738
-0.0068898926059463
0.00177128194806686
0.0313121647774897
-0.0057151237523968
-0.0116395680519972
0.0114132525648918
-0.00560626013058796
0.0214672993942624
0.0014859325615515
0.0110931040139413
-0.00950385005574361
-0.0021165725230502
0.0271492996726628
-0.021544638088826
0.0139290262650311
-0.00908900266811208
0.0109228253993854
-0.0237568075995012
0.00496627892798029
0.0288034039733176
-0.00466611554700103
0.00889343656201103
-0.00321170570484386
0.00987182456542901
0.00183289663747055
0.0073857974334488
0.00356493581172979
0.00355227218938881
0.00494226287162935
0.0195387983017292
-0.00267260275933501
0.00869282352941192
0.00174952372514059
0.000517380316272353
0.00135768043382312
0.00974882180740422
0.000831234047234064
-0.00983833137314472
0.00541968496613698
-0.0105242891545366
0.00460465653278863
-0.00955452587041417
-0.000391063751675857
-0.0020213745303771
0.0101927342007304
0.0150701829437281
0.00140182233462682
-0.0048358995969483
0.0122123022587841
-0.0117491063325009
0.000894848211470567
-0.00466182399033976
-0.00237389963830437
0.0027654060465172
-0.00185988329733033
-0.00559024591691049
0.00743091908215665
-0.00250144307609657
0.00057868439869635
0.00430562300426951
0.000191956745533295
0.00249503553828978
-0.0119335994626726
0.00348765092698233
0.0036687070756487
0.0055790431501983
-0.00267839426922267
-0.00326103972927305
-0.00493972270529497
0.003739288222943
0.0105979444974251
-0.00050845940024058
0.0123999240874959
-0.00138183525109692
-0.00295616696156464
0.0110396161736155
0.069819696267057
-0.0030328063616607
-0.00122853631416242
-0.00492003174415823
0.0186002944175661
0.00404505627197249
-0.00730937553956834
0.00707328982080901
0.00172713301773975
-0.00534478735632182
0.0082625119440829
-0.00223495128939821
-0.0108552064163162
0.00110325745498052
0.0133403105773375
0.00114473694686534
-0.00297298603915186
0.0111245083498166
-0.00470709459868324
0.000284917378917449
0.00313302757391587
0.00817709796103028
0.00597055898273013
-0.00296751949717178
0.00275167619890082
0.00593636319373148
0.00773855939590695
0.0162975088751314
-0.000924190006146186
-0.00108818220587226
0.0120921730397554
0.00279857922392313
-0.00719152571038995
-0.00886533842733817
0.0088355328442149
0
-0.000108147266539738
-0.00427138693059836
0.00771067533208791
-0.00700508129103261
0.00624047105622139
-0.00291211789022716
0.00313701121281307
-0.00296545531371406
-0.00924719348093439
0.00545821713766981
-0.00743722353802401
0.00546926286303351
-0.00718011329808788
0.00690332551165196
-0.00837955168342341
0.0100965592049891
-0.0200456484132373
0.00249457842726653
0.0114466271056541
-0.000929413352371844
0.0035569332506038
0.00997874480603489
-0.00928625953306195
-0.00321523705722082
0.00656058703054874
0.00613765680225042
-0.00124168642729194
-0.0535105900629854
-0.014448055425458
0.00376633440993923
0.00507998049021485
-0.00384813621361135
0.0132610872548307
0.005405695760621
0.00831966711959176
-0.00173999771576105
0.000562220953762571
-0.00736160731713864
0.000339662592502732
-0.00588564243156164
0.00779912882160705
0.0154210925573128
-0.0013350634550251
0.0160427246871051
-0.0119517164019205
-0.00288538451400855
0.00267109631615625
0.0147630319865759
-0.0158608294872202
0.00566858390942993
-0.00851021739847746
0.00289824994870425
0.00216738910561975
0.00404811175014563
0.0133657242170078
-0.00245256709074704
-0.000710293398406336
0.00552219810351651
0.00527432428308816
0.00908693722720311
0.0136685410985049
0.00470625030560901
-0.00184213684210532
-0.0017399789635637
-0.0083985365582625
0.0064987003994823
-0.0222280871483687
-0.00481731529093365
-0.0112586097505787
-0.00346547678232223
-0.00463676849996086
-0.00743129407709042
-0.00134088169272284
0.000223755168855533
0.0041391934452355
0.0140373715677948
0.00433975516577823
0.00546956182826053
0.000652749816104414
0.0104920251779075
-0.0111900255221103
0.00658319902203708
0.00356739104825121
0.000700193899932033
-5.38751336833787e-05
