-0.00198706742816801
-0.00116142359382787
0.0224252155743319
-0.000812331451053305
0.00926829268292684
0.00934432092798443
0.00734236209601402
0.00934875599193874
-0.0136577548876333
0.00206902746875604
0.02001273856437
0.0118343504852951
0.0040011540165672
0.00643786040582039
0.0150776414817153
0.00405095261662569
0.0128511808981224
-0.00413099740529654
-0.000888859259259189
-0.00711748199532991
-0.000448013746236597
-0.00567752876139249
0.0226896308329241
-0.0039670439014704
-0.00663822087862198
0.00371250393302658
0.00207141601251171
0.00118108661533634
0.00973312224548373
0.00204469107573102
-0.0122431713708908
-0.0150508638800737
0.00943815730337083
0.00771749811743083
0.0103092191366945
-0.0126821432268847
0.0126973713554981
-0.00641484218777322
0.0713132774376148
0.0204081353127479
-0.0142281610738254
-0.0142974260812249
-0.00552563897673219
0.0331990424558701
-0.015461065425964
0.0142017473357199
0.0301602947418995
0.00209117756917587
-0.00273899837587066
0.00431600842683788
-0.00963664527104247
0.00197230761450462
-0.00262463264926371
-0.0197368421052632
0.0025503624161074
0.0255723115390998
0.0124021543708135
-0.024242487779143
0.000396445101002785
-0.00581235161739835
-0.00358761616828018
-0.00280036012269258
0.0167156996083939
0.000263106671881008
-0.00604874400859656
0.00568859667620569
-0.0056564195865465
0.00330731595752431
-0.0119988930379162
-0.0154811557453624
0.0108445578491754
-0.0109963792409815
0.0154576135593221
-0.00133526507324433
-0.00160453267008243
0.00160711133272029
0.0181842623588144
0.00328299400438614
0.0037958114189578
0.037032167504703
0.00540676481084823
-0.0153826415130396
-0.0092722338648964
-0.00269229487179479
-0.00887007316017396
0.0003890920982903
0.0189290685438506
0.0229037166511625
-0.00472691882979126
0.0204974373079005
0.01751377789311
0.00649977114829636
-0.00490318088125397
-0.00228340346452827
0.00216815233081724
-0.0102163345029928
0.0139648090823268
-0.00934130538922162
-0.00253867259987095
0.0210883281762615
-0.00629078931750748
0.0364309121305435
-0.00587755004762769
0.0106654066620588
0.00206470520761637
0.00995881398856668
-0.00351360069657924
0.000909940876022253
-0.0240909431818181
-0.0167675250384557
0.0100663071988085
0.00820725749551809
-0.015234306669015
-0.00495982522437421
0.0202943147331043
0.0237292192191554
-0.00829454588581868
0.00458296293060223
0.0563412750912407
-0.00647814705857863
-0.00336881123784438
0.00294410645452081
-0.00478367020709913
-0.0220668994749083
-0.0285969401897992
0.00183997242226286
-0.000344432954163199
-0.00080375477339556
-0.00379217434355916
-0.00819009094036027
0.00162828559101125
-0.000464479779453852
-0.0175418443879684
-0.0193922194631665
0.00639092005305675
0.00802777388003562
-0.0117674793213175
-0.000481128223251526
0.0135981351046481
0.00937900951992132
-0.00905665757668761
-0.000830860534124511
-0.00130672368733686
0.0152253836088974
0.0131224724809016
-0.0012721174826863
-0.00602136398771003
-0.0110670671513078
0.0265048889916939
-0.00791831544547072
-0.0104105729465785
0.0073640792274432
-0.00150843583197957
-0.00244052286668728
0.00163102290918093
0.00407070234691664
-0.00590758702866701
-0.00664180843626183
-0.0159530909090909
-0.00750979863523427
0.0109295697590783
0.0156825475984923
0.00350921753443023
-0.00850918512053644
-0.00752410081175858
0.0172944685452372
-0.00302741044576427
0.0254613399160941
0.00820038696354031
-0.00869856559077831
-0.0075214131054131
-0.0107933636832409
0.00243759715757164
0.00474752194595274
-0.0286965320512803
0.00189846941028082
0.0157507694042924
0.000466375205772529
-0.00489452289697045
0.0217824220843474
-0.0153581203438395
0.0423699083985609
0.039754303525819
0.0147138007226528
-0.00158764812909673
-0.004028463817906
0.0227780635267079
-0.00353830798369481
-0.001044365535248
0.000104568738012123
0.0102445636527466
-0.0120032699917557
-0.0038751779259999
-0.00767536528571788
0.0194956988608508
0.00374143625294709
-0.000414174768809672
0.000932214616405469
-0.00745102993224767
-0.00250240840361127
0.0105571445710702
-0.0305130016549443
-0.00480106674060377
0.0071826544509288
-0.0106439598928353
0.00441101681799938
-0.00878320470454996
-0.0047547330370139
0.00651464726416173
-0.00819843607977666
-0.00576460722722205
-0.017941220087902
-0.0463406053138222
-0.0390141801306602
-0.0154369399089683
0.0544444938271604
0.0285680117752951
-0.00489470699817196
-0.00995189910665528
-0.00589257056409342
0.0208042884611308
0.00489582136181665
-0.009404055984499
0.0304242937206907
-0.0127649467317102
0.00494709905673263
0.0114120053058404
-0.00254429197910855
0.00831762245353485
-0.000109920811920849
-0.013529908105603
-0.0355709411239965
0.0203491969094507
-0.0174504362606233
0.00841890218451069
-0.0193275613145573
-0.00501457725947529
-0.0315283989685887
-0.00689820913342176
0.0126736537332113
0.0184115407559937
0.0293040776073759
0.00975775445117955
-0.0438835953147293
0.00404285384168501
-0.00189487205365058
0.0129331278231268
0.00983947487971859
-0.0124115533280541
-0.0130373503997809
0.0384386890210482
0.0100847694227648
0.0036305877425753
0.00316526117075822
-0.0078881791275226
0.00670145380847953
0.0150062286473958
-0.00533566035277522
0.0634778811976571
-0.107293049294113
-0.0125956449415765
0.00953747053662868
0.0220831719414265
0.0194107445611527
-0.00850050974156713
-0.0174897799214753
-0.0148923681754171
-0.0140545060601042
0.000598897918103969
-0.0204716750924421
-0.0173551454412123
-0.0152985568333691
0.0337248713837279
0.0138074908996819
0.0194046158924357
-0.0206904700711641
-0.0120729201479435
0.000977660980626682
0.0124526425368019
0.00566745447968153
0.00935249378051584
-0.00178190781658349
-0.000476032375057001
-0.00809620212159079
-0.016444556870593
0.0327068700828197
0.00295438420157002
-0.0142570868060414
-0.0038251014188333
0.000959947250297466
-0.0204986698752979
0.0104026313841956
-0.00545054519017785
0.031664815105775
-0.0161728605379867
-0.00995913174749852
0.0288449514278282
0.0131935800823839
0.000465073817810246
0.00476462505178521
-0.00717098088330992
0.0114166361331143
-0.00495278737618055
-0.0142377012876225
-0.0247769011377689
-0.0262492464931038
-0.0153333245208361
0.0193394582194948
-0.00147831714865887
-0.000370215902397941
0.00987414255273289
-0.0230994866780737
0.0242712748655072
-0.0236961393539951
0.0096333917177529
-0.0154894677381463
-0.00591559493702687
0.0235501763655288
-0.0263483065981349
0.00927459038590528
-0.0124622982763773
-0.0107074064005381
0.0271872177916863
0.00439035368301099
-0.0258523791682277
-0.015256435897436
0.00494732469593373
-0.0257806056281746
-0.0304520357893099
0.0277053338249715
0.0144134792472974
-0.00631499786041312
0.0205216870186902
-0.00687595986310419
0.0210320174644538
-0.0205987834903386
0.0133245847162147
0.015856684285162
-0.000888324839277033
0.00889110851424713
0.00616892861639173
-0.00437935446394799
-0.00791753173306509
0.0178616159649958
-0.0110765279670574
0.00578906375269406
-0.00588089354056298
-0.0037758969330105
0.0156664177974373
0.0150516110841101
-0.011519534596067
0.00929828865369253
0.00135109930715638
-0.00245334896172789
0.00959171175602558
0.0146163828164771
0.00768306094778892
-0.00464616381591232
-0.00897666035990452
-0.00555563989532715
-0.000121374793362938
0.005587258457737
0.0027780649501381
0.0073476273433255
0.0072940454607453
0.0292022680247452
-0.00449825851781749
-0.0341790878039413
0.00395874515404593
-0.0285577601013799
0.000861008578314504
-0.00270371134188108
0.00197160808449515
-0.00282863123425481
0.00222002954563338
0.00221511193169799
-0.002333030394572
0.00726148923076919
-0.00867545252568191
-0.00702574905802111
-0.00521349317809061
0.00311954084251975
0.0114441971817911
0.00307465263988815
-0.0148357041401594
-0.0133167271516298
0.0161452953600565
0.0111718101085356
0.000368266638451686
-0.000368131068060662
-0.0249201942661451
0.0183809517814428
0.000370861668572919
-0.00852687860916668
-0.00448709942089864
-0.0157756598556782
0.0033074926433343
-0.0303030291503856
0.000784492647051938
-0.00431149720000668
0.0132528803733485
-0.00893553471981945
0.00810143745069158
0.00622158117377625
-0.0109493499014305
0.00286534257443782
0.00519483116883124
0.00904387573530041
0.0128040976390293
-0.00530970936307729
-0.000254143365531312
0.00584794020605428
0.0040444765908314
-0.00541289009534529
0.0437919113076342
0.0229174242401184
-0.000237138451432695
-0.0133981154089692
-0.000721031134731764
-0.00601322895939316
0.00338775551390791
0.00325572169299404
0.00649039686864405
0.0157630765646781
-0.0385610049038561
-0.0292247496848221
0.00617203685819412
0.0414372198837214
0.000961593918461512
-0.00252190473838987
0.00553815327565998
-0.0235870937591149
-0.012875572794277
0.0161491055900622
0.00256722484472283
-0.00963298354754338
0.00677168176838627
0.0245811675888896
-0.0151587134776643
0.00327229418804276
-0.00688572127187403
0.00364922763227393
-0.0098170522405272
-0.00428395364567757
0.00270438851147836
-0.00294223366433732
-0.0170908639594032
-0.0060045407554532
-0.00264282661267079
0.000252328075709851
-0.00403683628245888
0.00823307187712752
0.00314070359650009
0.00851598017572908
0.00124174843215874
0.00322463115061256
0.0199035853616465
0.00496974545454543
0.00494507273211564
0.00348056889102266
-0.00968781234675498
-0.00338171485331951
0.00157543631515145
-0.000726025390779816
0.00181622481250643
-0.00435099116149362
-0.0110463223250664
-0.0158340614234188
-0.00985284360189576
0.0120921906045117
0.0021157312287674
0.00235968712219381
0.0102837567870619
0.00833946519083306
-0.0070542689485007
0.0151886087112765
0.0215975031948903
-0.020668478107204
0.0078389051577159
-0.0157951417972956
-0.0154406930091185
0.00518645325315692
0.00110560193843723
-0.0083445823621201
-0.00210368771448288
-0.000744010425893116
0.0223379865391418
-0.00400575396961955
-0.0166971718453197
0.00359445959345539
-0.00382854138781596
-0.0179767533857301
0.0178008334528574
-0.00297700311422699
-0.0017417144218107
0.00336495521846847
-0.00260835914524005
-0.00523046057669518
-0.00287925649271126
-0.019711236165443
0.00281763568602389
-0.00127721578759077
0.00140666245805598
-0.00383087738043353
0.00089732083329519
-0.0115266646637635
0.0497537833635657
0.00678848457622117
0.0188795022679906
-0.00794133067090208
-0.00181921170961341
-0.00170108134746971
-0.0129017277068293
0.0200987057977486
-0.00326367690328744
-0.00642734667023204
-0.0140363847186623
-0.00532311222237081
0.0136900936823918
-0.0166973732362445
0.0181046956226594
-0.0082168014690116
0.00222579440240667
0.00876001201381804
0.0185909608955246
-0.00108065563257265
0.00961649213567739
-0.00857246121139321
0.013810508483626
-0.0059227672571136
0.00154915399306854
0.00452108252750461
0.0108965770460736
0.00210897485902706
-0.00935339657843337
-0.0060191429475106
0.0105675610238951
-0.00129245680539936
-0.00341177647058832
0.00330538311067619
-0.00835391242155337
0.025035595930655
0.00289385348875859
0.0125808404037493
-0.0226832888629902
-0.000233228370264293
0.00419973163556064
-0.00023238847043705
0.00255636770988543
-0.00498378540778621
-0.0184042054374888
0.000118689929465621
0.00249168251651266
-0.0106521721068096
-0.00131586320449162
-0.00862483198521202
0.00241659008176431
0.000241128257487011
0.000602506606320663
0.000843056736637982
-0.00661847188010756
0.00145360382361215
0.0212894888421311
-0.00604053061707921
-0.00119158725432778
0.00477214268670956
-0.0011873426598511
-0.00748936017037471
-0.0212001083051889
-0.00208024960743691
-0.00392397287833335
0.00984852850491724
-0.00926492757850694
0.00283010961597552
-0.000245361963190249
0.0056455447111361
-0.010983658506623
-0.00555287505487578
-0.00148895652011205
0.00410093197339467
0.00779699228476516
0.00122803635023949
0.0104255858018591
0.0112891604014016
0.00144042735422967
0.00431500659235273
0.00548990326423304
0.0166172344213651
0.00245182714648395
0.00640581171202181
-0.00138876281038014
0.00811214499812096
0.00712729065702478
-0.00445154657628644
-0.00963086437020322
0.00451493416930782
-0.000345730102998654
-0.00979938920450518
-0.000116451276242269
0.0012808686986796
-0.00965221559837692
0.00176131978575289
0.00375101403706535
-0.000233516299200653
-0.00245297275490042
0.00468385234932445
-0.00151520973723041
0.00280151751608537
-0.0148993940216787
-0.0167788969672302
-0.00216320156427341
-0.000602143810696787
-0.000120535064333516
0.00711096773398845
0.00215414078875398
0.000358239798381677
-0.00549121423509191
-0.00312081390279217
-0.00120416612146312
-0.00542491882187768
-0.0161212363636363
0.00603678713901146
0.00820472651458592
0.00218632327981738
0.00206033203101863
-0.0013304305757138
-0.00108994792297445
0.00788062531957001
-0.00372906304808374
0.00833134508572808
0.0075439706012701
-0.00130734491689266
0.00297512796590649
0.0194589347349186
0
-0.000349150380566821
0.00756784267746946
-0.000924451110186686
-0.0075179390182506
-0.000233038112878003
0.0030306795310564
-0.00185943049879966
-0.000582174881618047
0.00163102290918093
-0.00418702009117167
-0.00140157668529861
-0.00292397660818711
-0.00340177126099717
-0.00529657492109903
-0.0328955027122115
-0.00342598788354387
-0.010313026776416
0.00905588625411391
-0.00122938289792884
-0.00812402777262511
0.00210967976893328
0.00619195046439636
-0.0134153353846154
0.0107284550534703
0.0143174900389098
0.0111949136042833
0.00336942246376482
-0.023147038491738
0.000122799267874729
0.000122784190066172
-0.00589177604158853
0.0101247070039439
-0.000122173331430608
0.0132028601514844
-0.0038609919351229
-0.049903053534473
0.0174655273466207
-0.0189198726705894
-0.00229885048663414
-0.0224014328314862
-0.000392916051083492
0.0155881983541106
-0.00348248424458264
-0.00220044001552056
0.0166040610509306
-0.000765662851895055
-0.00229856984544918
0.00652760808374286
-0.0116988556930171
-0.00321667520307933
-0.00400151021038453
0.0016847718152011
0.00297575361656421
0.00632101417650976
0.0115370077801049
0.00342156870249322
-0.00644104571861581
0.0113130802418475
0.00301665417337005
-0.0112782075960574
0.00887193893860738
0.00577889461756009
-0.0172370476451921
0.00127095831215041
0.010662655631666
0.0131875780009705
0.00570223145412752
-0.0012325650646825
0.000246871532110005
0.000123318934361905
0.0055514928584135
-0.00527542619861554
0.00246666249465566
-0.0188238068260803
0.0121630219435735
0.0100346629083914
-0.00490619409918058
0.00160242826090573
-0.00455332255591134
-0.0106317222231638
0.00712231672025876
0.00843673718205307
0.000984276586912802
-0.0105703169792242
0.00782604968944112
0.00036986319622323
0.00320347446015412
0.00442153044513693
-0.00342380781882867
-0.00343557055214727
0.00295491254672609
0.00368282597204561
-0.00244623281687306
-0.00208434286621717
0.0109350044346357
0.00559065393279834
-0.000120800099608465
-0.00870302156280589
0.00597485657907915
0.00121209696969693
-0.0168280754679921
-0.0291836353796778
-0.00811769447578359
0.00268551161197617
0.00701434730190797
0.00151979485207443
-0.0117602424946827
-0.008061484118708
-0.00386991759042521
-0.00802904677507055
0.00248045698382393
-0.0125016146307904
0.0147698136682102
-0.0487329453697055
-0.0318305204302126
-0.0143926196814186
-0.0133142451915316
0.00116079515846756
-0.0208695942028987
