0.0147229956830337
0.0114003459880399
0.0324490257896159
-0.0155492170269078
0.0147865917369752
0.0120322778245845
0.0138524978184991
0.00139865523610494
0.0291147286395632
-0.00626369134289906
0.0334068802729932
0.0241943369667277
-0.00744416873449127
0.01279999
-0.0336689971728772
-0.00173705931121715
-0.000614104420085027
-0.00706679646729624
0.0070139249204928
0.00204860192713086
0.0059286720652425
0.00132097342461246
0.0187740814007096
-0.00478130296624468
0.0186166842711768
-0.000687825509123385
0.0104228616643913
-0.00126513232259373
0.0101334992731219
-0.00385840655654301
-0.0108453087298919
0.0055800194697988
0.00408876553651916
0.00562344391723335
0.0130158020341709
-0.000190320738555183
0.0261780097236171
-0.00528756942613451
0.00755383733412751
-0.0223065899453296
-0.00217736444695726
-0.00863381387791629
0.0331132076392613
0.0408522845998782
0.0135279101679611
0.00351248692077144
-0.00857539384472694
-0.00167698142073314
-0.000176863228919966
-0.000442081543623019
-0.0064579174941799
-0.0143353310361558
-0.00243899735607034
-0.0132210359503759
-0.0222997153133916
0.0150178147642406
0.0207138710996289
0.0166697232289288
-0.0169310370973887
-0.00852069434372726
-0.00557688806665446
-0.0374184068424679
0.0159503920520647
0.00206818646042528
0.000375279120941263
-0.0125667826849887
0.00769300970944053
-0.0482563157069994
-0.0331749445481795
0.0225341090607634
0.0123209052925792
-0.0378982295249995
0.012238969076243
0.0230644589121003
0.0332704234130414
0.000672818140399656
-0.00681970025146761
-0.00773698244222476
0.0144249905346001
0.0193120096212143
0.0103686119471624
0.00391826655624095
-0.00780600308701784
0.0208860453559814
0.00770638532110102
0.0133831213904996
-0.00197648013613294
-0.0190835815675068
-0.0258786727917897
0.0112104943719171
-0.00335376386635977
0.0168255370118096
-0.0295090920160793
-0.00198919200530445
0.000189787393794827
-0.0270449618631133
0.000487691412149438
-0.0310977084987772
-0.0150920617274581
0.00684440705735412
-0.0139001220353108
0.0103919639799985
-0.0160895524263611
0.0130407158029171
0.0145076220220972
0.0114803521204325
-0.00796498391148981
-0.0170613911788577
-0.0338982941821873
-0.0103572602930481
-0.00971802658818921
0.00215676688805888
-0.0206606908425697
0.0147236124662431
0.00703846252384333
0.00204303225806468
0.00987229295262804
-0.00212514077010795
0.0011712596668616
0.0198894071438867
-0.00406714990162849
0.00691103664921466
0.0299500507508299
-0.0122172757247853
0.016457119156555
0.0215205144505124
-0.0187044887043809
0.00632020465489558
-0.000398773809166975
-0.005185968041866
-0.00852128320802004
-0.0101112232535647
-0.0211440240828596
0.0199310858826864
0.0162676901221135
0.00181214131053786
-0.0273339457876807
-0.0198367391276296
-0.000316295973976088
0.0178195178329617
-0.00497250600820998
-0.000937053588639714
0
0.025531523817544
-0.00751962168399056
0.00204776291691933
-0.0232962800665286
-0.00795056001466943
0.00442895698768431
-0.000209942257217932
-0.0213168742628308
0.0125537128504414
0.0514994155505113
-0.0188451269118676
-0.00236240753530803
-0.0018531865083864
0.0122743892400534
-0.027919268676577
-0.0055555449569068
-0.0239275316561337
-0.00604748393191101
0.0169491197636993
0.00918804506812054
-0.0153503812762056
-0.0135469516493506
-0.00762939509536775
0.0106534208461255
0.00434689212172001
-0.0151482474604685
0.00637223708104484
-0.0325326972168711
-0.0100428793711506
-0.0202895923758261
-0.0174520075899479
-0.0294848796738264
-0.0431918136065373
0.013006937337591
0.0180010191842643
-0.0129838377772782
0
-0.0189175895765472
-0.012258971070335
-0.00323206213916127
0.00791181602884095
0.00836445770640148
0.00421134502027387
0.00254158082242761
0.000507047794486626
-0.00696823767895605
0.00395515452750028
-0.00216043964517887
-0.00789601405613916
-0.00821566089305104
-0.00996639891363194
0.0163420059182118
0.0129920507587356
0.0976508190476191
-0.0043961590838465
-0.00244015808599007
-0.0170063952709701
0.00355495916050441
-0.00590388461674618
-0.00807696856926088
0.0173631536974457
-0.0208332982678118
-0.000360596216838704
-0.0191198163001532
0.0114012504597278
0.0133333090909091
-0.00346889960451924
-0.0192053659633985
-0.0234977117060055
-0.00438650201295265
-0.0317221039344888
-0.022880837828415
0.0461680789692347
0.0353555526652252
-0.00159691676221996
0.00836614183521323
-0.0184236459056082
0.00870111903173854
0.00800987041257262
-0.0217604637496163
0.0484879423327147
-0.0179976515376007
-0.0139580169190195
-0.00873952507975195
0.0013659505943866
0.0012400669796635
0.00520195702754411
-0.00529818850181429
-0.0602006666592098
0.0051403583047176
-0.0552058600785245
-0.00846635634421833
-0.000559910398658769
-0.0130252237247838
-0.0315027808783485
0.0164103003663003
0.145163594702454
-0.0195116183405938
0.0198998975465388
0.0339878767878177
0.0107133919005771
0.0177065894136323
0.00923185014159911
0.00856107688147323
-0.0115116046511627
-0.00752851411531552
-0.0139860253412577
-0.0248827857943796
-0.0197239391127734
0.0120725105158139
-0.06983103616435
-0.0456852652192723
-0.0207167267436528
-0.00886224998373708
-0.0314391711242671
0.000148808805907841
0.00521064478816857
0.00444317259078053
-0.0147449130050132
0.0152648308889556
0.0101710353874431
0.000291901361329394
-0.0102115969272825
0.00058955049637599
-0.0188539993939314
-0.0454886496698896
-0.015413714519858
-0.00319482438322116
-0.0347756719623182
0.0235763240909845
0.0131386370433533
0.0284982233188955
-0.0347135751778821
-0.00483791339583661
-0.0063198672228143
0.00831705805609917
-0.00323469179250557
0.00162257015053435
0.0110157135914466
0.0243550713026759
-0.02393239480682
0.0195512333477168
0.0150896418593152
-0.018736496787349
0.00994162868773274
-0.016406234375
0.00635420164647815
-0.0200472934505854
-0.0434922827483156
0.0252610302246374
0.00131402757368559
-0.0255905023882956
-0.00909092561983427
0.00339789324842177
0.0106670841404151
0.010554548677409
0.0149204409814323
-0.0150278011266286
0.012603681801056
0.000491303627721873
-0.0170240792273695
0.00582852632520448
-0.00430468528792427
-0.0222813439022506
-0.0164965478996011
-0.0421926839981779
-0.0467593436858521
-0.00833329561237306
-0.0452635400064259
-0.0148030000078815
-0.0408121421319798
-0.0167231364638807
-0.0142088263894764
-0.040401877257002
0.0184342516712392
-0.0509496983240223
0.0675770881192115
-0.0368328628142921
0.0462560360089781
0.0501203994335828
0.0252188203418091
-0.0467574719812456
0.0245255283541379
0.0228975432369372
-0.0667480274063499
-0.0861317251170579
-0.0412789310427105
0.00124440019910388
-0.00323146905294547
0.0244390037126685
0.0413825929219769
0.0119215056550142
0.025872002174359
-0.00653008331456872
0.044877584879365
-0.0722342330687302
0.0268879588496609
0.00159389806893873
-0.00227331201303405
-0.0082023241786815
0.0590397210898168
0.0271149686383934
0.0276663580851682
0.00411017262638724
0.0247646126736674
-0.0724985220691032
0.0215331615317218
0.00948566630450398
0.0415536028722823
-0.033881354573349
-0.0535380380481021
0.0114010083007892
-0.00281814431350214
0.0656521739130436
0.00550797633618916
0.0415905651939428
-0.0510323139851967
-0.0123153117340864
-0.000831192868478658
0.00499163872746933
-0.0451159147350992
0.0238405510151831
-0.0135479249132969
-0.00708150244984984
-0.0462502485411714
0.0133695895452168
-0.0328712201951875
-0.0034682543352601
0.0262181450681274
-0.00587834049287794
0.0188764607942582
-0.0665178363062017
-0.0318029172644668
0.0133365515763619
0.00706802356977887
0.0474346321393997
0.00161735216306269
0.00715114219843782
-0.00732936326156652
0.0276880710659897
0.0345756840014442
-0.000434049460327768
-0.112679155174139
-0.000489380976006371
-0.0364748365471157
0.00609748460118187
-0.0371211382384413
-0.0225544447271322
-0.00831770861282533
0.0381493516815299
-0.0424810279510303
-0.0103429771179653
-0.0253025845626351
0.00366819987777078
0.0331740230531345
0.0465305850340136
-0.00234009366458909
0.0310138658069812
0.0227502016493883
0.0449827000737195
0.0442290218597214
0.00520949013773553
0.0137449523716775
0.0344520767080649
0.0234207128616091
0.0157463780023854
-0.0126085363247511
0.00523341009001466
0.0358184506455643
-0.00965026097103883
-0.0221274877031056
-0.0274029490306393
-0.012166467968686
0.00259297758411803
-0.00301732745614958
0.00345871177945134
0.00366225780535379
0.0218931315732989
0.0264649857915358
-0.0106404954090545
0.0508790713910681
-0.0584530789519173
-0.118311036789298
0.0457563063063062
0.0337791196150732
0.0364035103685751
-0.016715976162335
-0.0376587037301763
0.0165473609895492
0.0483942157587816
0.0354594628619387
0.00263428582104486
0.0476960388035572
0.00327928240740749
-0.00499900038450307
-0.00173913043478269
0.0089043554006969
-0.0176515352580878
0.013085898181916
-0.00424131490729351
0.0145208126032599
-0.00629774785123105
0.0320722488957172
-0.00558248955777851
0.00486530697726995
-0.115270072341339
-0.030309367725084
-0.0221402431083134
-0.00599334086555703
-0.0107190712532172
0.025282145040229
-0.00154117135804366
-0.00154352818273562
-0.0465989630432633
0.016678272720791
0.00956942377692904
0.0345294282435247
-0.00130892233856905
-0.0229357584739135
0.0241448915716522
0.017245077117549
-0.00987122359962322
0.00780236254448119
-0.0234408602150539
0.0226822065624313
0.0105512706837052
0.00319629235030905
0.000424723856213838
-0.00912951206494739
-0.00749942179127583
0.0140328367875648
0.0123482645870072
0.120925344288651
0.00318953101668917
-0.0351599207937175
0.013956212444272
0.00114696996469177
-0.00725600548512528
0.0248124052774608
0.0311561567409189
-0.00564248281111179
-0.00384409657982621
0.0314223275054144
-0.00106896488385955
-0.00249687890137329
0.0193098158412301
0.0324505010507103
-0.0144410972741913
0.00448202049584623
0.00343231508494934
0.00667008711014039
-0.00288824324009096
0.00937132406493979
-0.0200878284912954
0.0106804308472082
0.0100562471469661
-0.0445494277606963
-0.00335568709564971
-0.0203792486266171
-0.00795946107017831
-0.0302698760029176
0.0152313275667544
-0.00722363373870583
0.00485080241980596
-0.0146676751825533
0.00847936687394024
0.0020553251121076
0.0538877297429101
0.0541401627742391
-0.00621018777407889
-0.0130045602601683
-0.0205338299201546
-0.0356394292229409
-0.0010869927339312
-0.00217626046746933
0.0481642675390765
-0.00710941588726943
0.00384215870912175
-0.0111343075852469
0.0360661330049261
0.0100186960437882
0.00386682918628112
-0.00301457047420162
-0.0122627248826259
0.0362245074187841
0.00393891350730335
0.00032697401755688
-0.00245134829958082
0.00901046839760067
0.0110407533690533
0.00642360687329369
0.0157970644900929
-0.0322023091423186
0.0282421193273477
-0.0198894718197149
0.0283459172169431
0.0830071130151016
-0.0130152129279765
-0.00791210256410257
-0.0209717622355894
0.024287237527723
-0.0107511631590231
0.010719086220607
-0.0104580793998833
0.0175647662994938
0.00863071959288009
0.0039159392566761
0.0140133052006171
0.00227946994502148
-0.00255863546719637
-0.0136810464210076
-0.01127003339503
-0.00701451117930751
0.0217807662302032
0.0159873397666714
0.000141791889115561
-0.00240972349781476
0.0210287590663012
-0.0141943360117682
0.00861096886566726
-0.00979701930568311
0.00353356890459366
0.00873243661971834
0.0226193093010623
-0.0214363741517305
0.0133947122476548
0.000275437158561376
0.0462491384377388
0.0527561491183752
-0.0193701081993293
0.0133808587564566
-0.0037725856554045
0.00643779340522865
-0.00714911549670949
0.000884272315094803
-0.00126222385729302
-0.0024010489978914
0.00139347602246076
-0.024920947820837
0.0125843406179467
-0.00884051215219051
0.0143485003315862
-0.026252032289384
-0.00523494279623382
-0.000789435579807041
-0.0136931275981484
-0.000133520217139527
-0.00574100118181575
0.00161131997299169
0.000804477855180563
0.0194239244628553
0.0102496586136573
0.0187305288266335
-0.0260469994892747
0.0165181176785281
-0.0095434355230406
0
-0.0045573696136445
-0.0286461096918028
0.00996496067964014
0.00933329333333321
0
0.0134742937968677
0.00547442641456697
-0.00350007782603168
-0.00585410410352127
-0.0418738168509244
0.0233542608118786
0.0168157213399172
0.0261188863074187
0.00498848810437424
0.0253277077765051
0.0103028925100024
0.0289962038210616
-0.0145671761194029
-0.00472555440113354
0.0103481739755074
-0.00349440904914833
0.0168077273328076
0.0128434064855945
-0.00457906550614229
0.0149799954585987
-0.0213829626478922
-0.00843129092068984
0.00790423952095809
-0.0153279579216751
-0.000844696482030893
0.0194444558172298
-0.0154010536476222
0.0320057269641953
0.0129415884204822
-0.0261279474952101
0.0130008035338518
0.039201972222634
-0.0153811945660716
-0.00467498305615666
0.0221102071014982
-0.000560446082039312
0.0173825617894483
-0.00903878958290572
-0.0113459952981981
0.00742578782940329
0.00156353583243773
-0.00033450044603045
-0.00702738411539572
-0.000673983397236122
-0.0420413448970475
0.0104435577277218
0.00638721395439301
0.0152319286761169
0.00056826549551281
0.0189707829032235
-0.00479375712799623
0.00828951523320876
0.0142206307250166
-0.0134735785576343
0.0169886523870455
-0.000764264691091365
-0.0229457940213874
0.00581529872098629
-0.000111207469174812
0.0121205048370956
-0.0550427946069917
0.00732469463260799
0.0393583107035815
-0.024986117990468
-0.00558092236056085
-0.002176096716896
0.0174471527509017
-0.00462540618936613
0.0317351910324655
-0.00856859286574307
0.0342381828254847
-0.0072851085187533
-0.00874170046442047
0.0198149160547614
-0.0215650266160997
-0.0332788208777126
-0.0373588834618258
0.0131317034455187
-0.00335610446216394
0.00952158582716267
0.0268000338900383
0.0277809239760587
0.0259400217983652
-0.0141293322255178
0.0176724024459354
0.00137651415975171
-0.00317228507983491
0.00222770771913772
0.00560964207420711
-0.00199981050416154
-0.00210922801096813
-0.00919470484480955
-0.00842667733333335
-0.0114027217233511
-0.0754080614709889
0.00176535245656884
0.00646140719708388
-0.0151744488192939
0.00165934568000425
-0.0395219964614365
-0.00246392762015357
0.00456953186896958
-0.00430290161312519
-0.0222249172052084
0.00896577828095002
0.0366708376302669
0.0119521668006237
0.0242185397279886
-0.039254456360034
0.00872931588035941
0.00793274067065175
0.0332697468009808
0.0191574836893829
0.0129090592890739
0.00894357771750398
0.00343488088642641
-0.00541075541984881
0.0025536027534141
-0.0224806858533548
0.0242438775657825
-0.0100653020654661
0.000670368715083747
-0.0127288971131954
-0.0160596927405495
0.00436778160919538
0.016021996430144
-0.0342419580338135
0.000583193388924652
0.0318218436668394
0.00745597630329797
0.00829780219780218
-0.0394794826396683
-0.0101887804727759
0.0115803605469729
-0.00450979401561769
0.00220702763187486
0.0282800420523879
-0.0226555678239905
-0.00357510095231339
-0.03483799687875
-0.00467680782679947
0.0162650361445784
-0.00912858350038137
0.00323038996816494
0.00500893273724357
0.0206479774764914
-0.00453434473818526
0.00163512024170331
0.0237873245385418
