0.011635112993245
0.0100636888491208
0.0258235258235056
-0.00555010890881846
0.0085708594208036
0.0118577672671054
0.00214843745803828
0.00915996863847268
0.00753184641815086
0.0055587696208077
0.0120091691195039
0.00527404407609722
-0.00187369312111096
0.0048807771728927
0.00990102764619905
-0.00406957077192793
-0.000185698365527509
-0.00464425024543003
-0.00074656585492483
-0.00280168093384969
-0.0007492227149134
0.00168699162837838
-0.00318111907150287
0.00168952506100983
0.00224885677944431
0.00617054973821984
0.00538927698588965
-0.00406648813554489
0.00742386771670622
0.00368461686965027
-0.0121145374449338
0.00743219992567834
0.00313533745600636
0.00202244901677595
0.00972475229357794
-0.00472467753452066
0.00109552674821978
-0.0103958413133014
0.00313310000490596
-0.0134117031049054
-0.00949724377100103
-0.00789620244211697
0.0193291832480575
0.0263989212418867
-0.0137655861939067
0.00955004573829132
0.00909587030933467
-0.00234362714361591
-0.00108422479219383
0.00777858190626968
-0.00520554667394635
-0.0108263807588012
-0.00218896388179501
-0.02742230297217
-0.0208646800589345
0.00595127663659056
0.0221373846512449
-0.016430190133865
-0.0119590167046317
-0.00384247845998997
-0.0115718037250454
-0.010341443902439
0.0181387614720276
0.00697135954630812
0.00192303846153852
0.0320537824204907
-0.00948488004463455
0.00600833668825884
-0.0113848633301655
-0.0152916931226791
0.0115030291411045
-0.0159211529917042
0.0171418149900544
0.0121189166423232
-0.00785784830948844
0.0120686217625612
0.0145333152425309
-0.00440775014861794
0.00664085974249873
-0.0122777716694155
0.0178107414541469
0.0085672801938157
0.000722880870309695
-0.0153512554695909
0.000733694057226675
0.00494869858964986
0.00492423837591693
0.00490019981488921
-0.000722358691030545
-0.00325320790698691
-0.00652766975420971
0.0138711076132305
-0.00180014404680728
-0.0113616048446961
0.000364830353885459
-0.00455871626549964
0.00146543322952919
-0.0252423093192724
0.00769375102845293
0.0351955114488731
-0.00449721172872819
0.00704734369353077
0.00322985824511024
0.00465029511715254
-0.0117500449261186
0.00900738638109844
-0.00410639186239581
-0.00770887428664169
-0.0146340926697053
-0.000733424995720044
-0.00697249541284406
0.0120103660755797
-0.00675548658024472
-0.00845593718911997
0.00797182068913282
-0.0053337687205034
-0.00110950439683777
-0.000370233246945628
0.00351849999999998
0.00239898509686265
0.00497054491899851
-0.00732736764975273
0.0114412624366351
0
-0.0138661190683065
0.00573546726615115
-0.0014717071105278
0.0071849485479909
0.00347545284344064
-0.00291651471169307
0.0049360145349906
0.00800434768047387
0.000902346146905098
-0.00649118295151796
0.00163341203751033
0.00978439952499355
-0.000179418625515737
-0.0143575553776463
-0.00200285877650619
0.0226235719280501
-0.00963427314244902
-0.000720536866169574
0.00234355503256611
0.00791372330624895
-0.00927910404569754
0.00414265129682989
0.0116592286995516
-0.00567375866405107
-0.00124828811525357
-0.000178503844974309
-0.00607142857142862
0.00736615163492638
0.00249686106652414
-0.0044476072664581
0.00142962833148008
0.00249819767133852
0.0129939480242078
-0.0135301528729572
0.00837196309889476
-0.00865574971461314
0.0103350322582865
0.00899467356270423
0.000873955617443745
-0.00296887890216135
-0.00192678227360321
0.00421202176202184
-0.000873872756485983
0.00927064926607146
-0.0112651991115217
0.0150745138488082
-0.000345380763253189
-0.00604591477018346
-0.00643036137590602
0.00472277434748203
-0.0240250352372047
0.00321086330340936
0.011913193032959
-0.0029871375856616
-0.00528732797718257
-0.00336638914540022
-0.0177777777777778
0.00452488687782804
0.0104504864864865
0.0117689011494686
0.00898833242903319
0.00925762445414846
0.00674972320439116
-0.00395391108660514
0.0018985157386695
-0.00172261846206057
0.00983604814778172
-0.00529735133287768
-0.00738704702606174
-0.00328831781392025
-0.00329914915783991
0.0097560449562355
0.0032781746597339
-0.00481518470111142
0.000691221715763302
-0.00155413572785346
-0.00294012452438597
-0.00208157841867906
-0.00104289937498514
0.00817814497688962
-0.0125992408111708
-0.00856490139075161
0.00299714381175709
0.00773427681023509
0.000348787708048581
0.00331304283567713
-0.00834202279558527
-0.0164739218984591
-0.0383107276961997
-0.0503983870595074
-0.0239999999999999
0.0455817473010796
0.0330783945139272
-0.00906899887227464
-0.00392228233241898
-0.0438777407133794
0.0196116877971488
0.00846312719895659
-0.0217432576769025
0.0319750237478063
-0.0139807481579445
0.00708951920079559
0.00114151443794674
0.00285064619632558
0.0132651317036194
0.00467551889516526
-0.0281087485460024
-0.0224094622181472
0.00999212362868107
-0.0166828325253702
0.00177549816088951
-0.00452934234992786
0.0183976462591027
-0.0215617909867909
0.0103236055255829
0.00903908447708934
0.00175269724450633
-0.00349924190317341
0.0224346867902725
-0.00725054378935319
0.00307514901163075
0.00670630401813188
-0.0076132849711974
0.000767184517974417
-0.0061325986968187
-0.00694178544269597
0.0231067766990292
0.00360603536925486
-0.0060514371019017
0.00989347393657769
0.000753522955782904
0.0176958211162617
0.012763577270374
-0.00840180821917813
-0.00313136851848639
0.024575055886457
-0.00649235335451115
-0.0172445271374115
0.0131141302754734
0.00145855976147891
-0.00637170944838883
0.00513006577024311
0.0180458800939505
-0.00680388565098955
0.00793219744127982
-0.00196746556966543
-0.0112903407041279
-0.0108754399447323
0.0128275609309145
-0.00560884747602675
0.0129184682117625
0.00538895295092345
-0.00268002496551689
-0.00394127552848444
-0.0057553779048698
-0.00108534734235421
0.00307855843754878
-0.00523562024256408
0.0110707989499383
-0.0113085085497848
-0.0159767786500806
0.027121715366758
-0.0044907492182773
-0.0184048364635452
-0.00514711378135613
0.00406505920297606
-0.0189547110783953
-0.00206340269999239
0.0321428377416759
0.0171188854489164
-0.00680388565098955
-0.0302866408817986
0.00427586904116262
0.00592373195112916
0.012881873389768
-0.00399711111923851
-0.0025538124771981
0.0111558339429407
-0.00723461734066511
-0.00965563872573594
-0.0266740429235828
-0.00037801927801917
-0.0190962000207261
-0.0285273510306987
-0.0166666858465601
0.0106940877583921
0.025354382112198
-0.0317367789770876
0.0182987934848182
-0.0359399493669027
-0.0124948996312986
-0.0070524788851376
0.00292456659545781
0.0210373264335484
-0.0277437780497757
0.0125891313470416
0.00642358087126316
0.0072060531192093
0.0267784557145729
-0.00577346207445739
-0.0222266123793875
-0.0251895136109149
0.0136555047754414
-0.00808288082901565
-0.028416234257914
-0.00107524731182795
-0.00602805153868569
-0.0218756344758777
0.0476085252435785
0.0196575984008116
-0.00228028597511243
-0.00831084545375349
0.00754242614707734
0.0228737575379496
-0.0221589961813173
-0.0101870482406258
0.00294053764040036
0.00670157068062838
-0.0239234865820678
0.0383632369293794
0.0174466129423929
0.00403469840629422
0.00683144464536856
-0.000798263803666543
-0.0203714999001399
-0.00530067289094138
-0.00573894228860528
0.0321583604270608
-0.00379466746554824
0.00200479145940657
-0.00880350140056019
0.00383526435536408
0.0162879750653528
0.0025721606139264
-0.00592064361241929
-0.0121104032580981
-0.0172828785081544
-0.00408999983271985
-0.0133470633809638
0.0124870554107608
-0.00596096583922034
0.00186104214513971
0.0010319710829314
-0.020412412371134
0.0119975589138099
-0.0239185098203615
0.0029831664180695
-0.000849819417888309
0.0157346590630378
0.0263763659200333
-0.00489492157648219
-0.011067862040011
0.0122279792746114
0.0212940417690417
0.0114274255928744
-0.00792868170607175
0.0113886116161561
-0.00217307392676946
0.00811720483536749
0.000196425773622444
-0.0102100922835264
-0.00853005356080139
0.0122048819527814
-0.0116623838703301
-0.02120002
0.000408663678150178
0.00122551064594578
-0.00285595675234607
0.0106383181129641
-0.00647773253126593
0.00244496730053112
-0.0195121744001592
0.0006218490621126
-0.0134659415786204
0.0216296308616051
-0.00554986616444542
0.00764776751451501
-0.00102562051282051
0.0102669402409252
0.0264227433653914
0.000990079207920713
0.005934698435899
-0.00255647994322428
0.00552048490693036
0.0021568823529412
-0.0180004300919501
0.00597734620397183
-0.00435733791414772
-0.00537099661826146
-0.01720002
-0.0162799962612942
-0.00765409598676048
-0.0227225344439748
-0.00213314841866163
0.00149634462369286
-0.0053361795234228
0.00708158828676342
0.0063924994672917
-0.00550495447808586
0.0200127523948741
-0.0459194531413065
-0.0153139578935454
0.024216841778131
0.0188720832482467
0.00766448780786688
-0.0063385376573617
-0.0174356797243392
0.00952181366634508
0.0032153696370687
0.0211538893408949
0.00606823590566585
0.00561555717073392
-0.00165456056482149
0.0138802361715351
-0.0251328162062283
0.011947181134923
0.00186412597067376
0.00496179460330359
-0.00637732963634374
0.000414099387455513
-0.00413909354304631
-0.00311716548456276
0.000625370009894155
0.00270835416666659
-0.00332432987067666
-0.00333541790003311
-0.0023007738485511
-0.00272538778353482
0.00567584612150518
0.0175585284280935
0.00472473294987674
0.000408914332447496
-0.0153280196198651
0.00124537152345372
-0.00704809257677885
0.00772438381109053
0.0035218355085973
0.00350953764470541
-0.00164579301284118
0.00247275916902456
-0.000411120229758644
-0.00452397687592077
0.00454453625284046
-0.00514085944600329
0.0026869987042788
0.0216450843803373
0.0213881755167842
0.00355590682646989
-0.00728344502526468
0.00237951616101517
-0.0110780813269651
-0.00440092000796466
0.00261205545509346
-0.0236473136814703
-0.00369458120495536
-0.0325505143685513
-0.00936965522507782
-0.00795352536543426
-0.0156013427691726
0.0127668500990537
0.0119539887830467
-0.0156786723436712
-0.00240019627317489
0.000437467182032414
-0.0188019449583757
0.00467912199912845
0.00487915280550011
-0.0207460158740672
-0.00202839761163853
-0.0101625341048449
-0.00182527940564547
0.0283429028571427
0.00422311606031944
0.00332009738822481
0.00705934228725602
-0.00438118272152543
-0.00286030796786996
-0.0125772285966461
-0.000893877094972018
-0.00469691354723589
0.010112382022472
0.00689648482988914
-0.00729116249629536
0.00356109503672397
0.00953648259037476
0.00439369507908616
0.00940509603225936
0.00563375923580667
-0.00387847446670975
-0.00475885788449049
-0.000434601192549677
-0.0163078923110288
0.00221038893853298
-0.0163211733568593
0.017937310221404
0.00308367827825196
0.0537988789240476
0.075849111237795
0.00193683900955177
0.0288034216122175
-0.0118376735844105
-0.0173036698992205
0.0156734133126935
0.00628687345068113
-0.0132525747822795
0.00191868768071157
-0.00114900419094222
0.0088189992331289
-0.0197642915196559
0.00542844104581452
0.0204395869564291
0.0268329942113754
-0.013985977180714
0.0143709587767467
0.0220791360470702
0.0311431148720631
0.000174615924836141
-0.00261829285009074
-0.0238011904760448
0.001075672303257
-0.0204154548710602
0.00895791574117166
0.00271790184304965
-0.00216839537405134
0.015936200363343
-0.00695185408027998
0.00071802191200887
0.00376679820627812
-0.000178663334143403
-0.0112600712911516
-0.00867678958785245
0.00492343180160448
0.0161495007049628
0.000892839285714375
-0.0155218379218883
-0.00253713301920988
-0.0145348652882473
0.00700584413695271
0.00329549621558956
-0.00547443440646778
0.0148624036697247
-0.0276623028808118
0.00911121251601377
0.00571221669430622
0.00897761051749324
-0.0148901398220447
0.00829494930875585
0.035100511241307
0.00989051589350964
-0.0103182931094787
-0.00901215762502217
0.00445791710207133
-0.00745609772923506
-0.0028617420854945
0.0272645739910315
-0.0125720447005414
-0.00371351023366062
-0.0126020411785588
0.0197734851739442
0.00229157412303893
0.00386916982291297
0.0157673084874803
0.00983095895136255
-0.00734415042432368
-0.000516156237373555
0.00275434670339125
0.00188842918454935
0.00222757021542885
-0.0116259356599099
0.004324511255414
-0.00310024107646845
0.0319626635804653
-0.0170768625481331
0.00306591727245653
-0.00475459339029716
-0.0052892338288818
-0.00154373930606755
0.00841783213224234
0.00255531511830798
-0.00254880212570274
0.00102209538292852
-0.000850902003094012
0.0103900700117538
-0.0109575522589346
-0.0177262150239037
-0.0308867424798414
-0.00931058224925985
-0.00144590632763764
0.0104977737556562
-0.00788112097864513
0.0102906663710176
-0.00518229101469436
0.0102389800696598
-0.0103129797185996
-0.00305422206252248
-0.00522618470981484
-0.00398552529011731
0.00709347035285557
-0.00957195249362375
-0.00547044128373464
-0.00696738161042576
-0.0192023818316099
-0.0333208025851055
0.0266797089261814
-0.00512139595748495
-0.00571971390429526
0.0258868254693452
-0.00934579439252337
0.0122641886792454
0.0169617701039415
-0.000366568908237386
-0.00183355332171697
-0.0110212896954681
0.0115155832095097
0.00146900480112011
0.00568384661379095
0.00601644506896792
-0.00126855744835086
-0.00127018687588121
-0.00654071572418757
0.00073154718361379
-0.017909338123002
-0.0133978781764837
0.00565824217276489
-0.00112531882970734
-0.0191512586988832
0.00267991949923752
0.0129820539713239
-0.000942385960377101
0.00716847791618469
-0.00561901115600316
-0.00583915991712203
-0.00701021233441101
-0.00477008204541118
-0.0195552338957053
0.0183809741568435
-0.00518435079937207
-0.00173711635326923
0.00174013917749138
0.00540434268665635
0.00902286427337295
0.0235920467353112
0.00539035326004389
0.00665559253096681
0.00146920107494575
-0.0115532186237524
-0.000185584408698092
0.00649476723872255
-0.0143805857529281
-0.00897865710771906
-0.00924873537183846
-0.000762068936480453
0.0085796185208844
0.00491489584442739
0.0220090669676449
0.026688697710705
-0.00663318405581181
0.0066774769897131
0
-0.00394403018902878
0.00323975876098337
-0.00269110144631846
-0.00989384781435521
0.00236186405592553
0.00779409127402908
-0.0109711514737825
-0.00509188924924919
0.00164503750036626
0.00255474457216698
-0.0010920640897718
-0.0129373722132403
0.00184607723264096
0.014556863829003
-0.00272431887533031
-0.00364234201420499
-0.0257722541724046
0.0120075049157131
0.00259553212079222
-0.00850597231856609
-0.00410289078893866
-0.0104869284461824
-0.00567749810749441
0.00323559186837485
0.00151777654179042
-0.0159121042638358
-0.000192531276370866
0.017327705377892
0.000189212717638165
-0.00302741733310941
-0.0168912510322879
-0.00231658305630467
0.00270897832817329
0.00771904670011581
-0.00363849092994095
0.00249857779163132
-0.00747699386503053
-0.0027042495653854
-0.0040674606998361
-0.00116680284585002
-0.00564643680594934
-0.00195807714901108
-0.0170689225609394
-0.0043911578599265
-0.00400964306315876
-0.00201284219001607
0.0217829357893127
0.0179628898539281
-0.00213304246655022
-0.003303497926613
0.00721386221068698
0.0203251838946963
0.0123316640548599
0.00730882669960975
0.00576746046511634
0.00351459482954875
-0.00405531797235026
-0.00425689439675903
0.00762081798551706
0.000737889701861061
0.0165898986175115
0.00580233886482917
0.00198307189502289
-0.0111551453344676
0.00782387204919699
0.00343027628507442
-0.00791657042401683
0.0085237941335472
0.000899100864968583
-0.00808481854114251
-0.0275312448384577
