0.0293633242783797
0.0211277935743437
0.0134455773505708
-0.00566757890983249
0.021439199568879
0.00583384919151264
-0.00769134433524599
0.0677255680200344
0.00101153160789624
0.0137906856991188
0.00879507460342888
0.00319676251327938
0.000695220138057229
0.000752692214261996
0.01151281417948
0.00554794110153134
-0.011489704925655
0.00696246647527055
0.00120003999999985
0
-0.0110724440528103
0.0131586480485104
0.00951294771552913
0.0150660082661889
0.0120629218525929
0.00884323858995084
0.00593454027260343
-0.000811831587243739
-0.00579604568660397
0.0143293293031781
-0.00386743840433401
-0.00339708821887974
0.0248349573972257
-0.00607153252581094
0.00302776487378531
-0.0118625534940152
0.00450183299216089
-0.0222482961945156
0.00654813943435939
-0.0207091394071128
0.0150575842286182
-0.0487020503452114
0.0831279056463643
0.0084158739157949
-0.00414658819763625
0.00295154699734468
0.00441437821693547
0.000104583265196911
0.00680095757680221
0.00301378024963039
0.00326376730696643
0.000413100270306721
-0.00376798792794497
-0.020620673038202
-0.00825264777153178
0.0235237850134753
0.025797357051351
0.00203218003320438
0.00877154101853761
-0.00799161612413901
0.00699196957470671
-0.0164528503144654
0.023992234990633
-0.0114402409096291
-0.00111178994562899
0.0103713597010755
0.00605873996088735
0.0107008213288953
-0.00590935125146286
-0.00227864968243552
0.0126110567973576
-0.023878377404438
0.0102471015647265
-0.000298314446557035
0.0687357362850467
-0.0164743527439885
-0.000946328209450842
-0.0229705693993111
0.00867714896863658
-0.00144176757553094
0.0253633844708989
0.000844839227718719
0.001313131385136
-0.00449623915732844
-0.00103505526650116
0.00442708044621964
-0.000328255257124654
0.00515950288685985
-0.000699995323845237
-0.00630395067860701
-0.00399438904143257
0.0143902007226733
-0.00246511162790697
-0.0138946984944528
-0.00316798895531722
-0.0351010755824518
0.0112083326242094
-0.0153135344965513
-0.0290298934234032
0.0144404181058668
-0.00947320960035114
0.00541446729618622
-0.008858065238733
0.0101051392410296
-0.0240297559222779
0.0196250026765479
-0.00399087149266286
0.00557917923353268
-0.0210329824733426
0.0100984442289338
0.0124967965442979
0.0127959345088162
0.00507364223794027
-0.00331584186198008
-0.00501511497599227
0.00319392645987793
-0.016366570164828
-0.00804125338676487
0.000101993474569184
-0.00249799138462492
-0.00884139631871417
0.00964213664388858
-0.00439201781719034
-0.0184662275219218
-0.00914554452640048
0.0276898725414598
-0.00451632010727276
-0.0113419445721403
-0.00443242416577316
0.0291745603307623
0.00681967003868733
-0.0714249853770916
-0.0254218730335635
-0.0191587612085056
0.0211275163623856
0.00468460213802468
-0.00305294486992869
-0.00423168137310637
0.0205770973065778
0.0171487504460059
0.00716402931852511
-0.00283452246945182
0.00648971316422164
0.0087392036930789
-0.00776545682357965
0.00468511414912287
0.00699481718529116
-0.00489392730039429
0.0156001951686875
-0.000208320746550528
-0.0192698145739757
-0.00398279437080129
-0.000213233101015509
-0.0174381608908242
0.0147083147896878
0.00679283778589079
0.00541892377238318
-0.00665783355350069
-0.0011702803029342
-0.0126218775603797
-0.0129988623408477
0.0163396410640024
0.00403269177401211
-0.00396289303192621
-0.0106457871217327
-0.000652116750505916
0.00902715758892358
0.0091619346403351
0.00170898264352481
-0.0140748195419111
0.00178446986692959
-0.013710428956883
-0.0243541866005134
-0.00258038923923509
-0.0227208483518458
-0.00414341361239767
-0.0118463043308933
-0.00742692397660816
-0.00583274037194936
0.0147563762369214
-0.00286159558165267
-0.0012885146629813
0.0228711817295055
0.00538930748067101
0.00182477188740426
-0.0124088859680225
-0.0201729106628242
-0.00752940588235296
-0.0330725578883798
0.0188182421160858
0.0731002556302163
0.00599905805113776
-0.0185586977089164
-0.024190856643128
0.028398539999966
0.0114870925108246
-0.00352450349650357
-0.0021895295921156
-0.00990263343054376
-0.0061942148877977
-0.00594698633500157
-0.0190979755890009
-0.000645085605322948
0.0261134727747558
-0.019386938011055
0.00769809291597312
0.0103016035193657
0.0151801219782273
0.00716625658974013
0.0249873487313756
0.00890956560114087
-0.00801818173130153
-0.0300382294908281
-0.0557995701869516
-0.00733493342077729
0.0097920757626786
0.0152299248076606
-0.0126574220682363
-0.0023146714251685
-0.0469958876741504
0.0377653128170783
-0.00547370827067661
-0.00889077679668038
0.0109843354788655
-0.0036216032307792
-0.0178106371559068
0.00561270568023486
-0.00913880068677386
0.0365831252878404
0.00370234667433178
0.00226085789789554
-0.0258815197603547
-0.00877514897836151
-0.0290791275278709
0
-0.00918126425801835
-0.00977760122130888
-0.0500806398853948
-0.0117534817344456
0.0123744528624972
0.00563629653797015
0.00344391933132338
0.0505383223201217
-0.0119787072450279
0.0224325200196926
0.0160431138118537
-0.00986083779219471
0.00138670663927032
-0.0229747221934513
-0.0239015975782657
0.0207246987236716
0.0137084389411617
-0.00318938564293203
-0.00454345672122713
-0.0173566278909312
0.0454664199563888
-0.0870408871414917
0.0292666495928711
0.0234401281672787
0.0270023680525426
0.0307906812161853
-0.0157344686367757
0.00661919574509295
-0.00192306455191815
0.000621579965327745
-0.0144729543924171
-0.0139292004555854
-0.00607220848971957
0.00868171061093248
0.0131972707734547
-0.0215202494528095
-0.0284887009646302
0.0240285287072237
0.0166128445367715
0.00495961709265291
0.010566263639995
0.0159654582020696
0.0136192268781852
0.001276787482412
0.0129334202084714
-0.00317716087855091
-0.0226711718004583
0.00455323025958076
-0.0113315634978429
-0.0235425494444569
0.0163695259414407
-0.0145452336032805
-0.00126692638244708
-0.0596854228165565
0.00620572006745368
-0.0205804923319768
-0.0141684251539319
0.007012386357095
0.0555709693118918
-0.0396473335213324
-0.0323743115852161
0.0302944955283757
0.00245599669182694
0.0217775755848975
-0.00379640338215259
-0.00394471466461854
0.00792058015627806
-0.0105886851201734
-0.0114424979464396
0.0083066728503669
-0.0215409689119043
-0.0255348319752173
-0.0251416648401204
-0.0151834078539806
-0.00848328427977718
-0.000744036879873788
-0.0323876931336118
0.0313172651645057
-0.0402148775663276
-0.0111162936187522
0.0268847262548915
0.0209751963187934
0.00157461953867521
-0.00269502166948621
0.00773156427164423
-0.0140037616387337
-0.00264403575749916
0.0179517870640269
0.00766425334968557
-0.02385169138756
0.0218624703553603
0.0349422633262917
-0.0141630612125238
-0.0187200832169455
0.0133095824715477
-0.0195562765389224
-0.0343852036738227
0.0188838978386041
0.0246614339259938
0.025101580474749
0.0117392144729183
0.0172978934310333
0.037086298031312
0.0130220086960795
0.00759291333151002
0.00390002646681653
0.0176467247529706
0.00498223219057459
0.0141642859956863
0.00825293909972213
-0.00484828085922451
0.0196773232582601
-0.0124721391791477
-0.00376997186691685
0.000189208448012401
-0.00157649134094473
0.0402323938579878
0.00813598071893118
0.0168634251869668
0.0318645174571077
0.0139478417291479
0.00724596118582377
-0.00264140964699533
-0.00163422173199845
-0.0121916973775661
0.000457122463205728
0.0108516137038461
0.00169494316924856
0.000338501902924726
0.0168592607772453
0.0164689035481624
-0.00180024005019086
-0.00994639873093017
0.00656878987483367
-0.0104743840809087
0.011915284727164
0.00509342253340095
0.00899081279444602
0.0116649782541987
-0.00640579184961521
0.00145053990623367
0.0193133375315453
0.000789442105263216
-0.00888765213424092
-0.00535928028486166
-0.000746860508085145
-0.00678023070610467
-0.0355299948866371
-0.00657634200543045
-0.01946704628331
-0.00366174621616755
0.0153324854446566
0.000452468756885427
-0.00966705867865369
0.00633634001800654
0.00232573609552511
-0.00911149421241919
0.0125078705239103
-0.0276963223583954
-0.00481523480928325
-0.0164392684800915
-0.00675675078972993
0.0129490271756889
-0.0163181384388807
0.00413224348142882
0.00256460908408918
-0.0073171383468007
0.0442260755146544
0.000803437589669942
-0.0122713401701435
0.0137010217706821
5.72361258961429e-05
0.00349330556331773
-0.00114133997925792
-0.00697023942735664
0.005868500153829
0.0177314589288855
0.0178722425959967
-0.00784053333421397
-0.0120763424556031
-0.0141393022951937
-0.000857059621080403
0.00823517094684223
-0.010606976563693
0.00693691479996783
0.0118993225455439
-0.00309459861800709
0.00575688023647225
0.0033670370937211
-0.0907717881861557
-0.0498862007184389
0.0425999333277256
0.0176975044950478
0.0167795473596897
0.00378063492427172
-0.0197883477063826
0.0150036038971382
0.00877302618402886
0.0208482243016372
0.00781885844851038
0.00578971742826706
0.000402901218035323
0.00230168028144173
0.00757789187005131
0.0143012311065247
0.00747108173303945
0.0240869353525417
-0.00517230364427834
0.0267622590479299
0.014125014582778
-0.00147166512855212
0.0033687704678127
0.00923308176563542
-0.000103981700177225
-0.00119565397590116
-0.0143132250478003
-0.00818461801181181
0.0073470956998658
0.00184974888775313
0
-0.00168808294669853
-0.0129993972468981
0.00182030196927019
-0.00614575689786645
-0.00596870459768395
-0.00995346202556824
-0.00486285094824934
0.0134519130991073
-0.00926431347638634
0.0048668454330083
0.0134959189566803
-0.0250751604092794
-0.00545246991150905
0.00243660424812697
0.00176771623538374
-0.01152528976564
-0.00340307391910744
-0.00554189994145715
0.00185759646014971
0.00353975173704368
0.0203795922939387
-0.0408778984910837
-0.0462242669412312
0.0191938398560829
-0.018832374280042
-0.0143354065838807
0.00468571770600956
-0.0142338335226954
-0.00565282949308754
-0.00858926022876783
0.0140239340061838
0.010203478883724
-0.0132644230022116
-0.00961951667533467
0.0136977584602593
-0.00319393775804844
-0.0119538300799606
0.0112877950250903
-0.000554988886162011
0.00123401611255569
0.0112775125093361
0.0131626381537122
-0.0166605923451399
-0.0118050458191618
-0.00328050882991471
-0.0012419859730608
-0.000310905921645177
-0.000186584153418212
0.0140590668740279
-0.00441691934289057
0.0257564124733185
-0.00240279928874387
0.00668384388037024
0.0196196562826749
-0.107767278221454
-0.0168978372515706
-0.0122391783777641
0.0211930730422769
-0.00663042006091408
0.00500600697475595
0.00126179179894703
0.00152566998957515
0.0119212394224373
0.014006152876779
0.0193635844287425
0.0177927697369049
0.026502394347941
-0.0124242606060606
-0.000122761585567899
0.0143620640798776
-0.0190597744524772
0.00709356671273031
-0.013597114874818
0.0109282518920537
0.00718627857240062
0.00817179554023162
0.00175413735616403
-0.0179940582211577
0.00584146203524982
-0.00696906703791345
0.00104653409201516
0.0260131294138544
0.0189403265149921
-0.00352944705882352
0.0259740800226949
-0.0085731011178406
0.00824094954722243
0.0142174699641391
0.0110102272022172
-0.012069125474734
-0.0123871068700747
0.0015534434330986
0.00281482648420472
0.0192472123805323
0.017478784479017
-0.000165698194652508
0.00519309444762972
0.00934320982703829
-0.00451939573708882
0.00202382116745015
-0.00775150381842338
0.00638163049168439
0.0136117919164847
0.00302015967015601
0.000645284453065553
-0.0241268396305157
0.0121689663995981
-0.00418890202740552
0.00442500948770808
0.00494943432530492
0.00362611888020514
0.00307373271059386
-0.00419331767628939
0.00210548511807995
0.00738072425872005
0.0103213698507576
0.00677534942595126
-0.0854889340508245
-0.0177647232635998
0.0237635227241373
-0.000114373103553334
-0.00543196869707796
-0.0140278370239412
0.0123032128279883
-0.00599040374407933
0.00480956693708645
0.00311423309507153
0.00074741289240654
0.0023553109870329
0.0053874485416654
-0.00313534948278815
0.0124664497188327
-0.00203332953346524
0.0028298148980721
0.0137140525569834
0.00695913614739818
-0.000829291779435248
-0.00309869962871467
-0.00643874319629778
-0.00229052513966477
-0.0031356571618939
-0.00129189463175805
0.000506164220930749
-0.0120299005679346
-0.00210523470839252
0.00376318839767387
0.00204499553689486
0.00765309549840465
0.00264416877637119
0.00319824933678459
-0.0073829187968032
-0.0269341239255416
0.00011584341750126
0.000521081560722836
-0.00457180547618397
-0.00982494069603335
-0.00058716531170655
-0.00129245093824193
-0.000823523529411729
-5.88425758928368e-05
0.00724166003267612
-0.00543610000659234
0.00693510456427049
-0.00356038634727862
-0.0299320523082705
-6.03526353459838e-05
0.00948062767582258
-0.00083746486615377
0.00341260254692344
0.004176592929239
-0.000178247174481672
0.00695309902054797
-0.00289190860609168
-0.00479430609282583
0.0118948496008973
0.00881626900679588
-0.000757422516647677
0.0191826021568013
0.0351258517998996
0.0231015416922566
0.00399743960667265
-0.000968513930009185
0.00123874950813896
0.00941315670134668
-0.00271773414222032
-0.0172054560685693
0.00657862255233166
-0.00788595661599845
0.00446432399417618
0.00406504065040658
0.00215921187584334
-0.0132506979773993
0.0253288932220221
-0.00473832716032241
-0.02492780009706
-0.0278692233260327
0.0106095092089646
0.00586331800465367
0.00360847155919419
-0.00442528490112448
0.00233358156091956
-0.00703985056673551
0.0227208836397899
0.0127729041392943
0.0122345859956996
0.0110750280717216
0.0103744378870634
-0.0153757791338697
0.00137628497429931
-0.000422910613975813
0.00999524057317114
-0.00193734950125346
0.0172603377720981
0.0136152608648354
-0.00152634583639177
-0.00188549730214294
0.00510542719930118
-0.0117336163898414
-0.00385485201331059
0.00696561588117861
-0.0332035809960323
0.0108119995531271
-0.0115352191089806
0.000106031188074951
-0.00265195724283285
0.0190385137910529
0.00182656303691076
0.00645937382685124
-0.0181668126537565
0.0127042911866784
0.00374785797851307
-0.00819375607328987
0.00528101960784322
-5.19868941014634e-05
0.000208026007802342
0.0167976031909263
0.00347786920053461
0.0109072325826796
-0.0433598425604487
0.00780012628333182
-0.00596171422465364
0.00457699384914778
-0.00398007338015305
-0.0628318885027406
-0.00269305423325139
0.000675123781366027
-0.00787052485185169
0.000566670457086804
-0.00379430282258131
0.0108578418314402
0.003205443580935
0.000840820678517984
-0.0195473851060362
-0.0189088714268688
-0.00291137757914939
0.0140737498810515
-0.00264896064436371
0.00531207915801057
-0.0150479351269432
-0.00822207101807471
-0.0134054502186566
0.00899877814662497
-0.00555196391887036
-0.00605802120502519
0.00657299647781295
-0.00154345505865461
-0.00101074973529036
0.00529698832765169
0.0160439934629331
0.0097307892358347
-0.00663624009725716
-0.0112699082797136
-0.00728548778999105
0.0197087231418025
0.00760353504686706
0.0157833519890547
-0.00255187144271019
-0.00432084828199908
-0.018671866080287
-0.00593509248263069
0.00128776636122141
-0.00397517250058654
0.0135579113288558
0.0147084021691077
0.0117559610056717
0.0244797347360717
-0.000550602858817362
0.0112378560636692
0.00473930907460285
-0.00292782473511355
0.00647091918882836
0.00394408674577962
-0.0128081202795348
-0.0115023984790404
-0.0075552582853885
-0.0154479545002463
-0.00152381200285978
0.00107400370642696
0.00948612616083144
