0.0197418163763221
0.0054603889831577
0.0140706022488453
-0.00705938797397831
-0.00710958649275173
0.0019753223679928
0.0125677359234757
0.01216846341758
-0.0343832601382121
-0.00249009934369049
0.0117324007016184
-0.0066616690371798
-0.000745210855684464
0.0141685333821577
0.0210784253675267
0.00768126436370098
0.00666984403324178
-0.00946519157486114
-0.0140946555155251
0.00581539356854699
0.00192725979764363
0.00360659080311621
0.0117393277609363
0.00544640534083052
0.00447479748316493
0.0028135831633338
0.0102876032811592
-0.00879425601036399
0.0016343819556941
-0.00442890204338986
-0.00679004131163319
0.0096652996069968
0.0149428124525288
0.0059810865644645
0.00480224381930494
0.00728263118421069
-0.00587438957861863
-0.0127272839586778
0.00138124680935814
-0.0135632017307309
0.0137496915712469
-0.00206896900646047
0.0281041226565237
0.00134440919287848
0.00693665735153703
0.000666648216703924
0.00644015174209112
-0.000882593675580412
-0.000441678330635686
-0.00331420969764107
0.00421192423164118
-0.0108167666666666
-0.00580228698444374
-0.00718292256093789
-0.00497403823384457
0.014314952982893
0.0114247025851375
-0.00885934413190148
-0.00893853367778763
0.00112736735909791
-0.00878377905584204
-0.00249942575137974
0.000455571134333921
-0.0159380383586768
-0.00231374657156935
0.00811690656680675
-0.0055210784678843
0.00809624417974986
-0.0105553087301161
-0.00649350774416901
0.0198412730582973
-0.00892652272301142
0.0152424995458667
0.0143311655450569
0.00650376049780621
0.0024509657754288
-0.00222271056406753
-0.00155938863670368
0.00379296535573359
0.0642364611628528
0.0104427555497844
-0.0113682903859315
-0.00292706535906917
-0.00398406178974609
0.00505265878739114
0.000209467426340426
0
-0.000418839212093958
-0.00230461650619485
-0.00146999066531783
0.00357519886469593
0.00817266121806748
-0.00103931374879151
-0.011652104037054
0.00568422027397264
-0.0117228410301017
0.00699007507628302
-0.00904503960045611
0.013160711046537
0.00879946713103674
0.00249219780401311
0.0174021170313223
-0.000203616325563205
0.00529538710445987
-0.00344409077699792
-0.000406577994358726
-0.00325403138998692
-0.00754948361606933
-0.00925166006278411
-0.00290519888695551
-0.00104054870917902
0.0131250219176102
-0.00925356244552245
0.00394348021282243
0.00227418588419059
0.010107196371627
-0.000612603052031702
0.00306500081223438
0.00142591032983796
0.0034581029000702
0.00263535263854497
0.00566120251060842
-0.00381986110869614
-0.00544911122791891
-0.00811687056939736
0.00245503973465522
-0.00102049801014759
-0.00367722803227344
0.00512618241895346
0.00754794359577238
-0.00668154338136751
0.00529958902977312
-0.00446064639667121
-0.00957223921232797
0.00102813824165793
-0.0160229904011088
-0.00521923288203641
-0.00398740612470261
0.00948168478742217
-0.000417495607849427
-0.00709956991957583
-0.00588853948593604
-0.00275019968288404
0.0103946238104267
-0.00482892473894492
0.0202531540523685
0.00351531662184912
0.00247273781780732
-0.00637208341879147
0.00289617627716421
-0.0101072430919233
0.000833481270746006
-0.00187383201850599
-0.0100125141958189
0.00316052447683024
-0.000210039387975147
0.00105044929162923
-0.00965373260035962
0.00296676283277231
-0.000211337781877874
-0.00253590338616383
0.00762712360546547
0.0115643505541514
-0.00997712637210568
-0.0031492994319795
0.00294864233333025
0.00230994003212115
0.00628534722343499
-0.00936916009253008
0.000840726940918524
0
-0.00923983940189665
-0.00869010116991953
-0.00320720827554233
-0.0261690335681793
0.0330396566246678
-0.000852852182728014
0.000213393026129882
0.00618732715854398
-0.00360476471268401
-0.0078740201127564
0.00407550197560358
0.00384533870967751
0.00148969098841545
-0.0012749889794228
-0.00106385925752606
0.000852008280364247
0.000212802669399714
-0.00382979373134906
-0.00619392684735265
-0.000859633946857508
0
-0.00666814878787381
-0.00324811863290098
0.00347595236059983
0.0147218465270322
-0.00533392105311326
-0.00278847961664785
0.00838888777418978
0.00106652606402324
0.00447473046093383
-0.0173949507315235
-0.00107947721270818
0.00324186595993736
-0.0109866730952807
-0.00174249432584439
0.00021819713713489
0.00894413103874614
0.00454052103782621
-0.00107615940786943
-0.0103425888507163
-0.00957982048276818
-0.0189052481719776
-0.0309209293053562
-0.00947974528725937
0.00653594897948273
0.021103922055145
-0.0149897760776894
-0.00645607668397408
-0.0141564598066897
0.00353110909288024
0.000234567141977449
-0.00891182403995738
0.0269758585179323
0.000921630582885857
-0.00644567360787851
-0.0141334219204687
-0.00705051995944506
0.00686390590066188
0.00916782780008618
-0.00582345407573592
-0.0192126982652273
0.0086000376904789
-0.00639501287975131
-0.00262222558657654
-0.0207934925639311
0.00488161776765472
-0.0170026479374338
0.0032122292760921
0.00911330576225766
0.00024408042767976
0.0124451379095583
0.0154253464974952
0.00071212469281412
0.000948737354298679
0.00094790966886471
-0.00307769735337915
0.00213726321567598
-0.00236966235343983
-0.0123515041868696
0.0120249906444374
0.00213878686859803
-0.00189709636618796
0.0123544386147645
0.00445911592455772
0.00771025203619113
0.0194760065447104
0.0020468535791609
0.00113477903951065
0.0156427582956098
0.000446410593984536
-0.00468538815670982
0.0159156822923512
-0.00860546742451085
0.00111287302984464
0.00666961409841105
-0.0251766652879192
-0.00203897033157097
0.000681016842549953
0.00499090458789331
-0.010609480158625
-0.000912588834696915
0.00844942241379298
0.00294381610935601
0.00835403510473909
0.0134348837087819
0.00972156723416195
0.0148796376753297
-0.0015092268067266
-0.00431871078021873
0.000433727920293059
-0.00368525266439668
-0.000435143495668422
0.00413582716041949
-0.0140906190007278
0.0270448534905743
-0.00556627828320344
-0.0247577912831486
-0.00949230000000001
0.00222872236800042
0.0378029762679852
-0.0231412426760897
0.0107479608189278
0.00737849486831421
-0.00624729967956894
0.00108385788824861
0.0030316487816433
0
0.0094990962982604
0.00342174373907422
0.00277071487229108
0.0454835496055246
-0.00508241295041512
-0.007560282370626
-0.028618449357565
0.00687999747927948
-0.0465670151483476
-0.0419237029023911
0.0145281082521473
-0.0141485333352289
0.0050448116461268
-0.0233665506698429
0.013557811494157
-0.0161741392596819
-0.0191060341162893
-0.0097843271367366
0.00640436395962407
0.0177272454545454
-0.0163465301388083
0.0079912547768457
-0.00261262162162168
0.0168910036752867
0.0167880526418893
0.000262068661989412
-0.034410497816594
0.0315666159834773
0.0145549842729946
-0.0146054966260953
-0.0250832579832466
-0.00458799911522134
-0.0282874373558529
-0.00362723224406336
0.00662745281323951
0.0271698915864202
0.00424303523272629
0.00323624601287742
-0.0113798926770591
0.0245626661005591
-0.0101734075533139
-0.00294933419384524
0.0118321891687378
-0.00115163893918246
0.00505543237250539
0.0193258206847866
0.0109946929097966
0.00188389280599321
0.0016239487179488
-0.00204799894107022
-0.0020521419936419
-0.00188502272200342
0.00283287840729463
0.0325287022770073
8.28552458251863e-05
0.000580286841920463
0.000994225376824032
0.0265684406555207
-0.0222526971075764
0.00148429128764627
0.000164709761170334
-0.0172059272478313
0.000251357017541309
-0.00577843544833989
-0.00623313673994996
0.00644172724762515
-0.000673690427382301
0.0107028144040853
-0.0190110731259903
-0.0304292557513089
0.0122731743666171
-0.0167142979413327
-0.00114494450286295
0.0108455599737038
0.0100314201852008
0.0189998875636939
-0.00228830413235537
0.00620112125211425
0.0237231327240979
0.00346361531480111
0.0051774983563444
0.00572319525342491
0.00634093965789884
-0.00395830031538658
0.00892132176184934
0.00233118967313195
-0.00433074016632073
0.00604107924218966
0.00848676527643288
0.00246108290299363
0.00229667384881616
0.00869157725492387
-0.0477832195587273
0.0154656468487275
0.0167692803504653
-0.0103577641565172
-0.00257628212363159
-0.00742592628481664
0.00764416518139255
-0.00403518669888836
0.0150716549689116
-0.00119736571878426
0.00359652325136217
0.00302617663454652
0.0053196190230953
-0.00126365500086112
0.0011861616415163
0.0102677749761648
0.000859979646314457
0.000390587396013498
0.00530954136669948
-0.00986405436893212
0.00156884997876894
0.012296365914787
-0.00170213539651831
0.00426259787849803
-0.0198333073030822
-0.0121250372076996
-0.00406473257300766
-0.00656209992447254
0.00563877078813246
0.00392507221804128
0.0075001594590256
0.00839474954608566
-0.00659706264671223
0.00917071719773443
-0.0833529168295665
-0.0308520633988195
0.0366842674306125
0.0292616711340876
0.0273553553719008
-0.00249374953734605
-0.00419352419354846
0.0112568834323725
-0.00344358925017396
0.0049822885730908
0.00367822651012695
0.0133843215436023
-0.006132067754687
-0.00300582982132303
-0.0115043239328442
-0.00489600304666515
0.00153246487661418
-0.00136907467776559
-0.00540320967741936
0.00494607954356496
0.000484089067547266
-0.00193546774193554
0.00412083865350943
-0.00426489911317862
-0.000969734943748746
0.00177959063793254
-0.00541019074322313
0.00527727539623712
0.00218055241479576
-0.0336046267581473
0.00558704145408662
0.00530729763022797
0.00486675728284847
0.00763421441471035
-0.0104276904276986
0.000493932654203277
-0.000411388138002122
0.00370428868033534
0.00516688263757881
0.00130550752783143
0.0018741525271011
0.00130137457425072
-0.00731055147989157
0
0.00638244829704981
0.00756159049616389
0.000161426729526015
0.000564789405118615
0.00677361492180273
0.013456155602021
0.00893072796120076
0.00697163537610423
-0.0243485408553432
-0.0269494263586258
0.0263028431145294
-0.0172455409181637
-0.00641801141987197
0.0230580534000477
-0.00935107074765651
0.00588949590696641
0.00802053256336221
0.0216422183322724
0.00607475885084541
-0.00843781590853609
-0.000702599756502553
0.00703120312499994
-0.00705970552644086
0.0140635598728582
0.0229602524132966
-0.00497102493120349
-0.00408745739090566
0.00296420140800002
0.00098506360339945
-0.00779769877500791
-0.000305157947583679
-0.0174783081215598
0.009011132106304
-0.0152436293420866
0.00359620815898021
-0.0099711696646867
0.00723895687273446
0.00585891750093426
-0.00994091371314521
-0.00541262930469177
0.00394352863835068
-0.00659913577972249
-0.00268877823698166
-0.00380623262385027
0.000159237447088456
0.00198965376856908
-0.0124702142578204
-0.0109386389296446
0.00569242086937938
-0.0557127768369496
0.00779245596671063
0.00934657983946674
-0.00665039980932403
0.0361864152542373
-0.00646106174354455
0.00831408441766346
0.00685773543730472
-0.00535152833290298
0.0157332683742279
0.00176566615996254
-0.00745073706136834
0.00750666726536964
-0.00208301554238099
0.00594095224696467
-0.00742218657408977
8.03569973379936e-05
-8.03505406098415e-05
-0.0237195861449001
-0.0121890629581464
0.0128397613333373
0.0270003203737161
-8.01699249732835e-05
-0.0140280561122245
-0.00170730894308935
-0.0128675135363832
0.0268129694481722
-0.0176763379212304
0.000899730068710358
-0.000326885666579568
0.0106269515143147
0.00169860879313943
-0.00686367916226349
-0.00113830394565906
0.0133496135669453
-0.00168687447484739
-0.0152880754368206
-0.00171595853201401
0.000900392909886083
0.00785082603737997
0.0123336905604299
0.00961844325715866
0.00651000322729445
-0.00607348955729214
0.00166652643970266
-0.00372366499981247
-0.000159021868787357
-0.00795355107086093
0.00481038231034114
0.00670227388969491
-0.00538955386208384
0.0046218982328774
-0.00364875862615999
0.00445821985145911
0.0110961561559191
7.84040134826913e-05
-0.00893556969845466
-0.00688074965389529
-0.00350404555228157
-0.00663305378325874
0.00756230874749053
7.98626649611833e-05
-0.0126147864271456
-0.00185975583180653
-0.00364552813276853
-0.00365880971881949
0.0124857106864231
0.00862415571854602
0.000239723511584744
0.00207719105340254
0.00773341305907671
0.015427246591341
-0.00467476409779055
-0.0058708414872799
0.00125987401574812
0.00731355749249585
0.0011711219040087
0.00148150337330377
0.020322355697707
-0.0115994282753054
0.00339718179749271
-0.0123884342357721
-0.00560973094150075
-0.00736500056487499
0.00134185016430877
0.00882864568162822
0.00742295653798353
0.000698138562684969
0.00736317602346381
-0.00515502034965742
0.00510443917004388
0.00176973674678238
-0.00768108137827661
0.00123851689390042
-0.00131436406736629
0.00541888866645168
0.00107791033731464
0.0146899626306733
-0.00742815168647815
0.00168003822100116
-0.0021346268527046
-0.00733444882981471
0.00300172416695199
-0.00291593753520913
-0.00207791285088632
-0.00933131039301782
-0.00544920568157836
-0.00485287249760691
-0.00676419700144881
0.00205893254718825
0.0165165479965501
-0.00404263375407632
0.00109280305134019
0.0125536140350877
-0.0139380716622666
0.0158531741697812
0.0131456870672557
0.00561503937556163
0.00392367014203332
-0.0032319277738011
0.0045996156160315
0.00360287483608412
0.00224357179190049
0.0621595501141539
0.0130673110318198
0.00062410542213831
-0.01510840741395
-0.00105547814330131
0.00352211873305985
-0.000982731946657767
0.00105392069015275
0.0012633747366928
-0.0141604562563107
-0.0055464621508049
0.0015015515980743
0.0044266386466747
0.00383855577814818
0.0109049284031659
0.0142897735461534
0.00138119472276532
0.000275813793103596
0.0109625763702292
0
0.00375085576789003
-0.000883204281712291
-0.011288704291968
-0.00013758855586754
0.000963059811620814
0.00103091887261764
0.00398188235666952
0.00642770765769596
0.00543554177231154
0.00297338837608829
0.00828726597880691
-0.000534493840340433
0
-0.00648526412116834
-0.0238896558321808
0.00213718023845888
-0.00192624517111828
-0.00117175349914889
0.0133185559776814
-0.000885242464866431
-0.00852020953144661
0.00639345493775489
-0.00614791998188347
-0.00316177045976451
0.00889476666134437
-0.000751776891317446
-0.0116955537797081
0.00602072664359854
0.00233894209049135
0.00528439340477149
0.00983070753224213
-0.00540834918075106
-0.00265089051967404
0.00415729582654678
0.00190035976382119
0.0098903065265652
0.00529912120607556
-0.00907453156317239
-0.00996563227949743
0.0210160920969604
-0.00825999228150776
0.00497037866166106
-0.00501269900456824
-0.0109490834603708
0.0162998771970972
-0.000400942264106696
0.000534844223360587
-0.002806354328308
-0.00850980941738777
0.00790699460764333
0.0145500805588714
-0.00290795721245085
-0.00570027194605516
-0.0130657427193435
0.00263423837958299
0.00330093636080653
0.0037602365293874
-0.0073583916195602
-0.000202156480909377
0.00350501480516985
-0.00591083403039927
-0.000878412162162223
-0.000676208854947125
0.00473707099581588
-0.0024920522496662
-0.00425391610044912
0.00101711533859694
0.00162583666257432
0.0269173202562065
-0.00204160305694434
0.00712731477019291
0.00176924184673855
-0.00300894155517606
0.0047237961517359
-0.00679112581161756
-0.00170946738818667
0.00375400431385664
-0.00682375810448765
0.00885256024484904
0.00530415141687479
0.00872848466053977
0.00626372848854628
-0.00192519409709047
-0.00835853538454667
0.00816967537235747
-0.00385880751627743
-0.00122668991688735
0.00355528772246849
-0.0014814557165862
-0.00219333628710272
0.00821052532631028
6.41872407345367e-05
0.00301350332717032
0.00741547690282141
