0.00928926313913903
-0.00149826623505434
0.0130760123011358
-0.00148114690990897
0.0148336515116265
0.00146168305411742
0.0033361134974168
0.0062343933132667
-0.0142502690727084
0.017179949717159
0.00700308974259722
-0.00572710177392322
-0.0055544331299231
0.0113777203144394
0.00695440799661284
0.00446884013812721
0.000808918082731536
-0.00262681339152093
0.000405186377528732
-0.00020255163623828
-0.00567144026071376
0
0.000203666734569063
-0.0109979026883056
-0.00494235986527269
0.00434600579470201
0.00288479297104471
-0.0032874462004292
0.00391678020683472
0.000615995880574927
-0.00492505643340857
0.00659927792949988
0.00717064111512711
0.00183075671277466
0.00406093401015228
-0.0052578765367467
-0.00508233391100499
-0.00592556203362404
0.00863305206030618
-0.0116160586916649
0.0123710927835052
0.00590633425280385
0.00323952223607038
0.0264379823700904
-0.00157298463285516
0.00669554956076324
0.00176056341472153
-0.000976352294012051
0.0039093236903831
0.00350467282895894
0.000776115623280615
-0.0050407520340926
0.00837879968823074
-0.010048309178744
0.000780792504392114
0.000780202847669109
0.011498752455686
-0.00712915194107322
-0.0011643314799985
0.000777093437398513
0.00582417029020266
0.000192993626848326
0.00810501736781166
0.0128253823573743
-0.00340200340200336
0.000948207851318106
0.00416826457310093
0.00396224528301903
-0.00131554221604102
-0.00940910819362262
-0.00170972647624867
-0.0213130165806473
0.00252772700758319
0.0131885373702765
-0.000382867519798213
0.00727684781162674
-0.00304180619930816
0.00171624717231578
0.00323628408978283
-0.00265654643915469
0.00266362247595842
-0.0267552177086298
0.0516669516149941
0.0127920284166116
-0.00439322708414369
0.00220626957540482
0.00110075219595496
-0.0018324903793292
0.00110148703687352
-0.00458463239656393
0.00368461686965027
0.00679144640234952
0.00601644506896792
-0.00199347589706411
-0.010350463047031
-0.0155962935779816
0.000372712008472886
-0.0141605744050894
-0.00415802305802304
0.00759159247659125
0.00433226596345815
0.0202551012753189
0.00128674627622272
0.0110152191845929
-0.00617396041401863
-0.00328889091905715
0.00678274989519245
-0.00564451950635547
-0.0137337481462416
-0.00854064224766715
0
0.0114231456395826
0.00407335693661737
-0.0106951502858196
0.00465983207232679
0.0120593130961293
0.00348309813901193
-0.00237488117008111
0.00659219911019604
0.00309255952169263
-0.00544067837215589
-0.0109408825674692
0.000184328901757791
-0.00479258986175124
-0.0205593806053201
0.00264748482134114
-0.00339494530365902
-0.0043527441332325
0.00133052649058119
-0.000379650721336389
-0.00702618685909606
0.00344234072590677
-0.0493615389868204
-0.00701688037255654
0.0113062994408704
-0.0047914154521862
-0.0198595193524381
-0.00798198919398285
0.00804621398708028
0.00961934077733662
0.0020271233721012
0.00161840987254713
-0.00282769148970685
0.00708936615534483
0.00221240944866419
0.000401284350741049
0.000200661994008478
-0.00280786195732319
0.008045011905772
-0.00119708701510546
-0.00978827387558379
0.00544684284849706
-0.0010031902086679
-0.00281178945949401
0.00181268874873353
-0.00361883781186811
-0.0062550644419882
-0.0115736040609137
-0.00554642563681185
0.0010328237967363
-0.00288896002659844
0.00248342301324511
0.00103226674302781
-0.00103120226722198
-0.0150701902367917
0.00188639702130367
0.00167368204338247
0.0087718878702614
-0.0111801451590091
-0.00125621864557035
-0.00754719061745923
-0.00359108576256872
-0.00487595950290265
0.00191734132759569
-0.0144588776197933
0
0.00345199583395894
-0.00301008398237301
0.00345050686759762
0.0105308620359095
-0.00446616333475125
0.00726342646307576
0.0127253016871558
0.00376963350785342
0.0139786772376382
-0.00411514420226933
0.0111569623488859
-0.00531260738276684
-0.00308136811832382
-0.00618172277316553
-0.00891563342318058
0.0267783059995461
-0.00509372432380917
0.00471019845544962
0.0224215038234508
0.0107655701754388
0.00986193274434055
-0.00136718747329712
-0.00645417550451444
0.00334649612886806
0.0123601527886961
-0.0120154655819948
-0.00431545704197711
0.0124113677073037
0.00252969454231744
0.00640524068322978
0.000964397337103184
0.00674369916209261
0.00746409569377993
0.00113985564475394
-0.00189759009681989
-0.000570304204194017
-0.0176907171390527
-0.0420216506975533
-0.00646854646313844
0.00712101700423129
0.0107070505050504
0.0035978413671367
-0.00298741292546134
-0.0149820212748297
0.00953149443253909
0.0100441946573764
-0.00696099854735477
0.0154216102543561
-0.0112426033285483
-0.00658292426525187
0.00401608441799373
-0.00220001999999997
0.00521152546024295
0.000199361906306539
-0.00179425837320568
-0.00359498701817451
0.00440974151953766
-0.00478950299761516
0.00160421098063379
-0.00300304298292209
0.0114457833623651
-0.0117133216540267
-0.0112494578394827
0.0119869969120885
0.00582206372571648
0.00858285463404607
0.0184049083396975
-0.000582957648328053
0.00758312269103634
0.0218062717097647
0.00396598670508053
0.00470278404815661
-0.00655306122448973
-0.0114964189314659
0.000953269762568709
-0.000952361904761889
0.00114388939668464
0.00380881751319051
0.0138493647097204
0.00130986155145707
-0.00598017215399638
0
0.0216206245839561
0.00496873389768115
-0.00274678625257663
-0.0128534890351357
0.0126488285955666
-0.00716385024180477
0.00166512491517357
0.00535650176129465
0
-0.0135954620613632
-0.00074496183171846
-0.000372805205114402
-0.0160358192050005
-0.0115595982565853
0.00766873082822084
0.00228308595351812
0.0170843204252089
0.000933165325376351
0.00913663976996748
0.000369549156865379
-0.00295528265525102
0.000926250463134437
-0.00203592452407775
-0.00278186212098885
0.00278962246605907
-0.00760385784880768
-0.0312090835809786
0.0158179012345678
-0.0106342954804405
0.00825337843583029
-0.0121835144143062
0.00250531899220108
-0.0130718954248366
0.00954425399298797
0.0291336666357838
0.0110611173603299
-0.0120526793992213
-0.0103228042478004
0.00151718186990335
0.00738496482891571
0.00864659758183084
-0.00428624673872524
0.00898371701291412
0.00816171396772414
-0.00680769114287738
-0.0113005001852537
-0.0172381116214748
0.00381317437915785
0.0123456215633193
-0.0118199064131315
-0.00607556506837159
0.00974217802262367
0.00643208463049416
-0.0176692289911798
0.0099502682721111
-0.023872660550827
0.0213509122670807
-0.0133029459008541
0.00115566260229816
0.0192381685263563
-0.0139674971687429
0.000957101801029703
-0.00764968430580049
0.00346889580784149
0.0169003456884962
0.00585452302446599
-0.0214044131207065
0.0184190909136432
0.00207228703570883
-0.0116563077957569
0.00247291230739966
0.0110056544401202
0.00450452335781781
-0.0104633968609865
0.0192598379769606
0.0150055761393109
0.00200768384727734
0.00746810537456799
0.00343516536909849
0.0122522522522523
0.00213597365610529
-0.00373000006625213
0.00142624353717236
-0.00231434937918285
-0.00339048887597271
0.0214861422197365
0.000525907108254398
0.00332862637250786
-0.00209530295093419
-0.00349957993002348
0.00649690945571724
0.00593161200279124
0.000173395768297002
0.0126582976472447
-0.00308220879855448
0.00772925098369548
0.00272718604831046
-0.000849957475779206
-0.00306228314158352
0.00221846423953798
-0.00459732674953162
0.00769758822609612
0.00339502631132227
0.00456775495571393
0.00555739296804658
-0.00133977560441767
-0.010565168362147
0.00288132203389835
-0.0082811900720362
-0.00732788002726648
-0.00927040343347629
-0.00207934503689733
0.00138909532905007
-0.00658916270467014
-0.00139643914476439
-0.00349590986708459
-0.000877021605929507
-0.00105331813646981
0.00474509649402122
-0.000699615207263027
-0.00682651834716408
-0.00687352813276243
0.000709866928477965
-0.000709363374877925
0.00319433906634736
-0.00229961086678943
0.0338652292955592
0.00823186403306697
0.0202415203224779
-0.00233411137045669
0.00952540106951871
-0.00182090713458027
0.00646766179880043
0.00840339443736027
0.00245093133250118
-0.000651947861514235
0.00766592712989844
-0.00517966987989094
-0.000162674913157801
-0.0117168590444775
0.00115262637905489
-0.000657911195031335
-0.00049371298530998
-0.00395188539436853
0.00909239513663751
-0.00655311260561731
0.00775069273995199
0.00360008176075799
-0.00619600501562023
0.000492190311859098
0.00705149229255486
0.000977055854095576
0.00585653154617649
0.00388157839619674
0.00241664250040285
0.00642876878127985
0
-0.000958128408785175
0.00671353889524395
-0.0028580660527151
0.009713391874417
-0.0119854597066708
-0.00127696723776638
0.00255713600767127
0.00526065678303844
0.00618458601039351
0.00394011026099128
-0.000784913645448748
0.00864092667271232
0.00903429948758427
0.0230008956931289
0.00301801733897755
0.00902661337405419
0.00208735649321601
0.00119032883782677
0.00475553567015097
0.00147904154002299
-0.00354449864930584
0.00503923217668234
0.00132729689801803
-0.00662746666782132
-0.0032615865053337
0.00580098144573937
0.00221818978623833
-0.00870587319046212
0.000297662994938719
0.000297678584717742
0.00193390357134926
-0.0185597629861844
0.00393347969541535
-0.00361660633489136
0.00544464585096893
-0.0055656134672557
-0.00438664340664585
-0.00060773321178953
0.00288844638018304
-0.0069728511903463
0.00381621114894792
0.0120133968365757
0.0040570546630927
-0.00224486680634517
-0.00659959521822706
-0.0190246405394244
0.00677240254313682
-0.00749130056619463
0.000770224915903173
0.00831154366151243
-0.00351096005156581
0.000153216914111853
-0.00122533311034878
-0.0190154580434818
0.00625296222834182
-0.00497125967199341
-0.00171747064555183
0.000938395385336133
0.00546871874999999
0.00466206696696392
-0.00835268342296425
0.00311959127874606
-0.0242574723762236
0.00940239043824698
-0.010262093463846
-0.000638012452353065
0.00287310445736289
-0.000318335180062523
0.00286580157831873
0.00365135724237642
0.0123378517504293
0.000156281250000001
-0.010154678639129
0.00220958014189421
0.00614171653543316
-0.000626091729943545
-0.00908375909424453
0.00774455508139726
-0.00470512875486606
-0.012763898719885
-0.0038308378665336
0.00592852107034125
-0.00796431997394587
0.00802825960225206
-0.00557500805312205
0.00624699663623263
-0.0178287010506208
0.0029173419300268
0.0122818032921492
-0.00159639210722218
-0.00175889028207721
0.000160163382988854
-0.00368353625374007
0.00594764516874524
0.00255672730723133
0.0196047013195824
-0.00953571971962308
0.00978533759808498
0.0262582682088153
-0.0260432972255074
-0.00484756833702005
-0.00361406353887606
-0.000630831099195706
0.020987817910491
0.00927366349027814
0.0101071358296874
0.00879323845957014
0.016080552809129
0.00162697823359004
0.0137330328745862
0.000873954817947276
0.000873206241787328
0.00189043195683136
0.00914364269539503
0.000575305631745904
-0.000431205979588789
0.00704627542355074
0.00285597605106336
0.00227817162417043
-0.0123597387748222
-0.00330834306566496
0.00837064499392914
-0.0124517384091138
0.00739133333333331
0.0061861600867168
0.00171569912165559
-0.000570953484754444
0.00971151141294668
0.00183882610348629
-0.0111534798488356
0.000856610496050569
-0.000285249651505115
0.0144120144288808
0.000703376041827353
-0.00632551316173047
0.00141461305942525
0.00183637516829527
0.000564029908743047
0
0.000704664609705086
-0.00140822415411279
-0.00550002789451254
-0.00283603245190167
0.00383953356086475
-0.00566644032675667
-0.00584133050744184
-0.00415593299162997
0.00920994414188936
-0.00342218751271295
-0.00143079126385448
-0.00444186839888439
0.00158308859025236
-0.000287340151593152
0.00129371855684934
-0.00459385560758796
0.00317280087526961
0.0015813686481132
0.00086127460488794
-0.00129074998032042
-0.000574396906582453
-0.00143675291484924
-0.00460431654676252
0.00664930615784898
0.000143638715445649
-0.00330228274796018
0.00691449170021574
0.00157367663594621
0.00342805303733607
0.00412812811387897
0.0042528352104787
0.000282396966820864
0.00691500131364675
-0.00238259291892329
0.0178420483281818
0.00510701194369956
0.00260920076901949
-0.00136964795590611
0.00329170191788775
0.00123029388297202
0.0010923266273164
0.000681983087834181
-0.00122671386561057
-0.00614078883925762
0.00247150892567616
-0.00424606206694811
-0.00701506218769155
0.00152377056313147
0.00968183915566367
0.00136983561643844
-0.00164151851276384
0.0109618521117354
-0.00908102479101425
0.00588154827135079
-0.00584715792973689
-0.00807008606113946
0.00179267795612281
-0.00123887126665201
-0.00330758002501597
-0.00608411227876093
0.00639954116859509
-0.00262640324171426
0.0108107827911079
-0.000137145207733447
-0.00452553495681673
-0.000826518849787461
0.010202647321145
-0.00245668087034323
0.00164185260045713
-0.00437098762970878
-0.000274331187739563
-0.00782214871049192
-0.00387283524732362
0.00666485726179622
-0.000689696551724239
0.0035887096033973
0.00178788339689029
0.0074135231967889
0.00981195188656114
0.00175445348864911
-0.0260002683820448
0.00746878253933114
-0.000823682088065936
0.00316025011212218
-0.00205452672087314
0.000274444135678786
0.000960483025266745
0.00603155610822026
-0.00177131764233984
-0.00682500663868391
0.00453537645587199
-0.00738805622591632
-0.00813237733429184
0.00291827408168821
-0.0127476517319566
-0.00729820350877197
0.00325174593870714
-0.00648251136531153
0.00666668085106381
0.000704466666134218
0.0050689948635172
0.00266185217127402
0.00377247450048901
0.00417598853986578
0.0106737595047652
0.00754347784701803
0.0107541656786574
-0.00457907070707064
-0.00676498407441573
-0.00108979697099609
-0.0107732303075621
0.00151641850680417
0.00316579481993684
0.00672346350398434
0.000681409267490496
0.00858083651813768
0.00121534093658315
0.000539533322626573
-0.00552713669452687
-0.00501552141855177
-0.000544972737194227
0.000954184828868998
0.000408538744382181
-0.00476447052497242
0.00560793317455999
-0.00680087078893654
0.00451932365869578
0.000681717809999149
0.00435965928175319
-0.00447642424747108
0.00817548723498418
-0.000135085826059922
-0.00162208698477617
0.00419708903063798
-0.00242685728534076
0.00378428176197554
0.00309684945860433
0.00389263087248337
0.00173816015860195
0.00106783238301733
0.00493337333333321
-0.00371509869782016
0.00732458422291038
-0.0129560419481233
0.0105812075766831
-0.00861489762550938
0.00467913082837712
0.000931457061039032
0.000398816798739432
0.00491698338870439
-0.00132248077271291
-0.00172137189041466
-0.000663257735286638
-0.00145995494876328
-0.00558294541075588
-0.00267339934964306
0.012598873976694
0.00198536060944954
0.0039630516762108
-0.00618422368421045
-0.00370712304656595
0.0038538338870433
0.00873703986315788
-0.00223094496972209
-0.00499798770219639
0.00317246521685499
0.00487551726018598
0.00642536043993291
0.00260582410423438
0.00207932431758251
0.00103749188124125
-0.0161938070684335
0.0025019093362677
-0.000656705660976309
0.0136698340255039
0.00778005675129445
0.00772000762068958
-0.00651177221654753
0.000385528862242079
0.00205554995146717
0.00230769230769234
0.00102330519314386
0.00166109119189661
-0.00140324022711114
-0.00102199796911095
0.00511510249802183
0.000254516545916461
-0.00381586095843833
0.00114918283963239
-0.00178557572832161
0.00638814385031861
0.00647457178397515
-0.0372098516297914
0.00445429046366352
-0.00508672244911246
0.00668592038130478
-0.000651165507863483
0.00443059693590286
-0.00207581727877981
0.00130003903536235
