0.00379298293145491
0.0140351015933902
0.0117114454579643
0.000131570644497758
0.0028936078244588
0.00170487868852454
0.00274939785609041
-0.00313354240154284
0.000523916189231644
0.000785416949671491
-0.00235448014471462
0.000131139378437339
0.0128474437971611
0.0056949907922601
0.00141571434037502
0.0123377332563357
0.00850584011067057
-0.00541289009534529
0.00240469554728007
0.0472222871422585
0.000241101995632764
0.00735295331910502
0.0026325355988992
0.0143214821062001
-0.00482405000174269
0.000827618802846652
0.00886001160401628
-0.00526937926769611
0.000353219553380413
0.0301247106333946
-0.015078820938099
0.00208769424625732
-0.0168981477569873
-0.00211914287451986
-0.00755071950092689
0.00130765568327429
-0.00795446962052226
-0.00694106048207421
0.0102434197308958
-0.000238625784596769
0.00155117531442994
-0.0116750414182741
0.0153086308499111
0.0203015426700153
-0.00907607612110606
0.0143258917648712
0.00324157223575727
-0.00265409634645286
0.00555367349299996
-0.0031067194519977
0.00173132504306706
-0.0104851248935923
0.00023294132159779
-0.00291036081698814
0.00770573245287243
0.0265322680229931
0.0211061291446077
-0.0123798274303103
0.00749858998318054
-0.00788712534616065
-0.0302317440428114
0.00889038207031079
-0.00698100275741598
-0.000921920050314107
-0.000576802386046849
0.0191597878481047
0.00237824453981039
0.00135572248659543
-0.012411125321374
-0.00811149329500171
0.0103662865699148
-0.0312357269580971
0.00859020915779451
0.00560031508109127
0.0053370459371842
0.00727059417725129
0.000572903306288897
-0.0162601393276046
0.0160632864130701
-0.0108833198432431
-0.00521191824007028
-0.00093143556795261
0.00174805970744818
0.00383901819263643
-0.0321011005666809
0.00933915263430873
0.00355865942258626
-0.000354586296798853
-0.0118245240629065
0.00275221969606321
0.00155127679410705
0.000357428809722338
-0.0070271082304324
-0.00947584228826293
0.0119883503998945
-0.0117267440469068
0.00351133326123421
-0.00977313018001202
-0.0168148897282806
0.0149956620400133
0
0.0169719043474506
-0.00804415886608056
-0.00108937299360778
-0.0122379984519326
0.0210991298245509
0.000840941875082546
-0.00312081390279217
-0.0208308601746831
0.00700933349729471
-0.00659422403949483
0.0145052369884509
-0.00339269360708472
-0.0187234164133739
0.000247850331406951
0.00322054986174103
-0.00605010510063231
0.00658383850931687
-0.00234484761625142
-0.00235024751856738
-0.00446374446463127
-0.00174366668646575
-0.00511545838763672
-0.00627037888814597
-0.0171630620182499
0.00333849524930008
-0.00140772973391001
0.00512624638121562
0.00956266734667865
0.00833538772417275
-0.00588668616666765
-0.00340185195658871
-0.0154235275707592
0.00218292252887475
0.00704670056194612
0.00737916049310861
-0.0132609623642335
-0.00614354304915699
0.00489371526352311
0.00640779195703955
-0.00547562721858696
0.011011536773663
-0.0101316490644838
0.00716475142452655
0.00660565286324122
0.0085815246991805
-0.0436686447364526
-0.00693442365563268
0.00276678517083573
-0.00328471944179842
-0.0126548772389286
0.00387182900208738
-0.00465495399242055
-0.00761623504095321
0.00619369891720867
-0.00267635477011818
0.00483026975486744
-0.00988111910643774
-0.0146999861173303
-0.00615928021240841
-0.00192810904933061
0.00634744023254541
0.000137145207733447
-0.00699207548691871
-0.00690321689907492
0.00583898234394531
0.00525231527995329
0.00343737095679764
-0.00328864058829914
0.000687420970234331
-0.00302240688250588
-0.00261820311423444
-0.0071842500905327
0.00361817417731469
-0.00970611440490354
-0.0068607954875608
0.0133934442408008
-0.000278185876941617
0.00932365698130178
0.0173721496949144
-0.0098929799445322
-0.00383245288345058
0.00467166810485931
0.0103937906020053
-0.00121813756976741
-0.00189726247598243
0.00244399178699273
-0.00595967747637327
-0.00395150570856395
-0.0049247607366556
0.00577407219615278
-0.00888466326491733
-0.0128258167749051
-0.00279414633154085
0.0100868734976269
0.00180312071575917
-0.000969112516858051
-0.00249447048256823
0.0027785078030631
0.000969797727902399
0.0174394740484429
-0.00979459910775127
-0.0211567657486363
0.00322811228070163
0.00629542502957103
0.00903659113026545
-0.0064756267160202
0.00374422405014263
-0.00649341005084603
-0.0337922523269503
-0.0130973367977546
-0.00204170920227487
-0.0276194505333919
-0.0389239549305087
-0.013291680792937
0.0274168629926104
0.0192811963818851
-0.01725181545848
-0.0032337387362571
-0.0140584421106854
0.00971485427765595
0.00651767515463431
-0.0149553189183577
0.0389732045542841
-0.0189815314393582
-0.0153562646488208
0.00826573573304423
-0.00572317074328932
0.000622293102400251
0.00575251865671667
-0.00340085010354474
-0.0175275474247316
0.00599938427533941
-0.00204019143063106
0.00204436232111971
0.00172631824032776
-0.000783377697528564
-0.00188145189528777
0.0018849984291549
0.0166195832019378
-0.008790854953168
0.0110472387294493
0.0136965213744296
-0.00288451482232344
0.0103532429963458
0.00783598541537112
-0.00284083445757322
0.00359871034341852
-0.00298815180038858
-0.100404671044298
-0.0116607864677791
-0.0074161972891893
-0.000679249459657916
-0.00169920141713509
-0.00187235744680847
0.00443388479593931
-0.010186807803504
-0.00480272735510678
-0.00930713547052753
0.00278355949895626
0.00555170030450558
-0.0124223087029385
0.00646399348483606
0.00867904862560231
0.00447423843616868
0.00411173555099764
0.0029004947466218
-0.0049335999478326
0.00324838422812856
-0.0187457055214724
-0.010941316049277
-0.00930646164518945
0.0257001249805078
0.0354242100470747
0.0168558416841069
-0.00377480715575251
-0.010378928988815
0.00316294323289501
-0.00564221724667169
0.00534052087251391
-0.00581014256938428
-0.017532125856272
0.00254932019034659
-0.0108493639311963
0.0118252446212594
0.0105013378980126
0.0140797854508885
-0.0147107272727274
-0.00805234007629019
0.00727211217195811
-0.0033579583049369
0.0173517180365277
-0.0124192749200078
0.0110663985758952
-0.0218905310429608
-0.0022041709053916
0.0118946648052562
0.0166247190029338
0.009084885875704
-0.00425598297593721
-0.0013151733909198
0.0141563950617283
0.00113616294211716
-0.006160846303502
0.0026101142350754
0.0237552721079608
0.0100127307696354
0.0232887493829859
-0.0229124715194907
0.0107019198819338
-0.00934291483427407
-0.0267211730072489
0.0184109017574581
-0.0179194573752068
0.0101727918617793
-0.0274936216832861
0.017094033530572
0.0130898187929893
0.0121231777336606
0.00866822681373947
-0.000781234374999995
0.00422204840935025
0.033322951832405
0.0171790081799426
-0.00948146666666672
-0.0088244689078002
0.00226348282466349
0.00873233991967282
-0.00149250746268659
-0.0162930338925851
-0.000303859605040424
-0.00714395793974854
0.0131659522351502
-0.00423085524327604
0.00318663116277285
-0.0301013155331823
0.00842172449680012
0.0150014373645879
0.0129514861931197
0.00962695504090161
0.0137067633921293
-0.0224867574590424
-0.00255609675068125
0.00180890876146567
-0.00376166120616406
-0.00105724212441072
0.0096764440531667
0.0166217432857403
0.00220948596567228
-0.00749562011323313
-0.00177691399047708
-0.00356039142202091
0.00282868848678519
0.0108372177726066
-0.00146861515456687
-0.00794235940409949
-0.00741289877299767
0.0152353106154732
-0.00147120786418697
-0.00604101932926093
0.00800475849399285
0.00176474999999998
-0.00132125654780124
0.0113185949039922
-0.00450588643142946
0.00832238307263489
0.000579206503886764
-0.00665700453421136
0.00582753504993505
-0.0118771724815011
-0.00234539720983007
-0.00969726740221166
0.0207715275735452
0.00508719454561657
-0.00506144598520764
0.00377899692824135
0.0115841735182212
-0.00128834810637912
-0.00802634404585123
-0.0106920677747734
0.00365123406380552
0.0109138531589952
-0.0024470706427655
0.00173152950657163
-0.00734649977950164
-0.0296038438772983
0.0107670549977394
-0.00872904327439228
0.00283585074626869
0.000297618684398815
0.0154739029232838
0.0102563663003663
-0.00232046420538634
-0.034598007928507
0.00662541745969469
-0.0285713695907663
0.0166306585577254
-0.0139351566465536
-0.0299538565270002
0.0958035599112095
0.00953763047128464
-0.00515317771037527
0.0106474532374101
0.00341692777383051
0.00524964506599135
-0.00141140441528309
0.00042401413427573
-0.00395590567894755
0.00638293617021279
-0.00112747009700365
0.00253986161112496
-0.000281548193601044
0.00351963963845758
-0.00266558645714909
0.000703376041827353
-0.00857464167240152
0.00595488453076531
0.00239613822675699
0.00253093352653555
-0.00490891984955466
0.00211417908868983
0.00506330534636579
0.00405822843630332
0.00487802090592337
-0.00194173375705231
-0.00639242643680404
0.000139888111888142
0.0132848129412722
0.00772837438211949
-0.00287591082755057
0.00453235831705445
0.00929725197289089
-0.00392848821457581
0.00421592552993233
0.00297944219823632
-0.0106670405257099
0.00477693482094721
0.00108657968949011
-0.000407042078983899
0.00230756080650352
-0.002437594931614
0.00176482477519291
-0.00365908654751201
0.000408133857785709
0.00271919771369689
-0.000271145762711922
-0.00556087051834253
-0.00109113475177292
-0.00368646924321325
0.0111004246799997
-0.00881000283017086
-0.00259804468472757
0.00493557705139636
0.00627556590959477
-0.00569422435753186
0.00272709314028319
0.00557514270362858
-0.00202831651230484
0.00121945794500844
-0.00771415628250327
-0.00586471631205665
0.000548785849208144
0.0187851775675305
-0.0200539022858452
-0.00151079526193643
-0.0100412108682756
0.00361264410709117
-0.0139831366198337
-0.00112330804376137
0.00365480747335956
-0.00126056018877996
0.00182308236777695
0.0195967799664953
-0.00466771030575019
0.00689655172413794
-0.0128767397260275
-0.00319172920321198
-0.0213002778421194
0.0233285765293638
-0.0066722683716357
0.000839602586616417
0.0123043209859195
0.0064917263400075
-0.0107040890337277
-0.00166451666885936
0.00305684308660781
0.00110811743709327
0.00110697389402126
-0.0100897722208645
0.0099134176244029
-0.00746579545234893
-0.0147652595798126
0.0196521976677988
-0.00152524952058031
-0.00361063731118905
-0.00111501045296158
-0.032231018061421
-0.00951562846719112
-0.010480262466387
-0.00867908169995213
0.00103872979728026
0.011414230824403
0.00322430001945029
-0.00336005858407851
0.00952802683189646
0.000290344113967889
-0.00232248515492073
-0.00567447960099754
0.0124378994695875
0.00245698793302518
0.00331596015980451
0.00344885779272053
0.00229122147239824
0.000428618386301372
-0.0102826911003724
0.00216441549071789
0.00259179276854415
-0.00674986385537257
0.00896464667642305
0.000143336201538169
0.0187705542517473
0.00407877648604149
-0.00224115425467375
-0.0103889508470187
0.0131933611347246
-0.000420036416130976
-0.0308165993951057
-0.00939443534052797
0.012109745956963
0.0108115895569443
0.0101254844498508
0.00564733853883004
-0.000561575155345606
0.00252845898220366
-0.0131708415368847
0.00340761039329829
0.00297154387920018
-0.0132617810353463
0.00600513279939552
0.003410986307405
-0.00368274797968127
-0.00369624701144433
0.0226882984392611
0.00181393893718251
-0.00640678246211224
-0.00364443530386527
-0.00140685139541774
0.00845307093041403
0.00335286383479017
-0.0080757727652464
-0.0231611741482644
-0.000718422228390359
0.00230077649840688
-0.00559539478889792
-0.000721338932948679
-0.0020213542586961
-0.00665507783615105
0.00582572060438546
0.00217203886973771
-0.0137262969762505
0.0065923965252741
-0.00698582458136843
0.00439683404381519
-0.00817157461216378
-0.012358452076527
0.0192164614576105
-0.00453079522159605
-0.00719421513442642
-0.00650699468321514
-0.00788922298303074
0.011252812865632
-0.00756680986448632
-0.00239192708016045
-0.0160347512647346
0.0115746870804334
0.0048178261011087
-0.00764151955773218
0.00709639104198745
-0.002998455906977
-0.00150372932330822
0.00737947266929306
0.0137539096091179
0.0187288606025324
-0.015344600018975
-0.00367538975339854
0.0131327584388117
0.000436906470323128
0.00262048325460795
0.0072600548601689
0.029984055211876
0.00363893647189384
-0.00557803661383405
0.0151451553819986
-0.00897915470340049
-0.0112907446693823
-0.00676727759763163
0.00440035504898617
-0.0103166051352005
-0.00214196775870301
-0.000143016606025448
-0.00100186055523699
0.000859570163628698
0.00343539932099346
-0.00213981461169233
0.0110079204149216
-0.00197962384078587
-0.00198356469301297
-0.00780810596796977
0.00128779512502208
-0.00114319800757934
0.00500712432025385
-0.00555158718861215
-0.00357858569168934
0.000718330689292834
0.00947453290413236
0.00597266780432326
0.0120158046936898
0.00684461555215043
-0.00346836838323061
0.0025059166781034
-0.00499930551314243
-0.0030705093350869
0.0205796164076717
0.00219473245007573
0.00506435820050277
0.000136211357755656
-0.00394880163538125
0.00464792878611275
0.00544293115914907
0.00243606715977873
0.00985558255704078
0.0018716443099609
-0.002135081341471
0.00361064460565186
0.00506325096349425
0.000132599761368146
-0.00344647392771813
0.000665110401702362
0.00385476523243011
0.00317803243556791
0.00765567561627045
0.00209593932910357
-0.00496728104575173
0.00788226453433016
-0.000260740351137434
-0.00743155179002153
-0.00551685296927051
0.00766083750707769
-0.0154672956420594
0.000133164690012455
0.0322150945601001
0.0158627287095341
-0.00279286541041757
-0.000763908309462491
-0.00433171115636921
0.00204729361363287
-0.00229856984544918
0.000256047622784417
0.00575810605865379
0.0153944024273385
-0.0023805914642423
0.00803816849893857
-0.0165711682887821
0.00278730520714543
-0.00277955773140715
0.00620800709489422
-0.00226643168638718
0.00353355637389097
0.00477873508974103
-0.0123904627686993
-0.046508754453998
0.00345563539222837
0.000529814569536491
0.00926657387785834
-0.00944387485424636
-0.00900425088735113
0.00881886738743276
0.00675499337748353
0.00657808165825324
-0.00758073434634066
-0.00329250625576194
-0.0042283165961946
-0.000530798825228329
0.00199151619755722
-0.00185502846356134
-0.0278773256902343
0.0032773179047938
0.00639718243640708
0.0150121851497922
0.0171884470144523
0.000393070494790093
-0.00222608345321129
-0.00433063009175705
0.00197698687319159
0.00171014213536469
0.00971762285705524
0.0211990898842385
0.00483959519254684
0.0111533203763416
0.000376021564001183
0.00225535652813824
0.00637582213716259
0.00037265838509315
0.00422207878085268
-0.00482255453854752
0.00994030778055532
0.0038139395154273
0.000245189373461852
-0.0116406933998199
-0.00322343152871651
0.00373128100170939
0.00086741019333636
0.00260004961991012
-0.0158064454504898
-0.00489333769987477
0.00504351292506655
0.00388907293801388
-0.000749787581221795
-0.0202601678371707
0.00370182556557697
-0.00763065017031606
0.00948350646525054
-0.0029198426908662
-0.00598422452273728
0.0038427436915589
0.0182467774053805
0.00350875926658789
0.000499512974537764
-0.0154768591309213
0.00253556044126113
0.00670206103434356
0.00314030896696016
-0.00225395689639407
0.00878510291164658
-0.00472750701894153
0.000625037500000092
0.00562144888364324
-0.00608693167701868
-0.00599928743908784
-0.00477803350657657
0.00303217932957223
-0.00125957930796794
-0.00428810689509274
-0.0102596330687637
0.00396721274593292
0.00981522026062032
-0.00164106284219812
0.0040461248727337
-0.00516312780943817
0.0193670759493672
0.0447038127990043
0.0190182581368687
0.00431581694917238
0.00603954717861899
