-0.0233512241226764
0
-0.0177706107444416
0.00164475134396946
0.0246305764364985
0.0415063811332801
-0.0190798623341458
-0.0200784130856984
-0.0441812503088115
-0.00334949649648186
0.0317593287691842
0.0117264193285151
0.00112683795027557
-0.00916541122500658
0.011359939603574
-0.0091463629653592
-0.00323884097106608
-0.0276198111319919
0.00484541337505284
-0.00482204855648216
-0.0157059467215753
-0.0122220692993208
0.0197628388385125
0.000842656147492793
0.0579221824262526
0.00366065614220723
0.0017444051649671
-0.00949822770041497
0.00287679983805433
-0.016095619432536
0.0132814797544911
0.00671358229689578
0.00666881068752279
-0.00141956905945517
-0.00284317420103675
0.00158404689196523
0.0017396449166116
-0.00284175760712146
-0.0172577671866718
-0.0223940694612494
-0.0275214771956618
-0.0432130110905364
-0.0170031535236299
0.017117137745889
0.0490699657547196
0.0175616089606452
-0.0151012155689023
-0.0155012729159753
-0.0044497815550385
0.00945504309606116
-0.0233310360368584
0.021795997400647
-0.00597273926536357
0.0084120514450956
0.000170245130502567
0.0141276383479951
0.00167844899986136
-0.0149129047464237
-0.0180302587932297
-0.0351637198626247
0.00287252887832357
-0.0343716329580065
-0.021319977714755
-0.00909264402045951
-0.00688201669365174
-0.0381135383464251
0.0120071762128429
0.0172038886927244
0.0108864270906732
0.0194230795213266
0.0205621696956091
0.00388167522274419
-0.00460315249619703
0.00240472167790262
0.0623731021688232
-0.0215390008204623
-0.0140245020133957
0.00396116804727731
0.00448345044808218
-0.00392786898305042
-0.0272450115127011
-0.00939750100094483
-0.0221353626336209
-0.00133156329233719
0.0165714622640663
-0.00206112393955626
-0.0035674345003226
0.0252496924769627
-0.00643260593711026
-0.00554945879339308
0.0063244483109266
-0.0162662102331139
0.00056372995151821
-0.0351173820866724
0.0443752846305978
-0.0327990955494191
-0.0109826846837717
0.00448081308769499
-0.0444142539401234
-0.0146133750086841
-0.0127703423749984
-0.00375550512595269
0.038115221940606
0.0123058285176094
-0.00139498369886926
0.00578725022377391
0.00198416648359179
-0.00435643428570209
0.00258550622519649
0.00436419013068856
0.00770294279365347
-0.0127401379717523
0.00317651321936774
-0.0021768801081512
-0.0289567664462049
-0.0196078702517857
0.00104164115919891
-0.0237252740315476
-0.0245150202999792
-0.0351835636614369
-0.0131369675942882
0.0309845749892035
-0.00111306266055033
-0.0173835762065054
0.00884556807797754
-0.00989215804775789
0.0333787567400785
0
0.00263683566258277
0.00525970479579674
-0.00239812917372417
-0.00305942871826026
-0.00219204033827169
-0.00065899094726829
-0.0276984329842455
-0.00994797121045377
-0.042475458639105
-0.0517529180006268
-0.0354628115396547
-0.0101694914273175
0.0142254913917108
-0.0376623095451201
-0.0159243837269069
-0.01124524076366
0.00998608268542456
0.0365284533742607
-0.149178590175832
-0.000934272419582771
0.0162094527981989
-0.0291410718672179
0.114691944191634
-0.0076530560882041
-0.0471293773404076
-0.00149883072904422
0.0336235389162891
-0.0299157536586807
-0.0362275669776446
0.0155327728573973
-0.0409910955395398
-0.0449761201572383
0.0364061660172417
0.0154689225500129
0.0380830946279362
0.000611445990707615
-0.0357470205220952
0.0250316915839688
0.00710974149108123
-0.00828728735944495
0.00340451773608841
0.0351634598191384
0.00625747471025351
0.0482676998563571
0.0423728771046636
0.021138210550673
-0.0244161205902793
-0.0141459105409761
-0.0242824636890554
0.00678733961969025
-0.015730368886162
0.0547945018899341
0.028679624088638
-0.0263019452997937
0.0262021256294718
0.0368518048364059
0.00101544998215664
0.0172457292424422
0.0019944994782557
-0.0246329597286619
-0.0170918088615152
-0.00181674465444748
0.0130004606979406
-0.0182238403389455
0.0203921571358461
0.0043556538316476
-0.0346938319600634
-0.0362051769734593
0.0241294771016385
-0.00937076544172533
0.00513508712324673
0.00107560919976102
0.0190705436071135
0.0308381957038735
-0.0204550800104253
0.00809189797936205
0.0100983939816637
0.019994786514542
-0.00603159128676845
-0.00353989334071803
0.0337478049128608
-0.0245458992831391
0.0266733495271487
0.0203432164582291
0.00288248724234896
0.00239523068919523
-0.0126642638724238
-0.0336398809731663
-0.0242925499527953
0.0315708153386474
0.0176661069390212
0.0163813916062141
0.020688008270878
0.00824894029789358
-0.00631140804380148
0.00117624337718536
0.0334900580240891
-0.0418874579387468
-0.0150118247297387
-0.0106952400697733
0.0243243783783784
0.00395770427663833
0.0168199741608404
0.0183510731028966
-0.00203050751114175
0.0116988555442521
-0.0042734541044106
-0.000504948232644464
0.00707246779489767
-0.0032605217772893
0.012581780947067
-0.00198812117355263
0.00771914840637478
-0.00420069176672377
-0.0322580405026809
-0.0264102307692307
-0.00342378184293435
0.0140063160676531
0.0148553561338378
0.020287648184069
0.0256732947394918
0.00368103067484671
-0.0107580190338377
0.0259515330190689
-0.0703444505104529
-0.0704846074112465
0.0390298589079974
0.0190501744030049
0.0234333596629805
0.00463082080346844
-0.0514724212925076
0.0102590979951649
-0.00694810299027815
0.0374057857911734
0.00830090812713125
0.0223823777304444
-0.00327128820979927
0.0151476391025591
0.0571996781198627
0.0174077166505628
-0.00763010404624276
0.0153775403251417
-0.00665445127790498
-0.00369600361062583
-0.00672388113322786
0.0184407329598506
-0.00893878045063545
-0.0108696109681029
0.00327332242225853
-0.0230715917035655
-0.0217080163028633
0.0229213129929926
0.0421930860025488
0.0082342404338005
-0.00158811245063006
-0.0040898888475297
0.000684439850128227
0.0321477192852779
-0.0176717252043296
-0.0105689451187555
0.0195454772727273
0.0140437134631362
0.00175858422692543
-0.00351108185209581
-0.0233429200616604
0.00744085715629561
-0.00470006714413596
0.0584663580286404
0.0208200339919269
0.0112383144898713
-0.00102899773615983
-0.0131849811869595
0.0127347802615958
0.000824592901446763
0.00576731216822468
0.00511980318985028
-0.0181337197174524
-0.0352769669075943
0.0172079794705107
-0.0154366670451116
-0.0126718210336807
0.0121818139616745
0.0255749414479893
-0.00104784155390114
-0.00902026469562689
0.0222269042240939
0.00144957545144808
0.000827150520530395
-0.0146694828648974
-0.00188720909807527
0.0029412606277841
-0.00900714247980128
0.0247304792912602
-0.00556932755775563
-0.0070524788851376
-0.0277835393311791
0.0195530722055637
-0.0200210954684701
0.0103225806451612
-0.0280970625798213
0.00744634253175658
-0.0206521956521739
0.0368479475437946
0.0188396707094769
0.00441267072914475
0.0177824899117676
-0.035765712815387
-0.0100192069921125
0.0165805343794259
-0.00529548835618487
-0.000212904604193098
-0.0132055162256546
-0.00366937173885729
0.000649891681109294
-0.0190516999145205
0.011476517071805
-0.0045822166885352
0.0160017320473855
-0.023300928729274
0.009277645239673
0.043773255499524
0.0144684842622873
-0.00888797005192288
0.0306568711020465
0.00465406736762719
0.00785496443685929
-0.00519588318953068
0.00984333085261824
0.00377957032027054
0.00535079281313489
0.002562605953085
0.0049154540913201
-0.0037175307431514
-0.000589139850319609
0.00609160947320908
-0.00546880848693732
0.00176747846690817
0.00999807920008156
0.00485248447204967
0.0197025497392311
-0.00113659781896958
-0.00531005120424799
-0.0263107907281069
0.000979028784021896
0.00684667462532618
0.0172916258540581
0.00687547733240135
-0.00777693460210682
0.00324983744504226
-0.00304878048780477
-0.0150994074923548
0.00698622175405061
0.00732320307040291
-0.0141572795102355
0.0015525325354655
-0.0162759345809739
0.00886352176482186
0.0150332093902144
0.00461623371355135
0.00497802029484973
-0.00552488071918911
-0.00229883137358555
0.00672039144698955
-0.00419609002479493
0.00268145954187804
-0.0170009366571513
0.00427518469248311
-0.00773995743034062
0.0181357257826782
0.0181957674429374
0.0167418924003011
0.0290471790758036
-0.0215749913983277
-0.00937151816874382
-0.00278245223520668
-0.0074404206637062
-0.00281113188135051
0.00845707589658096
0.0124860603801715
-0.00239280315137846
-0.00553503679824652
0.00222630789512768
-0.0316549241021844
0.00324983744504226
0.00419209222560979
0.0155597530254317
0.00635278400597894
0.00872634592041699
-0.0307381177714664
0.0222180402582606
-0.0118893363593039
0.00282009781575665
0.00168728908886373
0.00561482313307127
-0.000186097152428677
0.0156366341095191
-0.0093475438169438
-0.000184976876687837
-0.0347890630127856
-0.0241564033742331
0.00785848692108115
-0.00721245628094458
0.0060868250539956
0.00156124115686018
-0.00876853078721751
0.0180853551815481
0.0127437726830706
-0.00133460435968347
0.0135547725552736
-0.030325861744208
0.0190364996114998
0.00857798338882909
-0.00963897183897178
-0.0152672513256774
0.0244186637371575
-0.0157018914925863
0.0101864695403897
-0.0100837517107354
-0.0153757258384726
0.00624632051532314
0.000969912724925637
0.00523257772219288
-0.0152303261081613
0.00215342591411805
-0.0039069545596202
-0.0227495578446927
-0.00983347341627638
0.0164167409809484
0.00957126581969026
0.0448350968825777
0.00340264637419097
-0.00113040689033883
0.01886080724255
0.00629398370973711
-0.0130610556832035
0.0119291514658284
-0.0134463066228346
0.0102688571645098
0.00147843279470661
-0.00369066255195916
0.00222261521679523
0.0168175749987514
-0.00745181752090163
-0.0219740153456507
0.0131061786182363
0.00314171127071305
-0.0110537769169818
0.00596125186289131
-0.00388887037037045
-0.0306748832371279
-0.0105485042299291
0.0077534793564642
0.0061550103421808
0.00745555328893999
0.0305502840502792
0.018044558680822
-0.00253208532226279
-0.00181329095872018
-0.0114441600625642
0.0156192949510952
-0.00307584584765708
-0.00816689684816319
-0.00969813322239221
0.0299335371384615
-0.00502337621014071
0.0331770651492438
-0.000523542766553864
0.00366684127815597
-0.0118302192066805
0.00985919031442228
0.0022664051208785
0.0080013738736695
-0.012251923861054
-0.00454231290907359
-0.00228153738153736
0.00809152183259543
-0.00488574411296905
-0.00543570060381715
-0.00052894921493396
-0.00670308708243228
0.00621557438793152
0.00811858453935765
0
-0.012429954699404
0.0159546357028897
0.0170999822526612
-0.00720538673519655
0.0131329188376175
0.0180794470735213
-0.000670078751383474
0.00134112317380963
-0.0102126402142976
0.00642762189491908
-0.00991596638655468
-0.00356474282804276
-0.00136289605855378
0.00358244632518678
-0.0115587281469071
0.00980221806355241
-0.0238419784768056
0.00174455687369157
0.00609547217330109
-0.00207716808031855
-0.0183868510533616
0.0130765506273192
-0.00296532346187606
-0.010496833449965
-0.00742577780364606
-0.0162094587853485
0.00688033677349265
0.0167236105606257
-0.00406791644733073
0.0175812108403266
-0.0214659515090044
0.00392368467986448
-0.0348196653967016
0.00920301825131542
-0.00419485667718922
0.00146523814890975
0.0100585223116312
-0.00108640231758095
0.00163132142944811
0.0159247381804104
0.0137157287801162
0.017923036373221
-0.0188158121871224
-0.00087964461646739
-0.00563479475902795
0
0.0226668846703224
0.00380954112554122
-0.0110401757626328
0.00156978888645432
0.00243822718349795
0.00312718896582354
-0.00692764091002274
0.0158702476456225
-0.0109871072961374
-0.0336747607416288
-0.0082629605986333
0.00706391970773268
0.0131295688176105
0.00798858483974474
-0.000880574161334469
0.0236206592631765
-0.000172188737730283
0.00223902855254865
-0.0051555250928943
0.00483674218063124
0.00636071880215638
0.00734540472590717
-0.00678312689870908
0.00239028512890571
0.00255496512612763
