-0.00546745954925199
0.00723841861131036
0.0246520422086782
-0.0461647465035933
0.0352755112569709
-0.0186100777143735
-0.0318798449292838
0.0415404996214987
0.0207140728627238
-0.0222518918068872
0.0347746933959889
-0.0286794585850173
-0.03813066613058
0.0498116869061682
0.0296888067035395
0.0308361751523647
-0.0207875535165642
0.000172635489453787
-0.0116479635608634
-0.00523793962711649
0.0316805712596904
-0.0200748642408108
-0.000868046897605335
0.00920943543370001
0.0295281670272669
0.0214901587587644
-0.00302883912806684
-0.0289022413260347
-0.0225754550412308
-0.0921280379260907
-0.0113386854122539
-0.00828835758889057
0.0512147317548157
-0.00924470757593987
-0.0214611835674384
-0.0506341646619387
0.0404780843808374
-0.0355245886871161
-0.013312000267761
-0.000811543907252021
-0.00741119796954315
0.032423085785714
0.0582524062165164
0.0173188354240781
0.0455507968261855
-0.0162823970353178
0.0165519016699982
-0.0146981689482969
-0.0095578385768067
-0.00550144315029155
-0.0275686413594444
-0.0114706981776359
0.00830185849056608
-0.0579153740058581
-0.0175787462989623
-0.00849167020808084
0.024979577386224
0.00517262513849226
-0.0487877273986821
0.00946729059090856
-0.0116458519184361
-0.0418144204001163
0.0768309726502445
-0.003334957150125
0.0425876786882677
-0.0030149581793425
-0.0220466486772676
0.027431421446384
0.0107767087378641
-0.0318893474989016
-0.0014882627097107
0.0254371822877302
0.0407946426587591
0.055767598705238
-0.0290123539856728
0.0197983832549415
-0.0195921718800235
-0.0197111279756972
-0.0111193200726339
0.000281100072328622
0.03953162529274
0.00937191124293135
0.00473171136984707
0.00533141989220343
0.0347357347952602
-0.00999400358759706
-0.00181190678495413
-0.00916245986407715
0.0211986483782249
-0.0373312495699853
-0.0267104618562346
0.00154994529540464
0.00764682763125779
-0.00578190431327308
0.00954107197979814
-0.0149414584147877
-0.0113304548367973
-0.00767092442710515
0.00353913560009866
-0.00761020881670527
-0.00168334424389793
0.0078688149882904
-0.0129194074884063
0.0412429860991428
-0.0302947995967662
0.0316142861620547
-0.0171759351696998
0.0108535778986978
0.01528662392563
0.0179243588828759
-0.00950873376459349
0.0268444177777778
-0.00372230792215134
0.0123382226896593
0.0183675217858119
0.0384323381638039
0.00779156730615682
-0.0165095839012578
0.0302980421643126
-0.0064377523446193
-0.00735945912551861
0.0235313570321978
0.0191323514820509
-0.00579419026894024
-0.0038076384519754
-0.00912634966754322
-0.0219633237972394
-0.00877330986434821
0.00438489639651007
-0.01762470664363
-0.00954657214144394
0.0206896388980413
0.0273526628900249
-0.014263035204351
-0.0129421300170075
0.00309469009614238
-0.032069473606714
0.00478107696040042
-0.0104349277031895
-0.000843588654938499
-0.0228807746896189
0.0189233123928978
-0.00839550556980162
-0.0180449841785685
0.00148056087789583
0.0125228456826307
-0.0143433651120846
0.013506413149069
0.0294042219827053
-0.0116095127801842
-0.0161399025228968
0.00463798849093866
-0.0223134135050576
0.0100559722800282
-0.00346291224200657
0.0115541741677163
-0.00171765713298433
-0.0124741657342423
0.0190783341834799
-0.00239362278012589
0.0185090321810377
0.0205283693376379
-0.0118714094343427
-0.0137660769750869
0.00575247445861171
0.0169064094280966
-0.00835403625551634
-0.00633916095036413
-0.0160328720565653
0.0023033355886084
0.00204276963218608
-0.00789943069992105
-0.00890411792198331
-0.02626123831615
-0.0310503900722996
0.0099798296101461
-0.0209409667471845
-0.00564815740740743
-0.0167613652738744
0.0111753105852945
-0.0288470083969375
0.018998958067336
-0.00359648860130646
0.00978342524490317
0.0253974607355369
-0.0270617736526599
-0.00537431652601006
-0.0183903217061393
-0.0191212259066763
0.0156542679925176
0.00445908280499863
0.0144759694708751
-0.0182648967390155
-0.0314922489774878
0.0244122268457898
0.0333040729886129
-0.00028361057796944
-0.0155998302618843
-0.0165194098198402
0.0189452535362256
0.0362277855559818
0.0437476402955705
-0.0171909085900028
0.0357947241621235
-0.00269844192283542
0.036920686043467
-0.0290404453946016
0.00858255758270587
-0.00911120024449719
0.0174358259666536
-0.0417768092610042
-0.0237565443879042
-0.0293474386679964
-0.0710798122065727
0.00262814110987564
0.0183486234832417
0.0407879904803883
0.0249215549773105
0.0256148677494199
-0.0443398869905006
0.0223463685034906
0.00203761228084098
-0.00841115614361487
0.030667421986087
-0.0241475807180971
0.00750692293777711
-0.0250207066969065
-0.0186809702553254
0.00980672031907082
0.0402742363160453
-0.00237966314516447
-0.0461467798165138
-0.00365494850769499
0.000579264430129012
-0.016883743041317
0.00549555435730009
-0.00585592432028037
-0.041134920075251
0.019043729272934
0.0296393452189223
0.0125877630975479
0.0509781358093322
0.0282413447320988
0.0122168986286508
0.0366487175288748
0.0384974851448538
0.00302784786484067
-0.00840335318593444
-0.0231199438611162
0.0106965128266694
0.0156666416666666
0.00886119155385279
-0.0522934291826075
-0.00643611092796803
-0.00829157892806698
0.0261278522905417
-0.00670515192666776
-0.0246090491720845
-0.0101621023186667
0.0313302156178461
0.0109842874022508
0.00212206098161549
-0.0064373624671753
0.0291559924342031
-0.0175613235788492
-0.0224282971741702
0.015697774440266
-0.00348169151695499
0.00230085219089649
-0.0180241705996216
-0.024935038961039
0.000799112036961924
0.0414337507003262
-0.00732663164065339
0.0181084796972661
-0.0279018552112078
-0.00277488727020458
0.0311304521739131
0.0290942565509487
-0.0108989757510365
-0.0221209450402885
0.00838768116908994
0.0274744083550935
-0.0524981433273519
-0.00431518069435111
-0.0136083900422538
-0.0688049366747381
-0.0100028025856109
-0.00695838311091856
0.0215012286427336
-0.0474534400949718
0.00808916815362037
0.0283784513479117
-0.0431058918300844
-0.0479315840877402
-0.051389159210135
-0.0510900682669014
-0.010559329310745
0.0822094786751313
-0.00736888824630355
-0.025109116268758
0.0128778719077982
-0.010392427099804
-0.00145240751977638
0.00693670866871932
0.00644446666666654
-0.0611614139730312
-0.0373941670108872
0.00561933782531954
-0.0191934159378037
-0.00829821670295317
0.000249731484950777
0.0608066330781187
-0.00753294500391888
-0.0371204696394686
-0.0434782351649653
0.0361833228852266
0.0484652908106711
-0.10394695612373
0.0763228194794396
0.0387119808758027
0.0515854253993879
0.0463546707815483
-0.0620429784946237
-0.0325576510641642
0.0612631717177765
-0.00993747230767006
-0.0428554763246979
0.00636268388019268
-0.0405105589270316
0.0173277126538516
-0.0265083233834116
0.0432478293125762
-0.00460610616761803
0.0048647722456665
-0.0246782849290759
0.0360775311398918
0.0271091370154444
-0.0185438562333593
-0.0161122064256013
-0.00412344500907558
0.0124216610957253
-0.0181117429747196
0.0229679878967985
0.0453699633011861
-0.0196973623447878
0.0290612568537294
0.053171526681268
-0.0495443903891862
0.0216001657835609
-0.0108953077959646
0.0303195434546941
-0.000423425421578916
0.0127077941332203
0.016940322606096
0.00915166066838058
0.0048910128886388
-0.017744878795025
0.00474862171729251
-0.0293845776351674
0.0121731977117265
-0.00177793343093702
0.0136197280341455
-0.00196384496124036
0.00735293097251311
0.00503757597525167
-0.0305851569029223
0.00168832969362653
0.0367639102496577
0.0059947572849981
0.0261589329126566
0.0129921262400026
0.0400311220371379
-0.00681990838172741
0.015144389335799
-0.0253891591065448
0.024053993154592
0.00269242412675164
0.0118518425925926
-0.0225109720215134
0.0183486144916682
-0.0238094964498022
0.0477446078209887
0.0117742043542295
-0.0244292440259394
-0.00855948825350561
0.0135011116872092
-0.0451290900793673
0.00740247677510264
0.0709373326248266
-0.0307001935256861
0.0024502858253872
0.024714856280236
0.0111316810472359
0.0077763130041848
-0.011877883193268
0.0215846185699342
-0.000858867989349976
-0.00180520069104784
-0.00602828954456702
0.0166348815913167
-0.00059654851189872
0.0021318325777735
0.00740301244221442
0.00126701580595512
-0.00582084523518778
-0.0133220112570558
-0.00335397319705855
0.0115627233718416
-0.0111746563718845
0.013888897755157
0.0341189656608438
0.000329117983140392
-0.0102812960967051
-0.047037346513133
-0.00941834846809719
0.0101241486090025
-0.0058392714979828
-0.0236696502147804
0.032773582667498
0.0120849159820444
0.0210462753699416
-0.00336532051686589
0.0154482695884541
-0.053121613990177
-0.0386303944050853
0.0520547671232876
0.0251736204472297
0.0103302457295553
0.00251427254441849
-0.0353620121544387
0.00935958063402009
-0.0145101913410303
0.0317999741400938
-0.00683945790762486
0.026185971105612
-0.0260149053690532
0.0146308355670439
0.00142520121919176
-0.00954373401951614
0.00253573666698914
0.00446840903407475
-0.0179620531975999
0.0117948461538462
-0.039618137513553
0.00932358150543444
-0.0134204880174292
0.0171363220310603
0.0422926175893596
-0.0378269797823775
0.0109109366753308
0.0398321147821161
0.0331164431428985
0.0102065063326209
0.0103401845395819
-0.000546874999999947
-0.0100836473071211
0.0249526533871813
0.00747304297057672
0.0018352144426026
-0.0142736895761275
0.000929193130936978
0.012146116824467
0.00405105092026226
-0.00235991167509209
0.0128958562480916
-0.00369146437805234
0.00567107750472595
0.000902218045112591
0.00285460497500778
0.00554310861423213
-0.0153457384033917
0.0184596923075946
0.00222851739074881
0.00251998966083589
-0.00510119788190144
0.00691084901258865
-0.036088553505535
0.0139345531434456
-0.0416823173886296
-0.0136317385980068
0.0197316024924108
-0.00164512335847822
-0.00353110477823126
-0.00700842597068152
0.0204599130921477
-0.00543977337642532
-0.0326613525708387
0.00630047642244391
-0.0165355993492438
0.0535423209323129
0.0127827236941009
0.0278436404144002
0.00208379110232171
0.000519918329888736
0.0353325041914154
7.17593940853245e-05
-0.00659544029695891
0.0186908917454265
-0.0141683192358084
0.00459901538950813
-0.00536480675182816
-0.0105717437489016
-0.000799542072982495
-0.00392818793970917
0.0246111894564984
-0.0119743974631278
-0.010604537967268
-0.010426489701487
-0.0134100131637931
-0.00134423456359523
-0.00463651656718123
-0.0157025612756171
-0.0143499738321492
0.008983101952176
-0.0150432965331421
-0.052988411860229
-0.0116843414110454
0.0189825824745435
-0.0138899992964294
0.0415112678513336
-0.00310261741692808
-0.00638413544623939
0.00417634721425841
0.0304726628047083
-0.00318226492338625
-0.0205558837023373
-0.00103344462172317
0.0278529356086921
0.00456794659126847
-0.000308231213872912
-0.0131833082084406
-0.0326562500000001
0.00137294459699566
0.112025221582793
-0.00268356532188996
0.0114174027858849
0.0142363817337305
0.0155253227779004
-0.00446770680628261
0.00035062758326454
-0.00750040635075244
-0.00508511208659135
0.00837657444369189
-0.0349876866950858
0.00145898013628565
0.00160257139862008
0.000654516363636448
-0.0104658917207907
-0.00161587227098958
0.00617973253334902
-0.00767714388602347
0.00729447386314108
-0.00197502001444561
-0.000879470816776973
-0.00308108112113004
0.0212656300779528
-0.00208943738472567
0.0116245559566788
-0.000713767748813376
-0.00464248284559965
0.014207771138004
0.00799494150261593
-0.0254790831369475
0.00583403934987126
-0.00508408185108833
-0.00431845394676167
0.00144569181569154
-0.00404213244041385
-0.00579796364104845
0.0081645287735217
0.011713629536219
0.00886224998373719
-0.0121139625357335
-0.0320545076813447
0.00170403768570271
-0.0126470446821291
-0.00659179775280905
0.0169657674923001
-0.0272113749244225
-0.0291158543242954
-0.00149156071969447
0.0192624967487616
0.0157358378257932
0.00797389926957237
0.0265200339492213
-0.0138715522935779
-0.00967552091637747
-0.00781597787187704
-0.00999853779734772
-0.0183626171009016
-0.00561185489605964
-0.0121492630169421
-0.000396699201751227
-0.00206383548030242
0.0217148900595379
-0.027092223287479
0.00512122905400303
-0.00214955017793528
-0.00869631430337692
-0.0385513158953723
0.0121379960835259
-0.0138946401821308
0.0114064662063289
0.00240485122828926
0.0175380795219575
-0.0158536341463414
-0.00107397766855066
-0.00653325349873068
-0.0138183304874303
-0.00354518440495322
-0.00787801758886875
-0.00401298657753613
0.00522931838440943
0.0188469978023709
0.0174939062735924
-0.00394863448418281
-0.0131318464960051
-0.0114653529410889
0.0155773446771754
-0.0191730161651635
0.00407950861534911
0.000677179623135071
0.00981218059708877
0.0113922016600485
0.00969029335249783
-0.0233779501803643
0.00621539570326557
-0.0157762850807275
-0.014078567922023
0.00584946236559136
0.0145385871889163
0.00598498708551753
0.0126529416005678
-0.011667323320932
-0.0234427574775158
0.000342944104449128
-0.00299964004113829
-0.00833835625653989
0.0249652997142398
-0.0203822398576158
0.0385910465580412
0.0133832166238599
-0.0237880559826739
0.00890679759840673
-0.0149079786791038
-0.00836995272548147
-0.000852579070231174
-0.000255977468112012
-0.00862070643152246
-0.00266901415981036
0.015107044720547
-0.0139467561509229
-0.00827942237894141
-0.0124358642044676
-0.0227192237181969
-0.00027037303287869
-0.029472709224138
-0.00111443164933145
-0.00288209376872606
-0.0248950862470864
-0.0178810763457434
0.0119754942262245
-0.0395420427257642
-0.0122207850902377
0.0129804075349316
0.00290320355294038
0.00958274106608092
-0.0358908150671428
-0.0372270015951799
-0.000639081826984023
-0.00394375399701552
0.00599256306022133
-0.0179768318694431
-0.0107235485268631
0.0182853165819488
0.00107524731182784
-0.00537056939571579
0.00777539973596975
0.00996570938705532
-0.00254639787798405
0.0301031160492902
-0.0267451064330899
-0.023023851458886
-0.00521290171127486
0.00676859185084266
0.0133376272680803
-0.0140181705944837
0.00911660526499447
0.00903416834692927
0.00330416755489238
-0.00254964419046988
0.0302482056688487
-0.0111651087201972
-0.00658656546604142
0.000105262053418098
0.0253604443371613
-0.00708130116828209
0.0251162790697674
-0.00846948981649531
0.00701650425123068
-0.00494797541096614
-0.00375485078389637
-0.0537842427174136
0.0119496287216021
-0.0161701808510639
0.0149221232183567
0.0745791596571579
-0.0305373980712135
-0.0026590509578549
-0.01322799466452
0.00405279006382231
-0.000621041173016756
-0.00269257462080719
0.0207684313363936
-0.00508646983459404
0.0144171365720713
0.00635013613899948
-0.00831324151895996
0.00555495393283589
0.000100462034963167
-0.0120517927086471
0.0006099115398015
0.0128009956314132
0.0176546791522785
0.00285856095195358
0.0113033322450036
-0.00787245609750675
-0.0254702091404739
0.00844387791182521
0.00986840111642739
0.052906920400887
0.000374997663354026
9.37306727928355e-05
0.00496625744971646
-0.000745939393939299
0.0200616034349463
0.000457400292718679
0.0135320010917437
0.0310329550028499
-0.0091871816503003
0.0200459558468025
-0.0109081636064728
-0.00507660393873077
0.0204979505673959
-0.00327583620689653
8.64383302257021e-05
0.00371876685251493
-0.00361880929896263
0.000864744040684373
-0.00777606718120039
0.00574716146803067
-0.00813854545454551
0.00261874131666806
