0.00404861401281176
0.00620338050847535
0.00554870547314135
-0.000306499089714918
-0.00398653774956947
0.00831280788177358
0.0112976793893129
0.00966183604051429
-0.00119608257165316
0.00718553849188397
0.00713442351767002
-0.00059031875471327
0.00826928504816071
0.00761578815511976
-0.00174424408463691
0.000582440302853593
0.00320139688005261
0.00174058596633042
0.00318563577137687
-0.000577367222210468
-0.00173304453301693
0.00318278347272027
0.00461505651081962
0.00373232823816672
0.00514874156603962
0.00768358018450699
0.00423611974018656
-0.00084370076367557
0.00140734594447922
-0.00168639675736937
-0.00422300112612617
0.00056545096311722
0.00819443368732498
0.00252242152466375
-0.000279619793122743
0.0151006999497034
-0.00936639144260021
-0.0147385710438981
-0.00423372847869041
-0.015589541258207
-0.00086377771379198
0.00893363086646604
-0.0385603563873385
-0.0148544266191325
0.0114596200241255
0.0134168451575181
0.0111796698335
-0.00320049471051764
-0.000583654441544512
0.00759339908917078
0.00724637681159424
-0.0109352805755396
0.00232766954692076
0.00609576179692994
0.00490484708597827
0.000574102751989436
0.0163558115555702
0.0129870984182439
-0.00947603095105831
0.0011255205085674
-0.00899392866813209
-0.00595572920906018
0.0136947222166823
-0.0163241772114882
-0.00257510722245768
0.0269649447227498
-0.0103351678864572
0.00592715213096251
0.000841722807006784
-0.0193439315583926
0.000857575757575946
-0.014852785767083
0.0208755279283546
-0.00198807162703984
0.0133751284398156
0.0112327152139087
-0.00583168596676964
-0.00279324030148709
0.00140053217365455
-0.000839132867132775
0.00251959679396419
-0.0019547332601304
-0.00167884713604649
-0.00364352578475335
-0.00759493692250179
0.00198409869569449
-0.00311162676727739
0.0127694941674521
-0.000840543593178644
0.00644977565900184
0.00863755944936062
0.00939226493391532
-0.00875752575923561
0.0118719212625089
0.00163702583154035
-0.0013619994922911
-0.00627386797599561
-0.0208619818830634
-0.00224272510472234
0.0171396740657488
-0.000276298334908942
0.0163028465405592
0.00135951607829043
0.00271512339315105
-0.0075818575683726
0.0100954428324451
0.00162079956780103
0.003236218811423
-0.00537637082321585
-0.00459454054054054
0.00217208785380985
0.0113790842590085
-0.0141977758265323
0.00244565224037108
0.00515052873815458
0.00593303635744147
0.0010724128973838
0.00883765399035874
0.00663658118590815
-0.00158219945053806
0.00290544102204349
0.0015801421759245
-0.000788824632890428
-0.00499997368421057
-0.0134885476464283
0.00643437014569348
-0.00692599874997335
-0.00456003231115965
0.0164376174498084
0.00185577937816039
0.000529240525820596
-0.0105792380169469
-0.0106923817161185
0.00189148888902935
-0.00242718433510347
0.007028872288247
-0.0110067114093959
-0.00732899022801314
0.00355485370522279
0.00762940033707338
-0.00513788534342885
0.00135903774506585
0.00217149837133546
0.00975084018151895
0.00402363208217915
0.00347317659631319
0.00159739079879162
0.00398726751693967
-0.00873711940693678
0.00854698206589166
0.0037077332472315
-0.00263860144387329
-0.00476190488788109
0.00159492295573949
-0.00159238322717625
-0.00611376943417774
0.00802353591932414
-0.00955152585703167
-0.00776857713535628
-0.00647953546221547
0.00244565224037108
0.0211439149130905
0.00451292829906724
-0.00713530655391126
-0.00558953952621777
0.0136509096988515
0.00237655142267101
0.0160695736583132
-0.00570396681358576
0.00417209930493367
-0.00675144153474128
-0.00967317647058819
-0.00765578121288846
0.00239425379090163
-0.0164543259023354
0.00377765775019823
0.0206989241747602
-0.00579407411656385
-0.00132447682119208
0.00397870015971624
-0.0129457602613349
0.000535331891452717
0.0155162649674623
0.00474183363387337
0.00629265879110275
-0.00208447102437548
-0.00156650134638392
-0.00470713887514962
-0.00315296891347949
-0.00474435964007269
0.000794571016661472
-0.000529266987846722
0.000264733915805948
0.00264695613147059
-0.00026404434361027
0.00237655142267101
0.0115912279133621
-0.00989588490125592
0.00447130457653855
0.0125687094152582
0.00491344737074972
-0.000257411213139158
0.00308888046789613
0.00923790071239661
0.00940755100902368
-0.00226700246178846
0.00252456444017768
0.0118358351003736
0.00373325037332006
-0.00123984620680162
-0.0139026319240969
-0.0156093399896945
-0.0240408707949296
-0.0359014412997903
-0.00407724914168917
0.0155567689835363
0.0260682887951702
-0.0136196961760084
-0.0098247211895911
-0.0265487254881006
0.0217631135471934
0.00566187651658123
-0.0201072391449661
0.0172366899380763
-0.00968262506724049
-0.000271564367191779
0.00489000258380856
0.000810975895594979
0.0148568341437061
0.00532339632685663
-0.00105904156738168
-0.0159024383779485
0.00754104477400896
-0.0160384656508954
0.00108657970424941
-0.00841240208479799
0.00519975355227831
-0.0196025592158996
0.00638722612536635
0.00220745020930191
-0.00881057268722463
0.00805558333333334
0.00110225954526721
-0.00743190160022567
0.015252356759502
0.0125648453273739
-0.00215802535743193
0.00405506871829875
-0.0115778139897096
-0.0168891042465025
0.013023025768911
0.00683807421121241
0.013854903182426
0.0211683011789925
0.00183676195652693
0.0188580932425353
-0.000257146516342011
-0.00437125236233615
-0.0154959190212832
0.00970626992933554
-0.00441678335064766
-0.00626299582463463
0.00341378658541047
-0.00183198120471029
-0.0117986369113434
-0.00318384195234389
0.000798456215065135
-0.00638289927568625
0.00508559943561027
0.00346207732255865
-0.0143312367303609
-0.0102315834741945
0.0125136840323006
-0.00832888209755844
0.0132755892712004
0.0181818172095285
0.00814067709345201
-0.00468872114323315
-0.000785108630858788
-0.00890518596123613
0.00475687103594069
0.00420831141504463
0.0151911471974857
-0.00386989184055186
-0.00828800807334862
0.0221989547610617
0
-0.00459887594785069
-0.0130902980772665
-0.00676208044832038
-0.0201623728767314
0.00721541994737684
0.0153887242077135
0.00470344917690091
-0.00156052011546104
-0.0190153430324395
0.00637286245353175
0.0316621619175639
0.0092071871717232
0.00963003065458778
0.000502033132530055
0.0137982685951261
-0.0146003464488987
-0.0160723254645907
-0.0247575548749361
0.00209374514770322
-0.00861849024240013
-0.0208114072921868
-0.0193703803804348
-0.00987657037375655
-0.00443336104184
-0.0250487336487616
0.0122751930423979
0.00112805981748609
-0.00338025352112681
-0.0141322777237909
0.00315369830407963
0.009145441031984
-0.0161427069911441
0.00518123171092522
-0.00859103714725296
0.0164644718793898
0.0304063378916266
0.00248207404754952
-0.017881624092524
-0.00224095231818067
-0.0277933191407445
0.00606407721443625
-0.00344428817451203
0.00115198729400956
-0.029631704811951
-0.0157129854728727
0.041566293928726
0.00202429138089699
-0.0124098405535444
-0.00409114540937627
0.00586845622837684
0
0.000875204226231219
0.00174870295107254
0.00814672703365527
-0.000288686852023767
-0.00750571615201268
0.0343222793972577
0.0101236498840369
-0.00194877516418568
-0.0147837665151334
0.00169878255945632
-0.00339183144737609
-0.00085076578847243
-0.00283846153846146
0.0190719607437528
-0.0067038549358619
0.00928003348481354
-0.00473663986449258
0.0162373455700631
0.012947686307099
0.00163181941800383
0.00217208785380985
0.00379298293145491
-0.0118757897942184
0.00792136006770394
-0.00081308938682445
0.000542446448127176
-0.00243968561777419
0.00978263613539765
-0.00995691603875137
-0.0192986947730716
-0.00471180683415717
-0.0133667502088554
0.00818518204911101
0.00391937279061083
0.0131065528971961
0.00357822716332357
-0.00137133849071158
-0.00109862675089256
0.00467423713704251
0.00383139015239764
0.00190839694656497
-0.0321088435374149
0.00899631712116955
-0.00362220684375059
0.00447427318088756
-0.00167029519322359
-0.0870049892078921
-0.000305497843280489
-0.0146654445462877
0.00775193798449614
-0.00307686153846154
0.0222221282578934
-0.000301871989790925
0.00724847456211197
0.0200900161973023
-0.00970020576131692
0.000593647984376666
0.0136457731725235
-0.00234117660761923
-0.00557342329128785
0.010914394636319
-0.00612777939889131
0.0114503813432068
-0.00725689383869688
0.0114034791987287
-0.00404738363688939
-0.00667634233160097
0.00759786652256356
-0.00377035962877026
-0.00349339176089625
-0.00847212971077993
-0.0103122866915817
0.00446567430782951
-0.0103735322837264
-0.00718769114069162
0.0129713416005224
0.00357352569544211
-0.0272997618011941
-0.00518602822410086
-0.00981294051478254
0.00185806745561901
-0.00185462144387161
0.00433567654581379
0.00462540857230964
0.00583173690412919
0.0155629844369849
-0.0609975679386288
-0.0185599999999999
0.0348875122269316
0.0151229048519219
0.0338299182548132
-0.00600420276180724
-0.0271821797891215
0.0117976098043344
0.000920497084995198
0.011955825013974
-0.00454398694601577
0.00426046852524453
0.00545454545454538
-0.0162748945147678
-0.00704653820608292
-0.00709657513113227
0.00776880049720319
0.0101757015109467
-0.00610491490262011
0.00798522702748072
0.00182818403412544
-0.00212895370654032
0.00457171580092308
0.0655339825708126
-0.0145215835569927
-0.0153134638742136
-0.00821604998732106
0.00473372795070204
-0.00441690236798897
0.00177456368605244
0.00147620317319763
-0.0064857609956227
-0.00356080108128187
-0.0122097669916756
0.00512517365843679
0.00989796040791835
-0.0035639740756741
-0.00417284662214157
0.00329242741694125
0.00149164677804281
0.00774507000297886
-0.00620759644057955
-0.00446157062645947
0.00717054056855271
-0.00622957597833218
0.0104477014925373
0.00856723832007322
0.00263623323480444
0.00292147239263807
0.0122341385240816
0.0126618417266187
0.00653591948098664
-0.00564644300657491
-0.0264054506983122
-0.00262467183946702
-0.0122807598748317
-0.00266429848029293
0.00504606723199963
-0.0121086824539668
0.00358741394357498
0.00119156985403635
0.0208271341616444
0.0110754295810134
-0.0135485158128715
-0.00993570982069825
-0.00413220176705431
0.0121517479459545
-0.0149342011751565
-0.000297205716326077
-0.0104074335293658
0.00661060716979001
0.00447767164179114
-0.0130758684650301
0.023486992577145
0.0117680781542762
-0.00901416135545696
0.0032276113129337
-0.000584995629862473
0.00702376394637172
0.000581226387678102
-0.000871275050827736
0
-0.0226745044956683
-0.00356927434768806
0.00626862686567176
0.0103827354014456
-0.0102760419766281
-0.0014832097740497
0.0175282234105765
0.0131387153284672
-0.00634008627262006
-0.00174019721577723
0.00697274880724863
-0.00288514137334095
0.0214119785471072
0.0252124653034693
0.0276319432890839
0.0239312456018081
0.00131299888061975
0.00498292669858569
-0.0117432411273487
-0.0137312124037817
-0.0029450068511383
0.00510198683662799
-0.00187013091103405
-0.00776233919265679
-0.00161861343404368
0.0083761690557238
-0.00884239013933552
-0.0135171660709832
-0.00986574349872593
-0.00719629097159447
0.00641201579068906
0.00277016635845806
-0.000552513796891918
0.00608076285240466
0.00851640063096704
0.00926178178321369
0.0105263160735849
-0.00587601511420976
-0.0214939005509431
0.000549176306928967
-0.000823243710846522
0.0181268882175227
0.0056649312112218
0.0067060087635733
0.00373032250813554
0.00849493010326152
0.00105282963659747
-0.00867730761707342
-0.0116711667991732
0
0.0126141176926524
0.00344556056188705
-0.0113576594992694
-0.00106868821800687
-0.0168494521757008
0.00489665423812036
-0.00108275584956019
0.000541896989598945
0.0092091012572646
-0.00456248011607518
0.00889722297115125
-0.00240502417985167
-0.00187527447761715
0.00134200221910907
0.011525086799113
0.00476936911662063
0.00131864458431674
-0.00421385293089682
-0.0103148106237818
0.0040086052383006
0.00958211338834181
0.0266279725810703
-0.00744727805462964
0.00698566587396288
0.000513900334732753
0.00564974333974688
0.00766085291113394
0.00988340116278241
0.00727731529622666
0.00298951178349549
0.00397416810601925
0.00544287508376429
0.00762800215620074
0
0.00586075687763721
-0.00145661571878164
-0.000243180154554379
-0.0116731520348529
-0.00369087115381095
0.0155593225211499
-0.0124026753988978
-0.00615611903087621
-0.011397398131878
0.0057643856759706
0.00473458747235012
0.000496031746031855
0.00272684680218127
-0.0148332011166081
0.00727731529622666
-0.000249078232413602
-0.0047346622293879
0.00676014037957295
0.00174086052576117
-0.0089374629825586
0.00475959442683327
-0.00398903006758833
-0.00300372958689032
0.0042680891655491
0.01049995
-0.00420578942136518
-0.00273294409937885
-0.00697553579909171
-0.0115403659924643
0.00812180161818277
-0.00855991922054589
0.010665261283259
0.000502537701068784
0.00703159216474125
0.0102244394126902
-0.00419644552932341
-0.0081805156172533
0.0164958768555798
-0.00713048965480645
0.000247597814571732
-0.000742708609623999
0.00123882553917687
0.0146003464488988
0.0153658780487804
0.00720631738634836
0.023372287145242
-0.0247029130738755
0.00908009601338566
-0.00568311626805584
0.00690633451267764
0.00520342964057319
-0.00305884705882353
-0.0110926837642833
0.00238658699825356
-0.00142859523809524
-0.00238433482079947
0.000478035372848851
0.00143327755773348
0.0021469466673163
-0.0052367772071783
0.0112466376825406
-0.0191669909686224
0.0106151505279819
0.0112199095540679
0.00708212920013862
0.0164088373183311
-0.00138380993118514
0.00230953815957369
0.00668195821742135
-0.00160219733582512
-0.00779458981647396
-0.0115526804887404
-0.00584385240401708
-0.000705360938287214
-0.00658821176470581
0.00828988611345594
-0.00939633544749829
0.0047427320247917
0.0103847536083255
0.0156505252125547
0.0128795078196873
0.00136232966933858
0.00226764182619688
-0.00429871030998386
-0.0168143156925388
0.00323549803559042
0.00483757198802137
0.00871162330838193
0.00386359090909094
-0.000679171414044388
-0.0077027641074483
0.0162100232011422
-0.00584133928741137
0.00293787570621462
0.0128436229643167
0.00133474969221914
-0.00288818053268969
0.00713012461831264
-0.00376110611148006
0.0031090162804579
0.00243526687780671
0.0103798809712872
0.0072131584699453
0.00434021248523364
0.00280901043234683
0.00538677009265243
-0.0064294684954993
-0.00819674270498827
-0.0674205959112657
0.0121268887097274
0.0230414735925588
0.00315313048859767
-0.000898091582889671
-0.00449440449438199
-0.000677178344857254
0.0045177546871471
-0.00427258816567166
0.00880756569122787
-0.00380564154043617
-0.0020224719101124
0.00653008331456895
0.000447427283055468
-0.00223618062978137
-0.0147915736170231
-0.00386710654838751
0.000228316962130215
0.00456623298096415
-0.0149999999999999
-0.018920166128288
0.0115239416745061
-0.0269704732374088
-0.00143362014019699
-0.0117253407100899
-0.00823244571991388
-0.00830078145265589
-0.0578532510549791
0.00470344917690091
-0.0512353952864657
0.0583881853070176
0.0502459971446259
-0.00246604198436595
0.00469710742405183
-0.0344487459263965
0.00331286935204544
-0.00508003568910431
-0.00357413855369615
0
0.015629003731207
-0.0113521698121133
0.00561370261836425
-0.0299416391778736
-0.00627773999476855
0.0294814146100861
0.00869342856830935
0.00405576669060159
0.00479671787940639
-0.0163315833249141
0.00996165977207353
0.000758700031393555
-0.0063179176143543
0.00890127161749743
-0.00806654943617591
0.0335451097100437
0.02065404576612
