0.0201125835724316
0
0.0410094652330106
-0.0750000115000002
0.0466830393518822
-0.017996852822411
0.021513991545405
0.0156005874494085
-0.00614440237493563
-0.0100463682142525
0.0366900963236789
0.000753056032375632
-0.00978179064827511
0
0.0106382266992198
0.0112782838792502
-0.00594796386550733
0.0112191208498258
0.000739575876195886
-0.00591268324409522
-0.00148707561321271
0.00446764484043305
0.0103781012801951
-0.01467359103322
0.00819064453061635
0.00295427019346439
0.00736375279986023
0.00584796165230284
0.00944767417808201
0.00503956307830711
-0.00931232099479895
0.000723108021011054
0.0267340187731842
-0.000703664063276932
0.00845066297044372
-0.018156425025163
-0.00640108000410711
-0.0264853498881169
0.0124999483768395
-0.0246913675515751
-0.00670135423011686
0.000749555154321069
0.00823972711930443
0.0319465700078831
0.00503956307830711
0.000716374207005543
0.00715817917810457
0.000710665648912645
0.00426139702148554
0
-0.0091937766723551
-0.010706613289987
-0.00793653314436826
-0.0218181312349091
-0.0133830033442274
0.0128109140431023
0.0275297882085059
-0.00579291205042454
-0.0101966921089209
0.00515081201831569
0.00439242102343407
-0.0240524449094333
0.0156833545010626
-0.00735292394139309
0.00592593442172817
0.0287187029886713
-0.0121689915319075
-0.00434786004347865
-0.0123725843884851
-0.0243183150893672
0.0241691042757035
-0.0287610634329235
0.0159453400106893
0.00373691221319539
-0.00148917726996678
0.00372855216531764
-0.00222884357945752
-0.00223382242021664
0.0067164706634022
-0.00148255374637096
0.00742388757198653
0.0147383592221129
-0.00580974002623269
0.0102264858298742
-0.00578453488392505
0.0181817760290908
-0.00571429438857185
0.00431037867122663
-0.0200285879146783
-0.0248175269830038
0.0217066046862116
-0.00512817091011608
-0.0110457409818173
-0.00446753180990045
0.0112191208498258
-0.028106577969958
0.00913249183295139
-0.0384616089105452
0.00941183866242623
-0.0155399792481029
0.00631401703394818
0.0109804387532206
-0.00465480750252378
0.0124707906260242
-0.0115473176623686
0.0264797603546161
0.0045523875272
-0.000755331086219613
-0.0249432757935223
-0.00232559945700306
-0.0217559945370872
0.0198569824620971
0.000778861684426646
-0.0140077726321978
0.00789264110300492
0.0140955270116621
0.000772128629807467
0.0108025148669717
0.00229009420406756
0.00990099009900969
-0.00754146051746163
-0.00531922869915014
0.00152797318114817
-0.0144927888634616
-0.00232199952086654
0.00930949723933616
-0.0169100075643308
0.0101641908668384
0.0170278006659228
-0.0875190009942093
-0.0308590164739719
0.00946640210095384
-0.0170502593250076
-0.00260192833394368
0.00173916601739177
0.0217013379878304
-0.0186915845663377
-0.0147186202943724
-0.00527238229697147
0.00441695088378258
-0.0114335974791321
-0.00711744829599437
0.00716846950707239
0.00533811998534128
0.00619464883522713
0.00967461329216612
-0.0139373025021546
0.0123674758844849
0.00436299168928089
-0.006081627781379
-0.0201049410368471
0.0196253979418168
0.00612419351272164
-0.00695653206956526
0.00350263220806601
0.00174523641393298
0.0043553905031779
-0.0190806541829491
-0.00442085616540855
-0.0186500989868091
-0.00180999173685981
0.0208522696268079
0.00976905774129433
-0.0175901088881305
-0.0107430772848838
-0.000904961524539116
0.00634053730185813
0.00270029111851788
-0.00448831988265885
0.00360685826636886
0.0107816185889391
-0.0231111120706371
0.00181987347973811
-0.00272481686626214
-0.0182148941931176
-0.0129870669361234
0.00375940412791875
-0.0112359718248962
-0.00284085947265444
0.00474832699247574
-0.0293005563943454
-0.00292115224327738
0.0136718582069395
0.0105973366703986
0.00381316097304518
-0.00854700300241074
0.0162835304055466
0.0207351497826727
0.00738689901550771
-0.0293309314335004
0.0103871910613738
0.0102803355801386
0.0120259023323559
-0.0292504312910035
0.00376648386106582
0.00938084113147686
0.000929351771672415
0.0232126448134329
-0.00725953888063613
0.00548450356473307
-0.000909143976362214
-0.00181980441695195
-0.00820418801945144
0.0358455884276501
-0.0168589590116432
-0.00631764767533982
-0.00544963373252416
0.00913246851692162
0.028959249599722
-0.00439752722203268
-0.0070671482338398
-0.0186832848953122
-0.0308250343941237
-0.0710944460865383
-0.0271903150071651
0.0310559064773734
0.0271084158313983
0.00782014831141797
-0.013579106018752
-0.0383480845772315
0.0194274516651629
0.00501503345271526
-0.010978079064924
0.0514631889198556
-0.0182341376645381
0.00782014831141797
0.0116391285620085
-0.0105464618264102
0.0251937987346764
0.00378072389660566
-0.00376648386106593
-0.0217391086011343
0.0154588862544298
-0.0171265357022126
-0.0145207796642075
-0.00785855759434284
-0.0019802384958334
-0.043650784089191
-0.0155601302015712
0.0252897356488617
-0.00924973745073809
0.0217842452697528
0.0121827591877144
0.00100299146486615
0.0370741842651237
0.0173912928695656
0.00189930196508192
-0.00853080043637822
-0.00478010369275272
-0.0268971810185838
0.0167817666777133
-0.00970871568573772
-0.000980375012975432
0.00392542285014552
-0.00684264832087755
0.0127952760317207
0.00485907530932383
-0.0299806477015513
-0.0737786607637704
0.00753501551374769
-0.00213679580045956
0.00535338805338847
0.0319488063816136
0.00516002524673764
-0.010266994215937
-0.00103732626654984
0.0124610776050311
-0.00717951712031517
-0.00619831713702057
0.0654885230049584
-0.0117072605793681
-0.00493589746951795
0.0119047798327669
0.00784314892733584
0.0252918292247044
-0.0104364660470279
0.00287634084850086
0.0277246884925368
-0.0130232395913036
-0.00188505263639827
0.00377715387037325
-0.00752588132895682
0.0132701260184629
-0.0299344924047101
-0.000964303285569623
0.0115830285550302
-0.0295802136237309
-0.00491640961791107
-0.0098814002470351
0.0149700251810749
-0.0127826948590772
-0.0179282761604971
0.0162272048854353
0.0249501177169615
-0.0077896900456893
-0.00392542285014563
0.0147782908651022
0.0388350101215971
0.0112148986447735
0.00554532994369428
-0.0211396845308616
0.00469482463929149
0.00186912612926959
-0.00839551717035736
-0.0310442426315237
-0.00194171366141838
-0.0126459146123521
-0.027586172859521
-0.0283688352303333
-0.0198122745259496
0.0138297871481439
-0.0325288437913522
-0.00433840104389671
-0.00871460955900116
-0.0208791722062545
-0.0168349784012954
0.0319634307562395
0.00331861007616197
0.0033076333308617
0.0197802069484363
-0.00538791851938725
0
0.056338028169014
-0.0328205607258376
-0.0509013749088274
0.0324022622101692
0.0140692643359617
0.00960511668065722
-0.0433403445892125
-0.0320442242869259
0.0136986503143179
-0.0213964488544699
0.00920599775968345
0.0285062923005117
0.0188470133686658
0.0163220512127606
0.00214137147403259
0.0245726246219597
-0.00938476994860171
0.0073684519172299
0.00731447566029031
0.0020747312675411
-0.0051759713176579
0.0332986162585378
0.0271903150071648
0.0196078723183395
0.00961536215976366
-0.00761905890938785
-0.0163147854222465
0.0282927068391676
-0.00853889403330221
0.0315789756565097
-0.0176252749526699
-0.00283288332062726
0.00284093134765695
0.0103871910613738
0.00560744932238677
-0.00929365879479271
0.0037523506927406
-0.0130841666431992
0.00662881585286557
0.00376294066447858
0.0149953360979334
0
0.0304708708350927
-0.00537631812492712
-0.00900898806428063
-0.00181821895272627
0.00728598532752067
-0.0153707107664425
0.00826445762584527
0
0.0145719706550411
0.00538597023262
-0.00357143389604608
0.00268819306784063
0.00536190429098182
-0.00177774671312514
-0.00356189303655685
-0.00268098605970002
0.00089610969644971
-0.133393056733448
0.0134297524711213
0.0193680400337302
-0.0170000055406998
-0.0233978151301512
0.00520832139160143
-0.0186528386561783
-0.00211189551799673
-0.0169312417488869
0.0204521499512778
-0.0137130799154115
0.0160427429820711
-0.022105275856953
-0.00538211892378204
-0.0227272857954547
0.00996677126521783
0.00219302735312898
-0.00328230124144668
-0.00658613712738909
0.00994474480156304
-0.00328230124144668
0.0186608190618143
0.0258620252508177
0.00945385562846757
0.0228928134865372
0.0142420979840405
0.00100299146486615
0.0160320879040647
-0.0078895578667878
0.0238568184983541
-0.00194171366141838
-0.0038910563293918
-0.0117187673721315
-0.0187746754693668
-0.00704937489891477
-0.0131845847249936
0.0184994749014762
-0.0211906527652992
0.00721644660622944
0.00204712481160962
0.00408580777794354
-0.0050865352631545
0.0245399144378802
-0.0568862168856896
-0.0518518274591419
0.0122767398613148
0.0143329661904408
0.0315217653152178
-0.0147523524600797
-0.0117647431280264
0.0086580214594929
0.00643773695845407
0.0170575948309024
-0.00419287828870152
0.0178947433177838
-0.00620472686674767
0.00416225792461944
0
0.00725391665644826
-0.0154320630963265
0.025078326894391
-0.00407747804025738
0.00204712481160962
0.0102144806808144
0.00606670466527137
0.00502519040984017
-0.00900006990389768
0.0393541897758942
-0.0155339303593158
-0.0325444074874824
0.0132517842883284
-0.0100603389736807
0.0162601864316871
-0.00100005836709804
-0.00500499352114858
-0.00704220673831657
0.00303946038562275
-0.0131313135959596
0.00716482031043664
-0.00508128897636595
-0.0112359907713665
0.00206615798506826
-0.00103098801296464
0.00206402576433029
0.0051493185923186
-0.00819673342263516
0.00413223756104442
0.0010287885891378
-0.00411100308990242
0.0123839196014537
0.00407747804025727
0.0020304983925381
0.0020263069237485
-0.00910009537000023
0.0081632773186171
0.00202425604173206
-0.0313131206262623
0.0229405575571311
-0.00203870033511289
-0.00612875043095917
0.00822200617980462
-0.00101935016755639
0.00510202896189083
-0.00406091972923805
0.0132517842883284
0.00704228309646671
-0.0089910031583802
0.00604835763344713
0.00501000845699395
0.0049850333975141
0.00992068750944974
-0.00491157985697555
-0.000987224449479629
-0.0276679506916987
0.0132113821922095
0.0040120419878491
-0.0109890459847839
0.00606065345454643
-0.0200803503592675
0.00409836671131747
-0.0255102222584339
0.0104711800542745
-0.008290089339416
0.0146290306309234
0
-0.00926878909954076
-0.0124740306812726
0.0189473564788918
-0.00723135692500865
0.00416225792461944
-0.008290089339416
0.0282131474975684
-0.00711385084739968
-0.027635602305744
0.00105261316110794
-0.0168243407394495
-0.0192514052255404
0.0152672400193152
-0.00322236661247954
0.0247844579046987
0.00736070394338428
-0.0083507429286831
0.00210522632221588
0.00735297224651021
-0.00417101765992789
0.00314138580685874
-0.0146137605114172
0.00847450813344053
-0.0220587572857425
-0.00429646164155972
0.0118661910048432
0.0127931961231769
-0.00421053253916903
-0.0116278640616545
0.0106951619880473
0.00529099296716229
-0.018947356478892
-0.00214596661132971
0.0193549087388161
0.00421933530016805
-0.00630249069208444
-0.0169133443433799
0
-0.0322579908012461
0.00333327486222457
0.0110742556693644
0
0.0109528766597617
-0.0151679116843073
-0.00880089276432561
-0.00665931927726005
-0.00111729891651269
-0.020134215652448
-0.0045662167714392
0.00114676892741028
0.198054968989676
0.0377358867103006
-0.00419580419580423
-0.0154494030898876
-0.00570620521732501
0.00860839342210862
-0.00426746073017559
-0.00857142857142856
0.0158501801152737
-0.0170213469141366
0.0129870495305573
-0.0113960113960113
0
-0.00720464697406342
0.00725693059713106
0.0086455331412103
-0.00571428571428567
0.00287356321839094
-0.00429803008595997
-0.00287769794524084
0.0202020930808835
0.0141442357091854
-0.00278940027893992
-0.0111887762237763
0
0.041018386102603
-0.0135869560602256
0.00550964168355228
-0.00547945186714205
0.030302994824277
-0.00133693181818184
-0.00937078344614406
0.00540540540540535
0
0.00268817204301075
0.00938341152815014
0.00132798800371892
-0.0132625994694959
0
-0.00672046370967738
-0.0135317663576376
0.00960222908093278
0.0122281925194228
-0.0120804702040427
0.0108695308807905
-0.00806451612903236
-0.00270999322493226
-0.006793511997503
0.00136802325581398
-0.0040983946687706
0.0164608710562415
-0.00674757107785329
0.00951080130737769
-0.0309555865059081
-0.00277777787422839
0.00278551541732286
-0.00138885421489066
-0.00695413769123787
0.0280112754905908
-0.00953681847626653
0.015130674002751
-0.00542002032520317
-0.012261614023787
-0.00551724137931031
-0.00693484743411932
-0.00418990936417285
-0.00140252454417944
-0.0056179775280899
0
-0.00706211158192094
0
-0.00142251061797616
0
-0.0113960113960113
0.00432273054755039
-0.00717356553707205
0.0202312138728322
-0.00991504957507072
0.0157368031379399
0.0028169014084507
0.00983146067415741
-0.0180806675938805
-0.00283286118980164
-0.0113636363636364
-0.00431038074712642
0.0202020930808835
0.00565770842794522
-0.00984532314186626
0.00852272727272729
-0.00281690140845059
-0.00423725282485876
0.0141843611991361
-0.00139863636363635
-0.0364145320873436
0.0159883357558139
0.00143065098106754
-0.00285714285714278
-0.00429803008595997
0.0100719787795676
-0.00427353988603985
0.00143065098106754
0.0114285714285713
-0.0014123940677967
0.00424324596028125
-0.00281690140845059
-0.0141242937853107
0.00286532951289398
0.00571428571428578
-0.00568181818181823
-0.00857142857142856
0.0172910662824206
-0.00708211756373933
-0.0114123391079765
0.00252532476642586
0.0255487216427233
0.0101754736842106
-0.0159778042383535
-0.0158842569714083
0.0032281206322855
0.0168037903755376
0.0263713070896165
-0.00719427861616029
0.0106970669427191
-0.00580402848057271
-0.0133928910235958
0.0041768186564568
-0.0138647833622184
-0.0035149735144121
0.0151675837742504
0.00347456554987624
0.000692555425642505
0.00484432525951561
0.00688701766917976
0.00615595075239406
-0.00237933378653976
-0.00170361158432719
0.00273037551980804
0.00102113686253014
0.0013601156069365
0.0376909325062502
0.0153796471001193
-0.0174025453624703
0.00295178747130209
-0.00490516677567032
0.00788695366414727
0.0583631887838278
0.0027726433386519
-0.0138249159393216
0.00373841144787623
0.00900052734324874
-0.00615186134431644
-0.000309563593018813
-0.026625325901713
0.00699742344155774
0.0148452621604549
0.00466847168787821
0.00402729256590129
-0.017278617710583
-0.0125588383045526
-0.00699526209871981
0.0086455331412103
0.0107936507936508
0.00659544597989958
0.00655223109367342
0.00155000009609418
-0.00216648089859239
0.00186094901607015
-0.000928761638661291
0.00898670591881001
-0.0135135745235389
0.000934090938172316
-0.00839822653821298
-0.0100376414691857
0.0158429029101046
0.0230816586686944
-0.00243896348899264
0.00275061116287856
-0.00518140794936262
-0.0107229782696993
0.00464533897041397
0.0135635639199618
0.00152065080533292
0.00607351958700275
0.00362206448469471
0.0138345563909776
0.00711960863600125
-0.00265095721204844
-0.0168340219481978
0.0051065783987212
-0.01075914556961
-0.00725066509067473
0.00517340215540463
-0.0033303361589565
-0.00941667736431828
0.00306648257999154
0.000917242461548007
-0.000916401898814589
0.00917147689304421
